1005003340977691
1005001284494265
1005003375871765
1005002128539232
1005001402644970
1005003139273920
1005001844538624
1005002773914289
1005003337792604
32881045918
4000622724809
1005002099788523
1005001884517094
1005003384459129
1005001525431416
1005001435903717
1005003041850367
1005003386920410
1005002481944353
1005003025972170
1005003019571026
1005002907513355
1005002616038713
1005002906091872
1005002890657794
1005001493504746
1005003309963825
32960299704
33056946939
1005002982471652
1005002677961939
32848013047
1005002513249735
4000038459979
1005003224799460
1005003087499590
1005002907296720
33053365902
4000902627346
1005003344748656
1005003336700460
1005002613194537
1005001332417975
1005003188751062
1005002264850629
4000786864271
1005002352075030
32835655619
1005003051834482
1005003108930586
1005002171925359
1005003343296227
1005002372647050
1979294898
1005001300276400
4000611860834
1005002467002134
1005003106588885
1005003334838532
1005001572611832
33024814918
1005002700448877
1005002593409881
1005002774829252
1005002693044575
1005002530004580
1005003122078066
4001248954076
4001197301474
1005001779802317
1005001327270995
1005002318895198
1005003310746618
1005002899541464
1005002539026894
1005001402431868
1005002650426643
1005003140209751
1005001505366468
32713485409
1005003371106531
32844222979
10000223156500
1005003248786865
1005002985014868
1005003126227037
32961652034
1005002312179826
1005003093761116
1005002995334337
1005002637595992
1005002051981395
32842630154
1005001546540059
32968221146
4001155558382
4000584950085
1005002565076184
1005002358891304
1005002024062500
32991663048
32958066472
1005002038560885
1005002367957267
1005002983106823
32894315778
1005003309692998
1005002870133975
1005003199520335
1005003232061777
1005001891488320
1005002784885108
32759003845
4000491575021
4001153372626
1005002544855486
1005003387479723
1005003197655633
1005001330770377
1005003208448747
1005003160123109
32972650049
1005002277541889
1005003194376363
1005002569982262
1005003232252604
1005002885823693
1005001758189445
1005002828823150
1005003071125681
1005003166113394
1005002870775248
1005001632570488
1005003303296793
1005002125957584
1005003060062206
1005003214427498
4000201355094
1005003205546780
1005001279346274
1005002350695882
1005001923030421
32880034122
1005003157110702
1005001718515132
1005003226998582
1005002936414609
4000421315489
1005002974183219
1005002232197257
1005001633632186
4001038541295
4000854912561
1005002297593291
4000337800208
1005002532753966
33000847409
32822314757
1005003087717885
4001251428888
1005003310948948
4000503851262
33038438415
33029122195
1005002430938363
1005003275369462
628993054
32960482353
1005003197399497
4000447610911
1005002250369247
1005003245981181
1005003385264945
32719611158
1005003123240165
1005003308658571
32751043634
32893808852
32861037894
1005003268231343
1005001803533905
32994849782
1005002314617242
1005002317916659
1005003177405188
1005002745736128
1005003153423146
1005002831416639
1005002776634452
4000877694322
1005003224023395
4000838401566
1005002090197446
1005002734728350
1005002180733635
32990248530
1005002583141847
1005001722237283
1640521926
32816853064
1005002281531887
1005003377293377
1005002076336494
4000785049278
32889800654
33031605040
1005002647264685
32976814961
1005001571819134
32832756562
4000346313770
32965651535
32757205787
1005003273749729
1005003095434817
1005003352225068
4000098703777
1005003263012619
1005002071235056
32746460924
1005003192852605
1005003155997925
1005001581236206
1005002069622538
1005001418088138
1005001589004386
1005001617172400
1005002817405964
1005001381735322
32954032533
1005003020987649
1005002621568509
4001044981627
1005003387441448
1005002459983780
4000277269088
1005003224970723
4000817653706
1005001928372463
1005003112201918
1005002968130390
1005002689370262
1005002593220901
4000610324064
1005003334002234
1005003329845364
1005001900990908
1005003244544592
4000345062907
1005002492824810
1005002862156774
1005003217653147
1005001525368842
1005003340817642
1005003305161369
32839311921
1005002425497722
1005003288999605
32797814122
1005002978441957
1005002899463612
32812382123
1005001967264300
1005002842699027
1005002275067556
4000509011028
4000452577508
1005003385919632
1005001699375734
1005003329504611
1005002018728396
32810837466
32837118456
1005002540785551
4000860602466
1005002623352459
32879140694
1005003299955469
1005002801129826
1005002875272674
1005003313498229
1005002746178385
4000400786427
1005002738148489
1005003037616555
33007193883
1005002721305732
1005002441566087
1005002505231039
1005001697438897
33040701668
1005002003504784
1005003202517033
1005002489934863
1005002538861107
32850044378
1005002889620074
1005002776048019
33011521008
1005002032809076
1005001982344596
1005002786597825
1005002470480752
1005001630675265
33012426809
1005002197077752
1005002879756043
32999610808
1005001852430574
1005001499756821
1005003158595534
32795984304
1005003070743185
1005002595824246
1005002932843823
32817775187
1005001536897420
1005003277865284
32847641136
1005003117418231
4000858983490
2026600284
32830004479
1005003380671284
1005001633306168
1005002350693332
4000490199443
1005002339865558
1005002603406562
1005002460708098
1005002139230037
1005003014126902
4001033799981
32989507002
32861950825
1005003100782302
4000306367140
32780578543
1005002904680315
1005001439615123
32963078219
1005003222380112
4000543449541
4000038351598
1005001381324467
1005002781625941
32796575048
1005003243880923
1005003123031241
1005003310000382
1005002134319403
32637329243
1005002972711441
4001350086008
4001218900204
1005002869827472
1005002970714361
1005003032947457
4000546697367
1005003103939083
1005002552753955
1005003039540185
1005003166465852
1005002321233055
1005003298151597
1005001743542756
1005003172001804
32990577503
1005003029882174
1005003257907208
4000054158866
1005001654799471
33055293901
4000419431750
32938151156
1005002393358414
1005003239264314
4000308283976
1005003215897030
32915886066
10000004171357
1005001777337129
4000382611959
32894351452
32993165419
1005002287736917
32809950088
4001008777517
32921432559
1005001537775877
32872367147
1005001689528634
1005003311351862
1005003113522587
4000801122776
4000466125580
1005002931888184
1005002424562427
1005003338116192
1005003249363403
1005003122511674
1005001813535278
1005003064888537
32836964054
4001281438641
32840511609
1005001936479710
1005002804862047
1000006675691
1005003317447834
10000343900645
1005003294309168
1005002780426707
1005002428421412
1005001961295847
1005002587256035
32971586172
1005002900165327
1005002928027672
1005001659499942
1005002115859089
1689811286
1005003303483787
33040124982
1005002428515523
1005002256513569
4001088854086
1005002565231469
1005002768025479
1005003161488464
10000397711915
32902779404
1005002666936978
32735916137
1005002939038556
32873378872
1005003228295339
33032509054
1005003303440961
1005002655226088
1005001906656107
1005003262442952
32348297704
1005002212811388
32967623539
1005002335118109
1005003118627894
1005002599994169
1005003180287887
1005002571266652
1005001479946727
4001266656718
1005002415777594
1005002911708463
4000305273698
1005003367907302
1005002995270733
1005001988121659
1005002180151999
4000242889427
1005002622770862
4000344275471
1005002848607488
1005002289041096
1005002928954537
1005003181492495
1005003370964822
1887720774
4000187266612
1005003367713237
1005003381703140
1005002311088568
33015417666
1005002471001986
1005001309668058
1005002555591404
32905944504
1005002804434579
4000069597999
4001039335577
1005003255510600
1005002413351348
33020072277
32866741376
1005002945497732
1005002514622258
1005002712239085
1005002731110873
1005001873754729
1005002272470519
1005001405387858
1005003128108660
1005003118553939
1005003065802630
32811426029
1005002796127075
1005003338013634
10000062069188
1005001441343324
1005002094682069
1005003076607204
32908494488
1005001798047651
1005003332365399
1005002763260451
1005003308637765
32980273236
1005002964517116
1005001893243479
1005003250826460
1005003293920292
1005003081142087
32967132599
1005002323675958
1005002998509007
4000013740599
1005003325733951
32458592795
1005003212835598
1005002761513486
4001240028405
1005003258107044
1005002194311521
1005002647068926
32998690761
1005003013033763
1005003368600299
32969904346
4000102972950
1005003001640975
1005002707098780
32756966840
4000926299035
1005002956099130
1005002897120068
1005003141825441
1005003009405740
32995081155
32853599902
32869698899
1005002855403622
1005003340257560
1005002676520467
1005002489754656
1005002601463764
1005001880734909
1005002628859148
1005003240374926
1005002592460456
1005001986121003
4000709786046
32849393450
1005002756517765
4000765191076
4000872938311
1005002223733909
1005001821993335
1005002837862414
1005001743477745
1005002288609532
1005003129853889
1005003090450568
1005002442950870
1005003298863033
1005002434616778
1005002533984439
1005003191920170
1005002834436503
1005002979788536
1005002211119096
32860188871
1005003129888648
1005002858233152
4000193550700
4000225728953
1005002394784337
32873125992
1005003376664890
32824810567
1005002879093279
4000100322080
1005003195790212
1005002658796100
1005002240984396
1005001825627902
1005002792846407
1005002968049983
1005003146337913
33000314955
1005002918328782
32887328776
1005003219587730
32999652691
4000874231792
1005002571303855
1005002775428899
1005002397070483
1005002808572119
4000011697513
1005002715941457
32728356315
32865094102
1005003337355594
1005002339484926
1005002595256947
1005003079579597
1005002597410754
1005003001224544
4001004432690
1005002235070680
1005003224082669
1005002726949571
1005003129606734
1005003376193756
1005003155644062
4000463086671
4001208348619
4000755858018
32830291247
1005003081888812
4001320448645
1005002037310831
4000096494665
1005003241128320
1005002368512960
1005003104330472
1005003072375405
1005002777519672
1005001598789960
32983719104
1005002318081140
1005002371555258
32971388996
1005002546492040
1005001329535801
4000192465394
4001345169226
1005002524556915
1005002624169092
1005002330725710
1005002982644075
1005003328456005
1005003281729469
1005003140299638
4000438121892
1005002636863937
32820124299
1005003243595280
1005002237875975
1005002942120158
1005003197238434
1005002912083618
1005003189660741
1005003224182605
1005001959534125
32818967463
1005002738849163
32955031127
1005003146822842
32834940578
4000927888650
32686511802
1005003197370281
1005001474419853
1005003204978707
1005002636483260
1005001463287698
33001216645
1005003192428314
1005003099298057
1005002611924170
1005001555426588
32986267835
32917106784
1005003176614467
1005001441332660
1005003203147708
1005001524278995
1005002623574031
4000592839418
1005002767586588
1005003010429246
1005002872812461
32606815976
1005003314766994
1005001732420646
4000067975588
32992318120
1005002971506351
4000242560606
1005003323027149
1005002633403022
1005003306427541
32837371912
1005002608361294
1005001958863638
1005001888917788
1005003035970451
1005002411250149
1005003167157096
1005002139463708
32887464578
1005003314148044
1005003192089159
32812785354
1005003285329478
1005003035938968
1005003280502042
4000990608848
1005003055106914
1005002666341917
1005002711907471
1005002886362558
1005003161367919
1005003307221215
1005002080498555
1005002565468827
1005001502539175
1005002196361939
1005002973693024
1005002175736029
1005003197568818
1005002649077544
1005002997613359
1005002875606378
4000082819831
1005003128121533
1005001854605600
32898568179
4000038502095
32899991807
1005003080635837
1005003102619098
1005001770180033
1005003385091723
1005001674411940
33023544628
32952312670
1005001709048411
32863128052
1005002207202277
1005002948207709
32693122084
33037550734
1005001849190462
1005002454347010
1005002842213382
32977835158
1005001424738354
1005003007194632
1005003206763887
1005002902330297
32458263964
1005003241995399
32846201485
4001195867907
4000234071718
1005003037940127
1005003179339996
1005002971128723
32820125238
1005002069175304
1005003387089947
1005003134536297
1005003322594367
4000265387626
1005003006435514
1005003190418917
1005002333569786
32799689173
1005002636462669
1005003218533536
1005003269404053
32990478925
1005003181646210
4000227332722
1005001861484382
1005003001251062
1005003276134584
1005002576074232
1005002973256165
1005003310047241
1005002738668498
1005002852326538
32880184159
4000310719809
1005001733996651
1005002710330041
1005003170215835
4001141368667
1005003356698307
1005002421728841
1005001724145472
32999891989
1005003120721740
4001045031654
4000822193551
1005001503992182
1005002612451154
1005003382789885
1005002803525410
1005003263850446
1005002711248395
1005002584022216
10000344995668
32979649856
1005001864487499
1005002278316036
1005003165967194
32925315439
1005003123028538
1005001976750460
1005002939508527
1005003114312064
1005003187177035
4000076881655
1005002893104437
1005002020177991
1005002214006173
32801670831
32819206733
4000547995213
1005001424538284
4001180032564
32952502118
1005001599289757
1005001742707652
1005002672358648
4000770194965
1005002831698031
1005002703975288
33020088590
4001153219927
1005003386292782
32924637179
4000105349187
4001207360246
1005003144219181
1005002622444413
4001209210288
1005002702395976
4001068351749
32992867941
4000004614503
1005001837013208
1005002963575628
4001224345922
1005002293891235
1005002877393500
1005001804174901
1005003022338091
1005001873474617
1005002344299314
4000039119018
1005002854423523
10000395872123
1005003067485837
32799737454
1005002906007152
1005001291156831
1005003237252247
4000278898971
1005002412634391
1005003146416007
32355108257
1005003134193164
1005003064988843
1005001914119935
4000814835087
32830493108
1005001603342361
1005002702713973
1005002227564968
1005003192921761
1005003283380982
1005002975121448
4000792864263
1005003270153380
1005003206742366
1005002795514529
1005003107254322
1005002729485258
1005003166800774
1005002767608090
32798107754
1005001914253394
1005001948369036
1005002615823088
32950279496
1005002345045048
33030898996
1005003356264368
1005001464660488
1005001898752550
4001114119875
1005003058267107
1005002956117098
1005001287563420
1005003004089151
32919945599
1005003374164864
1005002599881549
1005002449208689
32855170331
1005002775068493
1005002932151269
4001139615023
1005003195502746
1005001748865107
1005001406455193
1005003282108143
1005002956326692
4000309775736
4001021537861
1005003073111213
1005003277908026
415300038
1005001652581701
32828112813
1005002313990551
32832313167
4001139693843
4000579896209
4001014836007
1005003292944184
1005001672465346
1005001457490567
1005002834239342
32996543349
1005002440110609
1005003287731183
1005003137558682
1005003387473570
1005002806328975
1005001678640682
1005003271440831
1005003198544572
1838476036
1005001584919497
1005003062309310
331460296
32977534573
32999573215
1005003104824365
4000308340394
1005002733352465
32717902962
1005001429920515
4000173608031
1005003308381167
1005001830431835
1005001585283748
1005002956758341
4001212002965
1005003086284609
1005002911134662
1005002765381949
1005002083897907
1005003309961650
4000236008508
1005001835104041
1005002995140001
1005001580594020
4001261107910
1005003208150480
1005001775940809
1005002176414323
1005003356582806
1005003389059240
32793988505
1005002418011222
4000967559081
1005001868618242
4000770313711
32920217016
1005001438688303
4000055873600
10000331090190
32505277442
1005002635501838
32958222918
1005002180793039
1005002947240411
1005003105914280
1005002056688111
1005003351796521
33003537491
1005001756376213
1005001368140123
1005001635368060
1005003281124323
32927446469
1005003129350248
1242325425
1005002960974864
1005003000416281
1005003326783260
1005002847157008
32970417506
1005002913788124
1005002824484781
33043439943
1005002176879441
4001112030209
1005003145265029
1005002341352123
4000354028267
1005001961256506
1005003358940850
33061775162
1005003202942978
4000630650365
33006069837
1005003094539916
1005001832200045
4000480703674
1005002612908550
1005002784487605
1005003385867910
1005003279538329
1005003363154948
1005002801117147
1005002798841802
4000132017663
32986403906
1005003294298380
32977631623
1005003260289408
1005001897182757
1005003176582683
1005002825046955
1005002431426984
4000152155722
4000826943784
1005001810977655
1005002905359352
4001231364120
1005002282525911
1005001619575846
1005002735060022
1005001744010862
1005003342991814
1005003280747366
4000257809448
1005002419516926
1005002799437867
1005003258583238
1005003359207129
1005003382113274
1005003222391501
1005002244724118
1005002490375357
1005003082295643
1005001602557947
1005003259096463
4000473500299
1005003094121463
1005002605911548
1005002751858617
1005002432132189
1005002277419260
1005003024779822
1005002974087937
1005003160367683
4000760518805
33036228874
4001010585417
32702585245
1005002998088229
1005003172268271
1005002114557929
32541725788
1005003311738689
1005003342875771
32825478348
4001333732925
32676255277
1005002412477049
4000482760169
10000173573922
1005001870289839
1005001551904934
4001191415536
1005002275263922
1005002346377605
1005002908137999
1005002305776907
1005003149229765
1005003196598941
1005001917217579
1005002895492138
32992306317
1005003267438761
4001200737571
4001039035237
1005003069721222
32873624026
1005001556314092
33039970934
1005003016653348
4001235461448
1005001314822778
1005003033378551
1005002311519857
1005003359619623
4001358770166
1005001640204492
4001360403486
1005003288858637
32693517428
4001204145013
4001147768915
4001014677944
1005001934453902
32679050122
32833685196
1005002612304203
1005002710656704
1005003328210892
1005001405653125
1005003333361129
1005001831654953
1005003163115020
1005002303839108
1005002650333727
4001248628797
1005003276208213
1005003251690956
1005002943334914
4001248433354
1005002964702815
4000642743722
1005002557637104
1005001447477185
4001121567018
4000454275799
1005003197970470
1005002503285776
1005002945699884
1005003071910241
1005003305706722
1005002367485251
1005003066852169
1005003094110364
1005001303285025
1005003155504655
1005001863711421
1005002060715242
1005002457347777
1005003228112018
1005002561636340
33058573953
1005003262308355
1005001552934363
1005002952689715
1005001907241288
1005001585122541
32811567636
1005002971481255
1005002524441992
1005002481138931
33037636465
1005003281468442
1005003018011084
1005002423516228
1005002447331648
1005001718228954
1005001809578917
1005003378326996
1005002623459216
1005001877243225
1005003018555740
1005002523243609
1005002616247630
32915944754
1005003206110731
33030208472
1005002716391960
4000220402913
1005003348290329
1005001355436923
1005002378735805
1005003128064130
32811739739
1005003168290369
1005002573136745
4000177448737
1005002571103173
1005003161361131
1005002777444992
1005002767616006
32836065027
1005002574657447
33023252292
1005002828408332
1005001636419428
4000562708170
33060300160
1005002672655449
4000927471369
1005002700267181
32891742811
1005001850555825
1005002917942649
4000881722923
4000679447529
1005003126201721
1005002258852940
1005003026928805
1005002598764713
1005003249808786
1005002559988120
1005002545587128
1005001977227630
1005002603030050
1005002925636437
1005002086306189
32791796648
1005002891696281
1005001344581308
32982797731
1005003097474366
1005002682482574
33036607108
1005002929229538
10000289270602
1005001472795633
1005002662387467
32861030973
32924861856
1005003155814907
32828525184
1005003014148047
1005003173685054
1005003037775349
4000095952706
1005002908671398
32861461642
1005002002225903
1005001678678498
4001215762566
1005003303584308
1005001887824345
32993473042
1005002199245038
1005003356186407
32950545342
4000529091636
32879972391
32583753299
1005001995824961
32614112301
1005001562107320
1005003287698763
32883898258
1005002793899898
32974560705
32948233922
1005001458378977
1005001707925981
1005002824117893
1005002409534533
1005001480117395
1005001460863828
1005003122441714
1005002865947866
32869699821
1005002864358381
1005002869933957
32807866532
32848208661
1005003188240361
1005002034219158
1005001785295160
1005002381453398
32948163144
4000694024212
1005001536647068
1005002920930252
1005003333282880
1005002314398204
1005003076235484
1005003201664311
1005003336055343
1005002708075415
32402093229
1005002363578169
10000127578435
32992123936
1005001877983342
1005001470588995
1005003326712289
1005003154798760
1005003086857980
10000343960931
1005002996901752
1005002927201788
4000028045140
32983063326
1005003288287750
1005002650938265
1005003363566231
1005001349159869
1005003118207885
32969300558
1005002276999633
1005002922450064
1005001714732687
1005002775134609
1005002965168316
1005002527288515
4000778297338
1005002313729636
32980569727
32949770494
1005002755709346
4000248518768
1005002094245657
1005003384477000
33021625162
1005002499177638
32924031670
1005002979626202
1005002672314694
1005002919767384
32790068924
1005003001726531
4001127618926
4000978958133
1005002431435253
1005002797387803
32871498892
4000155599295
4001272179407
1005001693694122
32918053148
1005002083943508
32351152179
1005001616247467
4001271204650
1005002793952961
1005003176620598
32932760037
1005002794307080
32782817229
1005002252267741
1005002510925232
1005003255547018
32897802303
1005002647262536
4001079690223
1005003081907663
1005003226304224
1005002897235054
1005002304565353
1005003323686673
1005002386727379
1005002283734171
4001280378140
1005003066007209
1005001739850638
1005002049483689
1005002647218732
1005003179986672
1005003095335548
2005724485
1005001935247417
1005003368827477
1005001830291326
1005003307137162
1005001575424207
1005001961277078
1005003274374927
1005001279417580
4001038833295
1005002974115570
1005001586730374
1005002558324990
4000089132257
1005002223809791
32758735838
1005001457395785
1005003371681032
1005003110805711
1005001717723503
1005001813943832
1005001495678422
1005003223882786
1005001902040001
1005002397084503
1005002629001858
1005002480533462
1005002364263456
1005003020727370
1005002624531561
4000271509035
1005002911391746
1005003037134708
1005002733596484
1005003206490884
1005003275377013
1005003229359479
1005002987863873
1005002994998785
1005002321318390
4000107975911
1005002593211260
1005002682259548
32795499680
32894951782
1005003020853551
32690726169
1005003360886955
1005002827122624
1005002419564528
1005003202280625
1005002566514001
1005002836462637
1005002695254508
1005003210408799
1005002904643569
32876351717
1005003018132472
1005003222240695
1005001285896511
4000725412624
1005001607189916
1005003271977731
32368142177
4001307526753
1005002023971020
4001135647244
1005002694839770
1005001565961517
4000042566211
1005002944167185
1005001586656442
1005001969049471
1429051700
1005002793348494
32829399714
1005002842359566
1005002656832516
1005002519006115
4001051787940
1005002123151705
1005003105285859
1005001940935347
1005002828241017
1005002292978368
1005003140869007
32911635780
33012522917
1005002931780420
1005002004279537
1005003323503185
33049545213
4000966823081
32860442646
4000712208018
33051631388
1005002979654559
1005003070762468
1005003222560173
1005003156402215
1005003298056377
1005001511256662
1005003281657674
1005003123514386
1005003192257673
1005003291251520
1005003228496960
1005003277622595
1005003068388428
1005002447162830
32816184953
1005003267500041
1005002570403398
1005002982706899
1005002966288912
1005003124517925
33023476380
1005003269481260
4001252727754
4001233577868
1005002778631083
4000826976558
1005002722758373
32750408865
4001226852170
1005003336348361
1005002628959238
1005001785085952
1005002752193437
1005003228013781
1005003262399709
1005003084420087
1005002030091476
1005003333294756
1005003113392438
1005003220714563
1005002255771702
1005001768347605
1005002380726536
1005001381776906
1005002271558126
1005002900161769
1005003139876457
1005002288043807
4000105102706
4001038075523
32806022963
32782478185
1005002857011786
4001115952444
1005003070330182
1005003222342850
1005003145819409
1005003119643293
33035736460
4001358809926
1005002997409460
1005003234388432
1005003083915508
32915960176
1005003283553917
1005002440649996
1005003066118078
1005002552996687
1005001500457555
1005003237285962
4001136573640
32974951672
1005002719677051
1005003001215815
1005001495445701
4001166373850
1005002701181896
1005003087247822
33021768585
4000287868956
1005002708392331
1005003129574041
1005002344937692
32848667503
1005002937953478
32728435336
1005001940784853
33004353250
1005002877698494
1005002355984266
1005003275010288
1005001572148271
1005002938177177
1005002082100974
1005003148729383
1005002490261268
1005002617093193
1005003365078983
32963582256
1005001736476002
1005003275112393
33047167355
1005003331308019
1005002575817375
1005003026225281
1005002685270921
1005001459197675
32585562621
1005001962228929
1005003339886606
1005003366085034
1005001627401871
1005001690883759
4001217838237
33019617785
1005002957739821
1005002532859105
1005001785448624
1005002516697104
1005003309271895
1005003189799231
1005001367631674
1005003332362419
32879067164
1005002442546183
4000598558861
4001235279749
1005002949419302
4001316858349
1005002558171327
32563327930
1005003022282156
4001227771930
4001302634135
1005002314310104
1005003345882745
1005003322288381
4001217050022
1961482894
1593827821
32819641596
1005003143094326
1005002784765234
32893257942
4000674913015
1005003031038483
4001105167475
1005001574993452
1005002550982810
32868339272
1005003303595941
4001274949523
1005001595307679
1005001947216412
32996234432
32974453682
1005002392936299
32983630054
1005003050077277
1005003192332495
1005003376944865
1005002062026544
1005001803440636
1005002974142224
1005002392850397
1005003095614401
4000855166967
32958524672
1005003036718752
1005002059671484
1005002623474569
1005002397678611
680463041
1005001739729411
33061862790
1005003112228078
1005003367128613
1005001484454927
1005003281206073
1005001710207538
32845042686
32878288284
1005002321243562
32841662571
1005002419580782
1005003375022945
4000923496001
1005002915333210
1005002351831246
1005002966235922
1005002683769722
1005002431312012
1005002103524853
4001149380106
1005002828126331
33046972123
1005003334679334
1005002952466167
1005003323442223
1005002293185747
1005003380329768
4000238899285
1005002505871156
32906824178
1005003354749091
2054398754
32365254758
32819215197
1005003306234569
4000986739413
1005001758920891
1005002053784992
1005002994172050
32862039606
1005002670023841
1005002884218179
1005002990967201
1005003059005770
32990774924
1005002555666564
1005002780583718
1005003034967805
32603976111
4000219930570
1005001412231785
1005002965217967
1005002774829613
1005002538935317
1005003311462594
1005002210567604
1005002560645715
32945700442
32578236471
1005003326530740
4000111913938
1005002732151402
4001210064027
1005003013902069
1005002497449361
4000133304628
32865087589
1005003151621039
1005002959634500
1005002317014227
1005003146349560
4001016138946
4001110911028
1005001970464656
32959430043
1005002440207974
1005002673616705
4000248115702
1005003160955534
1005002128662308
1005003018185659
32922849945
1005001999102733
32696373259
32703525445
1005002779892827
32955770009
1005001923154628
4000724055630
1005002879358253
1005002921704642
1005003251710654
1005003387642725
32859333542
33042197105
1005001756631083
1005003100858279
4001171794238
32992231206
1005001935411898
32888671035
1005003175123469
4000087456513
33050742804
1005003160786333
32752359785
1005003181951402
32974766764
1005003295833711
1005002656783115
4001015555212
1005003221756246
1005002863685694
1005003022288654
1005002583507339
1005003038392298
1005003178343094
4000933455317
1005003105652704
32868356946
4001136553734
4000877048996
1005002026553604
1005003023665797
1005002271505673
1005002317586432
32930598556
4000701378108
1005003223173960
4001069002456
1005003008538160
1005003391425675
1005002538937410
1005002206650820
1005003090381183
32833561295
1005003087660872
1005002140505157
1005002889583799
4001152329625
4000052101877
1005002635683330
32856662155
1005002674178720
1005002599906218
1005002477487621
1005003297879937
32384619893
1005003320305413
1005003040800310
4000057127185
4000197552569
4000796664644
1005002224912337
1005003026958593
1005002739322412
1005002304987271
1005003121698738
1005001355707426
1005002283160138
1005003107486992
4001177963229
1005002526992606
1005003084640973
1005003309652773
1005003275932663
4001232820475
1005002963284587
1005002317164319
1005003042678833
1005001631407672
4000682776653
4000643515752
4001049816305
32946268446
1005003372789445
1005003328755149
32993719920
1005002666849433
1005003092630751
1005003351881257
4001156395770
1005002467748470
1005002970011145
1005003318624021
2031938733
1005002004107364
1005002932217360
4000130271667
1005003358107718
1005003304389978
32961243663
1005002042347329
1005002570373064
4000207552591
1005002737757578
32992374229
1005003126145340
1005002321198093
1005001868163578
32971148434
4000060919602
1005003106454367
1005002469249815
4000369537069
1005002413121113
1005001597274555
32947361097
1005002337373713
1005002525375034
1005002836351158
1005002051711516
1005003286784678
4000207358838
32537698300
32955411173
1005001988642029
1005001987816278
4000529750220
1005001575318730
4000842690408
1005003264439231
1005003337150138
1005002815385770
1005003069998522
1005003133729441
1005002960685039
1005002858617557
1005002831491862
33013859549
1005003341286635
1005001430576626
1005002698333928
561271154
1005003348466626
4000108968426
4000060663709
1005002306010925
33004738509
1005002981838012
4000100559265
1005002204543008
4000839114343
1005002973320850
1005003342202122
1005002545715335
1005002416481053
4000444329995
1005003218228948
4000021855596
4000379474393
1005002954282041
32962876737
1005003118741951
1005001576505922
1005002796644360
32796691678
1005001792425719
4001245255214
32215875296
32798124222
1005002400237287
1005003362232130
1005002175493789
1005003017001067
32963253539
32901413563
1005003124016110
1005002261894859
1005002345652814
32891380004
32841779360
4001341583955
33040840214
1005001997186478
1005001714929541
32958083602
4000361931584
10000395827398
1005002859504479
1005003387742727
32920387404
1005003188181715
1005002656410844
1005001289972480
1005002881617986
4001014751606
1005003222224338
1005002707154753
1005002733025727
32974285109
1005003122882760
32618596850
1005003166644349
4001137384971
1005001325745641
1005001343205228
1005003337672953
32972425689
32848411192
1005002624731326
1005001446337909
1005003090229979
1005002819395563
1005002092329314
1005003308660545
4001365737093
1005002940494460
1005002730544440
4000569665305
32825582490
4000525663725
32891713865
1005003337825006
1005003014473075
4000264865736
1005002912083618
4000324369929
1005003381940693
1005001736701386
4000235040102
1005002703045116
1005003016563503
1005002949824860
1005002039957950
1005003226630138
1005001803462083
1005003133366951
1005002281054293
1005002462190931
33006677522
1005003251460446
1005002350758063
1433015392
4001143272904
4000321980268
33038259952
32825692509
1005003283276000
1005003033615360
1005002636578185
32236077310
1005003267799512
1005001764147346
1005002554642647
1005003083708293
1005003268290050
1005002504311106
1005002326715483
4000491213602
1005003047522883
1005003205956917
1005003155137482
1005001913492690
1005002938873044
1005002507140097
1005003272507615
32796826207
1005003300571717
1005002553529480
1005003161196101
1005001877778273
32828611802
4001079710144
1005003219608303