32815787456
1005001391937343
1005003134649354
32995146006
1005001669346143
4001066559154
1005001804231609
1005002482426664
4000926947476
1005002387766430
32742884308
32879984194
1005001365772638
4001238180192
1005002601112021
4000152965705
4001255714367
1005002884471792
4001131669443
1005003313662511
4000105705099
32898628477
1005003031793554
1005002030347101
4000182954332
1005002533636623
32819682378
1005002380984036
32948631933
1005003328036489
1005002989556551
1005002393133629
1005002434486016
32992098673
32867869139
1005003166898300
1005003344704120
32760339459
1005001645967664
1005002219311804
1005002625002521
1005003142313477
1005002051930637
33056058582
1005001326061780
1005002067851166
32727440502
32835348478
1005003315411590
1005003197884191
1005003090434146
1005002967485214
1005003252338877
1005002662979500
1005002440075397
1005001565988293
1005003151854134
4000067824200
1005001346726112
1005002408823339
1005002518572223
1005002003943685
1005003323376159
1005002473647259
1005002699505885
32846789192
1005003278082883
1005002253904471
1005003063708827
1005003015858166
4000739530507
1005002064504019
32883467226
1005001912429742
1005003340041779
1005001738259479
1005003275578622
1005002287932726
1005002954285662
1005003052158544
32883140675
1005001321544387
1005003124355279
32908260942
1005002076188294
4000346552629
32843762638
1005003363693995
1005003273696845
1005003256736979
1005003161743207
1005003362475987
1005002393155796
1005003287807556
4000097995199
1005002340554635
32630469350
1005003311454253
1005002783449852
32919337462
1005003119851299
4001173013620
1005003096706750
32991435499
1005003238567027
4000358357146
1005003229827286
1005003251291492
1005002651141534
4000623675801
1005001422689947
32700762255
1005003361171761
1005001774805930
1005003130592027
1005002709777877
4000430027648
1005002633553014
1005002895314512
4001316524540
1005003236302241
4001187413345
1005002607731299
1005002919560278
1005002372503004
1005002628678154
1005002737718900
1005001971002775
1005003151143673
1005003014149168
32850284223
32398307276
1005003123415741
1005003224604698
33010341696
1005003335676132
4001240199829
4001264613435
1005003093557664
1005003269455914
1005002668525216
1005001788833600
1005003342657882
4001251007518
1005002261825476
1005003113357077
1005001876821677
1005002306272004
32705697494
1005001525378477
1005003052311158
1005003036970040
4000274342078
1005002602057045
1005002558118867
1005003008591194
1005002637512691
1005003379454043
4000756264272
1005003278921517
4000653758802
1005003191537354
1005003197618172
1005003039186559
1005002983885208
1005003109991964
1005003170666244
1005001802578298
4000023596716
1005003105522524
4000940956772
1005002951841068
1005002428837842
32800106199
1005002211691696
1005003249335393
1005003337912301
1005002980467576
1005003208540525
1005001686134559
1005001308432856
1005002686054613
4000022457422
1000008316331
1005003250524546
32967048801
4001060443260
1005003158958137
32850836385
4000166953816
1005002447422603
1005003376063926
1005001976794764
1005002742074504
1005002062004081
1005003165222628
1005002490563959
1005002548850300
32958629467
4000921822672
1005002963141857
1005003340879542
32860382493
4000057519230
1005001562616574
1005003321283174
1005002995017299
1005002348673858
1005003014666429
1005001836134210
1005003092064594
1005001817895186
4000522443645
1005002886257452
1005002694898998
1005003127586128
1005002040557098
1005002774407169
32983432838
32665315229
1005002974316895
1005002147308546
1005002894399268
1005003257378417
1005003088977648
1005002862623563
1005002047323012
1005003188756229
1005002791381248
1005002604235314
1005003269850617
4001007353082
1005003120209159
1005003149384918
1005003005176384
1005002804503778
1005003167052605
1005002857372814
32992281791
32637454987
4001062312348
1005002540751591
1005002823417899
1005003339707181
1005003182320995
1005001736624831
1005001495487845
1005003176139309
1005002326646127
1005001705071620
1005001438541280
1005003119577436
1005002860805337
4001309381135
1005002215259690
1005002647336271
1005002843470471
32687070957
1005003184183026
32920064093
1005002622874056
1005001573069417
1005001398750362
32973519556
1005003259260940
1005003330161860
1005002368782901
1005002375088771
1005002199169396
1005001540553695
1005003193797944
33003684587
32321082765
1005003255130668
1005003232959469
1005001912618008
4000862879557
4001206177506
4001000994599
4001283970601
1005002610514064
1005003312221476
1005001529793727
1005003006479180
1005002536649194
1005003330954287
1005002802175299
1005003143270605
1005003135239980
4000537094949
1005003174998729
1005003181055748
1005002823447291
32950591493
1005003129378112
1005003371032058
1005001280773525
1005003239391652
1000006405445
4000688716538
1005002985568006
1005003006324578
1005002608919321
1005002141157695
1005003337787634
1005001874730177
1005001742094884
4000048426307
10000002476231
4001218895939
1005001659472780
1005001922214463
1005002642277907
1005003149504069
1005003003403470
1005002545568428
4001076066782
1005003120808392
1005002837864215
1005002553271770
1005003337176727
1005003024819124
32868654500
4000284612008
1005003229161861
4000836879270
1005003041884537
1005003355999813
1005002761273541
32981199465
32988579959
1005003276030573
32965000077
1005002276754653
1005002313673514
32857166003
1005002288674031
1005002337695371
33055568646
1005001457265296
1005003195542095
1005003009300360
1005002703469860
1005003304606278
33024807516
4001235744402
1005003116612330
1005003339253834
4001171227042
1005003336544315
4000817177191
4000441175230
33032268844
1005001411679684
1005002872598201
1005001900789098
1005001294198933
1005001695424440
1005003065089948
4001315992222
1005003208914489
1005003274431464
1005003240480582
32729184911
1005003380143530
1005001609649916
1005003311136606
1005003122452563
32435750021
4000082965310
1005003005163231
1005001732015373
1005002754101923
1005003276534637
1005003245100625
1005003095430435
1005002802593145
1005001799172894
1005003384969450
1005003334107403
1005003264921619
1005002519615107
1005003021741723
32802760269
32854697393
1005002982567717
4001016206025
1005002491559291
1005002312808040
1005002669075181
32793707267
1005003235514426
1005003304105024
4000108100673
1005003086754651
1005003202537802
1005001400589930
1005003246579339
1005002617733417
1005001965612777
1005001465005932
32947948447
32846436584
1005002639258139
1005003288849152
1005001966440669
1005002586705019
1005003015632499
1005002235453986
1005002213204476
1005002308956837
1005002995013271
4001115636520
1005001330295874
1005003031161394
1005003134043381
1005002884593884
1005003015209573
4001058235464
1005001630842465
4000933548770
32827730513
1005003107396592
1005003341433827
1005003034451939
4000794103380
1005003329140991
1005003372069546
1005002833312453
1005002996047190
1005003136338962
1005002668958676
1005003308052370
32812389071
1005002605619170
1005001829924879
1005002294082517
1005002004517857
1005002953566207
1005001770575283
1005002976314445
1005003069951125
1005002441036476
1005003277339634
4000965152936
4000396877581
1005002795626425
1005003180773193
1005003088814776
1005002014497517
4000730826099
32907013436
32883146797
1005001562953562
1005002489260306
1005001451781764
32640444869
1005002890093054
1005002293076283
1005003317659601
4000921388987
1005003031445731
32863985039
1005003233721096
4000313728895
1005002953613242
1005003344142009
1005003022830204
1005002038200799
1005002925625177
1005002703004824
1005002809015178
1005001705176947
32995573325
4000016468696
1005001583104157
32407801324
1005003019438896
1005002547959579
1005001809175269
32832117051
1005002233002462
1005002566930068
32857636171
1005003218556155
4001272057641
1005002398964855
32611480445
33051406973
4001086537951
1005002711342225
1005003265250205
1005002089186549
1005001476376090
1005003091995460
4000179206300
32780988059
1005003315743652
1005002314208410
1005002601438386
4001015051009
1005001639370876
1005001794340687
1005003012539248
32966758112
32811859732
1005003123841969
4001039329950
1005002314432370
1005003336650708
1005003364798154
4000927255851
360409323
1005003387726974
1005001367668634
1005003320535955
1005002571343564
1005002393017363
1005001265254156
1005001867238807
32727890985
32963732967
1005003118260045
1005001885999305
32969662162
4001047991682
1005003371522852
1005002912695353
1005001441560823
4001232777821
33004468266
1005003215996144
1005003139394834
33013421194
1005003034242030
1005002913521119
1005003087850023
1005002101988996
1005002861941618
1005002325720614
1005002000077845
32860994813
4000252838620
1005002930702222
1005002613851135
4000862797923
1005001762799776
32838667726
32553066914
4000035209213
1005003271600950
1005002966989969
1005003365479136
1005002395519206
1005003337499903
1005002633298094
4000023878874
1005002854921294
1005003092325687
4001261283218
1005002622970134
1005001933166628
4000382435927
1005003358825560
1005003070353057
4001229682545
1005002866073734
10000069999900
1005002590298749
1005001870134437
1005003211420477
4001022906194
1005002979242942
4001243428193
32965473966
1005002527905066
1005003224820066
1005002423423740
1005002636343674
4000313427285
1005002141140419
1005003080403986
1005003087797948
32954250522
4001220785460
32870309534
1005003129912310
1005002342313479
4000489210253
1005002110257417
1005003146388258
1005002884575206
32920847036
1005003194560699
1005003188255876
1005003308891780
1005002799925452
4001220308856
1005002719245835
33030759328
1005003176565429
1005003192275219
4000776800042
4000608075828
10000123624496
1005001882735152
1005002056071177
33004363049
10000149555195
1005003148755075
1005002325284655
1005002854486547
33011253986
4000233228608
1005001626123894
1005003222339121
1005003092612551
32985952576
1005001816465753
10000274490766
1005003031801678
1005003370723979
1005003001195501
1005001414317368
1005002766741830
32957475407
1005002566232680
32988884626
1005003195933481
1005002954650245
1005002099160476
4000627980231
33025869253
1005001739336890
32811391190
1005003367521279
1005002592846776
1005003336742405
1005002984794774
1005001666356756
1005002905308061
1005002052532911
1005002389735273
10000293335156
1005002615765956
32955728357
1005002841187964
1005003330043438
1005002737200925
1005001934486515
1005003206301853
32858097173
4000466167327
1005002351865522
1005003135608159
4000126662267
32834127365
1005001691294586
1005001282683507
1005002682154321
1005003207527733
1005001417714860
1005002801281482
32958060518
1005003337540201
1005003146337973
1005002414425171
1005003111136747
4001079800845
1005003097821048
1005002435098316
4000662435541
32884594350
1005002752335954
1005001670182957
1005003219454538
1005002773845710
1005003009810403
4001007916029
1005002545090999
4000779177028
1005002307374416
1005002878362828
32975665459
32921357029
1005002575504402
1005003068498168
1005002792044568
1005001917786665
1005003070279436
1005003134910958
4000882572625
1005003177459796
1005002532513932
32800479370
1005003322020775
1005003095654066
32731245012
1005002063599681
1005003051241217
1005003068876376
1005003381043937
1005002680353484
1005003329146412
4000868061162
4000677432449
1005001804013934
1005001509790855
1005001758904167
1005002028186723
32376077830
4000766224639
1005003354259061
33063426407
32977290540
1005002090991045
32888028675
32820565916
1005002139884355
4001138759588
1005002830542547
4000035327150
4001145015845
1005003105450457
32764124447
1005002272168079
1005003037896356
1005003172597406
1005003049891868
10000400053930
1005002808807105
1005002907528417
4000308609371
32519332817
1005003083843938
1005002991819927
32773758027
1005002341241093
1005002973194916
1005003227170257
1005002913124957
32903969138
1005001381690797
4001136513831
1005002645822839
32615484073
1005003195404770
1005003206343515
1005003272674596
1005002722739486
1005003146396901
1005001958113941
1005002615689649
1005002933287966
4000280641576
1005003361862505
32832506201
1005001424124500
1005002203533793
1005001458626004
32882348569
1005001638359122
1005002953314885
1005003160482048
1005002106188900
1005003175921532
32981675491
1005003350908157
4000420336067
1005002406196614
4001060833062
1005001327303027
1005002466766128
1005001762833687
4001331223812
1005002523209746
32823396820
33035276453
32738362934
32995031728
1005001893332182
32818088573
1005003068969903
32850644596
33063619009
32737148620
1005003193724006
32968814720
1005003384586349
1005003051061518
1005003102326188
4000210505788
1005002781552329
1005001725540623
1005002741604983
4001232196725
1005003276381155
4000774084494
1005001795226774
1005002679525031
1005003220886787
1005003008679744
1005002717277141
1005003272265772
1005002937667737
32958623371
1005002651123380
1005002839043393
32408865251
1005001588219809
1005001975791879
4001281831782
1005003033344753
2036822144
4000689566165
1005002771685335
4001228441385
1005002695330460
1005002409274310
4000229879958
1005003362728492
33004717318
1005003208116984
1005002203314049
1005002059934429
32837331450
1005002634563017
1005003092808014
32652717521
1005003253237542
1005001548745043
1005002628251879
4000373291244
4001280450904
1005001656570303
1005003374355939
1005003182486518
33018279762
1005003086778644
32889230503
4000225696088
32944309016
1005003223100160
1005001429818460
1005002682357351
4001038801857
1005002457785827
4001260956110
1005001559834288
4000606395523
1005003210394550
4001287118333
1005002134019067
4000702232436
1005002970075806
1005003327741013
1005002698833904
4001263785963
4001107945573
1005003255179521
1005002935913273
32376163568
1005003083813608
4000046370452
1005003365741464
1005002453551051
32462187714
1005002776105592
1005001348595391
33013008194
4000933672517
1005001575475266
1005002698144731
4001156735196
1005003329290394
32887403412
1005002004857490
1005002140029297
1005003233481602
1005002239882672
1005001914302647
1005003105331509
1005002907098440
1005002395798589
1005003343085265
1005002969526020
1005001462308049
1005002553881255
1005003370847190
32988156621
1005002829393089
4001271160669
32884893953
4000118154226
1005001744310690
1005002746205941
1005003177388159
1005003279351955
1005001909902290
4000615205287
1005002370616568
33022639691
1005003277454174
32969907906
4000623729482
1005003204296478
1005003087738812
1005002546200503
32971734388
32862313679
1005003172838373
1005003115198434
1005002487739740
1005002181250417
1005003103975339
1005002795856429
32957966446
32961076728
1005001402302450
32900186183
32983762395
1005003270078604
1005002919248622
1005002568688738
32835945570
1005002950863757
1005003314678139
1005003371692929
1005002132746264
1005003241256402
1005002841630138
1005003071857309
1005002737766315
32787073988
1005002970340054
32723084505
1005002594666681
1005002344883484
1005003304110353
4000891395659
1005002535860416
1005003276528408
1005002487833503
1005003191424396
1005003287406478
1005002788531924
4001142913830
33014931190
1005002513301054
32857546073
1005003331138427
4001360652779
1005002915321048
1005003130230447
1005003382767529
32334268164
4001065869690
1005002590384021
1005003328066514
1005001445686373
1005003309886892
33057185585
1005002318746697
33036515520
4000466182225
4000299269026
4000192166998
1005003368344482
1005003107694325
1005003076615652
1005002913837079
1005002650840863
1005002398054695
1005002746291174
4000006884261
1005001845210259
1005003257650477
4000023920133
32887529186
32806603971
32920487256
32791325520
1005002313283822
32531236513
32805178783
32509237987
1005003317660344
1005003345995516
1005002597420768
1005002534270939
1005002777176266
4001282135005
32466933208
1005002338796482
32975424282
32813294113
1005002387918141
1000006906080
4000800368528
4000597676198
1005001948020219
4000211164398
1005002337127014
1005003041681324
1005003167201171
1005003003978972
1005002593188520
1005002840293744
1005001894056462
1005003265019125
1005003170144846
1005002230067739
1005002697276808
1005003371096982
32667841578
1005002477834123
4001158958564
1005002616269506
1005002775850947
33037097952
1005003192882325
4001250774433
4001119652875
1005002275632491
1005002196585881
1005002543362193
4000109817715
1005001867905428
1005003331014817
1005002551735730
1005002409405388
1005002624563532
10000330558609
1005002949222064
4000376889013
1005003208994530
1005003149204662
1005003335251124
4001158574438
1005001599992502
1005002374955900
32963094454
1005001463737492
1005003317712599
1005001884864223
1005002794874492
1005003292460152
1005002239949300
4001283170380
4000890488129
10000001590521
1005003369969670
1005002876552793
33044607217
4000449076929
1005001912362967
1005003283285616
1005003329151095
1005002270564571
1005003140797378
1005001413061699
4001185878326
1005002252595944
1005002624562029
1005003168135888
1005002653046153
32839110829
4000358945278
1005002418414228
1005003131849558
32776750491
1005002696958790
4000275211051
4001263811383
4000216400200
32794950382
1005002895492138
1005003262404650
1005003310837486
1005003013914033
1005001851778293
1005003115489750
4001249285789
1005002953854613
32902238606
1005001870611251
1005002861618277
32928333589
33047774052
1005002204991667
1005002359808857
4001040635152
4000709128913
1005002646190788
4000182258890
4001315550146
4000645941719
10000343888546
32712601394
1005003008519782
4001112072288
2046315526
1005003284674665
1005002700251886
1005002978591571
4000210460659
1005003136807423
1005003259071683
4000113585309
1005003097756493
32620625128
1005002726269179
1005002593960576
1005003365093979
1005002870816287
1005001429412020
4000314501018
1005003304097700
4001265628691
1005003011932894
1005003304575596
1005002932671299
1005002348683534
1005002301839788
1005002321200576
4000346996752
1005003076281388
1005001792757118
1005002491753526
4001298975720
1005003189892563
1005003031003222
1005003297713104
1005001575487936
1005003219696104
1005002748814299
4001094872507
32740134124
1005003219806105
1005003135957729
32726066776
1005001877756724
1005001638962664
1005001749156499
4001275280174
1005002956641104
1005002996966003
1005001999005400
32963851537
1005002482067520
1005003287291263
1005003030537080
1005002689168718
1005002098960761
1005003317964585
33017685117
1005002842852321
32930890993
1005003341448036
1005002655540384
32841072452
1005003032550947
4000369255866
1005002934193677
1005003250993133
1005003200528285
1005002958471251
1005002262123465
1005002125525624
1005002319020896
1005003175676274
1005003133909882
1005003059973606
33043632513
1005002593978391
1005003022075715
1005001965674540
1005003390042655
1005001518783745
1005003051623983
4000017756669
4001061038688
10000395809616
32996717096
1005002770804288
1005002615785888
4000718141781
4000297572877
1005002817232427
1005002037520210
1005002640941420
32844077145
4001215432740
32881773905
32995614761
1005002440721582
1005003326327212
1005001612867495
1005002414159975
1005002274073145
1005003365606469
32624821819
1005003022516619
1005003067121132
1005001381273283
4000986457270
32690300631
1005001843271684
1005003266170027
33051266170
1005003062313911
1005002673031380
1005002610303999
1005003359509623
32460676726
1005002971909281
1005003299264501
32859949371
1005002234786642
32866698695
1005001519095064
1005002730892057
32853847551
1005003303510614
1005002709697466
1005003386340380
1005003278005390
1005002907546594
1005003118963129
1005002119774864
1005003068042501
1005002997082827
1005003370990034
1005002317849871
4000806353386
1005001867200091
1005003281174409
1005003328289696
1005002543174862
1005002930695806
1005001898987713
1005003293148507
1005002322013662
1005002020206321
1005002048718871
32947845801
1005002336932844
1005003250536577
4001327463068
1005002301581121
1005003266145233
32606774138
32741947306
4000830078129
1005002398712080
32892827977
1005002735530708
1005003329513304
1005003331638972
1005002186904968
1005002901210041
1005003183754732
1005003248203314
32287246455
1005002206677340
1005003353855568
1005002278484957
4000794521880
32830421424
4000362486083
1005002817451430
32349195796
1005003325241528
4001012527235
1005002077027691
4001325212727
4000307116159
32997815570
4000868601323
1005002892192646
1005002789507391
1005002309091598
1005002542439799
1005003135376400
1005002672279055
1005002665350263
1005002645386070
1005002905667541
1005002272575470
1005002490305209
1005002685503035
1005002910576406
32948936492
1005002388254914
1005003102948723
1005003394892914
32891379664
1005003237893227
4000210342298
33027894116
1005002023014562
1005003250479895
4000256011096
33058696458
33052951452
1005003336260190
4001040650950
1005001516625495
4001010060570
1005002655240692
4000090064620
1005003170720579
1005002717765260
1005003236119557
1005002642991153
1005002885512778
1005003146357757
32881125417
1005003309937905
1005001788732823
1005003152535827
1005002475211765
1005003157785030
32273146399
1005002991102643
1005003036000880
1005002924507249
1005003107437582
1005002754014534
4000198854239
1005002776354563
4001193302645
32769815263
1005002919571072
1005003249677348
32832792838
1005002577600574
32825369265
33042992510
4000234651234
1005002080172179
32709899044
4000823368816
4000890488129
1005002637264251
1005002639210443
1005003215398361
32990828918
32915615308
4001228021392
1005001888301192
1005003197578091
33021521684
1005002130066111
1005002877629702
1005002882036352
1005002782175500
1005001916565109
1005003282381615
1005002122436813
10000033739808
1005003098541426
1005002353781135
1005002732157355
1005002276185003
1005002322923893
4000960570336
4000926112565
1005002848107524
33023215757
32952501116
1005003179368770
1005001612998775
4000043930184
4000106809356
1005003384983622
4001248992715
1005001520634998
33040322475
32272455010
1005002912178612
4000082402421
1005003224925523
1005002317159904
32845082157
1005002559474258
1005002775790812
4000290787219
1005002317414625
1005002022984371
1005003276112535
1005001315678879
1005002611210975
1005002721274730
1005002747343812
4001037696836
1005002003408962
1005002027748934
4000354346910
1005001447171841
1005002656943917
1005002974275901
4000994286243
1005003005688586
1005002865132054
1005003109680555
32959966635
1005003285258684
4000269344142
1005003321561366
1005002666630689
1005002814709936
1005002643887224
1005002611561022
1005002275136960
33036304258
1005002258134951
1005002107338176
1005002846827072
1005003270530830
1005002909944977
1005003238904543
1005002698406435
4000086849767
4001356598530
1005001284075896
1005001785833831
1005003309711328
4000288000665
1005002339903242
1005002475661674
1005001966232322
1005002732232611
4000845504365
1005002937886865
1005002604997121
4000104203989
4000242032014
1005001475238549
1005001354961437
1005001798800001
32970367131
1005002642035669
1005003353400054
1005003306879242
1005001585053129
1005003190543507
32829724216
4000575605127
32515169786
1005002999119283
1005002839823763
1005002390353374
32997470224
32802543401
1005002124610785
1005002484294730
32859873934
1005003205072329
4000164221195
1005003108969948
4000691084107
1005001671457772
10000012911083
1005002979921012
1005003210230016
1005002949681510
1005003168932483
1005002763137463
32791698197
4001268988563
1005003390628287
33008474640
33034944033
1005002372151941
1005003338268445
4001156939333
1005003139548303
32981362119
1005002866621021
32921372305
1005003057523699
1005003279788153
1005003365767179
1005003302037411
1005003287132186
1005002672655022
1005002438135758
4000221401358
1005003114015362
1005003188413082
4001360166649
1005002280579340
1005003171352145
32728956894
1005001551207164
1005002790075745
32767747298
1005001694008724
1005002824363037
1005003154705757
32837289593
1005002304298749
1005003142272020
32954744585
1005003195044165
1005002683190796
4000132602192
1005001492892302
1005003014199042
1005003119321850
1005002468414737
32902062121
1005001361265969
32812563911
1005002592736840
1005002855935697
1005003034248809
1673829894
32250870732
1005003384815930
32566370291
1005003076101310
1005001523604157
1005001785622562
1005002939143693
1005001882367431
1005003250571860
10000264527407
1005003102795175
1005003367517489
1005002965515620
32886019882
1005003250670387
1005002918112072
1005002390459757
1005002347297296
32944433471
1005003205968154
1005003264719419
1005001736415420
1005002799321093
32796559485
1005002399639375
1005002004722492
32951090068
32319915689
1005002696706406
4000505487403
1005001785856956
1005002439172614
1005003263702144
1005002231352932
1005002107577258
1005003266889186
1005002597813441
1005002988327566
1005003024516468
1005003300381926
1005003257539245
1005003265551056
1005002815992054
1005002080944104
1005003071716844
1005002289805875
32979337237
1005003226947228
4000586188851
4000928422981
1005003290706540
1005003084193939
32961127247
32965048687
1005002345440059
1005002408152075
32948188068
4000069786418
4001225149719
4001286778375
1005002711347916
4000987905132
33055481546
1005001823952788
1005003263180081
1005003218272508
1005003093111506
1005003249819913
1005002275832690
4001119471918
1005003269924538
1005002984399214
1005002197442676
1005002806121049
1005002906191611
4000204001084
1005002794444082
1005001968278544
1005002389459153
1005002037971957
4000562128350
1005002701628441
33020347495
1005003310426540
1005003001044985
33004710409
32834069940
1005003352665352
1005001432285007
1005002922176406
1005002282448396
1005001452634123
1005002616922857
1005001619605149
32878648933
1005001837893043
1005001988648464
33020859679
1005003219472564
1005002542214196
1005001493826146
1005002168788273
4000927803009
1005002876078332
4000820555897
1005002686984287
1005002313556608
1005003253272939
32797361607
1005003309820215
1005001965353603
1005002616173578
32811416317
1005002610470353
32812348879
4000192212440
32978080763
32833562655
1005003319744231
32964525494
32840947530
1005001360135142
1005003212980276
4000279491482
4001273462584
1005002381775880
1005002793597258
1005001916473469
32879601010
1005003366065361
1005002640925952
1005002797019229
1005002492676216
1005003352427179
1005002948497008
4000720667292
1005002313479407
1005001692307691
1005002950313764
4000918750762
1005003225185840
4000014112871
1005002851840428
1005001466883019
32863989086
1005003101332023
1005002555877181
1005002817767698
1005003277993870
1005002638336165
1005002798544984
1005003212579912
1005003171370604
4001065067095
1005002684798825
4000151603526
1005002546803289
32370918087
1005002614049607
32968520692
32852368609
1005001610554643
1005003290345454
1005001429218234
1005003142838264
1005002326400203
1005002927340262
1005003146322775
32858710715
1005003149287031
4000201221865
1005003201261901
1005001607596964
4000251091440
32846290126
32802761767
1005002954240113
33034471315
1005003386229634
1005003336551413
1005003264330775
1005003292588383
1005001821829514
1005002531340402
1005001831244115
4000528596254
1005002946391874
10000069473355
1005001917714442
1005003311247159
1005002967496499
1005003038496688
1005002069125550
32998719142
1005002197048158
33052736799
1005002512161774
1005003151866279
1005001425803874
1005003366089616
33061182094
1005002460412066
32962555491
32913628183
1005002978478893
32675477390
1005003063717669
32814587635
4000902059419
1005001890046746
4000166999559
1005001819156471
1005003221951676
1005003072394653
1005003128674232
1005003305755473
1005003247927012
1005003103409908
1005002328510740
1005001607460202
32957350170
1005003141797130
4000055813770
1005002643808830
1005001666700013
1005001859352763
1005003127001502
1005002526419144
1005002613331654
4000162831229
33051811393
32945572125
1005003281133576
1005002546984200
32958143736
1005003317734548
1005002566169445
32731072402
1005002954094839
32848117768
32752376295
1005002611308654
4000645194404
4001117615968
4001275113020
1005001748296478
4001162022182
1005002574593216
1005003287754786
1005002281257039
1005003241459471
4000150253946
33005904396
1005002722949796
32796149010
1005003365239858
32940778890
1005002977098857
1005003366989904
4000535242993
1005003251854191
4000164631790
32960361327
1005002616247057
1005001324829444
1005002698017163
1005001929421157
4001036201518
1005002811993064
1005001873089739
4000895056082
4000012092011
1005002575798032
4000382225362
4000933960110
1005002994359957
1005002618837376
1005002806458703
1005002949203526
1005001821112041
32934219180
1005001361355731
32856471318
4001106155337
1005003031329516
1005002518208533
1005003360262356
4000441909549
4000278297038
1005001808940094
1005001781439980
1005002624993214
32974997701
4001186588289
1005002528103747
4000963484210
1005002212644717
1005003037833122
1005001793056673
32861194846
1005001580748367
1005003325602925
1005003087536863
32868433369
1005003205223920
4000282038254
1005003333420022
1005003215307878
1005002073569028
1005002732224256
32960526064
1005002405687611
1005003316240775
1005003235834567
1005003337830561
32819493987
1005002353310610
1005002866902048
1005003164382931
1005002710514770
32695637811
32946623138
1005003374422719
1005002688214677
1005001990149980
4001186959102
1005003095281508
1005001439051934
1005002790132022
4001079001405
1005002223122974
1005002440662263
1005003372257143
1005003341722584
4000611240076
32858716267
1005002099276608
1005002905838764
1005002971654023
1005002311441246
1005001868575220
1005002588951718
33053694218
1005002865352224
1005002850798967
4000068916119
1005002982913583
1005001646735592
1005001327493711
33000391908
1005002567792912
1005001777340623
4001328236055
4001183192911
1005003150047885
1005002985485692
32858741063
1005001607686402
1005002384364112
1005001565954725
1005002284251882
1005003312224053
1005002749292032
32464745050
33043131086
2011816834
1005001431552517
4000197190718
1005003343211700
1005003120505514
32596430842
32838427038
1005003305478496
33047605528
1005002443511391
1000006054662
1005002477670985
1005001826382860
1005003134940459
1005003359262694
4000198718653
1005003351540619
4000803357572
4001230706547
4000804666994
1005002816993735
1005002682675391
1005003022552043
33051425058
1005002310255311
1005003111264250
32888220336
1005003387717902
32791712391
1005003148033901
1005001463568384
4001327595547
1005003022918019
4000435257171
1005003246324551
4001104967101
1005002760660820
1005002910762912
4000634005418
1005003381568715
1005001415793043
1005001893474180
32952615703
32888035280
32889631163
4000189390449
32758123193
1005003175668995
33038617135
1005003371583046
4000604271014
1005001356157396
1005003382525813
1005002865054921
1005002662386151
1005002652123274
32722216950
1005002301466439
1005003355996984
1005002575527722
1005002808329972
1005002390407110
1005002848565591
1005002571301754
1005003133979617
32971808846
32921392168
1005003209580782
1005001505987859
1005002688506755
1005003349527097
1005002992658137
1005003384952533
1005003213282664
1005002599541046
1005002552383148
4000650481241
32904339989
4000746199912
32489535550
32711947237
4000927413202
32795180487
1005003262010264
1005002060165852
1005003275254279
1005003001074940
1005002610759453
4000641072114
1005002213861058
1005003115658597
1005002587418056
4000765662164
1005003305690878
1005003064277329
1005001425125888
1005003107371767
1005002315208782
32799761754
1005002924972682
32673213147
1005002915290213
1005002557250650
4000607032339
32947589226
1005002337219830
33042011105
4001235318441
1005003309852970
32885135088
1005003157723992
1005003215214870
32822884820
32367381125
1005002383157540
1005002247173080