1005003137463045
32808737433
1005002172802819
1005002622498146
1005002547126312
1005002432834811
1005003002417202
1005003205609823
1005002617723266
1005001611360605
4000792808877
4001062799063
1005001475146033
1005001460238015
1005002564439638
1005001462548113
1005003297177234
1005002972484479
1005003117135112
4000708678127
1005003197353359
1005002189567905
1005002912911609
32819625682
1005001611811175
4000018727051
4000926074563
1005003235645596
1005002882505911
1005002871211774
1005003329461832
32813316375
1005002294515189
4000778778478
1005003253671455
1005002198036388
4001268977209
1005002443456846
1005003121624292
1005002394747454
1005002001818312
32976569417
1005001444595636
1005002979575987
1005001767992390
1005002313820273
4000310893666
1005003033111360
1005001867287600
1005002340641068
1005003386014071
1005001320117867
33044168643
33044578583
1005002292727576
4001107567217
1005002334259850
1005002878933837
1005003365278772
4000609998527
1005002758996096
1005002859218842
1005003032574006
4000453014249
1005001741358149
32796492754
1005002937965989
32955506122
1005001287930824
1005002774262744
1005002438329675
32997722441
1005003356226574
1005003063609123
1005001357949581
1005002686253188
1005003239844083
32922691929
1005003019434158
1005002851358919
1005001407335036
1005003338898966
1005003116014940
32993010802
1005002234877687
1005003031550595
1005002193915749
1005001821918423
1005001592011218
4000771039987
4000843755145
32946416368
32879105237
1005002611294109
4001282469194
1005002559895233
32910976544
1005001915230345
1005002814984457
1005002734523059
1005002869947934
1005001632128699
1005002293559212
4000195043722
1005002879016698
1005003339831468
4001150658585
1005003208566940
1005001919053377
32894581697
33017770854
1005003112410032
33035907609
1005003120723040
1005003198688938
1005002502343776
1005003386676460
4000954452203
4000036844809
1005002925120223
1005002683605838
4001335179940
1005002951034839
1005001860927065
32886346818
32909200978
1005003146302973
32846940676
1005002907304430
32713518260
1005002784591288
1005002738710318
32888544690
32899855345
1005002100484821
1005002219431777
1005002477856659
1005003342127798
1005001566942007
33004186096
1005001709424962
1005003181776065
1005002768573817
1005001980445563
1005002847389957
1005003031899101
32866973548
1005002710282095
1005002643330442
1005003391856458
1005003358139593
1005001984416267
32915683449
1005001972252748
1005003329155065
32691052322
4001102428770
1005001533379819
1005002888954415
4000870258720
4000689979033
32699293065
1005002836219743
1005002128234507
1005002534270939
1005003180613700
1005002745041253
4001285486876
1005002886299701
1005001441400548
32648564990
1005002619180227
1005003274597873
1005003124888701
1005002066860559
1005003269502239
1005001617146366
1005001992141561
1005003157353003
1005001645394302
1005002789574083
1005002647226851
1060741908
1005001900151550
1005003312399499
4001139053080
1005003359482924
1005001864401916
1005002954202801
32960531749
32848785936
1005003129799135
1005002329300058
1005002058090375
1005002848120274
1005002888346554
1005002303742631
32967273019
1005001689222194
1005002953601531
32815812515
4000086210077
1005002716883955
1005003065271779
4000148107831
1005002598868743
33031726720
1005003019775958
1005002912010559
32810688656
1005003119596189
1005003141655640
1005001727651281
1005002425515681
1005003382186107
1005002991486723
1005001698781387
1005003224479065
1005002586990369
1005001350199864
1005002744824008
1005002951017379
32370512062
1005003336680451
1005003388492341
4001060992588
32963899129
1005002339236563
1005001622160298
4000982927282
1005002782285516
1005002647130642
1005003305297008
1005003110172708
1005003309876008
1005002081093829
1005003016276717
1005003161428247
1005002430863977
1005002064282539
1005002704609213
1005002647190418
1005003175225530
1005002702881416
4000783154838
4000202151013
32952285586
1005003079775265
4000430343057
32955536546
1961482894
32968483374
32959153621
1005003296235794
1005003013675930
4000290622055
1005002443427775
1005001759537579
1005002926230393
1005003271465007
1005003219228557
1005002894799807
32846376646
1005001348277957
33055523990
1005002290195002
4000399684980
1005003128936819
4000012512978
1005003385104937
4001188642154
1005003075153753
1183319612
1005003176409833
4001158437734
4000465863919
32954044383
1005001499092706
1005003290230784
1005003193595395
1005002288213614
1005001929303364
1005002977980442
1005002682590914
1005002177474915
1005003098103929
1005003036266571
1005003211245831
32885569872
1005001909747488
1005002960152391
4000919810163
32861195408
32908046408
32992009414
4001071567463
1005002926721710
1005002952470299
4001023238021
4001211830556
4001358794265
32864162625
33007124241
1000007145509
1005002608896718
10000343888548
32850473151
32956582379
1005003123762130
1005003387860101
1005003219093653
1005003126906460
1005003156986557
1005001488121385
1005003216024083
1005002264504603
32737832825
1005001872952717
4000311904400
32679923145
4000898823491
1005001418240734
1005002593022835
1005003351933079
1005001439580857
1005002392641401
33061878686
4001338210407
1005002620383139
1005003339567160
1005002782956812
1005003189864848
1005003135255445
1005003130289944
4000989487920
32843966833
1005003032328971
1005001850310693
1005001898902097
1005002977065437
10000022837414
1005002932435840
1005001647417752
1005002461065758
1005002284455782
4000575839073
1005003113304934
1005003257534363
1005002108910110
1005002828034622
32945555574
1005002488067637
1005002873185626
1005002124558116
32894737144
1005001410596761
4000396096956
1005003371995503
1005003021997137
1950044551
1005003386939195
1005001558128516
32976807038
1005002571647755
1005003196170152
1005003387752836
1005002530895634
1005003100744374
1005002351511402
1005003117562160
1005002691959414
32896599080
32812638194
4001156734666
1005003007006033
32830959485
4001025134286
1005002519037430
1005002617254457
32995965122
1005003363260959
32968839039
1005001999032030
1005003022026369
1005003032452107
4001213570841
1005002109962203
1005001767933883
1005003084103534
4001195345202
1005003090419858
1005001664664857
1005002536055126
1005003107213625
1005003208493334
1005001327308026
1005002987398957
1005003081194677
1005003113912774
4000086984561
2031924460
32977218353
1005002350489570
1005002504176732
33010671455
1005002793500148
1005003059081860
1005001292429902
1005002237475838
4000464966036
1005003241076534
4001278030922
4001013182316
1005003046872638
1005001813858224
1005002755940760
1005003122144920
32942876171
4000944552025
1005002058603458
33032069937
1005003092361819
1005003237048280
32802281306
1005002548588488
1005002122271858
33007775550
4000314127261
32988152698
1005002852445019
1005002538831755
1005001948819526
1005002202313716
10000402347381
1005003385681487
1005001967012757
1005001903156458
1005003279440433
1005002418338699
1005002260723402
1005003002885707
1005003197602527
1005002804723285
1005001406425427
1005002777462014
1005003218474097
1005001849145523
1005002611946913
1005001603456402
1005001557588449
1005001873069621
1005003064378644
1005002917956374
1005001568626712
1005002819856972
4000908249704
1005003207171085
1005002746982136
1005003273207562
1005003029161831
4001252088292
1005003186724856
1005003030693791
32777880032
33046534795
1005001302982167
1005002605242113
4000588649519
32801670831
32840268802
1005003202794957
1005002752132986
32847829018
1005001994078842
1005001841343499
1005001992960251
1005003303495232
1005003211086576
1005003086771496
4001148211927
1005002718098257
1005002898617211
1005003190032784
4000879337895
1005002646768054
1005002620087590
32456064009
1005003212609870
4001298533692
32827408778
1005002907681213
1005003022101474
1005002253541407
1005002281584835
1005001953032070
1005003339351869
4001050543904
4000175520452
1005002413533062
1005003082080317
1005001676626631
33063963005
1005003215908794
1005003323738924
4000922337188
4001109117260
32810537320
1005002299688169
1005001743542265
1005003372010931
1005002434213861
4000088710988
1005002538921274
32969698601
1005002960087116
1005002125265577
1005002441663196
1005003242881852
1005002492324408
1005003176626702
4000314577255
32657666605
32962480401
1005001536499778
32868975067
1005002695317412
1005002313400482
10000395920752
1005001852710250
1005003187327457
4000075574104
32921692664
1005003283362512
1005003338839114
1005003212279076
1005003379477862
1005002436069841
1005003119814278
1005002457062409
1005002459979424
1005002799521063
1005001930941042
4000594544766
1005002159646221
33011144674
4000973249686
1005003108654471
4000919340290
32440809106
32894973734
32971126107
1005003224179316
1005002525972055
1005001519750311
32814345985
1005002241481037
1005003215584310
4000807395341
1005002835112184
4001007256050
1005002763788385
4001195867907
1005002988045746
32972771176
1005002317477252
1005002603342009
4000766274124
1005002253451238
1005002100442959
32796767454
1005003015626956
1005002058367926
1005002647322428
1005002829548947
1005003113965066
1005002347191145
1005003219260140
1005002810180052
1005001830243392
1005003332416196
33000268084
1005003001229504
4000975519535
4001198182249
32846447977
1005002939818997
1005001841090410
1005001586855697
1005002608881795
1005003081864820
1005002565943895
4000384693422
1005002878886069
1005001604111963
1005003201694048
4000718344335
32842817659
32807780672
1005001918374300
4000407386557
32985427177
4000336806791
1005003033989791
4000278979911
1005002919236856
1005002504631961
1005003050947040
1005003308889942
32956448299
1005003296270159
1005002375698548
1005003225071533
1005003293781873
1005002838122986
32955269565
32975427615
1005003141182067
1005003324088538
32868394794
32254511356
1005002441271101
1005003004551392
4001192687801
4001130865231
1005003387840227
1005002656324962
1005003152115017
1005003325575553
1005002537971633
1005002863458659
32815006222
1005003198348489
1005003330412220
4001047768883
1005003263663598
1005002347941852
33030146701
32906060367
1005003179423514
1005001996435023
1005003056831064
1005002119857123
4001204346049
1005001466549899
33019870218
1005002407607428
1005003388468489
1005003228984290
1005001703644683
1005002911703685
1005001976098807
1005003076383190
32796744070
32962505025
1005003175982861
1005003387463662
1005003076251365
1005003335678150
1005002431033085
1005003278783962
1005003168293133
1005002316003876
32975029367
1005002632818436
1005003059273912
32838771394
1005003352808886
1005002989768307
1005003159899684
1005002536528647
1005003374354003
1005002053629812
1005002022791569
1005003227054648
33020289273
4000698346923
1005002482639398
1005002495871491
1005002738527127
1005003291920723
4000121297841
1005001837275951
32979433520
1005002589997718
32811460804
1005003392005918
1005003357118072
4001237561121
1005001854367517
1005002940365555
1005002860836344
1005003308020986
1005003382718507
1005003142697805
1005001516129586
1005003313688872
33035969247
1005002705556213
1005002717272042
1005003296507790
1005002953977068
1005002496484571
1005002172802819
33057381995
1005002933893361
1005003383266732
1005003032774948
1005002576743809
32843956365
1005002998535469
1005002336118166
1005002949282852
1005002640141452
1005002592818278
1005002854718292
1005001541755778
1005003244402586
1005002687041440
1005001421401039
1005002975765147
4000083470356
1005002546838324
1005002814555284
1005003167592709
4000785185143
1005003117980313
1005002738013667
1005003265932153
32834571524
4000410919230
10000128281681
1005001757535924
33037294065
1005003125784992
1005001903127325
1005003322262210
1005003093737861
1005002966721394
1005001731661079
32293486805
1005001605873084
1005002084708761
1005003148229358
4000004962435
4000444219743
1005002009389663
32947619175
1005002985573948
1005002613277458
1005002666582879
1005002390506544
1005002863133700
1005002602439060
32966697149
1005003021368684
1005003058225626
32808408441
1005002748065559
4001145171171
1005002419462858
1005003051512704
4001230992693
1005002065854372
32840042053
1005002475559450
1005003096625957
1005001861172436
1005002735132836
1005001593831280
1005003283273229
1005003389857932
4001062046136
1005002683771690
1005003291089327
1005001604126083
1005003022269969
32852206842
1005002710974559
1005002910904339
1005003247600496
1005002593049208
32834474544
1005002756330773
1005003347663701
1005003045258956
1005002907473766
1005003285815346
33026570627
1005002557611414
1005003058327270
32798816867
1005001597067804
1005003057674665
1005003127633197
1005002227913934
1005003059941068
1005001524789503
1005001843577848
4001097654409
1005001519117414
1005001551774366
1005003063486277
1005003047569586
32847335259
32844680351
1005003334364409
4000070606154
1005001670233295
1005002594051690
32824580301
1005001689834847
1005003352775287
1005002693905765
1005003140905685
1005003036100556
1005003351640594
1005003190987240
4001327420250
4001153536088
32873463627
1005003277292578
4001247402034
1005002863783852
1005002235867242
4000025308353
1005003256842901
4000988692004
1005003375754030
1005001645228278
4000628005885
1005002816680800
32886731741
32910198389
32893171815
1005003332777970
1005001286554255
32851599283
1005003095339497
1005002400889414
32954879778
32979689297
4000804370271
1005002077709948
32955242188
1005002761736899
4000610726906
32725884440
1005003011940020
32996019569
1005002129605529
32956915596
32553581040
32965170880
32865568082
1005002133890424
1005002003943685
32923762880
1005003345450103
1005003371124629
1005002982768982
1005003352810468
1005001805146736
1005002598821911
4000171675741
1005002694235573
1005001425759185
1005003295991193
1005002840919159
1005002658441779
1005003265551086
32990183715
1005002315539764
1005003145819409
1005003029682853
32705458197
1005002456651478
1005002208061791
1005002650224364
4000694434961
4000083839252
1005003037146921
32794766248
1005003122044533
1005003285483079
1005003342037997
4000287851675
1005003020166205
1005001517382611
32881051580
32982284964
1005002949264694
32998453265
1005003244641634
10000395923701
1005002802228417
32905382428
1005002632494067
10000395943465
33031883822
4000430515060
1005003270497265
1005001652057544
1005003192690363
1005003332319053
1005003257715043
1005003000471553
1005002981789464
1005002473376745
1005003340861670
1005001609855102
32895964421
1005003391250844
4001268803011
1005003077604184
32627432461
4000023681312
1005003303484990
32949931919
1005001995202461
32842218157
1005001394592993
1005002353339456
1005003201468651
1005003036830385
32921867633
1005003129346433
32836030064
32999022157
1005002363180871
1005003370523419
1005001771539178
1005002950486976
1005003219653855
1005003003170252
1005002953035735
1005002663541488
1005003076763591
1005003043925616
1005003017927688
4001219036715
1005002711181839
1005002833747134
1005002140287782
4001011243271
1005001732231547
1005001429953068
1005003181120904
4001316018695
1005002489951547
1005003349489155
1005002798004349
1005002716562896
1005002076557773
1005002333945006
1005002782052340
1005002321894581
1005003066541886
1005002679116716
4000337790429
1005003076338414
32834271681
1005003391457983
1005002952910882
1005003293823177
33052023152
4000758649846
32853737517
1005003227400855
1005002967642762
1005002960918964
1005002949635460
32832374710
1005002830989252
1005002022057739
1005003252790656
1005003215777432
1005001526740486
1005003288089863
33016049764
1005002052590518
1005003382289129
1005002118987329
4001034747219
1005003114519257
1005002970656124
1005003275418350
1005003103175059
1005002485957464
1005002059917123
1005003239241200
1005003135320416
1005002990341589
1005002976661971
32998878471
1005003257786206
1005001525439619
1005002408811123
1005002529545559
1005003239477027
32889488761
1005002577734966
1005002460444097
1005001604283389
1005002774797856
1005003192299608
32978197474
1005003133721010
1005002972127702
33037330532
1005002994286811
1005002698219419
1005003250499775
4000823262796
4000115105266
32908365456
1005001473883952
1005002085908730
1005001558073685
4000169540399
1005003028041317
1005002863509467
1005002976791857
1005002118955141
1005003333988965
1005001579328921
1005001742329001
4000245867616
1005003384029092
1005002468364803
4000490046983
4001078140219
1005003065292067
1005002592530318
32818209013
1005002034362222
4000602496842
1005002821310212
1005001686164151
1005003298612089
1005003069623226
1005003259244658
1005002470856554
1005002816992753
4000847820898
1005002696064740
1005002308956837
1005002748218802
33029029193
4000983887266
1005003110662961
1005002777126003
4000991812408
1005003171294472
1005003361267692
1005001392885597
32998272011
1005003255572767
1005001999159646
1005002673709248
1005002798560643
1005003343186925
1005003354880071
32360355626
33042234515
32809629545
1005002011552438
1005002877519496
1005002878496007
4000614279551
1005003334132682
1005002179564536
1005003326370305
33049204803
1005002339895112
1005001275845746
1005002599619558
1005002320742865
32589942459
1005002976714675
1005002259353068
1005002234479695
32844078696
32714186823
10000011487578
1005002749236341
1005003337625959
1005002537977054
1005002494494550
1005003026392249
1005003083578355
1005003001975327
1005003316387085
1005001481340824
1005001868595727
1005002920215056
4001230302833
1005002960645274
32958628062
1005002645828316
1005002795853765
1005002958053455
1005001994173403
4000507012557
4000594308233
4000649253702
1005002494096994
4000264527318
1005003309790768
1005002560481934
1005002865081456
1005002794375600
1005001821932303
1005002370563242
1005001603086131
1005002645911499
1005002806632538
1005003072025733
1005002926864774
1005003036310870
1005003302770482
1005003268264032
1005002297682609
4001066639564
32884305504
4000833784380
1005002333418773
1005002958328796
1005002710001976
1005001688942530
1005001818750821
1005003176525702
32948160915
1005001763537169
4001235461448
1005002072532424
1005001476138456
1005002279174738
1005003355142040
1005002139505704
1005001817120799
4000122984809
4001224301800
1005001291841136
1005002376727454
33018633403
1005003304823239
1005002697859930
32870037541
4000284067791
1005001816737590
4000370382580
1005002927763594
32852243397
1005002826980557
1005003236413999
1005001707201798
4000474443061
1005002377417902
32823033719
1005001788789602
32814963090
32976128390
1005002616305103
32709928650
1005003344680721
1005002982706899
1005003362840641
1005003180420149
1005001560157064
1005003207430261
1005002577763594
1005002666516877
1005003275452077
1005003100360736
33005403797
32794293608
4000766163231
33025505230
2038097835
1005002842691572
1005001414089821
1005002948407139
4000260936868
32884965894
1005002624192068
1005002924780167
4000523419748
1005003135418274
1005002061708895
1005001946400896
1005002831603211
1005001812435613
4000455673720
33013335587
1005002340911454
32882175706
1005003345691874
4000626967799
1005003392433747
32376046128
4001231097726
1005002413296134
32710876775
1005003226855761
1005003250227497
1005003291639671
1005003337759264
1005002988638364
32704030427
1005003314474272
1005002133750410
32953700328
1005003034457397
32807099478
1005001524570044
4000242036973
1005002054828428
1005002696258537
1005003336584987
4001228479725
1005003021020157
1005003293196517
1005002870303944
1005002591419982
1005002553264160
1005003287368630
1005001858359635
33054226505
1005003392612135
1005002418740377
1005001843198911
4001227454879
1005003088961078
1005003341762922
4001276763963
1005002264187736
4000427108021
1005003263378640
32838219990
1005001686896002
1005003134460617
1005003121995227
1005001597609532
1005001367626334
4000538619706
1005002939833458
1005002608876712
1005003124527939
32850334447
1005003322727903
1005002628661455
4000899208564
1005002819744731
1005001678064135
1005002381114764
4001291056480
1005003257201128
32865659282
1005002322685315
1005002542777139
1005002949679262
32819680037
1005001495553238
1005001606850814
32789921898
1005002301803074
4001205116125
1005002600518140
1005003261859436
1005003264939220
4000346247782
1005002926980587
1005002912585962
1005002286620706
1005002475592143
1005002537271946
4001204511700
1005001441403746
32948918642
32719084986
32967481159
1005002870751606
1005002939759118
1000001342062
1005003207796607
32728736658
1005001427522776
4000812527980
1005002666999022
32828290877
1005003140540483
1005002052086754
1005003002250310
1005002357890814
1005001307943074
1005002747032700
33019217365
1005002814946263
32872965062
1005003265192208
1005002288466536
32915427443
1005001282577310
32690606559
32790598684
1005002970570552
1005001350966414
1005003309419378
1005002487452626
1005001341494175
1005002849347247
1005001494376766
1005001819302717
4000971403116
4000934112341
32902096930
1005002707715161
4000910282325
1005002535745562
1005002069248011
32812421217
1005003003571591
4000574821178
4001106273083
4000008620452
1005003337943013
1005002592027829
32963842404
1005002996887337
855487029
1005002322462841
1005001571353286
33032407542
4000187604908
32796767129
1005003100563821
1005002760834291
1005003282453904
1005003050057901
10000366881895
1005002759466329
1005002496978678
1005002561234880
1005002863838323
1005003068401985
32836354630
1005003050842581
32997516264
1005001793452923
1005003192203354
1005002920170024
1005001625605942
1005002841809069
1005001575534240
1005003307934037
10000081784248
32952506603
4000018998993
1005003356074299
4000986952687
1005002922967421
1005001972373136
1005003350539239
1005003100592223
1005002224689239
32966573330
32891411853
1005001990544819
1005003113713378
1005002932419207
4000785101226
32757221286
1005003318902355
4000156341100
1005002602868866
1005003032580495
4000161362083
1005001848759426
32884364048
1005002821489522
1005002410951083
1005001913767446
1005002839744461
1005002843304963
32959385206
1005002420418734
1005001714910842
1005002738627128
4000085370588
32923791952
1005003303849390
32904828206
32875436300
1005002530131308
1005002233538684
1005003242666394
1005003108693340
32966250981
32353946262
1005003022314110
1005002890058205
1005002823095920
1005002371595520
32856095648
1005002396159281
1005003333281587
4001308371264
1005003064394423
4001235538362
1005003330934823
1005002480730884
1005001975744467
4001159946223
1005001916466461
1005002049693620
1005003372501845
1005002870776029
1005003313819674
1005003097512202
1005001270492380
1005002344975640
1005002867992678
4000754967525
1005003141478777
4001290889511
1005001598676415
33012877773
1005002647211898
1005003211777024
1005003328676855
32949044127
1005003275915086
32998511843
1005003167254185
32821682175
1005002636701818
1005002035240327
4001328187419
1005003273803221
1722128004
1005002291985150
4000931648157
1005003017659668
4000832388710
1005003218174203
1005001661380691
1005002995497247
32747604433
1005002420129753
32815383421
1005002846777378
1005003081347683
33007685510
1005002475915068
4000182768126
4000863590973
32958808935
32901222969
1005002748080588
4001142244671
1005002985921448
1005001844605973
32906356731
1005001568930085
32892943345
1005001523683682
1005002509664485
1005002944087014
1005003333366256
1005003331946265
4000202221020
1005002920409088
32825968224
1005003018906779
1005001783607511
4001180236471
1005001430031353
4001253327779
32826377504
33004081937
1005003133297357
1005001722709158
1005002661298154
32916928553
1005003378922228
10000395821091
1005001699594791
1005001885899150
32853991228
1005003303711697
32869557144
1005001757843051
1005003030271782
1005003129419943
1005002081388585
32975104443
1005002615636623
1005002395365612
1005003037834373
1005002110641886
1005002941706843
4000117008612
1005003118720692
32916035012
1005002857042670
1005003224650453
4000625995705
1005003311562464
4000047795113
1005001918799315
1005001297846150
1005002864540072
1005002904932567
1005002287203913
1005003198217972
4000904502706
1005003180400863
10000126629561
1005003097218354
1005001299367585
33034867635
32991186102
1005001626098814
1005002517453401
1005002517852670
1005002976849950
1005001644350540
33048473364
1005001658027898
1005003346436830
1005002475821104
4000183746890
1005001442466553
33001409317
1005002422771706
1005003283227519
1005003165890300
32969323885
1005002968131049
32797588175
1005003086109543
1005002784633624
32836473024
32875421490
4001038945945
4000010267948
4000101072513
1005002199687278
32978370649
4000235744963
1005003033316867
1005001490877509
1005002997215438
1005001988031377
1005001630645490
1005003101982184
1005002964904157
1005002186096941
1005003082036613
1005003188859400
1005003305730755
32921379422
10000395907505
1005003249042269
1005003245636899
1005002524211071
1005002136424833
4001264358540
1005003077476252
1005002496665608
4000957398248
32353957158
4001296241657
1005002589510541
1005003036506330
1005001898827659
1005002863443486
32880250263
1005002856455635
1005001381827572
1005003347954166
33014888496
1005002525000248
4001251891586
10000371477041
32811996713
1005002893748093
32956697421
33000340496
1005001678433435
1005003151736086
4000970581808
32719997110
1005003053954944
4000985402270
1005003131892813
32969629773
1005001628961582
1005002991738645
1005002246175352
1005002990579377
4000898427801
32831049307
32965963010
1005002282811024
1005003085289300
33007711587
1005002642958806
1005002144182381
1005003255656068
4000370965853
1005002863039360
32899490806
1005002820213850
1005003292175524
4000503070738
1005001386824477
1005002653338172
1005003310753665
10000343874484
1005002780308451
1005002316697112
1005002458888899
4000392664169
1005002278640870
1005003207127632
1005002378931806
1005002345157361
32950922776
32915440258
1005002657790529
1005003305808102
1005003104488104
32855945692
1005003171402751
1005001982821906
1005001572396498
32801057066
4000847821164
1005002821160504
1005003180532725
4001038627243
1005003318578669
1005002995039393
32811175590
32857190811
1005001691978222
1005002246746481
1005002900066970
1005002011656948
4000170423328
1005002978346687
1005003164694533
1005003213062963
1005002966159398
1005002716693465
4000418504485
1005002912365088
1005001874110434
4001021773003
1005001570448665
1005001999371303
1005003387077227
4000233211528
1005002314364071
4001058776065
4001134410276
1005003069293602
1005003092532811
1005003047046375
1005002083815474
1005002539883465
1005002313230898
4001063051572
1005002622868345
1005002495424780
1005002363648320
1005002598761952
1005003365745802
1005001878502372
1005003345805472
1005003016873350
1005001732356215
1005002084974768
32955188027
4000253382021
32827882866
1005002967609720
1005002972738688
4001267842002
1005002943581693
1005003389083168
1005001860823501
1005002696451357
32694402531
1005002362068816
1005001988648620
32985908999
1005002776910429
1005002382253816
1005002927714688
4000089668203
4001240326170
1005003037563114
33022593149
32891747205
1005001407674613
1005003243927961
1005003334767872
1005001865469051
1005003383370528
4000064482996
1005002835050456
1005003309926151
32866563786
1005003388527203
1005003338866943
1005003037376658
1005002234716394
1005002876455261
1005003027433036
4000303053288
32955466553
4000264927441
1005002741888733
32840315868
4000336908214
4000847788296
4000808500474
1005001860358451
1005002679830367
1005001734362879
1005002958450865
1005001821582831
32918421978
4000494917682
1005002396063328
4000590914281
1005002346357938
1005003337264445
1005003069560312
1005003019209533
1005001812367380
1005001467777996
1005002110729092
33044640737
1005003019577867
1005002247404857
33047719885
1005002476207492
4000336664195
1005003217806483
1005002726655468
4000853478185
1005001810946430
32844069859
1005003347169423
1005002193981191
1005002320976047
1005003314193455
1005002175726816
1005003372047740
1005003129535077
1005003198114565
32754188898
32880879931
1005003290265378
1005001633435004
33023352728
4001037720505
1005002238574661
32876973734
1005003015190028
32836089968
1005003337808372
1005002091101204
1005003381644370
1005002675122926
1005002322296186
32918078210
1005002700257256
1005002382278787
1005002820553484
4000790478801
32815787895
1005001923651858
33039990101
1005003032156711
1005002676172754
1005002628323295
1005003037014236
1005002841795478
4000479750371
4000199912907
1005002538884907
10000395840807
1005002048807113
1005003007301908
1005003163785629
1005003138918550
33059781094
1005002711250300
4000228983029
1005003154555368
1005003280738008
1005002854529814
4001284314847
1005001398556972
1005001780101754
1005002947109526
4000682981761
1005002011150227
1005003339436639
1005003148208892
4000640912979
1005003189547350
1005001381194545
1005002272895402
1005003347254465
1005002934669979
1005003183263888
1005001576345701
1005002977934782
1005003150611537
1005003385098430
1005002650510083
1005002380824822
1005003375296434
32780203805
1005002717160129
1005003213766606
1005003032150446
33011176856
33003984025
1005003367754614
1005002715376567
1005002958451560
33014195787
1005002781561132
32807274676
1005003224334963
1005003271322616
1005002354404226
32958120746
1005003290387201
4001256825308
1005003122873363
1005003192843641
1005003368200989
32846604346
1005002656122443
4001160009769
32485970346
1005001858547909
1005003138803280
1005003226449483
1005002220078219
4001278839912
1962907524
1005003369749971
32909548725
32668540725
1005002061220910
1005001620555367
1005002247119887
4000397331276
32880923262
1005003127181434
1005003232347155
1005002139546396
1005003238521234
1005003015496587
1005002985027250
1005003287169081
1005001718650147
1005002124791988
32779491699
32808113671
1005003036402258
1005002552674431
1005002890871688
1005003352709001
1005002638084312
1005003341239442
4001220583623
1005003323842237
1005002688822711
1005002313825407
4000127549006
1005002052649005
1005003216308333
4001208494849
1005003000694726
1005001335983466
4000070024678
1005001594519590
1005003363237549
32842654636
32812585168
1005003083898018
32833435113
32867243067
1005003337987209
1005002168398178
1005002740627666
1005002520610707
1005002388414004
1005003018155051
1005002400861639
1005003286125327
1005003343360477
1005002739588675
1005002974407952
1005002265175740
4001306663352
1005003298627511
1005003270203549
32842732733
1005002944221766
4000036890012
32825343792
1005001991092333
4000463696513
1005003122788752
1005002033367136
1005001686660753
1005002946890360
32603022933
4000186814788
4001245085790
1005002840262868
32879632114
1005003004088738
1005003280854742
1005002709887876
1005003144456822
32867630379
1005003238689565
1005003300816401
1005001860106851
1005003184368282
1005003314814851
1005003114721499
4001248174551
4001022963088
4000663990833
1005003185989802
1005003337613364
4000398573386
32570316957
1005002362743503
4000413601771
1005001785779759
4000478366182
1005003256737680
32961029553
1005002661790167
1005002822893542
1005003175620599
4000390299533
1005003215547925
1005002754121419
1005003227282530
32973975296
1005002799739352
10000131689219
1005003221662448
1005003161634887
2030083986
4001093633393
1005001775644667
4000684648541
1005002442774632
1005001976625927
1005002313757717
1005003197138809
1005002299573070
4000815237166
1005001770352395
1005002312510250
33041585989
1005003337721529
1005003250512910
32950799488
4000014797459
1005002089171837
32807448302
32910218183
1005003309344257
1005002897226894
1005003072835791
1005002293087586
32806518224
1005001789264447
1005002238905521
1005002594688338
33014355708
1005003324446581
4001251684216
4001191642703