4000725978410
4000077156901
32923127776
4001150430894
1005003143108117
1005002350810106
1005002354093427
32885188599
1005003147053958
1005001474182882
4001036023428
4000935975951
2050915501
1005003108481738
1005003051988699
10000247482798
1005001792437286
32965813867
1005003245137004
32787491543
32813236347
1005003343526351
1005002029002057
4000786368755
1005003109636651
1005003108501501
1005003241778144
4001086649007
32871163122
4000768165153
1005001790532438
1005001948188862
1005003116899370
4000098987011
1005003027222110
1005003277381329
1005002083959702
1005001711178128
1005003071994632
4001204713794
1005001401774639
4000393379836
1005002856520637
1005003364439989
32950147929
1005001966941589
1005003219475533
1005003299092736
32983072138
1005002797542987
1005002871808106
1005002558805593
1005002746941210
32697036618
1005003340814260
1005001597468754
1005002303531235
4000782021102
1005003373778811
1005003207330850
4000052979658
1005001339257225
1005002394076435
1005003358011154
4000202287906
1005003286423720
32830277123
1005003353354624
32946937337
1005002988987343
1005002882838221
1005003228962848
1005003125570281
1005003068612572
4001139057945
4001003776536
4000274232232
33016801997
1005003053514000
1005003310160303
1005001406450793
1005002745448079
1005002947600316
4001188843281
1005002440251595
4000936762098
1005002965509033
1005001597292863
1005003335017613
4000028264988
1005003129928222
4000084689777
1005002702776602
4000867286197
4001062124889
33044856807
1005001588681801
1005003122613756
4001346789825
1005002634894539
1005002324047221
32886026550
1005001676610141
32687812918
4001341567133
1005003256674324
1005003353906973
1005002604580053
1005002240860705
1005003008599081
32917215020
1005002967472304
1005001544934890
1005002034884473
33039660707
1005002447947128
4001191451709
4000592508720
4000113531967
33006208143
1005003232450155
1005002524942140
1005003171922527
1005001749241822
33043775569
1005003273431142
4001278921069
1005002392275778
1005002966281925
33025377631
1005002281384044
1005002503459676
1005002882394437
1005002071162205
1005002283126328
1005002491513621
4001267893535
1005003184486426
1005002332358803
1005002616101697
1005003291435040
1005001581402338
1005003100042595
4000098277287
4001304303786
32695388246
1005002970572208
1005001305664672
1005003212760012
32895409155
1005003249772074
1005002225948492
1005003065341961
1005003253363587
4000974346297
1005002692778411
1005002271193209
1005002760672001
1005003176076851
4000899119135
1005002615825496
1005002515198032
4000537235199
1005002990156816
1005003182450838
33002870211
1005002827523226
1005002075206342
1005003219984435
1005002811101973
1005002912621193
1005003064525313
1005001946803997
4001028844591
1005003280722945
32875657674
32792249539
1005002931611536
32903085370
4000994856758
1005002974015936
4001153710633
1005003386606112
33052358407
1005002906671706
1005002376316172
1005002642303518
1005002979145178
4000551902869
32910583501
1005003065946049
1005002889853813
1005002547988764
4000318515912
1005002462451585
32882317736
1005003135823282
1005003152474784
4001283990934
1005001629978912
1005001624759507
1005002558401888
1005002186336328
1005002767422019
1005003296374852
4000044791603
1005003221253872
4000164522249
4000817483261
1005003224257525
33062103785
1005003382279135
1005001465711341
1005001326011787
1005003253665177
32448679795
4001185870986
32509240944
32966844160
33042882078
32953350316
1005002586555785
1005002335052343
1005002467210021
1005002996023973
1005002571873693
1005003205620226
1005003331680107
32952664503
1005001750078203
1005002666482485
32742491702
1005002459339988
1005002777337728
4001194191735
1005001941916290
1005002964865868
32955800395
1005003208150367
32951315998
1005001623573472
1005003301781778
1005003324605293
4000980348357
1005002692525506
1005001274532109
4000025472070
1005002756106588
1005001392218106
1005001934681472
1005001515989631
1005002380482653
1005001705691231
1005002973890430
32868645767
1005001888486852
4000580207405
1005001355842585
1005003110077501
1005002776032164
1005003209348119
4000063865208
1005003070787113
4001149564506
2012216573
1005002698370574
32838245876
1005003159560645
1005002567827605
1005002330097008
4000855415882
32825189450
4001065629682
4001350653754
32993959318
1005002674553395
1005002551834158
4000768389140
32836227145
32992115605
1005002895486489
1005002322700616
4000463403506
1005002655467485
1005002426509622
1005002872340300
4000961891079
32863315859
4000306659359
1005002790679800
1005001608538153
1005002790742881
32820734698
4000582575771
1005002848544907
1005001465135830
1005002920957535
1005001896620062
1005002894882622
1005003248886687
4001315210459
1005003387746224
1005001952235890
1005001902127902
1005003209807308
32960430231
1005002882138240
1005003245668691
1005001711153524
1005002851978202
32884572079
1005002061932891
1005003356996967
1005001408401181
4000772294531
1005001905503621
1005002937281805
33053211226
33000423493
1005002004132168
32994002041
1005003175949943
1005003388311469
1005002616440770
32890554465
4000166978820
1005001431197641
1005001813131328
1005002619627257
1005002466978567
1005001809279894
32959768449
4000763116995
1005001999065053
1005001270470692
1005001429863810
1005001570563251
1005002239120901
1005002294229286
1005003339716882
1005002567814540
1005003327955063
1000005982519
1005003282082732
1005002557494677
1005002646047517
1005002875078702
1005001527365084
1000008619583
4001230301825
1005002906678486
1111209081
4000989612796
1005002510206254
1005002494096093
1005002604479823
1005001629780270
1005003165676555
1005002733650496
1005003066513865
1005001822016265
1005003313787888
1005002067076681
1005003345422122
32778016571
1005002368614800
1005001494543166
1005003387630139
1005002716416250
1005001562666395
1005003270403378
1005003172912164
32973924834
1005002070717429
1005003363007016
1005002551000365
10000096275089
1005002340772445
1005001909413965
1005002484374468
1005001826986451
1005002436099619
32702544522
4000226161201
1005003136088445
4001061195609
1005002821002378
1005001998352570
32955663682
32949065420
4000273554108
1005002122514032
1005002640741758
1005003241466283
4000166942812
33057408208
1005001862867728
4000110750653
1005003156944152
1005002748185176
1005003291461603
32847604039
1824244692
1005002235462340
1005002615128942
1005003365179143
32918223941
1005002728142719
1005002704433848
1005002762403351
1005001565187641
33009074479
1005002575757228
4000029298793
4000538753775
1005003003713540
32957092931
1005001463876524
4000203697500
1005003178428609
1005001728138683
32858480888
1005003347544889
4001351214259
1005001388218768
1005002545884828
1005002861344444
1005003197442223
1005002235952003
1005001458519657
4000719825833
1005003298488034
1005003225053170
1005001625122784
33021896811
1005003278242064
1005001617278008
1005002717168145
1005002449953211
1005003183979499
4000024819126
1005003081143631
1005001504766961
1005002938423100
1005002919706342
1005002554333298
1005001993645406
4000042967843
1005002350982445
1005001633287604
1005002702652242
1005002333525764
1005003023499361
4000992086529
1005002988227925
1005003171324008
1005002021801736
1005002824338173
1005002382426614
32865815399
1005002857562054
32997240712
1005002529068109
1005002291610682
32844066900
1005002996212955
1005003124621187
1005002847844500
1005001463699975
1005003124906568
1005003019257285
1005002614091755
1005003137572722
1005001468642430
1005002808807105
1005003009614998
1005002966715093
1005003021203276
1005002490571756
1005003107239091
1005002599219424
1005002957427198
4001197716305
1005002538287541
32850392559
1005002276705882
1005002361926353
1005002651874520
1005003133985430
1005002306614282
32839914087
1005003225406479
32788879572
32947130140
1005002847299448
1005002767484419
1005001864314305
1005002258691301
1005002938748524
4001289033083
1005001447437412
32818980004
32903057712
1005003007956592
4001046288656
1005002855808037
4001111661117
4000133383328
1005003294468837
4001079843691
1005002762452182
1005003183976645
4000163610854
1005002949689541
1005003298069149
1005003219606772
4000385002848
32881974351
1005003136367829
1005002951333400
1005001748932948
1005002313416565
1005002567374118
1005002986363430
10000036172702
1005002589326758
32949166552
1005001429296993
10000039047792
1005003015420719
32905400906
32902535110
1005003323864574
1005003010526780
1005002449071447
1005003178208763
4000522565001
32986195442
1005002292059409
32966882748
4000305356857
4001066199973
1005003360156183
4000117245381
33043026532
1005003156411120
1005002466920332
1005001997234829
1005002913305741
1005002948039654
1005002293478871
4000126858560
1005003256257968
1005001423081699
1005001893230480
1005002624023221
4000537174044
1005002927941471
1005001873270235
1005001972726031
1005002383837627
1005003270210364
1005002891858707
1005001846033509
1005001823683857
1005002804627343
1005002679178321
1005002575766712
1005003310125980
1005002767429644
4000586073404
1005003149441625
1005002278015617
1005001602439771
1005003313644938
1005003213568188
1005003208777989
1005003114025995
1005002746695629
1005003326347832
4000053360916
1005002508888946
32955352072
1005002430778524
4000856345181
1005002783276442
1005001744264781
1005003232997867
1005003146370680
1005003296509396
1005002608063076
1005002682181921
1005001678705390
1005002777126003
1005002211493889
1005002969744490
32912965654
1005002505565567
32422734843
1005001275266907
1005002387227690
751312105
4001274949523
1005003065293706
1005003211305967
1005001774983837
1005003272378750
1005001316909760
1005002753253275
1005001468329784
1005003305791332
1005002011553667
1005003114869641
1005002518504065
1005003004572300
4000201763045
1005003007978434
32729212520
1005003329449947
32818907459
1005001699150845
4000182380207
1005003081778564
1005001565141495
4001110883246
1005002233164787
1005001483386715
1005001349443768
4000973157938
1005002012344590
32996510057
32713169313
1005002387106123
1005002606966394
4001108249536
4000726504083
4000278324530
1005003320183631
1005002956951034
1005002790918769
32992009699
4001255968612
4001296638206
1005002734776481
1005002608914525
1005002392139044
1005003064752661
1005003077144953
4001108084074
1005001820659340
32860292238
1005002199544027
1005001639982228
4000218011185
1005002321101685
1005003206993604
1005003065565536
32966971764
32809888687
32816975869
1005002516742280
32979626596
1005002730740737
1005002918424158
1005002292054557
1005002884771329
32948756495
1005001623896037
32681943882
1005002776919578
1005003304709640
1005001676715293
1005002857249093
1005001617405391
10000343969461
1005002847278464
1005003072412674
4000148030770
4000785904651
4001296159512
1005002819051278
1005003085372633
1005002466057521
1005002382806224
1005003232930131
4000894794100
1005003252303359
1005001978315071
1005003088129952
1005002015015132
1005003275423402
1005003072872617
1005002810636885
1005003221046402
1005002960856737
1005002428350797
1005002238975063
4001293890217
1005002439483815
32962226743
1005002261228175
4000313701530
1005003129378776
1005003285134961
4001172546452
1005002991020237
1005003008739587
4001169740743
1005003390888092
1005003337662795
1005001483456005
4000583693925
1005002304119148
1005003071113919
1005003219456959
1005002647250851
1005003170585783
4000546607304
1005002219166070
4001042757144
1005001507554740
32859661692
4000561173233
1005003034451939
4001156376107
1005003074721889
1005001875076022
1005002543258381
1005003022613862
1005001478932124
1005003328111605
1005003355829349
32821360003
1005002193933385
1005003105703223
1005002738675354
1005002992533076
1005003185601559
1005001891879398
32832975030
4000848983061
4000364240614
33018475086
1005002770997559
4000265395753
988588947
4001175076983
1005001692898367
32921790500
1005003323540278
1005002716010797
4000323006988
32970270546
1005002295200989
1005003093725644
4001036590661
1005003143612877
32872767611
1005002719407518
1005003239524074
1005003310923010
32852115886
4001250549086
1005002285876962
1005002948310915
4001083426580
1005001511318502
1005003030927902
1005001718745992
1005003048847105
32915777930
1005001346568806
4000012036414
1005003177588026
1005002917322188
32997211209
1005001803904630
1005002782465042
1005003114524856
4000846751242
32952464761
1005003095401336
1005002707801848
1005002052507613
32837078228
1005003126112838
1005003149925890
1005003121348058
1005002129603069
32566495099
4000090285260
1005003270807092
1005003296179615
1005002413455771
32804046588
1005003277912199
4000569375760
4001061796521
1005003123267681
1005003208390058
4000022432512
4000194577109
1005003072256241
1005002875979908
1005003299012147
32949484791
1005003042109456
1005003261117560
1005001423477029
4000180647636
1005002275029017
1005003216074037
1005003312470500
4001166496740
1005003286265508
1005003267371573
1005002053087530
1005002076751139
4001174149237
1005001518563937
1005002492358162
1005003037131137
1005002947663690
1005003118778017
1005002947684030
4000492710933
1005002618576444
1005003387790620
4001307193772
1005001855684937
33051263620
1005002699598269
4001272495893
1005003230611949
32737282560
1005003335355336
1005001364299531
1005002516584548
1005002534874289
32919363849
1005001861234671
32379580736
1005003240443164
1005002726465612
1005003327206180
1005003122518255
1005002362185812
32638624253
1005002600046418
1005002531975219
32867228619
1005002752430604
1005003043428667
1005002353631034
1005001278094123
1129811373
1005002781646838
32847439574
1005001620253422
4000710096724
33039881299
1005003193136884
1005002594403062
1005003061313150
1005002321719609
1005003129579954
4000926212870
1005003094517849
1005001949687419
1005003123055221
4000767268788
4000214366199
1005002583234278
32849461013
33059450323
1005002675321935
1005003147381369
1005003333992799
1005001702678988
1005002402312058
32970503851
32888057020
1005003003872181
1005003298073095
1005003004238552
1005003273119738
1005001470692243
1005003198934277
32888963858
1005003058462342
4001069607285
10000004176447
1005002277428338
32975250327
1005003006435066
1005003082989265
32981517917
1005003102273231
1005002667574559
33042451562
1005003137599207
1005002884556217
1005002102092049
4001294585498
1005003017691194
32822605452
33008123135
1005003140394649
1005002003428768
1005002388411728
1005003199699949
1005001799137497
1005001666212256
32618426975
4001203185983
1005002696278859
1005002560893307
32888449331
33046745474
1005002064515276
4001086872910
1005003257397300
1005002480225883
1005001488187314
1005001884225683
1005002622675026
4000334107773
4001156531919
1005002733549713
1005002290481851
1005002972950784
1005001370774250
1005003015731761
1005001604253488
33050306650
1005003360487713
1005001296524730
1005002920791903
1005002641631283
1005002500564391
1005001988349883
4000771125969
1005002313238725
1005003258422184
1005002967714538
1005001454252955
1005001296891835
32823933357
33005764422
1005003265467658
1005002986799723
1005002577285276
32962064418
1005003385297403
32995438952
1005003345279978
1005001445548490
1005002029294226
1005003287417872
1005001868652113
1005002814051853
4000266234442
1005003335948730
1005003250754960
32955625709
32829523261
1005003171885147
1005002564886185
1005002907664934
32915650175
1005002001867589
1005002604418939
1005002785012917
1005002589296992
1005003037874186
1005003381050799
1005002310536703
32819874195
4000297635345
4001178569001
1005002758273514
32821040235
4000170419687
1005003172996335
1005003336176731
1005002379116220
10000055820698
1005002500238077
1005002601694543
32996126259
1005002411252829
32949795661
1005002484534132
1005003239266129
1005003267706014
1005003333070466
32967133272
1005003000849783
1005002918471167
1005003319471872
32956693107
1005002469128484
32853802024
32958695060
1005003327350657
1005001914488893
1005002907335654
32819232965
1005002813287988
1005002613405030
4000917453122
32945368497
1005002622745889
1005003145941218
1005002640918551
1005003026420410
4000025390162
1005002709548850
1005003375402296
1005002475898579
1005003365358454
1005003175617653
1005002345225290
1005002466982060
1005002090869491
4000199218795
1005002612229115
4000937999703
1005001371394851
1005002204211465
1005002593573094
32956482092
1005002133830959
1005003034420094
1005001895960332
1005002629610573
1005003087040980
32722487610
32869712806
32830421424
1005001727335272
1005002405536307
4000804964523
1005001763566786
4000791465183
2025619980
1005002652656424
1005002492455226
32962547104
1005002777095925
1005002994158071
4001285150360
1005001853585006
1005003309344257
1005002488794059
32995958796
1005003323587346
1005001821706796
1005002780016737
1005002599696858
1005002591803924
1005002996767621
1005003063975378
32948302111
1005001293399781
1005002739830186
1005002889170548
4001258680333
1005003073741316
1005003313610990
32893650499
32994937077
1005002862022559
4001188783052
1005003121089891
1005001874564927
1005003333809383
1005002937503510
1005002506218715
1005003105809224
33051429758
1005003221885160
1005002792052878
1005003198733546
1005002638649955
1005003117708761
1005003278312985
1005001596312144
32786340496
1005003223780005
1005003158259826
33038394388
1005003110859516
1005003292224264
1005001730821317
1005003038481928
4000473474746
1005002483885561
1005002996979631
1005002966336799
1005003319079230
10000345047496
1005003330165979
1005003391454488
4001043406827
1005002694688631
1005002605773180
1005002341541719
4000975519535
1005001354517332
4001194240699
1005002949340302
4000153975274
1005001806012398
1005001724229501
1005003123306430
1005003198481380
1005002238511987
4000748406625
4001256646205
1005003264169225
1005003167834319
4000609987888
4000801925712
1005002806228282
1005002357313817
1005002668232590
1005001723669679
32995081660
1005003187429721
4000688574573
1005002650848469
1005003361206462
4001346682530
1005002673453423
1005002234221092
32838292590
1000001546990
4000499874506
32842879689
1005002781984629
1005002136295795
1005003307868747
4000857388069
1005002756027247
1005002804715185
1005002974407139
1005002947258925
1005002650631989
1005002926943537
4000373612364
1005003169043439
1005003300790584
1005001808545667
1005003359888426
32871193482
32997685955
32910330847
32890900472
1005002929124212
1005003287824235
1005002081678207
32841677656
1005002528367049
32951675188
1005001758488874
4000534081014
1005003283218452
32829072840
32965534038
1005002324199164
1005002349803240
1005001614530743
4001085399027
32920071912
1005002422870707
1005001711614326
1005002841680668
1005001882377580
1005002246953807
32765386628
1005002330501118
32898178652
1005003359655278
1005003072327808
1005001640142228
32674540467
1005003244965160
32747337842
4000225634127
1005002737935426
4000253388984
1005003256684039
4001120547859
1005001924928571
4000135212107
32849787617
1005003148015940
1005002870090492
32641946051
4000480362056
4000370966555
1005002536732546
4001110861506
1005002970842709
4000308611945
1005002423808620
4000034292369
1005001408281860
1005002954874045
32844577829
1005001446550172
1005001977388871
1005003228933193
1005002265486191
1005002985056122
1005001737023960
1005003223109457
1005003305504937
1005002666936978
1005003035320358
1005002610220139
1005002709944317
1005003049041251
1005003192846740
1005002742883076
32887494052
1005003338224512
1005002217271710
1005002314581349
1005001703171242
4000314736505
1005002433715525
1005002925815692
1005002262641695
33031413605
1005002907570164
32839562532
32484529262
1005002054351809
1005003244627170
4001238850759
1005002314385326
4000046274327
1005003031288755
1005001265728635
4000975537732
33062767006
1005002897650269
1005002638192934
1005003302795219
4001029407705
4000064978403
32286795153
4000729310067
1005003105826607
32945064620
1005002872218528
4000960676647
1005003339783441
1005002939847903
32761668271
1005003109335192
1005002605669394
1005002939980107
1005003222568312
32852907243
1005003371986821
1005003058269236
33018656329
1005003386819028
1005003218322396
436242133
32911886335
1005003224196807
1005003247270948
1005002264829474
4001146572051
1005001451434748
1005002608791703
1005001435922795
32975803190
1005002388775030
32950552743
32717370836
32889713887
1005002441138437
1005003241602148
32803053622
1005003338191191
1005001457901820
4000129586792
1005001265984218
1005003211912429
1005003114198631
1005002224729992
4000085805788
32858284983
891413393
1005003341581178
1005002702629449
1005003377732288
1005002849536986
32862004436
32539220245
32713111072
1005002386951191
1005001476445262
1005002954412550
4000838408009
1005002877508302
32874931151
1005002828513796
1005003342776158
1005003148516268
4001268048784
4000926754597
33022676385
32839156355
32984306846
4000504576138
1005003033456296
1005003215358512
1005002947531183
32976782913
1005002569766076
1005003205295646
1005003000413421
4000240796061
1005002525200692
1005003178212501
1005001280194545
1005002173477660
32864103413
1005003154523779
4001286425530
4000699827751
1005003294329056
33011893066
1005001686753577
1005002583062628
1005003092182649
4000163516010
1005002859441109
1005001961526192
1005001696182257
4000375306506
32836803389
1005001729354761
1005003059412533
1005003235665865
1005003202883786
1005002345338300
1005003289232484
4000927606772
1005003066683010
32586945508
1005003067213912
1005002067417000
4000028068895
1005002286239315
32924342333
32799346215
4000173376386
4000836826207
32820892883
1005003318891007
1005002398809270
1005002716331550
1005002612014513
1005002428980124
1005003261915142
32895883871
32835572642
32679756048
32953906272
1005002949984496
1005002798786759
1005002783771889
1005002804737760
1005003302229665
1005001715597944
1005002843173205
1005003208324802
1005002983105464
4001184684862
1005003316268747
1005001556379867
1005001690013677
1005003064753383
1005001834424728
1005003211401688
1005003021055298
1005003277808768
1005003206142684
4001110868409
1005003150948340
1005002991380435
1005002492117820
1005003129561659
1005002062165117
32830379496
1005003060389549
1005002712328280
1005003020642974
4001162700177
1005002558035760
32862429606
1005002940800215
4001258759839
1005002306295189
32724371541
1005002919787004
1005003381036701
4000907692183
1005003322753957
1005003093110193
1005002716266099
4000460704606
1005001571233688
4000526249693
1005003028689870
32892316801
1005003330853283
1005002813620059
4000623436935
1005003219403626
1005002911356064
1005003191447171
1005003259336345
32462567320
4000966682739
1005003154950761
1005003273213791
1005002753193509
1005003202764582
1005002978317944
4000262240610
1005001496091114
1005002398959091
4000088629882
1005003360499266
1005001355677541
4001061131147
1005003264630787
1005003343076673
1005003119675548
1005003207429520
1005002565245951
4001007486475
1005002552479540
1005003322801903
1005003197405383
1005003204278458
32790558913
1005003091382217
1005002038392208
1005003039574701
1005003114806057
1005003281226228
1005002052021639
1005002032923704
1005002788254679
32838759492
1005003333080085
32592161922
1005003148663313
1005002067980814
4000878160528
1005003239002571
1005003290368526
4000211853752
1005001608649580
1005003201814853
1005003027285934
4001216450480
1005002857370989
1005002969322730
1005003352479879
1005003020277716
1005002990278821
1005002104416804
1005002357287694
1005003133916276
1005002695578510
1005003051118953
1005002577957200
1005003146322843
1005002028158505
1005001327502780
1005002024052982
32889278270
1005002532796728
1005001738881043
1005003087989694
1005002761963986
1005001793571204
32963250354
4000618239154
32823001682
1005002966372599
1005002921884083
32968132381
32957405805
1005002604656257
4000803855737
1005002082895994
1005002702985033
32871551096
1005001623862207
1005003231926547
4000795116588
1005002949534800
1005001429606234
1005002080462764
4000966440916
1005003303319814
1005001458189728
1005003061137401
1005001617006090
1005002947585813
1005001489791754
1005001620890562
1005003098397759
32886066591
1005002749456279
4000932603474
1005003015794925
32839807303
1005001730920294
4000273127207
1005003192878562
1005002372141237
32722076704
4001318026552
4000086855382
1005002752281033
1005003161981921
1005002076746212
1005002863613532
1005003385246063
4001270352919
4000149397042
1005003258844958
32965594223
1005002315321113
1005002029259711
1005002052629600
1005001464935765
4001268048154
4000987005703
1005003233123232
1005003279667194
1005002764865475
4000844210765
1005003140643286
4000917007029
4000379681328
32799879677
1005002575961023
1005002782907975
1005002954224191
1005003078047277
4000277306994
1005003388552077
1005003275271409
4001064279665
4000805398395
32881093222
1005003349296165
1005002656935274
1005003198090649
4001108203730
1005003331273200
1005003105583548
1005002794518214
1005002813793967
1005001693662140
1005003125881232
32839662729
1005003090473279
1005003153137879
1005002022591315
1005003009606352
4001034894749
1005002956728951
32846174707
33042435107
1005001639905262
1005003212335260
32820854262
4001050344317
1005002075206342
1005002710196103
1000007408501
1005002484910974
33047629559
1005003291930435
32994436806
1005003170337398
1005002619045687
4000443642145
1005001279692830
1005003171685324
32788182962
1005002443006348
1005002773203962
33005533292
1005003097300521
1005003293938489
32908269364
1005002770210761
32909409858
1005003380321603
1005003117913217
1005001393118382
1005002364556673
1005003002594222
4000907562563
1005003088680921
1005002537971567
1005003036111202
1005002842608785
32890614649
32982437307
1005002028074829
1005002066186593
1005001386831000
1005003222545108
1005002676385420
1005003016597648
1005003298473391
1005002997403858
32838794620
1005002328402787
1005002181163668
1005003276085365
1005001405329143
1005003346499983
1005003251744786
1005002535620988
1005002924210743
32796083480
32844696851
1005003123741589
4001315034819
1005003208518338
1005002826999129
1005002884922907
1005001525621192
32832889293
1005002689209561
32931145624
1005002631277374
1005001665960315
1005001721203096
1005002723669688
1005002183619497
4000111625191
1005002879794951
1005003362173167
32974040322
4000420987235
1005002804291458
32830755351
1005002867147118
32952491922
1005002647068986
1005001733709084
1005003272448960
1005003226344615
1005001575561549
1005003170007931
1005001869230099
1005003301948740
4001061391054
4000749617854
1005002261087078
1005002381223322
1005003342224861
1005002889403140
1005001763473321
1005003203519042
32521961985
1005003278223632
1005001374770469
1005001315110750
4000540097316
32986617361
1005003151641101
1005002640824026
1005002280036134
1005003094509572
1005002672234907
1005002282322139
1005002401060730
1005003273307043
1005003270356337
1005002991641154
1005003329156820
1005003093961797
4001326161464
1005001323953396
1005003303028490
4001205187239
1005002724606948
32918479014
1005003221775436
1005002453628061
1005003016743399
4000168762281
4000169260426
1005003170332871
1005002537748419
1005002915268407
4001202782939
1005001871985726
1005002503263133
1005002247295056
1005001692410005
32964598974
1005002313787208
1005002463846432
1005001779651761
1005001419973905
1005002298158433
1005001539050903
1005002795562684
1005003152351287
1005003033028331
33008627871
1005003090534750
10000360033302
1005002850289547
1005002857511044
1005003251012285
1005001926538042
1005003388501302
1005003217286787
4001320332896
1005001351770534
4001258727895
1005003296420534
1005002457170706
4000593735481
32863175092
4001076374659
33012142059
1005002398771095
1005001953716283
32863289822
1005003357582412
32837417825
1005002856322109
1005003380468371
1005003356190389
1005002133350405
1005001890347354
32898849664
32955414654
1005002641282959
32709435120
1005002117792957
1005002623762688
32919150642
1005003363272787
1005002056827238
1005003068156560
1005002339116942
1005003305504889
1005003097761976
32830312363
1005001814359806
4000163477765
1005002907372860
1005001495618949
10000395818510
1005003365971933
1005003093347468
1005001589151473
1005002688786098
4000739658457
1005001957452536
32955315517
1005002361316638
1005002989258639
1005001869487383
1005002592787668
4000427108021
1005002656468988
1005003304724247
4000196527409
1005002803479546
1005002964158123
1005003316547144
4000726769147
1005002918500113
1005002355534188
1005002402118380
32247236594
1005002866554144
1005003362006757
1005002854748247
1005001793076595
1005001490758727
4001022890791
4000712002681
1005001680556413
10000351058490
1005002023592990
32970630719
32504939661
1005001525117736
4000488936195
1005003319094930
4000051535183
1005003258993058
1005002624983583
32900066295
1005003243889349
32890497648
1005002709911523
1005002270213890
1005003226499226
1005003380022944
32979740975
4000518835455
1005003121033954
1005003161362070
1005003207449251
32977831937
32980501632
4000669984779
1005003362061316
1005003180819984
1005003215667232
1005003354171653
1005003359697531
1005003333049705
32970054874
1005002068487948
1005002364936533
1005003351860665
1005003385158777
1005003325759777
1005003378191234
1005003152297353
1005003022712032
1005002060251138
4000496726715
1005003222109771
1005002252530952
32961910059
1005001265296856
1005003151200015
4000036485963
1005001977343777
1005002037917647
4000641899555
1005001838120293
1005001501543373
1005001867358251
1629898774
1005001992153707
4001104510489
32763854009
1005001996665849
4000879882891
1005003302062011
1005002877222304
33019371395
1005003384949811
4000107890979
4000202413647
1005003099368718
1005002197144660
4001179008153
1005003327546989
1005002959326927
1005001907488970
1005003112473470
4001241343411
1005003363169507
1005003166590043
4000945212007
1005001348503386
4001006884466
1005003071746711
1005002876271602
1005002656506608
1005002917558550
1005001476108525
1005003074960077
1005001825586172
1005002871196952
1005002776006099
1005002033979578
1005002880611426
1005002937906479
1005003089216729
1005003264770754
1005002043770388
1005002460732928
1005001854119790
4000879490485
1005001921004035
4001127283501
1005003172424440
4000210757353
4000943639746
32998238724
1005003057852495
1005002612436402
1005002157749460
4001037607127
1005003195899981
1005002973014507
1005003321265707
1005003293081490
842274431
32820785684
32891475486
1005001405253322
1005001897446290
4000197130737
1005002636255024
1005002862886018
1005002996230838
1005001320051372
4000097921810
1005002964021007
1005002310291796
4000511671667
1005003151037341
1005003069998522
1005001462614889
1005003278010209
1005003048123419
4000256782980
32883637122
1005002136327743
1005001697777961
1005002926647285
1005002439152257
1005003151091691
1005003208521096
33040674742
1005003313598589
32892621754
1005002823154884
1005003339727274
1005003079526429
1005003387788363
1005002305087021
1005002069872912
1005001399813480
1005002410930317
32771765162
1005001867231907
1005003255702462
1005002781961005
1005003270340524
32794237583
4000276797296
1005003002408197
1005003377002711
1005002809838898
1005003232217226
1005002023478354
1005001304169718
1005002649015749
32964698155
32888219993
1005002842035678
1005002395143026
1005003308247229
1005001470722597
32936015765
1005002526425156
1005002765051470
1005002614247653
1005002293657197
1005002763343671
1005002992680281
1005001775672540
1005002132542035
1005003155498186
4000001810855
1005001726345233
1005002430453775
32894410658
1005003392907019
1005003327431653
4000171750762
1005002603914900
1005001918233563
32958083481
1005002918803038
1005001287289872
1005003213159105