1005003308428525
1005002572630166
1005001388612096
1005003153163479
33059065374
1005002520406847
1005003221881165
1005001730630843
1005002966040631
32954293659
4000350043027
4000419140585
1005001617784520
1005001620017829
4001115076382
1005003239563599
1005002972999765
1005002443116275
1005003122923778
1005002256145428
32900310365
4000973232058
4000908698964
1005001946881852
1005001678589462
1005002962998096
1005002648909267
1005002308961079
1005003303460185
1005001375537768
1005003179395630
4000159272775
4000706886525
1005002810798490
1005001350873467
32789598049
1005002937837205
1005002697660376
1005003307856032
1005003206990297
1005002966586770
1005003090502264
1005003074038413
4001359573488
1005001866005008
1005001750690287
4000322402143
32849291970
4000112090001
1005002090456723
4001344689785
1005003113688534
4000087882089
4000049486320
1005002299609829
4001091072492
32964624000
1005003127437163
32866678199
4000408287989
4000640914887
32863012096
4001076406619
32519738086
4001149059908
32837284624
1005002023657414
1005003219201397
4000291700184
32837627585
1005003387200602
1005002794863565
32997908415
32996098222
4000739117559
1005003144119940
1005003280886612
1005002994335870
32893581153
32802709183
1005002400169680
1005001405810619
1005003287200619
1005003335104273
1005001826101084
32999915941
1005002010950451
1005002292847375
1005003288108370
1005003310430472
1005003303247591
1005002939862402
1005001828757660
32960458393
33038950855
1005002858116906
32860430491
1005001576155096
1005001729467370
4000158597024
1005002754133896
1005003004644153
1005002914730767
4000317782197
1005002217806084
1005003108892273
1005002216860992
1005003230416071
1005003223912954
1005002996517009
1005002900657143
1005002774000254
4001334995376
1005002852462718
1005003301415864
4000478085913
1005002324368893
32913036363
32921652756
1005002376953241
4001152598495
1005002687026209
1005003372581298
1005002109853934
32839776043
1005003333490692
1005003387230136
1005002495775759
1005002912289069
1005002920537572
1005001444673843
1005001469469093
33050833406
1005003364776363
4000756957663
32920543352
32811845116
4000538400976
1005001432147973
4000580070067
32954967537
1005001658672317
1005003131946304
1005003149938952
1005002502090163
1005002518061492
1005002570241603
1005002448065665
1005003386420058
1005002459209795
1005002983963137
1005002681084626
32996985564
4000820685313
1005003047488363
1005002989513487
1005002567427191
1005003230687019
1005003341095143
1005002128797054
33003673712
1005003278538922
32905597191
4000770116659
33019638238
1005002270538823
32967630275
32826354107
1005001377226033
1005002977712994
1005002703586342
1005003318947054
1005002351499778
1005002899490635
1005002901935768
32861415052
1005001590907681
1005002080732030
32945913009
1005002645864474
1005002259498671
1005003116234351
1005001958062973
32789889362
4001050436401
1005001977857038
4000218656074
1005003135574633
1005002546739399
1005002859138015
1005003042902994
1005002480944721
1005002830866582
1005002938996213
33050529323
32827719282
1005001411837188
1005001332948020
4000351875974
4001084847093
1005001867397235
1005003181485192
1005002755132418
1005001323508085
1005002803334733
1005003348553481
1005002392913134
32865792325
4000382550374
1005002609638894
1005003245501288
1005001957900705
1005002481378266
1005001912482509
1005003296666909
1005001381333060
1005002313409902
32992530349
1005003244560814
32987958041
1005001861275256
32624821819
1005001889142521
1005002473793723
1005003277896285
1005001960084084
32698046398
1005002122235942
4000042655708
32350904304
1005003195928385
1005003345672820
32986561099
1005003156903631
4000481647298
4000044010693
1005002990609644
1005002316801846
1005002723535022
32911395980
4000357589237
1005002688931249
1005003083454858
32815839087
1005002996373599
1005002696174918
32637302284
1005003202825478
1005001906596601
32915167027
1005002863012087
4000140850895
1005003093428788
4000772190139
1005002326943608
1005003315896997
1005002942171592
1005002630597164
32829222208
1005002924979448
1005003113648378
32810444061
1005002599848158
1005003071990562
1005002552323143
32858018540
1005001698768203
1005003329022560
1005003390292263
32857142923
1005003296291461
1005002199891789
4000146977461
1005001901762835
1005003065385317
1005002830025336
4001061292921
1005002798217297
32614742263
1005001703749400
1005002811850569
1005003043419275
1005002875801954
1005003012234909
1005002836859612
1005002852468711
1005003167021117
1005003278086079
1005002847939715
1005003302100902
1005001417091698
1005003087019533
1005001469096943
1005002506033006
1005002254429596
1005002567233874
1005001473376553
1005003242305228
4000166148032
32859479605
1005002768651232
4000713952329
1005003392689992
1005003155441826
32994758216
1005003359989165
4001229125448
1005002967325231
4001063815493
1005003167205857
1005003211426111
1005002547479623
1005002739764409
32965803085
1005001876570607
1005002649320352
1005002774851193
1005003231348956
4000035990634
1005003371244515
1005002518821418
1005002547563962
1005002830377287
32968966298
1005002916934529
1005001732187917
1005002660072201
4000802353056
1005001671519678
1005003027283514
1005002492527206
32810604690
1005002426155170
1005002986825337
4000924983325
32912291838
10000331166123
1005002339975574
1005002228267125
1005003194533321
1005002660072201
1005002116622651
1005003221088077
1005003263648791
1005002886760937
1005003129280374
32946530463
1005002552409712
10000343893119
1005003346667416
33002187193
4000691635418
32880817958
1005003172559392
1005003017289221
1005002432583348
1005002994753870
1005003196330218
1005003000390949
1005002715432941
4001308192025
1005003292777857
4000661543355
1005003137401792
1005003391653054
1005003305742584
4000337706112
1005001889569650
1005003198742656
32880815523
32958150700
32716346528
1005002920811111
1005002927095118
32992120386
32948733478
1005002839879431
1005001419269897
1005003228035580
1005002662767690
1005002822677823
33033725648
1005003185943793
32892274901
1005002863113179
32741488438
1005002776330740
1005001469866299
1005002477265490
1005002276567558
4001199047285
1005002755815575
1005003299292135
1005002369929492
1005002795927364
1005003129681473
1005002290982468
32969074014
1005003333592009
32978185088
1005002722964812
1005003009826559
1005002844121302
32898310362
1005002723459114
1005002275306871
4000711852441
1005003020420120
32830581302
4000322159363
1005001439685142
1005001898828415
1005003382469493
4001153528904
32835626426
1005002258007883
1005002367100051
4001294304094
4001045616352
32999561011
1005002997686500
1005002661757213
1005001666934835
32839918637
1005003084998283
32730358018
1005001417440297
4000729901252
1005001587873246
1005003117361407
1005002717698950
4001160426930
1005003320504053
32959701938
1005003080399163
1005002931080374
1005003385858934
1005003336951070
1005003146590635
1005002862955071
1005002593402820
1005003004451204
1005002000012669
1005003366989904
1005002418546333
1005002836585579
1005002022263130
1005003314140572
1005002373463664
4000310929124
32716195324
1005001432184556
32525468703
1005002665845280
4000674921185
10000291582644
4000777001764
1005003258807862
4000098417066
32843667239
1005002620257249
1005003276058932
1005002312651715
1005001572296848
4001034945674
2045532334
4001135666052
1005002371714750
1005002538565792
1005003320382070
33000807557
4000769462949
32806389977
1005002271775839
1005002782870471
1005003362105584
1005001921589689
33021840187
1005003249160689
1005001367642706
1005002582786581
33006295301
1005002946189612
4000049365044
1005002863053937
4000280400270
1005003356800227
1005002052014557
1005002621332513
1005003337552899
1005003304365186
1005001421550135
1005002122348906
1005001616002212
32819121704
1005002592805306
4000419952386
1005002844347302
1005003118512228
1005002975684248
32683126678
1005002997596011
32772244912
1005002264670245
4000603558360
1005003186668045
1005002272276538
1005003325651584
1005001787351768
32825002513
1005002855882439
1005001930542684
1005002027744667
32845793023
1000001715961
1005003241604144
1005003282197569
1005003034456144
1005002418294300
33019291331
1005003084120046
33054830627
32850686912
1005002604858217
1005001888507047
33032191743
32853550075
1005003301129622
1005001547142620
1005003323576738
4000836665605
1005002788258102
1005002035411049
1005002755595386
1005002372631192
4001105490283
1005002984769087
4000321743433
32976862090
1005001613590298
1005002775719571
1005002990863358
1005002650673346
1005003341291014
1005003375556587
1005001525420256
1005003335688318
1005002210857809
1005002788401105
1005003333254636
1005002346903678
32858028875
1005003280013340
1005002975239693
1005003302356638
1005002536625277
1005003390204770
1005002305897907
1005001964950923
1005003200569150
4000026899110
1005001364291393
32875685653
4001352902047
1005003158625551
1005003287037960
1005003178317784
1005002028556491
4000315122097
1005002873600826
1005003037051122
1005002938629235
33002246133
1005002859582518
4000097994181
4001294962854
1005002411385846
1005002394654836
1005002948733704
10000402411411
1005003146120122
1005002622067694
4001039239609
32886722967
1005001788921264
32947778707
1005003129861684
1005003016112496
32977231648
32832986520
4000401466278
1005001864068903
1005003324129030
4001232917499
1005002011097417
1005003379824800
1005002643111127
1005003170331462
1005001586130701
1005002058456675
1005003276033392
32810444061
1005003300561570
4000264244456
32993309176
32866531091
1005002978885039
4000497896574
1005003311606453
1005003337031856
1005001895021686
1005002916931675
33031696943
4001103306874
1005002259793132
1005002683925733
33052892849
1005001882546035
1005002716802559
33051562015
1005001320494989
1005003363472701
4001223987648
1005003347090199
1005003007954565
1005001587953271
1005001536683887
1005003189878351
1005003227760822
1005002608915391
1005002835269783
1005002048794369
1005003305735649
32953947257
32852696106
1005002460986152
1005002798489663
1005003079420132
4000262234680
32886381904
1005003061973858
1005001439098473
32754282450
1005003382086492
1005002262349464
1005002621553801
1005003127489869
1005001906376397
1005002313075635
10000060547468
1005001802898230
1005002581898962
1005002397818105
4000626002748
1005002752156801
32904781280
1005002239228536
1005003117588997
1005003322303752
1005002198638942
1005002252677968
1005003334836266
1005002500053449
33028005266
1005001767650997
4001224101979
1005003303759767
1005003378403539
1005002312597836
1005003267585219
1005002608904613
1005002982158973
4000808383429
1005002271619682
1005003185708560
32741942870
32815202845
1005003325730347
1005002628661455
32721524532
1005002856452295
1005003222459562
4001213130689
1005003100315104
1005003239636675
1005002220576306
32661892538
1005002613965564
32908601288
4000732931553
1005002703288461
1005002991537427
32840236283
32852575329
1005001349890899
1005003162741163
1005002781515139
33050647310
32719579546
1005002466179047
1005002199412473
1005003346525627
1005002983585202
1005003299158948
1005003225332253
1005002795744002
32920729150
32967932141
1005002004356754
1005002988024278
1005002582247057
1005003055122864
32973489510
32727362618
1005002613823390
1005002776305476
1005003000204613
32847164114
1005003391035870
1005002843387358
32429869257
4001349447623
1005002898230732
4000945708506
1005003336462953
1005002667682767
1005002214872995
32370512062
1005003201044072
1005003385900681
1005003330931066
1005003178754666
1005002992730849
33013692437
1005002982346617
1005003086667379
1005003298885992
32795549657
1005003308907748
1005001695439269
1005002019744462
1005003365297762
1005002378996577
1005002629118495
1005003008020648
1005001500491746
1005003316203275
1005001857303451
1005002340773963
4000335562495
1005003073654901
1005002527879940
32824775794
1005003181813330
1005002959492850
1005003103586333
1005002401934531
1005003147123412
1005002571743034
1005003157834737
1005002648469605
1005003091385361
1005002381716821
1005001528980031
1005002499246008
1005003161740365
1005002141156884
1005003012435263
1005002746199601
4001190067799
1005002696055646
1005002704907217
1005002947162261
4000179908915
33037767935
1005002457918966
1005002606375426
1005002740898567
1005003210379678
4001240713505
4000041543325
1005002941248289
4000017938344
4001140590248
1005001645433846
1005003076958402
4000183106822
1005002029766632
1005003347359747
4001156259470
1005002683562743
4000603743758
1005002412069124
32380360627
1005002123414332
4000397564131
1005003357208387
32331880955
1005003215522736
1005003081771511
1005003337125987
4000076307292
1005002347010426
1005003307472159
1005001405685570
1005003143895029
1005002795208080
1005003196179258
32601018045
32713561029
4000515550696
1005002696161332
1005002346839361
32969026063
1005003322663069
1005002388402068
1005002976616879
1005003298475520
4001231768628
1005001695109907
1005002807807430
32842466811
1005001693167086
1005002698976044
4000771340124
1005003334088517
1005001383379238
1005001966127682
1005002449719765
1005003309135314
1005003146315852
1005003064920835
32852219700
1005003341574377
4000903719234
4001245017604
1005002032090481
1005002925988500
1005003035239691
32953647310
1005003239231737
4001278303907
4001152064164
4000373500457
33045098435
1005002414305694
1005003343959559
33019677740
1005001915209524
1005002885150540
1005003035242291
1005001620524504
1005003149829506
1005002253708047
1005001568763011
1005003077519743
1005002099484892
1005002255007250
32889622791
1005003295813446
1005002928139506
4001359086141
1005003127001502
1005002863799572
32832083824
1005001402322286
32885732074
32970386913
4000143692443
32885001698
4001296446614
1005002097252355
1005001681391825
1005002010964930
1005003389599794
1005002399305302
1005002263641268
1005003383898760
4001168011940
1005002795494969
4000355960530
1005003298416028
4000789697686
4000849004745
1005002438653023
1005003013028401
1005003016349372
32818593683
1005002912673033
4001257309551
1005002919108811
4000126576366
4001261748073
1005001972458082
32976294973
1005002803178736
1005003134032015
1005001528787539
4000641019357
32856658895
33012084398
4000436108963
1005002996419624
32732528749
1005003349608707
1005002804814198
1005002287209557
1005003244688453
32406974607
1005002509513329
4001052626132
1005001521616082
1005001873860349
1005001469132935
1005003096059262
32986169858
1005003234972943
32933602402
1005001302868357
1005003041636165
1005002714314370
4000488604306
1005001429336742
1005002478350476
10000395920787
33008634895
1005002983678899
32882743653
1005003108422651
1005001596172463
1005003282054013
1005003224398383
4001272731742
32857725695
1005003265515545
4001016023089
1005001580369225
1005001462334550
1005002366292106
1005002544991277
4000169906498
1005002397206799
1005003149795424
4001068712011
1005002283607763
1005002685644433
4000295302708
4001199611861
1005003214686781
1005003388541085
1005002173265984
32853603833
1005003091348962
1005002974318142
1005002397827182
4001203161639
32880796131
1005002599946565
1005002747844992
32961124847
1005003310534433
32976075679
1005002835807051
1005002685627504
1005003300453116
1005002702772935
1005002599535979
1005003094192448
10000343983013
32862412078
1005003153875064
1005002314338045
1005003066699367
1005001570739942
1005002608933579
1005002006932655
1005002334360404
1005002453649974
1005003361045557
10000397714289
4001048027583
1005002776629441
4000491991298
1005003342527478
1005002139647007
4000129809724
4000539857126
32979151267
32949861265
32948040150
1005002983081190
1005002292204551
32984599253
4000385713473
1005002985236121
1005002898530377
32719945126
4000607573328
32833843778
1005002425871845
1005003384986653
1005003331242175
1005002572176381
1005003124172332
4001013868137
1005003125230690
1005002953078982
1005002712370601
4000210834060
1005002988648696
1005003228891245
1005003240571611
1005001451793302
1005002171999753
32579017065
1005002215119528
32882113979
1005003198091416
1005002433810270
4000826243298
32961664203
32921932274
1005002019083594
4001081959015
1005002224142020
32908965439
1005002904942880
4000852371981
1005003273303761
4000176738606
1005003339713932
1005003368276985
4000108235437
1005002796817170
1005002474659685
1005002481035891
1005002734984614
4000412500697
1005001284541340
1005002649037438
1005002988165710
1005002568015634
1005003251107075
1005002810142863
1005003126197024
1005002541867538
1005002927208507
1005002900368780
1005002605627469
4001341783497
4001120414234
1005003101358160
32957422318
4000990696453
4000055159986
1005001859377854
1005003104536501
1005001929090372
4000532665948
1005002139950674
1005003264913286
1005001375936985
4000463979819
32974221956
33009996761
4000065615460
1005002094075834
1005003196218564
4000333351546
4001230308763
1005003027288389
32853757519
1005001635579443
1005001515063748
1005002593169933
1005002079971527
32832356332
1005003201318941
1005001441278964
1005002139042055
4001220330338
4000858783119
32796767454
1005003243693648
1005003270102904
1005003293588901
1005002741138375
1005002605657327
1005002376873164
1005001510678019
1005002271619682
1005001633676399
1005003197850161
1005002870959270
1005003131365577
1005002748460821
1005003304868374
1005002220296127
1005001286743915
4000260372237
1005003345513736
32905729041
1799183393
1005002776149547
1005003006477071
1005003195971383
1005001635266110
1005002698086594
1005002801659044
32962741591
4000788065983
1005002054163131
1005003333322966
32970701757
1005001686276032
1005002220389415
32988523795
4000966594184
32860194062
1005002027864485
33032318054
1005002992165887
1005003133861312
4001039251683
1005002650529945
1005002863248306
4001042153130
1005002805052982
1005003309003367
33029646443
32960473796
1005002869635219
1005001607764765
4000964852468
1005001969859945
32885045503
1005002695974882
1005002482904734
1005003042160437
1005001516120068
32969196057
1005003300660578
1005002660535144
1005002571977762
4000732737815
33054002180
1005003037491080
1005001627043024
1005002907672198
4000402888476
32846109621
1005003341863426
1005002997464830
32887805852
1005003058549778
1005003371212963
1005003197446179
1005003342600363
1005003013115189
1005003326462115
1005002661383104
1005002544454708
1005003087300181
1005003378670150
1005002219872037
1005001381270329
1005001530614127
33048415389
32858499287
4001231868008
1005002924132031
1005003105666640
1005003166739494
32861748119
1005003130800091
4000412624566
1005002593154802
4000461213695
1005003303173677
4000954431247
1005002624125760
32900286307
32944904392
32870384867
32982875412
32823526062
1005002938635838
32959653144
1005001689113160
1005003386202841
1005002721649201
33008488166
4000136888929
1005001987057872
4000562520293
32918208775
1005003245499382
4000618545291
1005003388540117
1005001670996556
1005002764575432
33057252198
32948843392
1005003336839962
4000873640098
1005003264835271
10000415924195
1005002636477295
1005002600498267
4001036602348
1005001581099752
1005001649530641
4000300212184
1005002960988024
4000009106776
1005003171533795
4001314525239
1005003194068224
32656988052
1005003263666101
1005001996726924
1005002575870295
1005001739310515
1005002387776342
1005001480357394
1005002271867188
32907522973
1005002950314485
4000179378579
1005002637085053
4000463330867
1005002876308427
32779113371
1005002442547000
1005003176939841
4001333730480
1005002220113995
32708387057
1005003184244861
1005001946204708
32646439617
1005003142825462
1005001664879046
1005001627570173
1908317568
4000226635966
4000777614007
1005002767003815
1005003154167939
1005002932270258
4001041094294
1005003199678519
32922956266
1005002109962203
1005003008054214
32876875830
1005003130784208
1005003058505551
1005002656636934
1005002034739822
1005002777152545
1005002853385495
1005002616069519
1005002820799082
4000069248488
1005002884168937
1005002370419773
1005002803125036
32887712944
1005002519083154
32530251853
1005003093069324
1005002554298752
1005003205651459
1005002978790715
1005002353144643
1005003273965524
1005002244194726
1005001586959676
1005002402186294
1005003206089509
10000006050110
1005002842097163
1005003344646899
1005003093317779
1005003148545192
32917623551
33032539286
1005003396362974
1005001657676213
4000939325571
1005002461052024
1005002655544565
1005002949023396
1005001572336612
1005002597809766
1005002820898794
1005002931626595
1005001957662460
1005003334724217
1005001354240677
1005001963370051
4000325112736
1005003225135622
1005001708467609
1005003319542582
1005003176646644
1005002828211139
1005002712576772
1005003387637914
1005003308952863
1005002798489663
32843908780
4001198064973
1005003391232640
10000069044189
4000709552998
4000307874354
1005002783262916
1005002826253871
1005003317527175
4001071938503
32502598907
1005003312267529
1005002865053382
1005003376667747
1005003371154907
32915886450
1005002663554834
1005002592784587
1005002459646487
32898169760
4000434139460
1005003295064630
1005003021052719
1005002443899271
1005002937370300
1005002337692227
1005002525868350
1005003296489995
1005003139286921
4001129205935
1005002539223113
1005003310201393
1005002607212251
1005003151940372
33006208187
1528619751
1005003187764435
1005003355683999
1005002412798744
1005002931824397
32885445535
32866540542
1005002034380430
1005003334935793
1005003294551700
1005002015336801
1005003014564647
4001042515488
10000095407432
1005002856455635
1005001918525999
1005003231694872
4000689436218
1005001612846524
1005001907294348
1005001573436701
4001293487158
4000123028221
32749040233
4001208465935
32923038195
1005002648898034
1005002431686698
1005001529823924
1005003150141042
1005001506118107
4000368275975
32977118120
32888754580
1005003233319402
1005003015122550
1005003145760578
33050605420
1005001471641228
1005003345403069
4000366606142
4000035920220
4000990286132
1005003134364295
1005003041204967
1005002079192048
32783510526
1005001881970436
1005002611193924
32952669530
1005003131007249
1005002784552722
1005003340046402
1005003348466626
1005001694483379
1005002423699620
1005003270444089
1005002409978461
32996506267
1005001917728474
4000206221960
32895052387
1005002483830291
10000364367109
1005002316004093
4000018824016
1005002998100773
1005001971736528
1005003161333893
1005001558589887
1005002862793407
32896689485
1005003276009628
1005001788922568
4000868291681
32808485891
1005002511433128
1005001462649022
32858634052
1005002028063207
1005003223249182
4000424043161
1005003307090860
1005002982234075
32837697790
32897588568
32657732597
1005003025509893
1005001489671479
4000368175221
1005003354053635
1005002115719428
1005003306330348
1005002329122841
1005002388310512
32883231028
32993112113
1005002376314129
1005003014059086
1005001646272332
32950237433
33041231070
1005003043822309
1005001480190159
1005002177789644
32918883963
1005002531340402
4000481042107
1005002953942040
33005004123
1005002890530143
1005002070925642
4000116136772
1005002897960269
1005003138639798
32998841492
4001285708322
1005003241765412
1005001547717467
1005002303733480
1005001495488140
4000615620492
1005003329315665
1005003196218817
1005002308917922
1005002299146234
32748225258
33033196388
1005003128866971
1005003250198378
32979968686
1005001609841840
1005003139642699
33030862048
1005003272462219
1005002667271973
32850550106
1005003329060539
32805676360
1005003256767050
32925774898
33030353548
4000143038498
1005002023801952
1005002729708858
1005003326448744
32888938759
4000281692920
1005002988845837
1005003322062322
1005003041119678
1005001883069746
1005001882595724
1005003001338163
1005003120112685
1005002651403591
1005001618234144
1005001430948844
4000393494576
4001210598485
1005001431536285
1005003014301087
32996296832
4000460657210
4000278575854
1005002357917641
1005002294545211
1005001983225404
32888767216
4000930649529
1005003145222252
1005003208765404
32904013656
4000546640211
1005003102820606
32887987638
1005002830231991
1005001910119878
1005003109574317
4000208201978
1005003333985706
1005003101363867
1005002826866088
1005002258789091
1005003170337016
1005003002228497
4001053785392
1005001565553725
4001207286391
1005002467578957
1005002459222136
1005002746649059
1005003273824569
1005003355273948
1005003168639920
1005001862969213
1005003287547763
1005001453604923
1005003283472167
1005003108340733
1005002320910323
1005003257496477
1005003146230090
1005002357988333
4000682427626
32983003465
1005001470812742
1005001356608552
32854018825
1005002737293781
1005002250204893
1005003062068176
1005003302478395
4000189934870
32969360049
1005002870044586
1005003323123004
32805691188
4000396827881
1005001281905061
1005002695894272
1005003303553247
1005001742718073
1005003171837929
1005002423131934
32980204494
1005002196664620
1005002311444507
1005001633646701
1005003374388409
1005002989770891
1005003255292369
1005002417565847
1005002969549825
1005002120287085
4001153109774
1005002665694438
1005003204448310
1005002395641305
1005003298145990
32878860274
1005003387098823
1005001785039085
4000730609337
1005002695929155
1005003384064502
4001361673988
32981457961
1005002953394431
1005002953530525
1005003002632257
1005001894980854
1005002876683659
1000004507070
32744184778
32915560443
1005003340016705
1005002613855014
1005003264982399
4000410610327
32500951389
1005003309333881
1005002694848538
32946849619
1005001413416522
4000219742948
1005003081952509
4000345339951
1005003178074482
1005003156090632
1005002321489904
1005003265142941
1005003026523277
32836680527
1005002529912771
1005001697739670
1005003294018934
4001297509227
1005001278347866
1005003075155017
1005002351313682
33031200390
1005002953206422
1005003193433532
1005003122931261
4000496943330
1005002983936162
4001138130071
4000535498648
1005002339544976
1005002697259397
1005002599535979
32920352970
1005001454962129
1005003202629259
1005002794353238
1005003055350391
1005003193180154
32380295418
1005003365520525
4000969617827
1005001450078774
1005001419105132
1005003369750051
1005002368984814
1005002950839395
1005003220049352
33007143964
1005002538911564
1005003279359543
1005002903514109
1005003310346128
32892778929
1005002849420955
1005003175495051
32876104331
1005001500270417
1005003352784650
1005001586098341
1005003312501461
1005003308120342
1005001989991052
32891806430
1005001824147999
1005001793573693
32702074145
4000854304995
32959970598
1005003376191056
32558419917
1005003235114365
4000566863054
32892835418
1005002268796232
1661930844
4000693991293
4001235728807
1005001976186600
4000744848726
4000900100881
1005002538227544
4000927773038
32957662634
4001159781822
1005001424852968
1005002702278574
32946664878
1005003376728038
4000902589093
1005001806118166
32965803130
1005002966014592
1005002929592405
32771138071
1005001515143663
1005003368496574
32987490874
1005002661603412
1005001817535442
4001148413023
1005002794676462
1005001575666880
1005002451137226
1005002912624003
1005003064937283
32872575369
32838346870
1005003122906547
1005001413942767
1005003093220030
1005002450540619
1005002733064823
1005002620217809
32952776575
32853564431
1005002775509052
1005003177462419
1005002260786152
32346596929
1005002943404052
33018407951
4001190623564
1005001962102377
1005002313292753
1005003290638765
1005001566208504
4001061123472
4000824327407
1005002657627197
33029519863
1005002450545603
32918317650
1005002263868832
1005002275342997
4001313864674
1005003320603136
1005003001185066
1005002732992151
1005002622504426
1005003329881444
4001194380549
1005002950891220
1005002617928394
1005001762669105
1005003062383765
4001020492623
32862129222
1005001817153714
1005003004528084
4001273059576
1005002790125920
1005002652739504
1005001777078548
1005003057077000
1005003096534137
1005002412476412
1005003328917270
32864054596
1005002631093380
1005003185350739
1005001920852687
1005002468204670
1005001961429277
1005003299098780
1005003310617789
1005002904341197
1005002566840156
32505074867
2011346002
1005003371366913
1005003008089210
1005003383469295
719152813
1005001853778207
1005001947367974
1005003148160422
1005001602325169
1005003163740599
1005003346364339
1005001977625904
33001809121
1005001511787671
1005003098173829
1005001973286899
1005002721785412
32606464091
32834213374
1005003212880178
1005002030778082
4001175275235
1005003025822373
1005003210854996
1005002997905033
4001198131653
10000344106167
1005001287497493
32887995480
1005002635076232
1005003107348217
1005002237414580
1005002288854125
1005002174652718
1005002351224438
33022331227
1005003241093855
32956889281
1005002649178809
1005002314351609
4000769377070
1005003268601188
1005002532837717
1005002007651144
1005001381854462
32329460191
32974016327
32833407248
4001214327248
1005002844320747
1939671643
1005002762714472
1005003356760555
1005002897639190
1005001343273469
1005002345493019
1005002515257830
1005001319753458
4001015924998
1005003031092017
1005003155238077
4000129267736
1005002704897188
4001057716943
1005002689699333
1005002636968409
1005002938047351
1005001593434105
1005003233091607
1005002189785711
4001147696997
1005002903542740
1005003082345373
1005003341936412
1005001885824787
1005002522654090
1005001705792658
1005003089182505
32875719279
4000287213832
1005001441410538
1005002052549615
1005002665846453
1005001360138248
1005002659844029
1005003334828425
1005003324909411
1005002761954152
1005003280559485
4001108099933
1005003062709167
1005002023077266
1005001571070831
1005003240306235
1005002794478714
1005003266006440
32588052247
1005003051868599
1005003019460496
33002732109
32822002957
1005003202471566
1005002781263291
1005003283821521
32902788074
32703705359
1005001349072030
4000235777467
1005003221322354
1005002116622651
1005002937464605
1005001687731620
32978400054
32793427922
1005001729340394
1005001467519813
32793402846
32797798911
1005002833402383
1005002128744002
1005002254190665
1005002494494550
1005002823029864
4001216771913
1005003005186678
1005003025739414
1005003205618322
1005002059104145
4001054404579
1005001765149332
1005002790580261
1005003321759726
1005003151523867
1005003040135419
32973095196
1005002264554549
1005002260128377
33002711475
1005002708772297
1005003367272240
4000985561738
1005001446086025
32907627948
1005003310534433
1005001796914572
4000130333377
1005002042130624
1005001775602911
4000174813616
1005001704668548
32918824126
32950147929
33007065490
1005001501230756
1005003271678949
1005003259402701
32980977259
1005001657236501
32909550698
1005002506135670
1005002553753453
32982492947
32973499158
1005003021970957
1005002259931288
4001162636926
32788903386
32968488272
1005003342244400
4001061332023
1005002587754452
33035587113
1005001927348822
1005002578240447
1005003257591189
1005003219738159
32921341618
1005003298297904
1005003233319916
1005003014674009
4000335826162
1005002817451430
1005003265211239
1005002496381353
1005002530201725
1005002703420730
1005001831812883
1005003165551157
1005002477064722
1005002460345438
1005003127405457
1005002543548868
1005001669808178
1005003048009486
1005002350430476
1005002968046469
1005003265584670
1005001987474345
32763065655
4000039163202
1005003228197703
4000960585700
4000209833085
32977813682
4000719939402
1005003333093576
4000112233039
1005002014758319
1005003112302549
1005002958979569
1005003238469646
1005002855996493
1005002731626664
33055269241
1005001759620450
1005003029444614
1005002649381687
32847907175
1005002592420946
1005002944293648
1005003138732193
4001156968050
1005003173477261
1005002848220455
32811773215