1005003156896912
1005002311998165
4000249091891
32839445753
1005001530250082
1005003333441443
1005002746308758
1005002861372824
1005002946643698
1005003281254065
4000979833518
1000001966832
1005003255124923
1005003297990549
1005002662220228
32764060342
1005002974277065
1005001786319415
1005003246648587
1005002508907292
1005002063492135
1005001512904614
1005003016602758
33035243052
4000877924124
1005002723631438
1005002934323855
1005003341738824
1005002342404154
4001260496242
4001338487275
32951865827
1005003330777225
32976286921
1005003281136552
4000402477043
1005002979753268
1005001645134622
1005001588182611
32859239038
1005003096770588
4000140665131
32823885157
1005002312611359
32949007168
1005002038331839
1005002505629535
32700365842
32834924105
1005003353011282
1005003146354485
1005002755642538
4000641992123
1005002389146228
1005002323928427
32655415016
1005002865009442
4000642416489
1005001441268863
1005002761136511
1005003314819050
1005002572646340
4000346257724
1005002507208546
1005002602690940
1005003017236565
1005002881958902
32853796758
32650695186
1005003199129196
1005003312501461
1005002954386004
1005002128746425
1005003051694747
1005002620564495
1005003254686532
1005003294195262
1005003229984868
4000076889458
1005002612878276
32834717734
4000934598546
1005002244036224
33058454893
1005002904905522
33002926828
1005003129984585
1005003080328571
4000259568441
1005002056316772
1005003259300071
1892120978
1005001646498204
32852291433
1005003018226529
32408441183
32999148406
1005003290189513
1005003272775104
4000982944998
1005001591954723
1005003286874930
1005002329860870
4001028624944
32834939559
1005003187496909
32819929120
1005002636284968
1005002946589826
1005003106264031
4000768403323
1005002622761937
1005002310898484
1005002390773854
1005001936274311
4000663545671
1005001861580571
1005002300478876
4001287961834
4001275575790
1005003246403417
1005002221641162
33020653777
1005002949975037
4001364252501
32826649193
1005002065937821
1005002610692040
1005002642643002
1005002801884991
1005002807833937
1005003213948643
32829476859
32976024546
1005003290212083
1005002610761753
1005001779998079
1005002832234362
4000523610935
1005002090608367
447498438
1005001381810552
1005002207044232
33041374292
4000843348644
1005002062026114
4000920259022
1005003136486722
1005002452868428
1005002438596470
32795103601
1005001416821967
1005002525448527
1005001633767556
1005003388292384
1005002375965015
4000110768861
32809392402
1005002906201144
1005002889808930
1005002657993317
1005003065817242
1869975242
4000838074824
1005002979163241
1005003185968908
1005001429536709
1005002547375694
1005002795814912
4001274743099
1005003296031182
1005002886476482
1005001593099649
1005001447186737
1005001830268498
4000944233420
4000209904426
32785342362
1005002511342520
1005001575320673
1005002648787197
1005001888906813
1005003310186737
1005002554792310
1005002122450243
1005002622759804
1005003170751332
1005002796085168
1005001603779846
33005395550
1005003299878604
1005003091099015
1005002737651100
1005002468809462
1005002657063232
1005002643283876
1005002428056632
1005002857836858
1005002662275712
32779423757
1005001479967667
1005002281037550
1005001626650547
1005002746833303
1005003208530755
32759811204
1005002428824155
1005001619717008
33011879348
1005003272760178
1005001506231397
32602929697
1005002617234530
4000181641647
4000057497760
32883257743
1005002806509245
1005002519200625
1005003276594534
1005003158579713
1005002988848027
1005002990562631
32645380463
1005001803370773
1005001776535707
1005002884592897
1005002990347065
1005003209117554
4001272017217
1005003347693539
32841198499
1005003051432014
32954317575
1005002089267070
4000534939498
32958284306
1005002426674525
1005003170088697
1005002608872691
1005003266304230
1005003216067353
1005001830161719
4001178149458
4000702515927
1005003243699812
1005002320913723
1005002538956158
1005002761752952
1005002766802488
1005003083855401
32958346793
1005003228595843
1005003035158881
1005001366103689
1005003310692068
33022880870
1005002377734529
32786650875
1005003293365828
32862908188
32889337215
4000336071362
1005002863048805
1005003147240020
1005003191152488
1005002837583862
1005003068385220
32904767898
1005002878117330
1005002126067101
1005002126085228
4000097427674
4000205627544
4000026569024
1005002749447634
32949848226
1005003065348111
1005002938287182
1005001633135954
1005003355235094
1005002140048892
1005002430816265
1005003279271939
1005002363289406
33009235549
4000888530289
4000991274468
1005001528834944
32842327104
4001292807295
1005001789593347
1005001621825142
1005003289078114
32869139287
1005001493208098
32815920952
32801139741
1005002875718861
1005001971846609
1005003208457658
4000262073517
32851786773
1005003259305341
1005003136855845
4001298142782
1005002492616301
1005001895900392
4000194302428
32463832773
1005003323731285
32641765495
33062995585
1005002010580602
1005003189358391
1005003333344486
1005002583539533
32827883201
1005002130335349
32874924841
1005003001211896
32619222209
32699040854
1005003128185287
1005002347160413
32893607549
1005003324971333
1005002609780242
4001261916703
32920597085
4001177699436
1000008194354
1005001441286831
4001359496118
1005001628352490
32975327891
4001137384971
1005003318362764
32881822224
1005001529865857
1005002255133670
1005003380324890
32961286721
1005002428044635
1005002823345914
1005003136062770
4001146531621
1000001385506
2029329532
1005001424649490
1005002401563446
1005002625101316
4000939641234
32960124400
32996794488
4000073286268
1005001960728732
1005003142396205
1005001594760161
4000154128882
32845617709
1005003233516260
1005001888701865
1005002599046629
4001106629422
33043700955
1005002885346894
1005002099245660
1005002599008328
1005002739830186
1005002852204110
32965388462
1005001579040799
1005003367730802
32923704703
1005001659193298
1005002002678720
4001297952569
4000358928523
1005002608916573
4000593586533
1005002788629502
32777963117
1005003278104335
1005002530183260
4000418406001
4000300179722
1005003151869212
1005002460985134
1005001503188741
4000249101202
1005003240993571
1005003092380519
32982289661
1005002895286849
1005001905067306
4001147770048
1005003201814853
4000437315411
1005001389180004
1005003040603389
1005003071561476
32701474369
1005003293066400
1005003371406274
1005002900611112
1005003162044205
33058601346
4000711839338
1005002884525317
32888896739
1005002774779862
1005002997137182
1005002545562918
1005002421578450
32957308369
1005002199307580
1005002039907230
32811297206
1005002271285935
1005002618500759
32894264819
32846581352
1005002716867189
1005001474275425
1005002863101559
1005002634189035
1005003241739745
1005002546935616
1005003157616523
1005002847372530
1005002358972449
1005002562099772
1005002425372929
1005002352659643
4000358329823
1005002758410628
1005002137153489
1005001611546962
32858848664
1005003267559751
1005001455272572
32608843928
1005002956105252
32406523775
1005002622031007
1005003162366182
4000981618613
32897233255
4000829710091
1005002252206742
1005001651718264
1005003391674666
1005002510634978
4000207969617
1005002977533697
32958862624
1005002061158278
1005001531620630
1005003360397391
1005003265395953
1005002851662054
1005002278035586
1005002618670913
1005001727142407
1005003034968812
4000321585233
1005003387790433
1005001592674996
1005003332502378
1005001651387445
32977757766
4001294673031
1005003014066775
32807034540
1005002954604854
1005003041070103
1005003055172272
1005002963197013
1005003091668541
1005002110504164
1005003069906935
33060310124
1005003227591061
4000554598080
1005002495392278
1005003285217464
1005002282781740
4000693078968
1005003000621935
1005002949712640
1005002974114296
1005003160804960
4000052542935
1005002583148678
1005003335828076
1005003065781686
1005002091678672
1005001287698050
4000977386189
1005002611454725
1005003125897295
1005003287606366
1005002462259284
1005002235070680
1005002530935947
1005003171434100
1005002835108098
1005001275360318
1005001811025165
4000076152961
1005002745585240
1005003087836456
1005002224720125
4001232973856
4001110854610
1005002926896259
1005002775403353
32963176695
1005001424508793
32969932793
4000719876226
1005002559204009
32720271498
1005003148352516
1005003127753159
1005003107617302
1005002547860968
32848422509
1005001470604320
1005003265643989
1005002952439181
4001239409333
32563710993
1005002381854226
1005002198253072
1005003106832700
1005003384915401
1005002228382703
32878489600
32697058803
1005002986551163
1005002716360867
32810197530
1005002840198624
1005001695608034
32914454367
1005002749408023
1005003123579869
1005002382243600
1005002309822191
1005003140550137
1005002906740405
4000848978057
1005003324605576
4000641877853
4000874616371
1005001657881132
1005002575538262
1005002716356849
4001139660335
1005001671116875
1005001750682936
1005003307074405
1005002547998470
1005002856874930
1005001808545277
1005003231417627
1005002949674079
1005003100858279
1005002866896429
1005003069694790
1005003148243803
1005001578701870
32991041541
4001225541647
1005003206558525
4000763568674
1005002805029238
1005003381754238
32952560097
4000358332867
32624547175
32947855405
1005002522805634
1005003030092366
4000474579552
4000881465108
1005003125206356
1005002890536426
1005002964060794
1005003292271107
4000556824064
4000346092868
1005001893591202
1005002906786731
32476421264
1005003381667151
32828640117
4000965411869
1005002345634360
1005002604231635
1005003303216214
1005002662320320
1005003026432516
32821856230
1005003069361616
1005002930785784
1005002952505958
32624387490
1005002105497765
33024811024
1005003025474200
1005003349777643
10000039427351
1005003328308017
1005003311463002
1005001860227566
32888904096
4000537939714
4000160724282
32696062685
4000204141463
1005002276256341
1005002522961361
1005003194270149
1005001678410358
32862199540
32854538506
1005002327961569
4000926335808
1005001587175403
1005002495440336
1005002919355028
1005001354913759
1005003198121581
1005003322791273
1005003270886360
1005001632121621
1005003333079337
1005001494898901
1005001626725757
1005002413513206
32968999336
1005002201945293
1005001891732579
1005001380681970
1005003224914542
1005002875958919
1005003081646311
32950349350
1005002362321781
1005002218171385
1005002789270252
1005002918411638
1005002703063965
4000111670375
1005001525621192
1005001860357046
1005003223943809
32896994814
1005002231391527
1005002877385137
1005003110959062
1005003069563863
32970249969
4000734027957
1005002198440353
4000314406481
1005002338637939
32946449424
1005003341561723
1005003170348862
32844334566
1005003151285191
1005003174247897
1005002588328368
1005003333707617
1005003175717297
4001273196800
32792577108
1005002358428605
1005003134960127
1005003077455858
1005001325557700
2027982013
32851033821
1005001605142991
1005002293974101
1005003258981223
1005002992310507
32900130050
4000857754808
1005003019409605
1005001722412114
1005003305755427
1005002686565311
1005002310732975
1005001598006674
1005002747506357
1005003096743372
1005003038666378
1005001403660349
1005003391744242
1005003173477261
1005003232926031
1005002496452724
32919244582
1005002828496594
32967177442
1005001355710826
1005001792135323
32960458393
1005002328606053
1005002875524032
1005003390418796
1005002929882713
1005003346345890
1005003391151585
1005001603084063
4001000567743
4001054616922
1005003140639014
1005001819053062
1005003387212544
32790928920
4001133113330
32785902466
1005002228404869
32969286417
1005002664189780
32791445449
33053894577
32912264258
1005003212925096
1005002224485216
1005002392959589
4000851649794
1005001523864894
1005003069643440
1005002525320977
1005002121038408
4000770989968
32616129796
1005003337013655
1005002206497933
4000589485834
4001305140887
1005002023834992
1005003061137401
1005002624977771
1005002628744933
1005003171121521
1005003074086944
32891189288
1005002491058279
32996518172
1005003305073923
1005002918654332
32625203057
1005003076539985
1005002291027802
1005002333021617
1005002298205181
1005002070720033
1005003063413961
1005002822485430
1005003287393173
1005003093198051
1005001636613454
1005001977579150
10000397725324
32952205277
32549057641
4001313427501
1005001992538394
32987860178
1005003007526207
1005002926564319
4000691473628
32992549710
1005001960427828
1005001864362466
1005002982956138
1005003384019565
1005002170735879
32810218308
1005002562089852
1005002888842676
1005002470834314
1005002117812032
1005002252844924
1005003218215818
1005001598258241
1005001317065572
32974535808
1005002871238835
1005003304221643
1005003350245370
1005002900650681
1005002552596549
1005001872984105
1005002605739316
1005002408845115
4001107889378
1005003167358124
1834004867
1005003186261374
1005002700477009
1005002344736521
1005002568794715
32924881922
1005003130753741
4000711146636
1005002618119719
4001249770152
1005002238069912
1005002788895755
4001197445376
1005001429985476
1005003356306628
1005002261167076
4000602962541
4000028873948
1005002959553972
1005003154134856
1005001821531504
1005002328610510
1392041048
1005003321964295
1005003142017421
1005003207370630
32939496987
1005001379633420
1000004535687
1005001767984862
1005002960068322
32980065295
4000113605331
4000778935533
1005001511286705
1005002988635458
4000808340997
4001116511943
32868357119
1005002424024520
1005002931607876
1005002689227470
1005002617415940
32962164064
1005003389158185
1005003203268113
1005001918603831
1005001733383693
4000910143431
32977766193
1005003219692271
1005003067231107
1005002806342680
1005002120673752
1005001439049975
1005001936107419
1005002886745189
1005002018711672
1005003359151002
1005002703354752
1005002003479967
1005002827944742
32854083770
4001129132211
1005003171323816
4001162978696
32358097656
4001278674112
4001105742495
32953213912
1005002965070254
1005002808765451
4001195301488
32893028736
1005002737653897
1005003197211225
32989729097
1005002974116521
4000857138797
1005002567730102
4000794724278
1005003048294494
32915171200
1005003362338169
1005003115242570
1005001666414830
32998706941
1005002564499418
1005001562547562
1005002900243066
1005002566387427
1005003236482235
32806257328
1005002776004581
1005003366197762
33047844862
1005003033766954
4000224439403
1005002357458017
1005003289178349
1005002981556184
1005003350683124
1005001407564473
1005003162460072
1005003077297701
1005003206181348
1005003343169481
32874508857
10000395867373
32954965375
1005003326471248
1005003287243600
32949188088
1005002781622862
32911176377
1005002483284800
1005002563661768
33060463044
1005003134512084
1005002387367305
1005002747241345
1005003157735784
1005002421557147
1005003155106373
1005003333616701
1005002393010338
1005001694151715
1005001479245666
32891244311
1005002604874514
1005003370577623
32933646087
1005003006289779
1005002716475939
1005002717272024
1005003124679090
1005003199626530
1005001991816794
1005002842671901
1005002931838939
1005001397534529
1005003347284010
33002926828
32976426671
33045727239
1005001265900694
1005002932146605
1005002684057443
1005002083844927
1005003333879117
1005001658828062
1005002884115712
10000404577118
1005002020721369
1005003142531689
1005002459969539
1005002767393829
1005003192192947
1005003168857023
4001346357811
1005002959464713
1005003336227815
1005001901964077
1000001351809
32839861866
4000947735373
4000859133848
32848652881
32764606412
1005002438252480
1005001675584395
1005002647302342
1005001415004199
1005002071116638
1005001548446575
4001173268681
32927650664
1005002121738531
33019104874
1005002341859199
1005003278817782
32951218286
1005003051316096
4000789058197
1005002060331247
4001015994303
1005003015814198
1005002974068036
4000714539737
1005003072579205
32902007511
32912941093
4000679817008
4001223388644
1005003109388073
33057421725
1005002605669176
32710389701
1005002513396771
32458409881
32621899187
1005002970188806
32827041699
1005002793732513
1005002097516616
4000955402927
1005003050851736
1005002906063381
4000475215114
1005003158030158
1005003098806028
1005003170178083
1005002326146860
32863129986
1005002232506280
1005003090946141
1005003087422175
4001218016103
1005002623726122
4000816691285
1005002068329044
32539919098
1005003088298982
4001135252496
1005002024334394
10000054457146
1005003110247540
1005002740181836
1005003337870973
33030620665
1005003121675533
1005003270765342
1005001551004322
1005001452984385
1005001639836628
4000602664348
4000546659469
32860048619
1005003204352673
1005002132290667
1005003201783325
1005003111129172
1005003382112090
1005003051252655
1005002510414138
1005002709861369
1005002693734713
1005002572768803
1005003129246417
1005003065065343
1005002069860137
4001021783899
1005003221926159
1005002928626410
4000002611480
1005003081915915
1005001867810666
1005002272291150
1005003348439644
1005002305894285
1005001435996383
1005002862607985
1005003387829080
1005002717380059
4000256269153
1005002693973360
1005003096459235
32845614826
32995482314
1005003082945381
1005002751882870
1005003371028595
2012232010
4001109149448
32975097191
4000695176864
4000468606988
4001099328439
1005003131900733
1005003223879738
1005002440712857
1005002602798654
1005002632296547
1005003073992156
1005003170378422
1005003167868624
32818861593
1005002422868146
32973352524
1005003288790852
1005003083873432
1005002878902691
1005003057334215
1005003217699991
1005003197630129
1005002991910408
1005002608994586
1005003309979967
1005002049911628
1005003308841231
4000645769429
32384400546
1005001329789926
1005002858612410
1005003272745984
1005002596502097
4001053334717
1005002792301822
32565872646
32828112452
4000111680323
1005001651536020
1005003080717714
1005001881024837
32970130567
1005003246580177
1005003161884499
1005003066037943
1005003039793024
1005001788711466
1005001641854898
1005001869020294
1005003354301494
1005003236377051
1005002016693747
1005002304205969
1005003188499691
32908705837
1005002381608311
1005002652286378
32951299430
32851301767
1005002952522170
32972817814
1005003189857238
1005002769083834
1005001680412799
1005003264704820
1005003102989232
1005003363812181
1005002468737546
1005002930459993
1005002678533338
1005003171414802
1005003201595959
1005003313928709
1005003226433234
1005003324048164
32914582936
1005002735972850
718273717
1005003281563291
4001284627811
4000108628400
1005002576725344
1005001441480358
32890993814
33019086555
4001294118997
1005003361365288
32970957152
1005003014253315
4000939485684
1005003387804545
1005003312243826
1005001962454031
4000931763489
1005002350755665
1005003067609614
32546572727
1005003038093746
1005002782909646
1005001649151785
4001186487517
33044363435
1005002546225183
10000192338937
4000311091748
1005003110744537
1005002332542595
1005003228806993
1005001817856358
1005001580419786
1005003351564842
4000803166439
33013166376
1005002399308072
4000066894818
1005002745491811
33009247499
4000065832566
1005002831873078
1005003241625496
4000308391311
1005002978772260
32708552907
1005003343431082
1005001954894493
1005003268435505
1005001339478049
4000396043527
32886412259
1005002778171176
1005002981805303
1005002105535116
1005003366332073
1005002804135193
1005001456625219
4000196252647
1005002487686690
1005002686700358
32765207302
4001239870326
1005003032239628
4001340712776
1005002504840591
4001260953832
4001155103289
32825771510
1005003328881878
32952944352
33045993438
1005003093006263
1005003026755534
32870552062
1005003047635948
1005001575293846
1005002911157853
1005001921291290
1005002536832988
1005001297655333
4001060807827
4000197064286
1005003385232374
1005001769104557
1005003173505566
1005003292126598
1005001834214580
32809679654
1005003197564852
4000992951345
33023629979
1005003000756508
1005003218265998
32919912550
4001276978256
32712572362
1005003261168432
33009984729
1005003364528688
1005003386222858
1005003075545780
1005001425329976
947116606
1005002566267754
33010188755
1005001939598637
4001205657130
1005001900200624
1005003189056214
1005003380816807
1005003344447324
1005002958450092
1005003293803193
4000785695489
1005001853343393
4001022890791
1005002220260043
4000712965724
32961152342
1005001682628110
1005002203206568
1005002783737953
1005003325017360
1005003156944226
1005002433686106
4000049170946
32853800779
1005002908139100
1005001487800531
32654508992
32715250444
32825528826
4001290512705
32853049291
1005001667562230
32963625444
4000217962808
1005002797474322
1005002715610918
1005002305985557
4000808356321
32934224089
32802262411
1005002945287768
1005003228486822
1005002154762531
1005002603170297
32808578899
1005002008852790
33029024296
1005002334105101
1005002462877802
1005003104890534
1005001753123523
1005003266011149
32822811382
32535443211
4001297438935
1005002623953633
1005003380244947
1005003090553234
1005003136505764
1005002314277913
32959387962
1005003208491324
1005002002833546
32915932018
1005002935305760
1005003308766177
1005003228090001
1005003032264176
32958129445
1005003270006771
1005001769867645
1005002340330647
4000556660667
1005002837326746
1005003153170825
1005002591613885
32944567079
4000905522423
1005003264688953
1005002754487821
32940985618
1005002256469381
1005001452488017
32854567175
1005002623029404
1005003220834408
1005003323979970
1005002748661265
1005002264436292
1005003224305138
4000517129487
32884759685
1005001525289739
1005002675153628
4000251691970
1005003001149211
1005002379039053
1005003295772590
1005002350654854
4001103349601
1005001616043042
1005003126897708
32909317203
1005002128480070
1005003379987463
1005002318376018
32523906257
4000744045423
1005003205452002
1005003357479498
1005002077934901
1005002594114648
33004982151
1005003103445574
4000832749838
1005003207910947
1005003124942878
1005003321576263
32965821060
1005003251134215
1005002114673809
1005002643224268
1005003105452665
1005002771091000
32994820623
1005003005102644
1005003109027929
32709543565
1005002347989481
32866777623
4000061533346
4000811189456
1005003181466870
1005003362882752
1005003085239580
1005002803787781
1005002559124397
1005002823337477
1005002808020115
1005001458456751
1005002901531527
1005003090445279
1005001616568998
1005003120514783
32899372114
1005001288064291
1005001398876817
1005001718241550
1005002715941457
1005002937071930
1005002213042147
1005002685786146
1005002472682233
1005002490895446
1005001476267040
1005003263362902
1005002878506859
1005003337780752
1005001942420351
1005001482087976
1005001447619863
1005002938407134
1005003108733543
33022459364
1005003141281997
1005001566681242
1005003228351087
32792236079
32898298751
1005003212169137
1005003203158040
1005002340252767
1005001388678913
1005003386944222
4000051260589
1005001504925514
1005003019505407
1005002298196566
32845403534
1005003381169239
1005001893253387
4000324761798
1005003385342077
1005001937670368
1005002932195052
1005001636676242
32881422035
1005002977707396
4000985139773
1005001375513952
1005003093783633
4000598788133
4000035189549
4000847609605
32793101139
1005001970958577
1005001844960822
1005003001534490
4000662551007
1005001755898497
33016043768
1005002642139597
32953579846
1005002622579494
1005003072247888
32573157476
1005002176513933
1005002894790067
32809358858
1005001899107360
1005002228029658
32635682792
1005003383668098
1005002891805507
1005002835661127
1005002247272161
1005001414239992
1005002313824025
1005001758128105
1005001976640288
32987248362
1005002012334501
32511149676
1005002841094322
32886930895
1005002823947966
1005001451223368
1005002682723286
4001204181628
1005002804424915
1005003371940177
1005001651358961
1005002885164815
1005002790442484
1005002246667097
1005001787188965
1005002677564905
4000396226619
1005001908245210
1005002723340841
1005001914728130
4001359810183
4000062855938
4001247803081
1005001487987779
4001262052679
4001292015253
4000081594842
32931049305
1005003317727643
1005001804297297
1005003375548531
1005003311850784
1005002721968319
1005003088735829
1005001349833314
1005001544678888
1005003229415274
4001143078081
1005003371112052
1005001599425303
1005002502580046
1005003124250729
1005002966034562
4000507305927
1005002821975118
1005003196273149
1005003180751698
32877095309
1005003061791012
1005002066100850
1005001499153168
32979791825
10000343972063
1005001441356922
1005003208574970
1005002122597044
4000863380135
1005002252559554
10000002736828
1005003283237756
4001272932358
1005002827815521
1005002870656256
1005002443094541
4000162952193
32796229765
1005002171938544
32971207995
1005001506949000
1005002506685387
850197965
1005003210792276
4000099563533
1005003270045406
1005002347121572
33061443580
1005002640357183
1005002378882013
1005003102274140
1005001345165959
1005003235864772
1005003348991756
1005003084092499
1005002717118776
32910206101
1005002444259533
32904981143
1005003204212767
32706554754
1005002867899789
4000862617478
32849588479
1005002864192378
1005002320488912
1005002710890569
1005002624481415
32796274117
1005002293873164
4000174035218
4000145773198
1005002620914882
1005003337923778
1005002266077988
1005002921982957
1005003041399350
1005001930444227
1005003356427055
1005003290915610
32946758974
1005002265965134
1005002341877621
1005002982286919
1005003253102261
1005002572975881
1005002085131737
32491428585
1005003322318862
1005002334991234
1005003130093060
1005002133580148
1005001585151230
1005002721967321
1005001867940949
1005002998188420
1005003030083366
1005002829101587
4001351652678
33040816101
32791733306
1005002286488566
1005002674336371
1005001645157680
4001231216087
32976284834
4000618505731
1005002289056668
1005003365659015
1005002569623691
32964609698
1005003359457407
1005003169855317
1005002000303291
1005002515736945
4000785112825
1005003250437151
1005003037047782
1005001762118227
4001152213158
1005002613082203
32844874497
1005003383994761
1005003242680564
1005002941070681
1005003065571190
1005002317431560
4000556570900
4001245884077
32992318120
1005002390499713
32919889205
1005002378853512
1005002570450657
1005002347115905
4000226995378
1005002995939880
32776958802
1005002877283350
4000149103869
1005001597322397
1005002321676406
4000865418683
1005002998144795
1005003162639990
1005001941162204
1005002564962641
1005003214394459
1005002983186675
1005002551943573
1005003260055159
1005001313709188
1005001650840817
32846723672
1005001961520785
32840588844
1005003369924525
4000860478282
4000220928459
32830809567
33008468825
1005003297284491
1005003080504069
32890238418
1005002541405351
1005003011586505
1005002876722776
1005003278907305
1005002906830767
1005002990486113
1005002247678680
1005002522127702
1005002450552354
1005002663236050
1005002693064878
4000002598698
1005003066107537
1005002789162215
1005002968272407
32868361796
1005002889590791
1005002188018239
1005001946909865
1005001704022651
4001223593507
1005002917203239
1005001498396315
1005002439254054
1005003016628368
32720790422
1005003129858765
1005001690769016
1005002477697587
1005002995976982
1005001559729466
1005003300633249
1005003160717975
1005003381204481
1005003333597065
33010448402
32914904728
1005003021051248
32670555056
10000397735322
1005003209371261
1005002877678271
4000983903121
32958605052
1005002926435334
1005003348578793
1005003215936873
1005003330789150
32526376529
4000843390082
1005003092385858
4001083330078
4001022865288
1005001732064980
1005003303054661
1005002219899792
32856476428
1005002833926794
32861351363
1005002851864916
32880577206
1005002291185975
1005002730691513
4001038566931
1005003191435032
1005002063127998
4000219903549
1005003112850966
1005003361688611
1005003187696346
4001149242565
4000251267071
32705952519
1005002676254639
1005003372438537
4001178958647
1005001960523592
1005002965586819
1005003055868144
1005003315962244
1005003042954554
1005003197820389
33045521820
1005003162038928
1005003002217874
1005003239284229
1005002615121625
1005003172493060
32976433586
1005002919981819
1005001999931662
1005003275922656
1005002066252267
1005003069926541
1005003266176663
32811875399
1005003319343348
1005001436119304
32874465511
1005003303115623
1005003173989482
1005002988420877
1005001419095944
1005002055092792
32887600553
1005003199182303
1005002549487541
1005001701322542
32966126318
1005002748086239
33050815054
33033800814
1005002911677123
1005002808492157
4001244023315
1005003339456705
32942062289
1005002319471652
1005002927917794
1005003210621510
1005003085559773
32345423667
1005001927843387
1005003001764334
1005003367657901
1005003224737082
1005001357211464
1005002832645784
4000881506545
1005002987643857
1005002938586172
32964753542
1005001658534911
4000630109737
1005003334795032
1005002604393672
4000177969542
4000843155714
1005003340749361
1005002837134450
1150104494
1005003166611774
1005002254544323
32983324793
1005001618047583
33040652176
1005003220923690
32865103454
1005002661140198
1005002478084309
32966536971
1005003367893641
1005002974803865
4000410383769
1005003094798986
1005001789962312
4001294165005
1005001769459125
1005002613079630
4000895129503
32987686265
1005002760062167
32385374509
1005003371977517
1005003295550261
1005002223260597
1005003108069921
1005003223155789
1005002016666230
4000812173691
32976871653
32379293333
1005002624256384
32454889507
4000231462121
4000467199511
1005002754269930
1005003055179795
1005002196795785
1005003313304485
4000231312051
1005001776991504
1005002901510095
1005003032136828
1005003389781104
1005002988432304
1005003206172771
33007609581
1005003365529520
1005003172174602
4000136758768
1005003023588721
1005002710052367
4001365869200
1005002035750274
1005003375750792
1005003212434048
1005003041075477
1005003344922486
1005002710922457
1005002928208553
1005002846978520
32802490854
1005002996166858
1005003085440774
1005003303368389
1005003107949911
1005002879423985
33007583842
1005003090187774
1005003232369626
32815673987
1005002313593099
4000748296210
1005002973220593
1005003138938887
4000169133604
1005002554470254
4001105454629
1005002794507836
4001153835491
32969553624
1005002399967431
33050879968
1005002876189673
1005003140944965
1005003368335123
4001172543264
1005003181376612
1005002765756577
1005002623978798
1005003309967119
1005001457799031
32948176300
1005001338420435
4000933546956
32945852593
1005002313846905
1005001380923846
1005002312513290
10000402418811
1005002111125058
1005003054900377
32800761975
33038723977
1005003129953034
1005002495817190
1005003068402767
1005002295900894
33035564194
1005002926183453
1005003172395518
4000385152517
32930560719
1005003337082444
1005002842812733
1005002288740006
1005002565277428
1005003231707265
4001031386195
1005002794576740
32746417906
1005002990393233
4001238969298
4000698487486
32954593439
32827546635
1005002930104282
1005003139331427
33002907374
1005003337163077
1005003380179888
1005001868206753
1005001553183066
1005003290552567
1005003026411895
1005002763205454
1005002747294764
1005003001373239
32922749138
1005003377662363
1005002769027247
1005002988738194
1005002356876419
1005001376370403
1005003073135654
4000207980249
4001270500417
1005002584056534
1005002569331079
32858202233
1005003208219184
1005002258619946
4001042199849
1005003349342769
33001841232
1005003104729403
4000007506580
32833142415
1005003066119224
4000939365267
1005002008887171
32961077220
1005003274870487
1005003088264504
1005002970344402
1005003332316990
1005002364587332
1005003106436425
1005003208459641
1005003129394293
1005003074800667
2029394981
1005002837372600
1005002862359734
1005002385405125
32798284011
1005002967189055
1005001369487986
4001346145002
1005003187565573
1005002866162153
32965962665
1005001316896094
1005002350813020
1005002355540945
1005001431334467
1005002470944390