1005001303155267
1005003346213283
1005002094803630
1005003123485714
4001292840714
1005003238956281
1005002624640505
1005002848525792
1005001383663167
32974540201
1005002721875693
1005003307363753
1005002140144249
1005003133173271
32988294170
1005002841016832
4001315700445
32697740199
1005001901299736
33046312759
32998777361
1005002459920671
1005002495723420
1005003228540715
1005003262854228
1005002600442050
1005003351125808
1005001381204990
1005003019257941
1005003101716836
1005002037318354
1005002602350001
33001229118
1005003234186072
1005002198015876
1005003302009301
1005003265634474
32728758840
4000106396522
33011756473
1005002696989651
1005002877734959
1005003067603595
1005002498966605
1005002086055039
1005003004142575
1005003122999043
1005002333575843
32960859493
1005002948257037
1005002009033861
1005002244459757
1005003001725496
32328243343
1005003159992211
1005003336550022
1005003223572054
1005002147886886
1005002811414379
1005002587581144
1005003346221552
1005002610919218
4001038466394
1005003096247456
1005002321890269
1005003319973682
1005002702208440
1005003191117647
4000904683913
1005002840126943
1005003032071837
1005002857923812
1005003316803300
1005002879878864
1005002682397656
32981772064
1005002224575530
1005003037188995
1005001860386443
32820328027
33036486675
32973330384
1005003290647740
1005003186915016
1005001864199761
32815998921
32886252697
1005002245639687
1005001458655307
32962829693
1005003080847228
1005003360411280
1005003140961527
1005001334579731
33053853167
4000058033473
4000209991743
1005003304126227
1005002554918230
1005003269096397
1005003384111410
32668940576
1005003390988199
1005003180788160
4000267134108
1005002631716726
1005002327118473
1005002732367219
32710086459
1005002377894165
1005002180770820
1005001389038360
1005003335166732
32687429345
1005003085455582
4001361630225
32954761905
1005003102438908
4000116720054
1005002716050778
4001296782587
1005002787844870
32978443314
1005003367103306
4000095599944
1005002811031488
1005002420717408
1005003059916992
1005003171602071
1005001530440798
1005002419152941
1005001611460113
4000397048649
1005002945624054
4001230330672
1005003208916421
1005003037253439
1005002810381298
1005003333012897
1005003105241366
1005001837139083
1005002399942113
1005002984984177
1005002848378085
1005002567091882
1005002375801127
1005003253621210
32977853094
1005002271767247
32968094026
32849290718
1005003136232967
1005002243835947
1005003006308544
1005002997589606
1005002217897851
10000011504178
1005001665067985
1005002982166284
33033522456
1005003171889249
4001326177586
1005003291857039
4000310162192
1005003281847379
1005001604785953
1005002663069273
1339768575
1005002348669440
1005002776184554
32977618594
4000801577459
4000207906771
1005003371251011
1005002906742805
1005003189873399
4001187101386
1005003365047652
4001257284646
1005003205763049
1005002408155676
4001223585801
32956598452
1005003274413376
4001252434621
1005001826451620
32984618564
4000971915434
1005002566984614
1005001833418775
4000074621961
1005002486020162
33037771739
1005003106348693
1005002924887180
33019761284
1005003171819733
4000910255005
32863436112
1005002675996816
32947580642
1000008156614
4000359673912
1005002515418579
1005003157643120
1005003382644181
1005003349803579
1005002288213614
1005001967818512
1005002265519961
1005003349849054
1005002747948454
1005002387660419
1005001651228632
4000921521566
1005002500353328
4001365531669
1005002668217210
4000669067454
32701263863
1005003258028560
1005003365419395
1005003171190151
1005001411776784
1005002536574303
1005003107152865
1005002090522900
4000081496103
4001111907767
1005001880640202
1005002600387952
1005003337738131
1005003281627203
4000420249009
1005002734439214
32786693443
32718983506
1005001620649140
1005003230359540
4001166492266
4001248802800
1005002989687165
1005002278571282
4000448071199
33015235999
4000923213848
1005002988836602
1005002775255785
33057548730
1005001374986908
4000643447248
32967780710
1005003143052722
1005003133295546
4000389766061
4000321931684
1005003375212309
1005003105564650
1005003305039490
4001227733718
10000046447520
1005002588417165
1005003016183988
32926298203
1005002471280931
1005001389656629
1005001731223446
32839597583
1005002913146088
1005002337835412
4000743265016
1005002962912534
1005003164031791
1005002794894705
32823929444
4000993346330
4000279957212
32959614105
1005001685891767
1005002376821213
4000198253053
4000833815826
1005003205680452
1005002980019696
4000688874337
1005001439220972
4000589777767
1005002813526749
4000976750545
1005002565175276
33001864334
1005002191966487
1005001556775376
1005001848629455
32824503908
1005003081868135
32844246714
1005002450522863
1005003210754253
1005003255444398
1005002327646259
4000329452878
32973098780
32861876185
1005002135113006
1005003202401983
1005001469694065
1005002431469728
32871178735
1005003339226379
1005002703060465
4001098611100
1005003205846264
1005003125016929
1005001946586664
1005003119064417
4000542667522
1005002616268538
1005003372214076
1005003112065944
1005003107990479
32985571965
1005002987929560
1005002859711400
1005001474058246
1005001688413128
1005002957110870
32910374159
4001276840117
1005001580742836
1005001561355326
1005003152149145
1005002666527002
1005003247692258
1005001681616810
1005002816355433
1005003387566495
1005001646245126
1005001861676431
1005003187161410
1005002315874101
32835946330
1005001967722621
1005002861615650
32948188820
1005002139512080
4000510594958
1005003221881309
1005002289517564
1005002206949213
1005001850817949
32961929125
1005002396534738
4001290170062
32738783754
1005002875857972
1005001900461372
1005003350462619
1005002095788308
4000032374612
1005002357859254
1005002362039410
4001129530372
4000317533166
1005003213718959
1005002634600937
4000954685569
33013465347
1005001915606382
1041537794
1005003280542136
4000149235621
10000002739522
1005002014710245
1005001871986019
4000906318557
1472368701
1005001494438854
4001254606920
1005002794214364
1005002722773328
32970137976
4001220055346
4001098167818
705554676
4000749470206
1005001416665727
1005003193167209
1005003254699211
32878561951
1005002912098445
1005002443624272
1005003387910772
1005003029835423
32623313421
1005002569478040
1005002900366709
1005003124726715
1005003309205957
1005003200082180
1005003320172488
1005002889176259
32898022922
1005003022216695
1005002567802190
1005002512697549
1005003390958110
1005003052401563
4000377520672
1005003031653330
1005003073669114
32662631221
1005002943046584
1005003271175935
4001252407580
4000051077746
1005001683310433
1005002717595058
32858356006
1005003268760379
1005002906964933
1005002122609018
1005002193871610
4000088736420
1005002822009244
1005003079788532
1005001671043808
1005002924248985
4000716689199
1005003387162161
32785693913
1005003141466315
1005002950470403
32289443898
32851480613
1005003273757876
1005003071377510
32849676538
1005002655163910
1005002755761298
1005002856015535
1005001529423202
4000440155447
1005002910394558
4001167596154
32981042652
1005002491688551
1005003310418561
1005001678589462
1005003386298532
1005003387959214
33049242985
33027873463
1005001278811257
4000927338260
4001102994686
1005003332274522
32813222266
1005002748945018
1005001905807048
32799277680
1005002709963511
1005003256671886
32847496165
4000266900776
4001046350957
1005002134069038
33024113201
32456365642
32806208413
1005002281563960
32960139734
32920845704
1005003106304348
1005001779768928
1005003214413261
1005003223948691
32905385697
1005003330102389
4001365545501
1005001887706175
1005003246934640
33046760556
1005002978562597
1005002070284516
1005003058456924
1005001351659751
32590355572
1005001580920863
1005001398994740
1005002702593682
1005002932049612
32789588531
32960066083
1005002199223521
1005001575310757
1005003166393015
4001211318498
1005003334777575
1005003288033251
1005002287756666
1005002405971590
4001042476204
1005003178037253
1005002448883140
4000156389490
1005003097873880
1005003337094451
1005003218353466
1005003133931714
1005002419928054
32812283843
4000090123730
1005003107209687
32573195706
32789406757
1005003274599747
1005002939725978
1005002181309430
1005001977809292
32882232406
1005003350996641
1005003338953619
1005001307745415
4000533777344
1005002306507425
1005002661236365
32829040936
1005003306816062
4000379399187
1005003335116137
32962035826
1005003143076749
1005001678105182
1005002980127985
1005003333888020
1005003386345242
1005002304543322
4001365894682
1005002413856896
33017863058
1005003037880177
4000965513180
1005003151585393
32934815884
33059345314
1005003373334286
1005001465185851
1005002003119039
4000063496998
1005003143698993
4001127141117
32604734047
1005001838511893
10000402335616
32909416751
1005001692915220
1005002153518355
32350813756
1005002993935489
1005002747356075
4000394010307
32772173265
1005002701238287
1005002841884576
1005003253594173
1005002321941307
1005003064760082
1005003176124054
32679776884
1005003279570968
32949536118
1005002897797912
1005003345415569
32810870634
1005001693254406
4001014088534
1005003262142587
32468088401
4000386477026
1005003047910462
4000640309872
643267273
1005002675209498
1005001922102867
32868994893
1005001515795972
1005002532903433
1005003209192867
1005003225099958
32894804919
32860497738
32853622110
1005002280446840
1005003381712323
1005003278681702
4000113151583
1005001867217784
1005001914758125
1005002795778615
1005003299428748
32725325477
1005002643938716
1005003134795966
1005001883455008
1005002591780538
32840674478
1005002939898388
1005003167981301
4000167001174
1005002278834010
1005001650671576
1005002981952194
4000384806178
1005002221449616
1005002246648483
4001010613694
32946905089
1005003105984948
1005002672070157
4001316319729
1005002890293347
1005003350269383
1005002984777046
32966071100
1005001788710333
1005002830577338
1005002608197508
1005002427034218
1005002920544172
1005002375094927
1005002054367929
1005002796909345
1005003340932440
1005002869713248
32983131541
1005001688627026
1005001975467851
1005003194765736
1005003305661963
1005002632826488
32959440480
1005003112280556
32866070104
1005001867485067
10000400001527
1005003184659635
1005002342491163
1005001365717667
1005003022137626
1005002941312287
1005003331500175
1005002348519007
1005002643102342
1005002302152618
1005002611359056
33038447506
4000196070188
4001284263646
32804438888
1005002831582821
1005003194626299
1005001325916593
1005002571576581
1005003297603059
1005003286572910
32813226341
1005003352505099
32837075089
1005003351736958
1005002551845742
1005003187717369
32883221667
1005002841427431
1005003002000720
4001173270196
1005002318512967
1005002773503222
1005003034291911
1005002599310085
32833671860
1005003177612205
1005003304033821
1005002900034026
4001356625833
33004074773
4000023537980
1005001803896507
32980392812
4000640616164
33046298523
32971139798
1005002265715799
4000472293274
1005002697686322
32829921845
4000271534035
4000580927759
1005003179615967
1005002708379511
1005002487491302
4001274482146
1005002865022767
1005003356471330
32859014196
1005002760184815
1005002309696187
1005002953566207
4001023392193
1005002831034110
1005001429056321
1005003352939752
32966777105
1005002432064492
33011726057
1005002873156343
1005003240076070
1005003387356214
1005003198572433
1005002002204522
1005003126886079
1005002689178524
4000423648161
32411507615
1005003202144105
1005003328061945
1005003292318027
1005003294280828
32948349938
1005003116518972
1005002679177906
1005002960856675
4000763264946
1005002397085601
1005002363198899
1005003375956335
33031737572
1005003070986428
1005002470278222
1005003002918600
32662409021
32443974477
1005003210916754
1005002842879742
1005001976301767
1000007488661
32951332309
32975067166
4000791124169
1005001961464450
33031307216
32966362703
1005002769036917
4001115373403
32679404184
4000358494429
4000111487613
1005003255991555
4000175133279
1005001907324197
1005002483013647
1005003009300360
1005001309556075
1005003221109499
4001108779862
1005003336848144
1005002877278402
1005003068392476
1005002073154780
1005002469983668
1005002996821414
33030991718
4001283704464
1005002787649846
1005002608911684
1005002666526911
1005003160624816
32892748327
1005002956725626
1005003353239156
33036630902
1005001672093480
1005003369148788
1005003326663609
4001009152469
1005003261288937
1005003385098531
1005002695270426
4000089936929
1005002964516812
1005002685125466
1005002709981324
1005002919540488
32933042227
4000510898418
1005002374496337
1005003342267934
1005002755742229
32846159174
32638451357
32846338260
4001280253215
1005002532423935
1005002440791413
1005003277838202
1005003212451927
1005002861950414
2021127432
4000582638328
1005003276097157
1005003370723737
32846633973
32810148018
33042173256
32915371417
1005003156367950
1005003267829677
1005001921405303
1005001632929498
1005002326051424
1005002203535377
1005003157289349
1005002895109964
1005002341901075
1005002758653262
1005002974826098
1005001967254271
1005003293367822
1005001330889406
1005002949481640
32914096519
1005003173493108
32391502268
1005001980117403
4001039001279
1005002342640051
10000330648463
1005001968509743
1005002677969906
10000196313326
32945664947
1005002423410741
32834178751
4001207121884
1005002974121215
1005002977895254
1005003152344598
1005002131323045
32847070590
32885846950
1005002789538099
1005001463182741
1005001972347826
1005001912537301
4000250843195
1005003306725874
1005003387415913
4001084375448
1005001992979501
1005003144503278
1005003290779432
32984639986
1005003157818166
1005002642337602
1005002957879261
32952409218
1005002224088211
1005002862085129
1005003042992989
1005003241918500
4000996163271
1005002330694963
1005002900499139
1005002511955612
1005003383955287
1005002607004226
1005001505585017
4000217163653
1005003294459977
32851016379
1005002719562796
1005003218907220
1005001525308863
1005002925411803
1005003342674705
4001217330793
1005002233493217
1005001804969571
10000395951263
1005001736270326
1005002175392494
32909727084
1005002696381298
1005003003151326
1005002674307686
1005002054437848
1005003277662026
1005002249538163
1005003092388602
4000196068844
1005003311803126
1005003209161817
1005001398505414
4000134646735
1005002969699479
4000133039255
32965599124
1005003368568002
1005002559664092
1005002204835404
1005003352217608
1005002945808447
1005002610199168
1005002315698573
1005003108701606
4000207680899
1005001418334253
4001058144072
1005003392801554
1005002252315997
1005003007322842
4000240200718
32941482187
32764866794
1005003200539222
1005002809433750
1005003183290645
32968440316
1005003226368547
1005003194915448
4001286528877
1005002662228304
4000058707669
1005002054053936
1005002277242333
32410347019
32660614139
4001192875572
1005001423920636
1005002791430481
1005003209581897
1005002994552797
1005002708684993
4000470235307
32914200860
32861723323
1005001511784615
4000777245777
4001079417693
1005001758846792
1005001466758578
1005003328033777
1005002960451901
1005002678391633
1005003039172139
1005002549325845
4001211574369
1005001614996888
1005003173815321
1005001604761308
1005002328034464
1005001418461424
32852516450
1005003298863033
1005003355884281
1005003193196717
4000003820727
4000380834346
1005001788956457
4001328181207
1005002475539011
1005002623788968
4000986746408
1005002900406982
4000913263869
32670027583
1005003369843315
1005003054193243
1005003239687034
1005001475307396
32700852532
1005003067627097
1005002356241635
32409485984
1005003339000339
1005002862927396
1005003352008915
1005001383633106
1005002696741853
32699141888
4000740036212
1005003124857554
4001204727552
4000693240439
4001078010473
1005003228049722
1005001804753706
1005003272672982
1005001742718073
32869082947
1005002228488840
4001146884209
1005002879335012
1005003352680917
32907027523
1005003295895101
4000781628849
1005002821818328
1005003370277557
1005002627739837
1005001279459685
1005002265712738
1005003025555417
1005002884439777
1005001771532488
1005002099700382
1005003293054849
1005003263284384
4001068971327
1005002376108787
1005003365201433
1005002920380602
1005003379651560
32950809969
1005003335886556
1005003270579801
1005001334455871
1005002655658805
1005003234931803
1005003066626310
4001131783474
1005003346930434
1005001398545855
1005003328104047
32817650406
1005002901369615
32857259913
4001283444494
1005002398551973
32857458157
1005002705507600
1005002256469151
1005002624051680
1005002624551854
1005003294557755
1005003382010198
4001280399057
1005002963967677
1005003105306738
1005002612939622
1005002809421759
1005002362099104
1005001860011513
1005002898769933
1005002698397096
1005002541462372
32796749396
4001247855614
32809512855
32966273257
4000472985580
32928325706
1005002095975942
1005002012094396
1005003378020324
1005002619141656
1005003348913044
1005002988755458
1005002753997802
32810334673
4000020323537
1005001879791200
1005001998709011
1005003293673481
1005002252026337
32993439805
32874630007
1005002891966503
1005002939835366
32770986950
32772961288
1005003032239628
1005002053775906
4001018898756
1005003042862739
1005002741115010
32994261309
32985138078
4000104728180
32981229445
1005002932040521
32845765555
1005002911108131
33020731223
32866384560
1005003354034329
1005002803115148
1005003082855756
32574511342
1005002782672647
1005003267809761
1005002113250627
1005002026713705
1005003275615345
1005002282703135
1005003342655845
1005003137717346
1005002220530142
4000908180048
1005002784163382
1005002739059295
1005003019238906
1005003141291231
1005002805112712
1005003085951337
1005002956481189
1005002577855291
32835313818
4000877783947
32807736221
1005002965379097
1005002567855419
1005003022402246
1005003310050095
1005003228836526
1005002554682694
1005002642717469
32897137534
1005002888645082
1005002984794774
4001291209472
33059032371
32972560598
4000346307104
1005001972854929
4001128991738
1005001437546071
1005002027720393
1005003097368298
1005003337151813
32870158827
1005003307941365
1005003223590198
32873143369
4000148211401
4000888928327
10000400070280
4001110817964
1005002218270286
1005003298978479
1005002440200766
1005001640227804
4000986321658
1005002989582401
4001270228600
1005002788884795
1005002467479428
1005002915744293
1005003325493733
1005002138252208
1005003368681326
4000081517437
32962898695
1005002884783210
1005003293990837
1005002752751460
4000602520849
1005002889227428
1005003316335048
32879297818
1005002722616598
32811303418
32921515939
1005002793562817
1005001305457582
32971337317
4000208278012
4001258904233
1005003228882538
1005003312105386
32885189929
1005001617808411
1005002609005005
4000683253775
32848339729
1005002667396491
1005002660443868
1005003078028706
1005003198266039
1005003318788209
32548446573
1005003311388753
1005002685638476
33044167672
32861319398
4000225473313
1005002979100487
1005002906531099
1005003001476707
1005001895272010
1005003238573015
1005003211193675
4000390573210
1005003268903080
1005002669908976
1005002491251043
1005002767859024
1005002855420374
1005002558836186
1005002299851689
1005002823479092
1005003002013709
1005002390339313
1005003320849505
1005001942110261
32382031153
33015331968
1005002130353644
1005003093737861
1005003340373266
1005001706221441
1005002683205750
4000540843102
1005003229114053
1005002288228907
4000603303027
1005002636399500
1005002397395728
1005002589151983
1005003223731953
1005002695677971
1005001430576626
32954172207
1005003342090283
1005003155240675
1005002511184899
1005003255625185
1005003033728332
4001363935696
1005003030559766
1005003235860812
1005002471235804
4001105814571
1005002853136811
4001335552857
1005002645833913
32708941226
1005002751844533
10000240269243
1005001493158682
4000214835512
32765534309
1005003304855156
1005003185273539
1005003298445158
1005003341375345
32861912520
1005003341470243
1005002049866330
32702995398
33045844569
32953277354
1005002657119142
1005002582687162
1005003062333668
1005002647222745
1005001797920865
1005002567534484
1005001515345354
1005001552902946
1005002905510587
1005003318570645
32898254970
1005002782612357
32792478758
32939545228
1005003175723498
1005001314281332
1005003190066082
1005003214475444
1005002556024513
1005002964458409
1005001781190836
1005001810524902
4000278320235
4001011080414
1005003133897207
32508277164
1005003147872509
1005003374308046
1005003208371561
1005002767859242
1005002599825990
4000871752656
32852514206
1005002121127448
1005001607554379
1005002144232063
32856495705
1005002567629949
4001037712640
1005003259366427
1005002389798689
1005003005144235
1005002827614875
32966506280
33055000984
1005003306104547
4000748498263
1005003195408041
1005003027496105
32999244071
1005002136529295
1005003385038598
1005002766807301
1005002576963162
1005002563254703
33021448111
1005001268293143
32843623185
32885029034
4000771492743
1005002612760433
1005002052655470
1005002487400148
1005003265171976
4001235461448
1005003148290846
1005002133750410
1005003248903429
1005003032183455
1005002524710642
1005003226421569
1005002965111721
1005003384945893
1005003156890805
1005002310314973
1005002193707665
1005003296891892
32979969000
1005003029736966
1005001872087833
4001361167648
4000711614369
1005002516557415
1005003188303447
1005001429650531
1005002920353877
1005003074760668
1005003148866439
1005002421551403
1005001495817753
32952570606
32903875563
1005003263595677
4001208467769
4001041281475
1005003363978736
1005003313279957
1005002292142481
1005003026833667
1005001780277690
1005001420552408
1005002474973299
4000253550488
32972281322
1005002734962221
10000409845915
1005003288645079
1005001812717272
4000324805436
1005001989661273
1005002357773051
1005003020996502
1005002566707316
1005002876371072
32955413284
1005001864967293
1005002883065785
1005001957806851
32893085540
1005002863259111
33002373370
4001135779389
4001223036724
1005002613319807
1005002821290375
1005003030351058
1005003258729779
33003387770
32828666654
1005002554394188
4001079323618
4000547733219
1005002791891373
1005003031544444
1005003296463701
33047457390
1005001767693867
1005001811051254
1005002489568861
1005002700508293
1005002789704083
1005002315329328
1005003239451219
1005002711089377
1005003227015576
1005002651276851
4001132399760
4000318033452
1005003143052722
32946042093
4000808548737
1005003197928323
1005003128361797
1005002840583905
1005002321226065
1005002295817563
32819832760
1005001625411717
1005003345147449
1005002483978067
32306267343
1005003278799314
1005002968315550
1005002434796145
4000194511890
1005003362464844
1005002814704956
1005002906549989
4000103445444
1005002205585280
2006606844
33005881935
1005002531768519
1005001887572744
1005001677918445
1005003030114296
1005003322527955
1005002612646936
1005002129488448
32917019716
1005003337892784
1005002911534530
4000738534959
1005003122658888
32874773186
1005002925122157
1005003151471021
1005003167839204
1005002719368890
4000269967029
4000115208673
32734485118
1005003310699170
4000960659034
1005002919706342
1005002085829592
1005003161875489
1005002913541518
1005003354545412
1005002723709311
1005003274337306
1005003037793528
1005003249489039
4000985316970
1005003096111169
1005003362960458
1005003341240152
1005002977232282
1005003332428532
1005002789052862
4001118274890
32979336273
1005002568824438
32977039850
4001321519987
1005002046694194
4000682927582
1005002731027839
4001010285137
1005002996245687
1005002622665073
1005003337339845
1005003286542439
1005003182106139
1005002552511959
1005002551070915
1005003222212558
4001219991734
1005002565287632
1005001903018565
32918304272
1005002788369570
32885813637
1005003297100102
4000751523737
1005001961785044
1005002352330094
1005003222514739
1005001379373496
4000270577484
1005002992867057
1005001884346384
1005002834446139
1005003319150361
1005002900716257
4000042162939
1005001743643223
1005001860025666
4000974346297
1005002907493489
32972636884
4000696607759
4000260000161
1005001441327433
33024857633
32961174293
32829471321
1005002697548959
1005003356018135
33045426057
32857697061
1005002205745243
32646598801
1005002577837360
1005002827536740
4000173574376
32674365365
4001257790082
1005002809491553
33040097765
1005003378401036
1005003155054685
1005003064708490
32816080337
32723706606
1005003101653141
1005003365195844
4000693256140
4001107084268
1005002312991223
1005002002102758
1005003020654481
1005002667936581
1005002749363227
1005003180308805
1005003114795037
1005001801687144
1005003201386711
1005003216750976
1005002450919646
1005002981742662
4000918442958
32889916484
1005003228641037
1005002016657173
1005003293878454
1005002642860144
4000102007128
1005002314330153
1005002876726541
1005003269154258
1005002274962574
32982733056
32659640804
1005002929352772
1005001833403896
1005003360125086
1005003029272009
1005002141138406
1005002782704696
4001290402274
4000698333964
1005002133661192
33038362258
4000801150715
32815488662
1005001928852667
32836094844
1005002684251841
32766882030
4000109384151
32466403070
4000709873177
1005003196351834
1005003258944022
1005002254054268
1005002978005683
4000090753225
32850220355
1005002990850387
4000781979519
1005002487296629
1005001988662159
1005003136465197
4001256660825
1005001427586360
1005002029553747
1005003114043642
1005002583550314
32811815965
1005002258581533
1005002708874991
1005002546184905
4001228603077
33001884658
1005002460734281
1005002191118739
4000075193141
1005003014668373
1005003142514078
4000803613487
1005003231338989
1005003156242507
1005003322126998
33054727120
33024486300
1005002553058083
1005002329302283
1005002842132783
1005003279988159
1005002617276911
1005002977076068
32916583838
32946984817
1005003053958113
4001179679440
1005003322398171
32950415110
1005002193831590
32845221365
1005003193382873
4001010613694
1005001530543700
1005001680965323
4000404917730
1005001463418199
1005002722753386
1005003278021830
32958966298
1005003274946045
32994102095
1005003311306472
1005001359482802
1005001620443813
1005003334829708
1005003093354702
1005001620420982
1005003288038074
1005002782804652
1005001361365549
1005002043214314
32871651613
1005002719579442
1005003331151915
1005001666556089
1005002281743597
32992884804
32960877670
32843852371
1005002009652856
1005002944322235
4000118788023
1005002619778684
32888745260
1005003289818317
1005002513667642
1756330094
1005001689203510
1005002232609839
4000772407905
1005002795358007
1005002253636564
1005002359176535
1005003100237197
1005003146353478
1005002475759005
32381108746
1005002610750721
32639643066
1005003129557553
1005003091183144
1005001349267364
1005002821380896
4000502106192
33042577823
4000783916886
32935083093
1005002900330241
1005002608885839
1005003351274750
33030280438
4000819765909
1005003017034122
4001068920074
1005003021608073
4001196776129
1005002716283842
1005002120108142
4000963676176
1005002388045343
1005001992641385
1005002124021075
33032051853
4000356037129
10000256518617
4000532254058
1005003202792140
1005002789907915
1005002985294123
32892807264
1005002322152949
1005003336686446
1005003391262315
1005003090642814
1005002637114074
1005001798907245
32846556625
1005002493430561
1005001565706956
1005003145744627
1005002003579577
4001247718810
1005003253747001
1005002849543056
4000609984627
32944701128
1005003164691207
1005003228664566
1005003070284867
1005002974671399
32907707177
1005002580518226
1005002747443033
10000395862627
1005003044131399
32966851702
1005002387986999
32974295487
1005003064865636
1005002090816291
1005003264851066
1005002599088732
4000430118544
1005003217940420
1005001443200917
1005002518817815
1005001413243984
1005001727093307
1005003250489186
1005003308871843
1005002608909650
1005002774458580
1005002090450085
32825535373
4001316054247
4001162657999
1005002610759453
1005001908845268
1005002531468755
1005001869373023
1005002582943082
1005001989872995
1005002198808591
1005003237910280
1005001877251908
1005002778629220
1005001467886052
1005003089479367
1005002990512683
1005002316193917
1005003149652419
32981486177
1005002186941909
4000285247715
32794802248
1005001276038042
1005002996335820
1005003218274043
1005002974180007
1005003362234124
1005003208510940
4000013580238
1005002913133636
32275821958
1005003112387786
1005003037468932
1005001556419269
1005001955491645
32699600569
1005001875590306
1005001304684122
32971931731
1005002714767495
32873315893
1005002720794398
4001224812623
4001098277908
1005003388778368
32241264844
1005002346400118
32920679831
1005001677291957
1005001576234983
1005002872126982
1005003154427099
1005003084037495
1005003021368684
32287073735
1005003188752298
1005002034922482
1005001617539509
4000177164086
1005003316203869
1005003356878908
32773440830
1005002645241250
1005003387983901
1005001599274178
4001263257719
4000900560601
1005003009468007
1005002945719604
1005002752080349
1005002788929007
1005002108168997
1005001612730735
1005002235911093
32890371316
1005002821129473
32825723866
32769632510
32309863955
32804806085
33059317025
1005003245437322
1005002769994889
1005002998281478
1005003103177859
1005002672693530
1005002885285536
1005001599992502
1005003103898755
32920091107
4000104021393
1005003172321031
1005002340743680
32957581059
4001306627689
1005002698047091
32922757322
1005001506789921
1005002319411489
1005002339885567
1005002505870424
32891723720
4000767031866
4000205494923
1005003337156419
1005001524369002
1005003083706456
1005003370852427
1005001842664371
1005002066262260
4000720946419
1005002810939459
1005001423345457
4000282414158
1005002539376857
1005003360297305
4000988013380
1005003283839299
1005002042171420
1005002758496370
1005003227972305
1005002905444793
1005003331186639
4001200366775
1005002705292384
1005003333191171
1005001651488167
1005002753713806
1005003177984693
32946680823
1005003311461452
1005003105803569
4001308277557
1005002394932437
1005001393963402
33038447204
1005001582176016
1005002708936920
1005002569161075
1005003187053262
1005003225145219
1005003229531514
1005002913939710
1005002617051244
1005002973448580
1005001960475532
1005001810825438
1005003175665531
1005003327829320
1005002276526393
1005002382782858
1005001725977144
32950025261
4001084766668
1005002863371641
1005002346571050
32832633577
4000052264569
1005001543708732
32980128215
1005002519135654
1005002758912744
1005003115321568
1005002128311741
1005001535111855
1005001721921494
1005003025115237
1005003120363997
4000689044047
1005002551843762
1005003293738016
33031604480
32996226879
1005001417931641
1005002728594122
1005002322379103
1005001329370575
33047731295
32841308099
4000229886719
32987159223
1005002714450548
32677455311
4000266155423
32718153819
1005002620030696
1005003092290645
10000078396443
4001140319755
10000395812657
4000865394685
1005002014789517
1005003357284825
1005001886162029
4000418242288
1005002695972332
1005001321364267
1005002977738032
1005002636720409
1000008477517
4000546578551
4000546592689
1005003015235213
32812683368
1005003281179546
1005003256847254
32998788322
4000160374350
1005002978653424
1005003040865167
10000343888544
4000224456581
1005002931109259
1005003138792452
1005003156300263
1005001971763890
1005003330315612
1005003191917509
1005002733697685
1005003308137522
1005003384018404
32921893514
32875722310
32790916348
1005003314481293
32812529510
1005003070872061
1005002840732921
1005003154470951
1005002978271153
1005002138963599
1005001572829999
1005002972075373
1005002059740345
1005003336508277
32961121585
32872347431
32541725788
4001153408492
32981746883
33049256209
1005002241337249
4001157588437
1005003226545317
1005002965654203