4000939313769
32833556393
1005002632848163
4000733036096
1005003060416099
1005002049872620
1005002207005644
4000320866516
33054229141
32854089485
32886527284
1005003348534284
1005003032904266
1005001872304491
1005003044854895
1005003081871370
1005003203425440
1005002554922340
1005001604591935
1005003309044897
1005003208153697
33036832204
1005003237211715
1005003374103842
1005003128577237
4000011347488
4001232264268
10000011809948
1005003101426745
32879919011
1005003259202935
1005001796802958
1005002908154962
1005002673327222
1005002133316596
4001244744897
1005002626423292
1005002575344880
1005003157594350
1005002456825441
4000669284289
4001249151366
4000894564624
1005003102072925
1005002215228021
4001150481019
1005003299771512
1005002739547524
1005002837619916
1005002431032729
1005003130429686
1005002854804821
32808480471
1005002649139776
1005003079567408
1005002519802483
1005002515789341
1005002305062722
32845869234
32671074718
1005003124389259
1005003227813005
33011723908
1005003041427463
1000001860068
32974222578
1005002338619637
1005001873871949
1005002903782446
1005003332255660
1005003381047042
32788019828
1005003365652103
32432193227
1005003250385025
1005002674378109
1005002759328002
33018749156
1005003120214613
1005003211285402
1005001809304226
4000626449283
1005003127235589
1005002998186300
1005003337830215
1005002480906732
1005002259402820
1005001954723061
1005002242452604
32862531359
4001153225814
1005003330155397
1005003321294020
1005003105906276
33032289870
32854077537
32810591188
1005003205987401
32887082428
1005003357341960
1005003139085768
32941997273
4001278842523
1005003221568173
1005003313517477
1005003063466512
32991052688
1005003255292369
1005001890985390
4000151433025
4001104781970
1005002175568674
1005003273524968
1005001572110637
4001147912736
1005002521735628
33043546253
1005002572441389
1005002438848223
33004788872
1005003252682924
1005003083856955
32988521542
1005001648138880
4001080856190
32959411397
1005001680402867
32250322782
1005001803922090
1005002562516319
32905487056
4000492390098
1005003022253876
32975823607
32986071807
1005001982756819
1005002023386418
1005002871382380
1005001789416922
32852549389
32812131005
1005001511798721
1005001839809081
1005001296362556
1005003328181859
32869626521
4001084858381
1005002309764677
1005003313619675
1005003127393849
4001241489352
4001165758364
32859913244
1005003299512871
4000559103866
360410127
4000182287860
1005003168763689
4000182083670
33058310952
1005002224133361
4001224039356
1005003191546872
4001269189457
32849399635
1005002322983649
1005002369823166
1005003069900774
4000405472222
1005002548899710
1005002829544381
1005002623110020
1005002809474820
1005002704554716
32396895161
4001255029991
1005003034319380
1005001921275947
1005002694727004
32983451349
1005003374573542
1005002821918226
1005001319358163
1005001736666750
4000493010301
32873415314
1005002538959107
1005002286157467
1005002821765893
1005003112394898
32814028986
32821388002
4001230825895
1005001626047658
4001063251623
1005003305036339
1005001439564925
1005001986290937
1005002973768753
1005002283750669
1005003390558632
1005002795987295
1005001572785111
4000999936782
1005002511725416
33014870880
1005002973418591
1005001299103715
1005002621499094
1005003162785011
1005001737089525
1005001809539210
32485970346
4000619121795
1005001927019788
32910612510
1005003060928234
1799394811
1005001617677800
32970470463
1005002373327853
1005002694433063
33034190701
1005002943847497
1005003346011644
1005002862913272
1005002233596018
1005002628817608
1005003104700900
4000627063217
4000350033251
1005003375987015
1005002946711467
1005002765905905
1005003022315918
1005003372125211
4000738874275
1005002453242672
1005001436027515
1005001597821761
1005001830919753
1005002753200989
1005001286561626
4000534688355
1005003170051004
1005003218177660
1005001430867806
32895942566
1005003340847519
1005002313334218
1005002642781134
1005003209033409
1005002320846444
1005003069402394
1005003148582799
1005002300946461
1005001401795501
4000687758023
1005003059961562
4000206699343
1005002851207640
1005001624847907
32813791437
1005002210482454
1005001942626165
32849040673
1005003246614575
1005002663452706
33036533943
1005003076439821
32858590795
1005003300229832
1005001960395226
1005003100167268
1005002456755667
1005002974020985
4000663540882
1005002997027352
1005002321388827
1005001901423574
1005003368920089
1005003317182560
1005001953771401
1005003199230251
32977014058
1005002523938384
1005002905768546
4001211743218
4000854321160
32809266887
4000341616165
1005001869728834
1005003238677998
1005003085795339
1005003175100285
1005003223977846
1005002840982001
4001286266535
1005001297706181
32888779065
32956062743
1005002575605718
1005003391398386
1005002068305842
1005003117506312
1005002083870369
1005002667394992
1005002587536548
1005002842712074
32966037221
1005001469205840
32713123625
1005003309618636
1005002857027655
1005003301104619
1005002709969040
1005002570966807
32885924330
32967490033
32961106550
1005003241165223
32812285338
32902068325
1005003246700216
32968954810
1005003344530756
1005002080421922
1005002783818701
1005002696333150
1005003342284389
33031628190
1005003021067267
1005003178184720
4001338742222
1005002742457294
1005002459175509
1005002070880015
1005001836419406
1005002795893012
4000011708117
1965643022
1005001934175770
10000008129935
4001070369157
4001108973719
1005002024836897
1005002696711065
1005002843759149
32664474410
1005003386856770
33043736614
1005001893309247
1005003126064814
1005002858167837
4001356766010
1005002271050581
1005002649684067
1005003371479111
1005001717981517
1005002125133412
1005003311147570
32674947697
1005002707686881
1005003291619395
1005003233439572
32985788867
1005001556763800
1005003299082616
1005002559393557
1005002529350290
1005003380114499
1005002525731310
1005001989962668
32853188559
4001155582630
1005002461140396
1005002198672561
1005003221684152
1005003239502302
1005001812487626
1005002548425964
1005002820719642
1005003060064065
4000863895162
1005003033285654
32984224855
4000628623089
1005003342040418
1005003287832982
4000413992501
1005003356759289
1005001339529911
1005002799099352
1005002441858133
1005003048634278
1005002802459011
1005002926208348
1005002317593553
1005003387726969
1005002409708561
1005002630270434
1005002369060072
1005002448594718
32983093206
1005003307365235
1005003157459802
32855256059
1005003031233738
1005001683272917
4000119078211
1005003330176016
4000241057488
1005001658424772
1005003250592249
1005002003643752
4000848924022
1005002248198668
1005003215930266
1005002230191273
1005001557040518
1005002783140673
10000348960617
1005002912778232
1005003210610013
1005003380007040
1005003191579866
33061255697
4001142107189
33010457713
1005003311134397
32982669999
1005003019443582
1005003215137799
1005002840939014
1005002132809085
4001273163863
1005002665176331
1005003267945264
1005002114709907
1005002433841513
1005002126567745
1005002868007338
1005001581132097
33053167189
1000004717348
1005002132965147
1005003031544931
4001042116046
32923588414
1005002739428227
4000126303713
1005001555405545
32831452548
1005002732803247
33008419588
32799382135
4001208486512
1005002478053680
1005002532655949
1005002461627929
1005003187237592
4000234910656
4000200461133
1005002454455960
1005002830333957
1005002866699243
1005002696960589
1005002833632948
1005002239699014
32802930523
4000427022643
4000505577269
1005002876474100
1005002478306239
32974038734
32729797861
1005003386311453
4000175935831
1005002433729532
1005002705758170
1005003082162118
1005003193363000
1005002189874936
1005002990717707
1005003301867437
1005002459572416
32872043490
33029602505
1005002877734754
1005002587719938
32833383978
1005003223972173
1005002317149232
1005002932894395
1005002238717301
32858994627
1005002258388962
1005002322992194
1005002753916100
1005001818908091
4000842449848
1005002952271618
4000815935131
1005001808912982
1005002264695361
4001351844170
1005002453189986
1005003319744296
4000192945966
1005002923372708
1005002135047812
1005002974162011
32972550994
1005002798895627
32951251087
4001328359167
1005002936297354
1005003242226292
1005002620283271
1005002048641433
1005002976759249
1005002532798494
1005003172111202
32864008412
1005002731423746
4000084743205
1005003140491928
1005002345178389
1005002745107960
1005001388910268
4001207909834
1005002545028600
4000802018167
1005003303452609
1005001997413234
1005003285487130
1005002995350833
1005002371540684
1005002081944109
1005002062007879
1005003072520606
1005002482481412
32914552277
1005003012132534
1005003228609216
4000684578404
1005002930493231
1005001930250534
1005003188476902
32917493750
1005001814387403
4000715039755
4000019592455
1005002311761452
1005002130393594
1005003129495941
1005003332848192
4000615786248
4000302837009
1005002629144429
1005003333191171
32752479824
1005003177560106
33002923749
1005001861770303
1005003383304290
32851146431
33033381386
1005003319791861
1005001906110974
4000272724209
1005003018113962
1005003224327833
1005003343983949
1005003048919690
33051270608
1005001614821250
1005003373576100
1005001288327492
1005001462510539
1005003176329199
32922874554
1005003135212885
1005003349073815
4000510660094
1005003385198648
1005003298861364
32849334522
32863014102
1005002380820185
32913089616
1005003368605457
1005002776953659
1005002566959927
1005002313718813
1005002940340556
1005003341211543
4000769705503
1005003181675274
32980632097
32886036482
4000210366909
1005002963567418
1005003029045171
4000126762608
32800329240
1005003185195019
1005003117887074
4000937171306
1005003375131329
32949760191
1005002931037041
1005002482727116
32999664675
32836728743
1005002841650674
32787742027
1005002253108790
1005002788764772
1005001888277486
1005003102155051
1005003257461102
32917198174
1005002995897231
1005003328850494
1005002931000627
1005002357970257
767984296
1005002791730769
1005003281547467
1005002680306259
1005003306858253
4001273411650
1005002803271274
1005001431565162
33010320586
1005003247546352
1005003311818787
33015031947
1005001738883789
1005002979969404
1005001535396812
1005003387511967
1005003106357620
1005003049147849
1005003168938503
1005003092730581
1005003169050331
4000715104068
4001361906288
1005001436884739
1005002241508002
1005001483211758
1005002575641935
4001320360545
1005003129445985
32795753117
1005002355236990
10000121378086
1005002883288335
1005001895767583
1005003085505390
1005002878912181
1005002358654767
1005003280564709
32977369349
1005002642451995
1005003236394114
1005003377747054
1005003022215777
1005003335000970
1005003275020389
32997134089
1005003336996647
1005002337413774
1005001304275175
1005002637132056
4001046314146
1005003300091059
10000319803141
32681130492
1005001880430689
4000037136594
1005003257393682
32902892778
1005001424997171
32873155171
4000610033226
1005003265516270
1005001402537245
32834031237
32844647341
1005001579833977
1005002733126265
1005002636756860
1005003386362139
4001149812605
1005002725043383
1005002207903869
33002102981
1005003336357534
1005002350049922
4001053447277
1005001920736667
1005002313738472
2039046193
1005002261002432
4001241810666
32809460715
32971891215
32970551868
1005002388757799
1005002619012164
1005003222417609
1005001403412767
32786936126
4000099953064
1005003214504148
1005003267678009
1890753076
1005003262829079
1005003179550423
33017938097
1005002241013249
1005001987954170
1005002309794928
33049940696
1005001799052142
1005002647232960
4001165989562
32959923516
1005002949465009
1005002924079246
1005002686522524
1005003374224777
1005003297603816
1005002500412433
1005001501910345
1005001728944417
1005002313572303
1005003337221901
1005001387903489
4001200965292
1005002696490000
1005002765800174
1005002657755996
1005002893856226
1005003001365955
1005001387556792
4001154201289
4000219301847
1005003108045845
1005001699771612
1005001689186541
4000699364224
33002261560
32987284835
1005002806223576
4001090727217
1005003309691961
1005003277939761
1005002618879681
32847069261
32755531279
4000385917613
1005003331904666
1005002999947795
1005003175116792
1005003101996095
32324155666
4000847683402
1005003019429926
1005002358104416
32795462828
1005002294755414
1005003205897905
1005002827959610
4000907783323
4001254367939
1005003385349729
4001213035003
4000346249769
1005002468284879
33004363086
32985373633
1005002836794348
1005002033894822
1005003365130761
1005002553550138
32992632495
32966985757
1005003319343834
1005002711831252
1005003325948482
32814914056
1005001429654713
1005003290388103
1005002134468316
32989854547
1005002930995274
1005001855824632
1005003388468437
1005001518308687
32249542070
1005003060411621
4001232243658
1005002492250940
1005003253517960
1005002854382408
4000242252067
1005001857291169
1005003378799274
1005003001908797
1005002621787507
1005003140569867
4001358603115
1005001815130166
4001167562823
1005002464787301
1005003101499626
1005002971010578
1005001988353665
1005003311777386
4000070654918
1005001768522017
1005002998535469
1005003144409070
4000071467967
1005003363412361
4000656994368
1005002474144605
1005003035691351
1005002962886570
32397065072
4000916496598
32894981554
32972029944
1005003327980210
1005001457188444
1005002402018095
1005002573511437
1005003303789521
1005002448341219
1005001779577611
1005003140168125
32795046761
4000231074018
1005002700932035
1005003300446815
1005002283412850
1005003154906048
33005201393
1005002531333623
1005002529273433
4001194236956
1005002781260019
1005002990370307
1005002010696496
1005001441809487
4001224812611
4000715570778
32748582245
1005002817977358
1005003086143546
1005001736616967
33052853364
1005003347971022
1005003059861960
4001312906014
1005002608859841
33019193338
1005002058132761
1005003135375711
1005002122309612
1005002920842395
33042753791
1005003197236638
1005002313463471
32856311272
1005002623445336
1005003226289789
1005003107511899
32376681839
1005002489812344
32868369354
4000239343829
1005003313083786
1005002964809152
1005001780308375
1005003280352520
1005003281951395
1005002573414081
1005002690516240
1005003287885048
1005003166421265
1005002621914756
1005003299352703
4000779408264
4000067787308
1005002313385082
1005002576333208
1005002766323975
1005001344706034
1005001606921681
32707280931
4000295660273
1005001349842995
32820865408
1005002965210907
1005003355384245
1005002642771270
1005002738005280
1005003171488729
1005002287602647
32922423390
1005003033545453
1005003148128563
4000643496989
33054375362
1005003367796719
4001361203776
1005003162660163
1005002192323645
4001028095364
1005002353384083
4000603429320
32811429632
1005002552511959
4000227957992
4001278769929
1005002673861329
4000929699237
4000042959244
1005002840494376
1005002217466101
1005002430248262
32897332119
1005002093777094
1005002975160070
1005003228591058
1005003267819238
1005002122549228
1005001868611171
32888945438
1005002753268456
1005003131568318
1005002676906508
1005003025907780
1005001611976422
1005002937155390
32974005843
4000852974177
1005002915170839
1005002796175700
1005003156090071
1005002989566637
1005003195013833
33026761234
1005003305105187
1005003319251450
32955033849
4000761656279
1005003357023297
1005001691182244
4000243103541
1005003240642403
1005001907810294
33026437128
1005002365657124
32917753221
4001051520744
1005002311206561
1005003255768758
1005003163510666
4000597247827
1005003019783644
1005003302513428
32875693589
32996538109
1005003371941441
1005001765093959
1005003241778801
1005003041635302
1005002899803589
1005003252088656
1005002925730055
1005003225120411
1005002101223341
4000072496752
1005003264846045
1005003169041217
1005003288568263
33060184347
4001295817424
1005003149582206
1000007693168
1005002927813999
4000336669241
1005003086006185
4000328945644
1005001635892303
4000037112578
1005001833692280
1000001262931
4001207597413
1005002617220959
1005002846862976
1005003116274171
1005003115166100
4000032402949
1005003262452052
4000374050990
1005001889799704
1005003384891026
622266102
1005002619177197
1005002645299029
1005001368763905
1005002830517980
1005003309192927
1005003112640646
1005002804393854
1005003071455392
1005003251421254
1005002002637872
4001309889521
4000726733175
1005002925355955
1005002376243550
4001245893801
32964642060
32856173159
4000212357775
1005003348623057
1005003121904895
1005002557789999
1005001941144260
1005003076980219
1005002879169948
1005002007474750
32438454494
1005003198581411
1005001687735305
1005001652652894
4001036385866
32900172321
4001103843311
1005001699939733
4001316613563
4000626391261
1005002613005763
1005002618905518
4000155276742
32959568496
1005003087263921
1005002994849693
1005002070790525
4000816783596
1005001598417061
1005002329523307
1005002996804935
1005003222700100
1005002789644705
1005002534814415
1005002519516098
1005002494379198
4001153205464
1005003370656597
1005003217393778
32283883324
32854454852
4000382114029
1005003311388753
1005003373555123
1005002396227253
1005002597314145
1005003251614520
4000975152583
4000053638457
1005001726741252
4001098662890
4000819369412
4001061286898
32966866900
1005001867231907
1005003187480526
1005003088595096
1005002908604989
1005002350737244
4001304698837
1005003387384843
1005002871822166
1005003151211932
1005002557747863
32961426555
1005002356263572
1005002388794155
1005001465558479
1005002215259690
1005001537070080
4000449743288
1005003014747338
1005003261652697
1005002342884381
1005003359732563
1005003356431679
1005003098415786
1005003012490665
32960388719
32973963987
4001052654565
4000223239677
1005002994314258
1005002837784556
32462383346
4000206058054
1005002394261458
4000160438934
32971062619
32303008292
1005002796374518
1005003333729830
1005003156649237
1005001917550644
1005003284793160
33055849541
1005002042711005
1005002899627580
4001139360403
1005002906660402
1005003213894894
1005002640765118
1005002047275008
1005002646965664
1005002818651629
1005003026233506
1005002739164539
1005003131987550
1005003112345730
4000287621000
32982272471
1005002320617917
1005001334288793
1005002246092778
1005003156172658
1005002938847891
1005001604697731
1005003086122445
1005001356050535
1005003143082650
1005002628939031
1005003295981195
4000087838557
1005002134658874
1005002457361309
1005002416963224
32986260588
1005003313249470
1005002656472039
1005002371592718
1005002837128462
4000348750403
32846589821
10000007817184
1005003116779207
4000714180540
32895901465
1005003270657103
1005002382516120
32763508334
1005002269011356
1005002595671179
4000743047808
1005003389604202
1005002662068309
1005002813992445
1005002907348924
1005003026394494
1005003197500545
1005003027304582
1005003161332243
1005002775880335
4000696367253
1005002315444258
1005003098082112
1005002795793424
1005002739165344
1005002904794599
1005002426101222
1005003071864894
1005003292352723
1005002974967407
4000901353988
4000012747193
1005002332967060
33032445330
1005003111328724
1005003070357876
1005002328455091
4000289247235
1005002395134021
1005003384985734
1005001608638167
1005001954915213
33026230353
1005003351988556
1005003196018056
1005002954157861
4000459592128
1005002784775874
1005002761325411
32933582112
1005001658627567
4000041680150
1005002573542268
1005003008027623
32812911826
1005001656499660
1005003253581495
1005003352971827
1005003386351009
32951958063
1005002795219974
1005003041978725
1005002870324002
32944969930
4000248631613
1005003211842079
32751139572
1005002285789341
1005003350490557
33009351265
4000240904041
4001274934221
1005002716707959
1005002958592355
1005002511340627
1005002589547715
32977659347
1005002687675228
32761191050
1005003290122829
1005003267155214
1005002668858732
32761473631
1005002408503440
4001207537033
1005003386229813
1005002965277682
32825555463
1005001678745338
1005003119854263
32995525169
1005003209746497
1005002115926675
1005002175955636
4000206092403
1005003309654384
32867760283
1005003069109840
1005003112892979
1005001939417872
1005002224968759
1005002484762163
1005002960027879
1005002948253074
1005001874056438
4000938817101
1005003070278083
4000764093878
1005002114230411
1005002387091460
1005003285476362
4001248433516
32843749278
1005002898784004
1005002657139709
1005002964439870
4000510916435
32990943542
32873959449
1005003092581731
1005003183168055
32844066900
1005002667472697
1005003185307835
32863811963
1005002711177450
1005002354440089
4000970780612
1005003219148810
4001198346862
1005002969553806
1005001596492101
1005003190535600
32890163983
32959670302
1005003311457583
32836398111
1005002182703196
4000749702122
32694448371
1005003391646616
32872575412
1005002737306750
1005002973111613
1005003160533530
1005003307757266
33024096032
1005002490742230
1005002233315758
1005001977710505
1005002878989857
1005003197884960
1005003383404297
1005002368854865
4000310630050
1005001386021004
1005001575293561
1005002389642199
1005002814152578
32903086108
1005002234365805
1005001495994922
1005001576746779
32956175219
1005003092964917
1005002598065284
1005002413713814
1005002950134834
1005003013793989
1005002567235241
32839006782
1005003023517352
1005002647105569
1005002277507956
32989559293
1005002989853662
1005003107932690
1005003004281644
1005001960812259
1005001709164742
1005002759431043
1005002738152863
1005003275521874
33055815160
1005003215700313
1005003255397817
1005003383607622
4000537094956
1005002310356028
1005003028402743
1005003279651494
1005003063838176
32292583227
1005002709251245
1005002619095197
1005003021075277
1005002819941749
1005002388262353
32856352449
4000036679705
4000268222644
4001100135169
4000937267968
4000003652520
1005002990275641
32909277990
32982442837
1964633629
1005002724567076
4000930095640
32981343990
32959856453
1005002220069925
32887345178
33007716626
1005002856390664
1005001993266745
1005001877414228
1005002171766491
1005002926822868
32988694340
1005003253658164
1005001712987447
1005001893292355
33023358622
1005003335059416
1005003110315196
1005003070431010
32808957216
4000378298432
1005003229007992
1005001720833885
1005001750410208
32856352705
1005002510910134
4000853257605
1005002399388758
1005003314863571
1005001693033500
32344558035
4001078680517
32823111452
1005003157444821
1005002646559912
1005003303241588
32891355763
4000339811327
4000219359836
4001250404672
1005001541075278
1005002908583127
1005002921079252
1005002949163709
1005003340649241
4000497830994
1005003026827658
1005003239694388
32754563821
33018031267
1005002899325921
1005003046872638
1005001987674464
32887685064
1005002058069364
1005003163289149
32998669259
1005003205558844
1005002884300525
4000978776270
1005003076647416
1005003224298071
1005003198337265
1005002081119524
1005003232386524
1005001658436175
32837465418
1005002622775828
1005003284857601
4000393739349
1005002110927237
1005003340405884
1005003083425064
1005001832178911
1005003112532177
32893657543
32922589439
1005002238003051
32701628279
1005003237591257
4001244189270
1005003305786361
1005003227597690
1005003012886098
1005002783003741
1005003386444265
1005003016132134
1005001561593139
32789934355
32951199215
1005001908469288
1005002803451846
1005001884248043
1005003183304571
1005002662040717
4000186092181
1005001847806039
1005002835965211
4000898079122
32610423975
1005003230026441
4001363938445
1005003145373898
4000918584533
32902438396
1005003062059770
4000074512407
1005003287013539
1005001913669713
1005002854520545
1005003208441762
1005001704321302
4001361158450
4001238538763
1005002642692331
1005002193164484
1005001914105525
1005002004023044
1005003387817213
1005002809986731
1005003240184838
1005003364192420
4001039116474
1005002599489641
1005001902670822
1005003076910703
32897530356
1005003315553061
1005002668374352
1005002309222471
1005002868430634
32771149511
32833348603
1005003028273189
4000290572677
1005001843543758
1005003322974849
1005002069545926
1005001439325677
1005002920129108
1005001579355708
32873492551
1005003124355672
4000532490436
4000786749838
1005002257660944
1005002649202013
1005003386288655
1005003295503363
1005003339315168
1005002476304036
10000395887796
4000473998414
32916181264
4000874698131
1005003176386924
1005003345498865
1005002090743512
1005003243772379
1005002789187740
1005003205306569
1005003014066476
1005002816058259
1005002260886144
1005003385875834
1005003213094033
1005002797199622
1005001836475122
4001317617745
1005002813379181
1005003090396484
1005002794905612
4000463403506
32816081378
1005003386309244
1005003264117067
1005003224506983
1005002950372303
4000751917191
4001032022560
32960057512
1005002553796891
1005003337056790
32918824126
1005001417839978
32889795863
1005003193071691
1005003001051250
4000895975795
1005001450990724
32957139297
1005003366004070
1005002878699737
1005002863402972
1005003065558869
32960598320
32510388798
1005003323314677
1005002001944695
1005003365416104
1005003017289221
1005001962307612
32816081805
4001111725181
4000830320027
4000077127552
32862726662
1005002618257225
1005001608931347
1005003183563042
1005002723368836
1005002316661831
1005002343577668
1005003255174712
1005003362000231
1005002897743024
32832115074
1005003090435066
32916097346
1005003163189922
1005003081240091
1005002347116559
1005003387737954
33049973834
1005002421655208
1005002384800211
1005003020318519
1005002746998836
1005001309922211
1005003083570740
4001282089044
1005003280387659
1005002857406908
1005003136096890
1005002824190211
1005003027584362
1005002944672223
32772313536
1005002990078849
1005003363549614
1005003102198272
1005002019805248
32873353018
4000857595006
32812232760
32863085696
1005002873128217
4000069601148
1005003225075538
1005003109665281
4000756549169
1005003348255181
32872373707
1005001300822235
1005002481633485
4001085874700
4001031423618
1005003083033536
4000062683518
1005001804604839
1005003016995674
32841057549
1005003134004424
1005003163022457
4001149039844
1005002612931480
1005001483494320
1005001769156338
4001040530518
1005003356670820
1005003165211200
1005002648822256
1005002004189547
1005003021365059
1005001860689428
1005002826600823
32835940813
1005002640655365
1005002813326199
1005003351577374
1005003363748563
4000842747927
1005001998970350
1005002329226806
1005003309860543
32948455908
32957894775
1005003198797397
1005002658851615
1005003082199150
1005003178512341
1005002597094822
1005002886267168
32875914710
1005002995813100
1005002993135844
1005003095389294
4000460910955
1005003001434363
1005002105463892
1005002064521606
32919138683
33056679799
1005003364994869
1005003389670906
1005002359624797
32949687435
1005002735881895
1005003319222855
1005003142972204
1005002058582938
1005001652426041
1005003121767707
4001045469100
33008018197
1005002039410481
1005003223713134
1005002944124965
1005003332453549
4000823842427
1005003111174269
1005002439325495
1005002960851117
32763887881
1005002584607016
1005001944352173
1005003238630992
1005003320931562
32932344771
1005003064457032
1005001292927512
32831539632
10000136288101
32957535688
1005003337049403
1005002868722876
32969177295
1005003031236769
1005002997612987
32833390045
4000571442158
1005002924048171
1005002955005427
1890949316
32494811546
1005003195032822
1005001821673656
4001260300464
1005001727931738
1005003030735645
1005002722955336
33010747990
1005001560072704
33042303785
32861569169
1005003260969769
1005003112843032
1005002886346016
4000998538599
4000620293642
32826978682
1005001873134911
1005001493430555
1005003045367636
32997136515
1005002857621108
1005002574936848
32933714600
4000972615598
1005001357353853
1005003280920939
1005002739308336
1005003322247087
4001227380812
33053133581
1005002551809242
4000114471959
32820883246
4001164150082
4000529330937
1005003341687730
4001212017197
1005003196154812
32957305156
1005002883115386
32864370796
32849861619
1005002835153858
4000711603295
1005003363507887
1005001849621070
1005002770544715
1005003292482815
1005002270738453
4000026210002
1005002760827752
4000931763489
1005003360261226
33024049692
1005003288454294
1005003227309836
1005003045011861
1005001309911651
32831804693
1005003157258235
1005003348466107
32877805316
1005003323634697
1005001355001871
1005003257104479
1005002624061621
1005003048604334
1005003001025271
1005001767960088
1005002658383011
1005003303258832
1005003377016704
1005003119872272
32869116427
1005002667547829
1005001614651768
1000001711154
33041062528
1005002586471230
4000225752654
1005001442558074
1005003279356092
1005002342252996
1005003259515785
1005002771532626
4000105823042
1005003059778440
1005002658043652
4000012749893
1005003196377078
1005002566142868
1005001808117980
1005002311419180
10000408200931
1005002907043408
1005003166116654
1005002288284462
4000934345596
32912075163
1005002136896192
1005002567749059
1005003114690638
4001019196736
1005002931589560
4001244372853
1005001780435142
1005002285602625
32732948126
32297793105
1005002060852856
1005002896995630
32848697202
1005003385926549
1005003227536560
32551139551
4000065209220
1005002342520934
32989799355
1005002636242956
1005003383923576
1005003344264418
1005002996857287
1005002520542227
1005002705978600
1005001304569820
1005003144212174
1005003172313797
1005002428029969
1005003016221982
1005002832984812
1005002888274611
33011643127
1005003221879974
32480960991
33021824090
1005003037036220
1005002608895487
1005002849382846
4001217452363
1005002810576192
1005003193430311
1005003319517696
32990058163
32522391541
4000120479074
1005003236496433
1005003207694412
4000135917174
4000987376648
32950047754
32855666315
4000138696269
4001344794569
1005002824697511
32959905403
1005003293790708
1005002318442234
1005003254935985
1005001619741204
1005002547872062
1005002910204212
32830695757
1005002601005047
1005002734460044
1005003047129435
4000381982284
1005002606193646
32837274951
32888981499
1005002387540503
1005003333037995
1005003241241288
1005001889802580
1005002616157773
32822189902
32881704497
1005001524040678
33048993282
1005002876904098
1005003387816253
1005002443045981
1005002997010833
1005003320811242
1005003269428341
1005003066559519
1005003343796222
1005003001814015
4000711609892
1005002851228406
4001241810666
1005002261027142
1005003297900744
1005003259631955
1005003056727967
1005003065378339
4001230440012
1005003337780179
1005001325925929
1005001633915802
1005002749068137
33030745409
1005001999557989
1005003038145364
10000411639717
1005003349350607
4000134844561
1005002176207914
32970358599
32476593200
1005002855054377
1005001314940981
1005003362911997
1005001608416444
1005002571924169
1005003245070353
4001138226221
4000800466056
32840600398
1005002705209796
1005003254344535
4001251116117
1005002952837750
1005003385019388
1005002841654866
1005002408061773
1005003331423447
1005003064201865
1005003384925216
1005001281007395
4000505524130
1005002289027676
1005003336423359
1005002992473632
32846199707
1005002910950463
1005001780685059
1005002583648643
32888940149
1005002359609417
1005002313865144
1005002028285032
1005002661793071
1005002952402937
1005003119885171
1005002616800067
1005002413376516
1005002804754145
32984406366
1005002669132820
4000148448935
1005001859839162
1005002653002318
1005002378962261
1005003151908443
1005003330721604
4000424469744
32993462440
32830431303
1005002582838456
32721301326
1005003331530871
1005003127614403
850198219
1005001470372133
1005002641974532
1005003115178081
1005003200759805
4000359136368
1005001960248860
32857983738
1005002063814507
1005003172676558
1005003340944845
1005002616177346
1005002431941498
1005003304724793
1005002754179860
1005001770892084
1005003104159257
4000365073632
1005002773580407
32824829001
1005002502576661
4000023742268