32832774447
4000385676712
1005002136653572
4000109990434
1005002897684539
1005002564544115
1005003306952350
1005002177306972
1005001840713123
32770973055
1005002928350547
4000883109667
1005003375843093
1005002344176626
1005002339433453
1005001609571804
4000123408645
1005003122242019
1005002317166365
1005001907021268
1005003220964430
32966274391
1005003303296774
1005001670482337
32972390107
1005002886224750
1005003103144313
1005002586591894
1005003115502049
1005003000989414
32924975664
4001175440468
4000097581147
4000558533451
1005003309639332
1005003353719522
1005001962131209
1005001851825094
1005003310455340
4000795357671
32961498164
1005002258915729
32861149408
32879996098
1005002341046831
1005003280996547
1005002808980340
1005003195971312
1005003302414386
1005002974506438
1005001773592140
32834870776
1005002413421391
1005003155588623
1005003171207371
1005003328389081
1005003129845531
1005003234317175
32855664114
1005003129729079
1005003263635900
1005002363728851
32808897637
1005003171420124
33033315269
1005003004023185
1005001325961149
1005002272194104
1005002997659764
1005001788766829
1005002542091966
1005002638243960
1005002862723655
1005001711395042
4001299311130
4000239727740
32952589268
33046404459
1005003124262878
1005002919326294
4001031809838
1005001463892928
1005003196037734
1005003038199136
32982805017
1005002622038134
1005001893254704
4000809942812
1005002658269226
1232299576
4001019179818
1005003128805116
10000219918916
1005003293810114
1005003373639420
1005003311203661
1005003211664320
1005002656055878
1005003239250563
4000314270704
1005002855717549
1005003319881258
4001044106902
1005001521310372
1005003300533099
1005001441738032
1005001599404298
1005003292343213
1005002347276414
32849550903
1005002597371287
1005002866671451
4000860443312
1005002603809424
32824229855
32975508726
1005003002364374
1005002731344013
1005003268699942
1005003099149258
10000366937254
1005003328834058
1005002288493061
1005003029755629
32878784301
1005001456720495
1005002753481922
4000786364714
1005002979767866
1005003291478509
1005002816560158
32415399118
1005002912258615
4000734376482
1005002374946003
1005003008001832
1005002806007912
1005002926284031
1005003122542067
4001291254294
1005003303186197
4001195422269
1005003391257910
32925707228
1005002204647314
1005002453461868
1005003302024238
33020682386
1005003124266948
1005002540931081
32819353001
1005002549604314
4001080005819
1005002629964500
32953394864
4000473035739
1005003138856640
1005002635483569
4000531993413
1005003376313398
1005002011783369
32836470583
1005001845188001
32841487137
1005001550953994
1005002483257321
1005003155603099
1005003368545920
1005003120539087
1005003212068011
1005002587814177
1005001955438778
1005001339119897
1005002553850386
32898144026
1005003317517675
4000492526446
1005002794777425
1005002433345886
1005002546991171
1005002654895267
1005003310088394
1005001346046686
1005001495203297
1005002648785007
1005002328632121
4001283692573
1005002808642294
1005003385525339
4000614320509
1005003174750505
4000551604090
1005002673160810
4001198068364
1005001896439183
4000380998284
1005003342372112
4000843508726
32979740975
4001028041920
1005003336917837
1005001525374093
4001184431635
1005001773227263
4001057434224
32816017322
1005001820557588
1005002052320288
4000341301181
1005002373451745
1005003295101853
1005001302534079
1005002748602547
1005002348658138
4000645391854
1005003157210701
1005001782698709
1005001528369664
4000215754209
1005003135880832
32724099021
1005003367643902
1005003250023524
1005003265770987
1005002950892202
1005003356088276
1005003164181309
1005002191684456
1005002359467343
1005003305965504
4001065578207
1005002703849071
1005003159217280
1005003122670146
1005003319108647
1005002252363268
1005002649863832
1005002683074225
1005002842232112
32842205253
4000688938269
1005001975239852
1005002953170030
1005002982100334
1005001381243154
1005002200451957
1005002122267870
1005003229426648
1005002939389592
1005003011605334
1005002608962961
1005003302322787
1005001888073436
1005003337468174
1005002874979428
1005002653318153
1005001794947073
1005003253352175
1005002844125159
1005003227794348
1005002484711585
1005002841236278
1005002726019300
1000001469474
1005003320028125
1005002622091784
1005003020276745
4000479948086
1005003263775158
32989906115
1005001870584142
1005002924223799
1005002784415208
32968586355
32840295922
1005002721643178
1005003020742675
1005001593039391
1005003110047231
1005002956992855
1005002547472113
1005003360104967
1005002458600997
32785294167
1005003307940733
1005002862349518
4000390710695
1005002073750417
32878143153
1005002796356835
4001278557710
1005003246205133
1005002920915788
1005003147370562
1005002073555236
33007321839
1005003336210718
1005002681139123
1005002138211686
1005002583198646
1005002150090963
1005003051921802
1005003367178171
1005002009549493
1005002817433201
1005003262878767
4000199787097
1005003174402576
4000378355154
32646097326
32922577254
1005003125248791
1005002918780679
1005003380198805
1005002396471560
1005003274317589
1005001411588985
1005003036238760
32907203963
1005002824209380
1005001482948644
1005003134403518
32889838302
1005003379444036
1005003374232811
1005003219464985
32736194659
1005003316569647
4001300218963
1005001633936739
1005002767741217
1005002837882660
1005002875163807
1005002388789201
32943938370
1005001395259866
1005002027408093
4001307840033
1005003097600492
1005002879309706
1005001419214150
1005002615017863
1005002961705918
4000867058690
1005002302694027
1005003265598335
4000503045229
1005002299158052
1005002863977912
1005001617010883
1005002624600299
33013778433
1005003199143075
1005002852095837
32753120879
1005001469029492
1005001544225572
1005002844619208
1005002646122472
1005001575024738
1005001446524584
1005003361710312
32816873370
1005003256703747
4000666019724
1005003007008891
1005001645874738
33017747749
32863066379
32841601266
1005003350159419
32961766814
32624455958
4000103633885
32841044226
1005001961259257
10000354320604
1005002997543228
1005003166709144
1005001721096196
1005002326191908
4001257198152
1005003281273639
1005003387983901
32917132763
1005002658413315
1005003191085776
1005002322388014
4000395135180
1005003349649871
1005002759945588
1005003266326310
1005002871195630
1005001511439010
1005002240593483
32732440665
1005002307502885
1005002542281083
1005003280633217
1005002848247797
1005002329855469
1005003230691921
1005002352877931
32789012127
1967704061
1005001845532193
10000343960931
10000022831840
32823662192
1005003270467546
1005002176899995
1005002607889467
32767304372
1005002875645206
1005002074443544
4000480739020
1005003385067917
32973421864
1005001686168369
1005002988462075
4000772801113
1005003381759064
1005002197105702
1005003335061046
1005001360135142
33030752828
1005003330093734
1005002490746717
4001352492087
1005003183475622
1005003336684426
1005003344897506
1005002383177605
1005003337434713
32915147853
32957335304
32922819928
32663841933
1005002763358277
1005003037068227
1005003082146120
1005002930956435
1005002406434675
32882373771
1005003330502442
1005003340342188
1005002796660240
1005003139135187
1005002446861022
1005002399722959
1005002559552491
1005003228734067
1005002031488433
1005003316949414
1005002793815040
4000080110745
1005003196000553
1005002645830968
1005003172995195
1005002884952580
1005002367223157
1005002046784284
1005002122371507
1005003136910239
1005003064993754
1005003208390005
1005002122422859
4000445066507
1005002613329545
1005003297748399
1005003137416020
4000553555526
1005002690308470
1005002941164294
1005003099487294
1005003388471535
1005002801041513
1005002058617491
4001166884852
1005002918681053
1005003256212126
32954397274
4000370144308
1005003390774064
4000516359360
1005002938069732
1005002856446311
4000433333202
1005003108771002
1005003227952790
32722487610
32923387148
1005002317700523
4000341089346
32836086048
1005003262001123
1005002450883790
4001210676242
32767009762
33030036419
1005002141186152
32719647762
1005003296941760
1005002877303058
1005002988151889
1005002871191631
1005003297560779
1005001602529500
33017308632
1005003332988529
1005001622483033
1005003266854354
1005002531945559
32996939735
1005003303800028
32793706368
1005003345770661
1005002747626739
33034814483
32695937641
1005001282428790
1005001492880820
1005001974853929
32685635062
1005003233757732
1005002190825597
1005002207056791
1005002468385744
32837627585
32701473271
32818941252
1005002634759231
1005001872686290
1005003192075951
32995929827
1005002482203655
1005003349657458
1005001997363538
4000856804989
32783482710
1005002973121904
4000480448783
1005002971841759
1005003379314525
1005001437546559
1005003135822615
1005002697177217
1005002834312223
4000373565396
1005003297497968
1005003015185774
1005003023681021
4000079838705
4000320420991
1005002980485002
32842796849
33000242344
1005002625030365
4001039082529
1005001628277191
1005002624343094
1005002625693111
4001066479693
1005003190147861
1005002182222913
10000012734731
1005002794091181
4000423103873
1005003347307519
1005003133918617
1005002725052414
1005003321066749
1005002140268266
1005002502216380
1005001273602266
1005002746440919
1005003308919354
1005003387192301
1005003333154390
1005003202037616
32991646014
1005003155641083
1005002917751808
1005002983743723
1005002390900601
1005003189249755
1005003229329628
1005003190633737
1005002861810416
1005002907518380
1005003238958993
1005002748341329
1005003371881499
1005002689825328
1005001648687216
1005002219402652
33059909321
32827408778
1005002971657293
1005002984024737
1005002253253322
1005001584994806
1005002517158797
1005002776291535
1005003346077360
32970341752
1005003224675631
1005003038621798
1005001657065051
1005002247498587
32547194051
1005001620629874
32963154026
1005003170590430
1005002842714876
1005002724503165
1005003057135004
1005003223917944
1005001790244648
1005003217843091
33049792538
1005003345052651
1005002989251618
1005003108983224
1005003341823177
1005002522323530
33003788337
1005003215805462
1005002476108470
1005003369791946
1005003281780869
4001171369102
1005002948163760
1005002897280080
1005002625066773
1005003166462199
1005002680672155
4001273209134
1005001704083313
4000719600786
1005003250142888
4000399417177
32797998826
1005003108123563
1005002502065985
10000323364955
1005003342732285
1005003330860199
4001027721101
1005001588720884
1005003192028418
1005003069644119
1005001600200564
32966541213
4001091273776
33008982965
1005003161624370
1005003077605138
1005001640168098
1138294169
1005003068675877
4001144076706
1005002038568830
1005003219472564
1005003386341371
1005002926771708
4001200796924
1005002973847332
1005001942157516
1005002964376908
1005001498896089
32783340612
1005002937700980
1005003278368751
1005003278251990
1005003044120055
1005002651231022
1005002956973768
1005003140046010
32738394135
1005003212228567
4000159851232
1005002104480725
1005003393575614
1005003391618217
1005002906458682
1005003306933054
1005002795033221
1005003308386731
1005002656197400
1005003105118647
1005003020777130
1005002483721117
32897882488
1005002259242971
4001113086438
1005001304396702
1005002851837135
1005003036956013
32731825176
1005001596365667
1005003326153977
32925139109
1005002835382375
4000754990947
1005002261147110
1005002631074352
1005002291502335
1005003308665576
1005003166422861
1005001718141299
32917864982
1005002796542161
32973052515
1005001843241439
1005001405434513
4000281454234
33047090363
1005001471603862
1005002008112009
1005003355591785
1005003100064248
1005003333864293
1005002112230461
4000402370706
1005002474156896
1005002458706089
1005002448838423
1005002935224122
1005001918734534
1005001823043064
1005003020840989
1005001302193615
1005001920252878
1005001604889193
1005002897044364
1005003372052687
1005001441296638
4000092328706
1005003146152268
1005003363948876
4001221090904
1005002006713530
1005003223269117
4000230927749
1005003339734485
1005003151443116
1005002038712364
4001106621953
1005003374218850
1005003130295123
1005002746938604
1005003277278687
1005001985967512
1005003019450400
1005002481519122
4001242710289
1005002755820568
1005003051647819
1005001585575511
1005002996735756
4000098184963
1005003242463417
1005003188661079
1005001598016690
1005002932938737
1005002970658481
4001307371555
1005002577681175
1005002481466765
1005002785528090
1005002858618362
32999712089
1005002224143645
1005003249636917
32305896795
1005003298907961
1005003205304468
1005003111997768
4000284351082
1005003048567870
1005003079646805
1005002284347776
1005001284832498
1005003337922960
32844001518
1005003385039943
1005002352162271
1005003159992880
1005002738076006
32461529804
1005002835756179
1005003259322080
1005003005276157
1005002763457766
1005002760366940
1005002493573968
1005002504682737
4001091339484
33040813242
1005002526633302
32822223454
4001178583720
1005003360079091
1005002934798873
1005001565247499
1005002642660886
4000142424086
1005002723151413
1005001670751564
4001201190779
1005003014761533
1005001834932262
4000628077411
32861050316
1005002348549425
33018600764
1005003360003707
1005003294885262
1005003083421504
1005003172473431
1005001878188657
4000955635616
1005001660338264
1005003327686564
1005002707849922
4000245153523
1005003219375703
1005003101696102
1005003363561035
33011899395
32963209847
1005002240506792
1005003323462150
1005003362612830
1005001946660257
32979764665
1005003117618296
1005003170669495
4000822738256
1005002973125718
33040775385
1005003044438114
1005001692463531
1005003324777283
1005002950302268
4001290878176
32888844864
1005003379383941
1005002873433550
4001231970298
1005002900301805
1005003111620317
1005002843683519
32873595333
1005002606235142
1005002657914149
1005003216985663
1005003249133586
1005002932162004
1005002593283557
1005003106489701
1005003272271422
1005002656151075
1005002387077144
4001159406814
1005002716299622
1005001622121622
1005002447985551
4000717524314
10000006390987
1005002667437827
32967432595
32918703286
1005001942949947
32313479164
1005002675874545
1005002841298808
1005002260504153
1005003090294991
4000986406349
4001297514647
1005001705228956
1005002959173478
1005003340988257
1005003311794992
32935596467
32806031336
4001137697183
1005001429786995
1005003292988380
4000570345094
32891404809
1005003337882666
1005003197421589
32948258973
32248414241
1005003322443530
32965449628
1005002362957750
1005001334741922
32819234937
1005002252708437
1005001518767311
4001065599593
1005003141879649
33028632623
1005003298871127
1005003093808298
32953040020
1005002201709449
1005001902889052
1005003214699864
4000991895339
1005003361953714
1005003230584912
4000121697914
1005001722539721
32770054381
1005001998607750
1005003333968164
1005003058539382
1005002020220618
1005002408016120
1005002610642341
1005002537737596
32895584327
4001186277834
1005001677535985
1005001641190853
32862755395
1005002649127798
1005003335202606
1005002701209232
1005002974079529
1005002056840661
4001162263684
32568685824
1005002967455379
1005002069661452
4001323878031
1005001326414882
1005002610653272
1005001896112555
32979768375
1005003272757003
1005003069696848
32834819747
4000060096920
1005003311491605
1005003128992600
32846553117
1005002311271099
1005002789451407
1005001808586924
4000002968535
1005003236914542
4000377205826
1005002814526293
1005001549134829
1005002970317699
1005002848545095
1005003372935185
1005003234939190
1005003162923290
1005003234376840
4001038836343
1005002520116240
1005002861657306
1005001567957171
1005003141130066
1005002520514150
32955925080
1005001851237705
32981158534
1005003048538147
4001069881245
4000415501557
4000308404841
1005003252963155
1005002074325859
1005003355729466
32892551413
1005001872153244
1005002456805001
1005002718238560
32976800885
1005003228458626
1005002341648192
1005003092518202
32755921894
1005003237520593
1005002438479036
32958808357
1005003125150555
1005003307704933
1005001525500267
1005002342747017
1005003022055286
1005001618527469
4000863707221
4000160044768
1005001593471474
4001290217001
4000726189082
1005002796208924
1005002275527482
1005003119569832
33029808355
1005001354657205
1005002330361105
4000126808692
1005003067030863
1005003363779684
1005001694086659
4000557072203
1005002314223292
32859077477
1005001864519124
4000812532609
1005003209313349
1005002884164324
32948015789
1005003311405237
1005003219516973
1005002622012865
1005002224495899
1005003226785179
33029799538
1005003309697832
1005002846143864
4000199237930
1005002319435440
1005003003675313
4001230012271
32954318083
1005003134175735
1005001458016061
1005001798821174
1005003149486146
1005001750945132
4000361191654
1005002357335393
4000784142863
1005001976789110
32783519521
4001194987503
1005002986190630
32841622020
32978161356
1005002797358797
4000034983157
10000389757873
1005002670639915
1005002953590285
1005003294242835
1005002386931454
32570988487
32879434475
1005003335837989
1005001916422606
1005001774944406
1005002685394237
32976002276
1005003281137810
1005003308894547
1005003180759304
1005003381010601
1005001756900664
33006826876
1005003079814215
1005002651925203
1005002313723609
32678459099
32948533441
1005003164084890
1005002607728698
1005002776601846
1005002969950054
1005002312956907
1005003163179107
1005002104533710
4001200867866
1005002731608930
1005003140408944
1005003386908491
32790240523
1005003377509779
1005001638701113
32576319905
32849734270
1005002568150387
1005003181153712
32809039941
1005002898645288
4000547916535
4000926761420
1005002441124314
1005002228371895
1005001671161163
1005003304197452
1005003193009890
1005002967536521
1005002966760391
1005002889389828
1005003012813547
1005002899784641
4000166693199
32964887608
1005001602176749
1005002504678462
1005002797641288
32773227720
32981741203
1005003132840477
32327241232
33001871264
1005003268905698
32882223644
1005001933377204
1005002700066253
1005002656998330
32779334299
1005003386740514
1005003109853542
1005003065209491
1005003322854977
1005001923718070
1005001851537026
1005002798481100
4001035296105
1005002946463622
4000519478855
1005001821058980
1005001961560501
1005003019099606
32761452017
4001015518622
4000866753396
1005002113068442
1005002617759161
1005002567895331
33038978508
32648794749
708341587
1005002724858224
1005002413341992
4001014836007
1005002848801015
32925039301
1005002612998324
1005001423268406
32893313067
1005002393622335
32432749314
32878460009
1005001465311383
1005003121955138
1005001630809400
1005001508161639
1005002950502717
1005003367856868
1005002878362890
1005002506238813
1005003305451917
32954450366
1005003294158875
1005003252217931
1005001438816619
1005002926630812
1005003036415584
1005002293224969
1005003287120442
1005003019302410
4001339506564
1005003272879165
1005002976325568
1005003159549340
32832083824
1005002657663789
1005002957639392
1005002721940123
32952524479
1005002443602857
1005002598273370
1005003158336531
1005003036089500
1005003385147695
32915093522
4000598173845
1005003326283298
1005002022238274
1005003209021329
1005003223213987
1005003380285679
1005002966608711
4000389904322
1005003220618340
1005002358785598
1005002003784410
1005002668135483
1005002763431937
32822682293
1005002272950361
1005003361633977
1005002220524476
1005002613145199
32704134874
1005003365266089
1005003278951702
4001226713997
1005001621666668
1005003066752087
1005003019211366
1005002357583351
1005002835694579
4000151580247
1005002659009595
1005003090011358
1005002604599720
1005003129213970
32815830909
1005003303165283
1005002294832466
4001213607318
1005002446258692
4000018299421
1005002375575945
1005002824290467
1005003387106089
1005002731854343
1005001960825106
1005003137291961
32962457444
32950565513
1005002753759487
1005003064661161
1005002304100769
4001107690661
32794520828
1005003220859724
33008434535
1005002269237091
1005001439115377
1005002698441574
1005002294845358
1005001833581225
4001070282632
1005002805688936
1005002287215383
1005002953303756
1005003112239515
32929321277
32832126249
1005001808265374
1005003249612892
1005002755753323
4001293258948
1005003296526033
1005002698498046
1005002241934055
33009831555
33007614348
1005002940399933
1005003320961786
4001322173255
1005003235900514
1005001992643452
1005003155581534
1005003391257596
1005003174996109
32998632403
32970358742
32834005303
1005002915029886
1005002776505326
1005003092182649
1005003023709672
1005002289772263
1005003012055965
1005002104993568
1005002638926570
32959625607
1005002271260731
1005003268495845
1005002061853771
1005001270971169
1005002616316211
4001112776753
1005003324182268
1005003053660970
1005003005384624
1005002314282636
32961423200
1005002101997520
32370512062
1005003021654664
1005002283526526
1005003176085493
1005001322795963
1005003204101121
4001263268771
32891482402
1005003221928850
1005002985584655
1005001846413895
1005001339661411
1005003349798826
4000505834336
1005002235699070
1005002592138449
1005001525013761
4000532017234
1005001927132117
1005003187802405
1005002698457903
32656281899
33048658520
1005002954199502
1005003186648936
1005003364841039
4000691347135
1005003368275959
33022603831
32960156386
1005002973699952
1005003185531331
1005002312452782
1005001527286420
1005001385820124
1005001623415779
1005001457302292
1005002898003858
1005003314180553
1005003287341279
1005003296136747
1005003297470252
1005003372316362
1005002584576307
1005001281259531
1005002391304505
1005003268987257
1005002775203971
1005002804509526
4000225803053
4001100508687
1005002448726143
1005003388518130
1005003290987481
1005002489296963
32863046129
1005003223404839
1005003056410740
1005003146330642
1005003061018466
1005003102101427
1005002430677633
4000986485183
32741880310
1005001742414778
32961074998
1005002662643949
1005003220037383
1005002668581155
1005003170890736
1005002636587150
4000463552801
1005001266082296
1005001555436378
4000900003615
1005001632570488
1005003374198979
32949730786
1005002772479008
1005003244086966
1005003326503263
1005002084765204
1005003299697995
33003394276
1005002241153699
1005002134006011
1005003387519662
1005002574543398
1005002625446773
1005002503613299
32989150454
1005002700658722
1005003198193529
1005003027726816
32711834804
1005002937744207
32866667877
1005002155904844
1005003288629796
1005001374986315
1005002513305378
32800922149
32915680497
1005003379954198
1005002095512196
1005002313717603
1005003295934927
1005002636139265
4000715154802
32833874201
4000024014877
1005003099939256
32297160027
1005003333191171
4001235857713
1005003058229552
1005001419467811
1005003064030784
4000533604979
1005001345538526
1005003106892998
1005003317688649
1005003042355907
1005002631947276
32951236368
1005003151127027
1005002907915152
4001106827727
1005002138389040
1005002907026057
1005003269432681
1005001942674928
1005002679274796
1005002130936484
33003266771
1005003217182305
1005001284829779
1005002782891194
1005002950852404
1005002966943407
1005002320055108
1005001457422897
32839874655
1005003178334586
4001289765911
1005001457546703
1005003359937581
1005002441832191
32619871315
4000750214172
4000282075906
4000210469714
1005003298992363
32966194576
4001164994308
1005002397916174
1005001633512637
1005001682807730
1005003167195064
1005002517784496
1005003205460446
32953792294
1005003329022976
1005001921814068
1005001284533270
1005001769366011
4000808457964
32998841852
1005003392827557
32878553422
1005002669874300
33001587673
4000867484073
32882857433
1005002926306046
1005003016566775
1005003359572938
1005003191598402
1005001561438834
1005002782323513
4000248833708
1005002176472804
4000510913368
1005001588775836
1005002401097545
1005003330267350
1005002239740314
1005002607421531
4001153418419
4001036682908
1005001732302190
1005002291228056
1005001512991294
1005003138818602
1005002924787782
4000872879653
1005003201002888
1005003071055030
1005002753251830
1005003281174422
4000785156915
1005001501511499
4001003754138
32909620757
1005003312312611
32548212389
32969698277
1005001742782941
32745483597
32949417456
1005002277989129
4000219304900
1005002744837915
1005001386955879
1005002434448002
1005002448468432
1005001868479538
1005003385878668
1005003278278464
1005002389735358
1005001510820098
33014814596
1005001441349398
1005002632185341
1005002283398304
1005002314344416
1005003139496610
1005002363369111
1005002898003858
10000395896629
4000051186329
1005001641038210
1005003267034989
1005002636624175
1005001364632438
4000927489097
2036494571
32918508710
1005003346935095
4001176600667
1005003129592931
1005002984839025
1005003142194002
1005003031977529
1005002214904796
1005001976385699
1005003276539094
1005002676065431
1005003036596578
1005002119021743
32827161369
1005002246004337
1005003303430034
1005001344693112
1005003334965252
1005002891575847
1005003268163843
4000918072648
1005002029783243
1005002433528210
1005002492753381
1005002779612619
1005003115327949
1005002049173348
4000473902376
1005002365462814
1005002168279401
1005001557300166
1005003331428018
1005002096146997
4000112621495
1005003031670391
1005003282872580
1005001922000054
4001111937713
1005002374401621
1005002889032335
4000341161110
1005003084489239
1005002877138791
4001293315917
33022363734
1005003249274673
32814994161
1005003096226787
32974505429
32995204049
1005002509125266
4001041984946
4000258954330
1005002727000596
1005002928070324
32848472803
32870473806
1005001665062327
1005001985703382
1005001639479350
1005003181402308
32836558975
1005003290082329
1005001869539826
33004888003
1005003141185902
1005002326614874
32796035622
1005003186495092
32742714603
1005002782501968
1005002233423435
1005003346945849
1005003333933434
1000001786447
32782867850
4000610054660
1005002885291169
375013495
10000343898127
1005003134901191
1005003014515848
1005002498629063
1005003103073000
1005002513428773
1005002467848202
4000435464371
33050335170
1005003235583105
32833481624
32792698786
32742067854
1005002937445272
1005003299584272
1005003014338517
1005001608518360
1005002509920717
4000750567541
1005003315888884
32829620024
4001093501771
1005002111906890
4001066462227
1005002328774736
1005002746853482
1005001369951413
1005002048877342
1005002868679967
1005002267579026
32951721081
4001203496089
1005003287277809
1005002790172413
1005001752306115
1005003229742882
32972773772
1005002613262631
1005002717736310
1005003176003178
1005002767728712
4000102792253
1005003048000902
1005003105516707
1005003281580676
33013898097
1005003025602335
33003421116
1005002795113352
1005003102136432
1005002077995445
1005003051751728
1005003390707652
4000107023956
1005002849844878
4000122195732
1005003071749537
32949313867
1005002128413182
1005003367888011
1005002531657445
1005003096828972
4000430499315
1005003296772739
4000143279129
1005003097665982
4000625991744
1005003246209813
1005003323137668
1005002004287508
1005003211089951
1005001621045332
1005002672055830
4001287291771
1005002775335961
1005003214423695
1005002989561638
1005003131086543
32892567013
1005002428244192
1005003094270510
1005002663449377
1005001404947397
1005002659144147
32663043059
1005003153060384
32721260978
575430469
1005003240420881
1005003339404122
1005001568340382
1005001786461253
1005002700236460
1005001905164530
1005003249574640
1005002515987837
1005001525469440
1005003199735110
10000402349822
1005002660111479
32822467363
1005002977550800
1005001906846696
1005002702332140
32953285347
4000785604115
1005002708767501
1005002186019635
4000166418199
1005001905059918
1005001948154540
1005003376781134
1005003382691283
32940323391
1005003281705115
32946683410
1005003152236175
32965357053
1005001865688284
1005003145228693
4000184646406
1005003281722595
4001267785292
1005002409520322
1005002857110685
4001186965032
1005002954080049
1005003364086081
1005001853706983
1005002907579185
1005002128443777
1005003278229973
32828140637
4001110510076
1005003357588368
1005003267553842
1005002566154115
1005003219952719
1005002737097777
1005003217694195
32749771685
4001267310250
1005002470810667
32979513252
1005003170469226
1005003015948994
1005002410844793
1005001466089888
1005002629001858
4001143398723
1005002868226596
1005002001462598
1005002878463107
1005003350461749
1005003002777316
32878888177
1005002731639511
1005003071621912
33044394279
32895341705
1005002380789860
1005003333127736
32869672823
1005001423526046
1005001731801585
1005002003455962
1005002252467916
1005001601906833
1005003300171217
1005002803371565
1005003382526061
1214309271
1005003265553002
1005003083982045
4000112996122
32300198362
32795591193
1005002487807446
1005002910561168
4000068703543
1005002624015532
1005002925705803
1005002432284506
33014866655
4000689976075
1005002246706092
1005002884650483
1005002572663961
1005003175852718
1005003155346126
4001066285072
1005003093759377
1005003365328848
10000039420234
1005002333276369
33012451753
1005003053664111
1005002198677886
1005003336743235
1005002633482493
1005001289522903
32948581208
1005003342465300
1005001428397092
32990299569
4000096189314
1005003050801977
1005002077585909
32996132038
1005002608163071
1005002587598991
1005002911353444
1005003023590066
1005002685956155
1005002266406877
1005002814119483
1005002050559284
1005002599069749
32981084304
1005002498061444
4001235753288
1005003385994618
1005002675003246
4000917272296
1005002641294387
1005002656706794
1005002868914869
1005003092875334
1005003302891873
1005002840177177
1005002224824685
4001084079642
4000778830398
32991243296
1005002798947913
4000444922214
4001280336916
32830428465
4000266407025
1005002778640046
1005002655592598
1005001504247717
1005002275718529
1005002992573723
1005003055578808
1005003082259668
1005002968130390
1005001350379315
1005003051628047
33052601072
1005003191507728
32818623147
1005001441516110
4001015349341
1005003387434635
1005002638203185
4000626043650
32679792477
1005001288244102
32789940240
1005002008313485
1005003286040055
4000160913368
1005002271127368
4000339783950
1005001286955554
1005001660670035
4000385860171
1005001939634366
32843214988
32968508524
1005003383274354
1005002761848998
1005002649167361
1005002946367889
32955075539
1005003104716870
1005002411988257
1005003031592568
4000449735349
1005001393882659
1005002232149429
1005001694733324
1005003314884705
4000097276826
1005003380206243
1005002383329218
4001127664469
32996468672
1005002566798574
1005002308634449
4000505116596
1005003233535639
1005002541027158
1005003342347580
1005002618540710
32868690921
1005003193514099
32960374590
1005003339757872
4001283307177
1005001604174787
1005001907838833
1005003118964263
32859615742
1005001884217619
1005003278183915
4000818174726
1005002786313557
1005002756765748
1005002298548243
1005002282082829
1005003233761829
1005002784583013
4000856838845
1005001645394800
1005003311017497
1005002888215705
1005003155066111
1005003388412911
1005002946328165
32933598906
1005001524767740
1005002877729393
4001159621017
1005002878164157
32940944562
32833818129
1005002820090334
1005001697773530
4000559449878
1005003171638287
1005003019363641
1005002381264749
1005003276010731
32991119124
4000035896120
1005003127690517
1005001871063927
1005001339169031
32981929738
32973514876
32807157763
1005002584623597
1005003368200560
1005002957729484
1005003327381465
4001257705336
1005001915171742
1005002734709699
32979623537
4001054582988
1005002025081945
1005003171718385
1005003230373009
1005002991301039
1005001928633261
1005002801054515
1005002487395025
1005003011852317
1005002394365268
1005003247147578
1005003283302498
32953686320
1005003214344054
1005003225205811
32905915436
1005002599977964
1005003257601632
4000657083582
1005002787582795
1005003389377153
4000109681008
1005001279739527
32777350266
1005003156209577
1005002949675501
1005002552383148
1005003147794415
1005002790425518
1005003025797821
4000624688951
1005002734980678
1005002348393334
1005003232339466
1005003197774883
1005003275200290
1000006758328
4000614559032