1005003119804774
1005002213836222
1005002919321711
1005003197284791
1005003340725261
32830426594
1005002545568428
1005003339029529
32989797531
1005003112216451
1005002397073403
4000261466680
32950211238
32916308275
1005003289188447
1005003359098845
1005002840215778
1005002822812052
1005002917337717
1005002717775713
32805700398
1005003076237064
4000445874588
1005002898523666
1005003316919543
1005003241767475
33005471093
1005003321635148
1005001985935527
1005003117052413
1005002495475086
1005003278215867
1005003276522482
1005002650161519
4000529592109
32462533208
1005003267912200
1005003086040007
32255358507
1005002981835238
32887083087
1005002367915955
32863682221
33005529225
10000004617926
1005003002077841
1005001637313921
1005003359227079
4000353424080
1005001644668786
1005002801642310
1005003332319341
1005002888538958
1005003237936152
1005003264864655
1005003294967622
32961286659
1005001901591268
1005002346169596
32785834532
32728278693
1005002372132762
1005002481257004
4001206003257
4001216318790
1005001649292845
1005003240396262
1005002302222936
1005003337763238
1005001288702595
10000013515158
1005002810065511
4000826379025
10000344092979
1005003037979408
1005003193027148
1005003093640417
1005002616210371
4000624160399
4001147440522
4000546070778
4001244265616
1005002801057309
4001150280610
33014138661
1005002658702898
1005002727531826
1005003138044738
1005001524406625
1005003136681060
32548148572
1005002650620752
1005003163619564
4001090419616
1005001555730618
4001256768226
1005002563300503
4001068379458
1005003338080290
1005003321087249
33015670649
4000066935107
1005002393837684
1005001504022997
1005002973295988
33030843468
4000945432657
32879047069
1005002788933724
1005001692230689
32861198536
1005003149501098
1005002702517806
4001071970929
1005001435790202
1005003294399390
1005003119095065
4000008941518
1005001907718285
1005003135997694
1005002313266915
1005001721842692
1005002569736448
1005001877400955
1005003124414798
1005003143913152
32827360977
1005002930464715
1005001890584225
1005003127725436
4001189663188
4000903840066
32991958300
1005003108785965
1005003383414776
4000787280839
1005002450418199
4000385331404
32697604640
1005002402453206
1005002734388491
4000024346659
4001097454616
1005002888249771
32996730993
4000742850300
1005002966346380
1005003369578638
1005002421505670
1005001444721387
1005003266905452
1005002294299065
32849103313
1005003114064964
1005002496826467
1005003227350934
1005002385054827
32946416158
1005002925874904
32890545121
4001227575316
4000378800778
32914434337
1005002727388233
1005001965632769
1005002966572011
1005003336042821
4000079835799
1005003167335295
32997721582
1005002677926500
33044491642
4000324745402
1005002839539397
32483058569
1005002241275177
33048448074
32844997511
33041822732
1005002868371188
33004650195
1005002341724061
4000100391591
1005003155722089
10000416677990
1005001620576668
1005003341069196
32950125012
1005003375038288
1005002945592709
1005002951772620
1005003022169345
1005003037102037
1005002623006485
1005002547429896
1005002612731367
4001065885821
4001063818547
4001294822529
1005002091199151
1005002605659358
1005003282330311
1005002506671572
32877626651
32848624804
33029534086
1005003008936486
1005003196028384
1005003152700234
4001333663054
1005003182420645
4001236904012
1005002443602857
1005002256480855
4001355827328
1005002938429952
1005001818953366
32862906694
1005001660450231
4000941139308
33014665025
4001037418869
1005003138804790
1005003193294536
1005003152390418
1005002410852507
1005003365455991
1005003307524203
1005003106104830
1005001344254132
1005002972092609
1005002965512661
1005003375074780
1005002919608895
4000464804079
1005003299571483
4001157132547
1005003318231136
1005003344445879
1005003380132001
1005003077303782
1005001633195762
1005001489885379
1005002654347055
1005002249001376
1005002982732931
1005001465912293
1005002503966732
32797468292
1005001699617668
1005001480204542
1005001810913867
1005003269550818
1005003352049330
1005002604728254
1005002928105108
1005003017492879
1005002367571606
1005003167223459
1005002606818506
32994214185
1005003331566385
1005001547673886
4000921492579
1005002809431605
1005001603684051
32820642249
1005003146313850
1005002638901041
1005001727160180
1005001890695064
1005003203134839
1005003131917560
1005003147806651
32622639152
32891435610
1005002556015414
1005002162422922
32369503184
4001238019087
1005002829554016
1005001686466326
32701540082
1005003336810910
1005001708708452
4000654491957
4000648168440
1005003062119036
1005003345908391
4001230440012
33050293011
1005003217954593
4001309008264
1005002791748829
1005003361349759
1005003097104838
1005003007407324
4001218974067
1005002420057657
1005002525707082
1005002531044528
1005003002557832
1005003169147253
1005001505692559
1005001786701181
1005003275652941
1005003001887559
32863733269
1005002110603663
1005002558935127
1005003311181731
33012601750
1005001651816715
1005001505554605
1005003383221975
1005003037608733
1005003133852356
1005002212711340
32802893553
1005002932728016
32844784321
1005003287528932
1005003337943639
4000782158782
4001083887630
1005003197103730
4000192473296
32772104394
4000518853713
1005001638021321
1005001371772382
4000817639238
4001322896055
1005002964730268
32865143372
1005002404931092
1005003183602625
1005001913740273
4000447446639
1005002917840950
32855250154
1005002760120983
1005002912887104
32618665637
1005002960162687
4001275009309
1005003365301525
1005003192148746
1005003283990384
4001125336882
1005002722145442
4000478827115
1005002454318859
4001170649963
1005003197173565
4001160378188
1005002092441006
1005001798872792
4000723108129
506444756
1005001831986498
1005003033084602
1005002786577244
32961192590
1005003336620410
4001322772904
32888112699
1005002369350260
1005003102921161
33053665986
4000610004544
4000336674136
32910675252
33045259806
32853013576
33061318755
1005003170389880
1005001328967833
1005003030916989
1005002489352462
1005002260853996
1005003349884243
1005001901631646
1005002985871260
1005003073794922
1005003004466173
1005002938351178
4000546600951
4001171061141
1005001586433352
1005003313370188
1005002869722134
1005003309858296
4000598873096
1005002580031318
1005002651968930
1005002998841255
1005003152407672
1005003226265344
1005001592331077
1005002655167669
1005003285657137
1005003198029214
4000108420147
1005003384830405
1005003372295180
32835017698
1005003362996111
1005003299483932
4000791174377
4000496115140
1005002489992785
1005001526089307
1005003166265571
1005003335282336
32449057280
1005002418546333
1005003268903315
1005002592598629
1005003010883193
1005002900735998
1005002315537120
1005003238987410
1005003097757333
32758092427
1005002885915509
4000610082604
1005002131268843
1005002317130661
32987390851
32816702898
1005003148860109
1005002441835805
1005002890460774
1005003233374884
1005002290205010
1005003187458222
1005003371596219
32949042930
1005003349316569
1005002854410388
1005003342682317
1005002783065683
1005003063700996
1005003363745128
1005002368905098
1005003177643082
1005001933120648
32908873351
4000941723337
1005003287214729
1005002277653262
4000154993863
1005002776174955
32980561743
4000115640779
4000838579980
4001287479177
4000214818387
1005003029593458
32662808875
1005003270637223
1005003262533551
1005003002159268
1005002393715119
1005002715970575
32860605928
4001070501765
1005002532533369
1005002732623693
1005002897569284
1005001748556070
1005001586751676
4000068500376
1005003218784963
1005002728185597
1005002382091904
1005003291009608
32824650232
1005002953530525
32846476373
33042073566
1005002959383691
1005002233276292
1005001962599199
1005002650929749
32392125162
1005002905984386
1005001793370632
1005002466691712
1005003332341204
1005002590652774
1005002947059225
1005003307016734
4001313304106
4000291163193
1005002647219735
4000935145494
4000615201470
1005003262089135
1005002524327144
33035164391
1005002912125615
1005001986448096
4001327769664
1005003252021394
1005001882359512
1005002324077577
32838597408
1005002052680155
4001345256522
1005003306790148
4000925475725
4000333240110
1005002901141899
1005002752571012
1005003135885473
4001052562678
4000400352760
1005003236257836
4000765773814
4001294578543
1005003336976826
1005003112605624
33013867302
32855039707
1005002925088290
1005003304036650
1005003098330747
32851087013
32961266261
33039490080
1005003348401121
1005003025631273
1005003198579269
1005002869840866
1005003238757701
1005003263329433
1005002871905973
1005002343847768
1005003352699238
4001199055944
4000146954948
4000483467444
32972344835
1005003095558010
1005003277921166
33014675027
4001149075666
1005003072110601
1005001942744411
1005003257570890
1005001764147346
32720585128
1005002837777825
1005002237986296
1005003119906345
1005002511386947
1005002196981813
32906517374
1005002957634955
32809292887
32820756223
1005001469928274
4001041179716
1005002089139611
32887626504
1005003260240674
4001145992122
1005003144228008
1005002008387440
1005003129621571
1005002179687671
1005002939709865
32660864164
1005003277444164
1005002886299701
1005002314746271
4000258694226
1005003263376973
1005001636452534
1005002860880659
32952776712
1005002224129338
1005003030710271
32848240192
32963806649
1005003195272743
4000336575250
1005002552848862
1005003208752918
1005003153180066
1005003124905329
1005003157187456
1005003382540003
4000522711092
1005003254556819
1005002073832933
1005003137620370
1005002313596619
32949778317
1005003012497716
1005003309699097
1005003003144162
1005001885345591
1005001658733864
1005003035494855
1005003264023750
1005003134916007
4001286852004
1005003265304043
1005002960881440
1005001792966586
1005002489212279
4001060944056
1005003278522654
1005003309930504
1005001573067189
1005002448901353
1005002843469463
1005002509894298
4001212070373
1005001526132692
1005002315333230
1005003227830843
4000479908995
1005002739718801
32781325289
1005003192351007
1005002948326027
1005001977443627
32823704584
1005002530114717
1005003136087399
1005003178667827
4001212474961
4000906961024
1005003244237234
32882174886
32949754383
1005002644285284
1005002628592534
1005003062071752
1005003151398823
1005003265272028
1005003208880202
1005001380583890
1005003087738910
1005003111129172
32940255768
1005002008599622
1005002755531908
1005002970818066
1005002912310570
32743416082
1005002636797761
4001171090868
32896229390
1005002965375501
1005001899055106
1005001950212863
1005003364014599
32879969068
1005002870026127
1005002934166816
4000734283533
1005003124621023
1005002228091125
1005003235646245
32986123834
1005001349608500
4000215362522
1005001527297983
1005002840256589
1005001939405769
1005002932444249
1005003384438065
1005003064954822
1005002495217261
1005001620583067
1005003022741136
1005002902074070
33051631388
1005003080521238
1005003211674786
1005002401983544
1005003050849888
1005002204609250
1005002558820830
1005002396691033
1005003362268570
32805339695
1005001386384259
1005002748128275
1005003334130354
1005001355148950
4001063440943
4001317186678
1005003268585431
4000295098156
4001028010682
1005002938177177
1005003117097914
1005003255829244
1005002697706435
1005002605240225
32839572211
1005002558194731
1005002219080025
32982793999
32738049554
1005003367933102
1005002808758483
1005002725857596
1005001765823651
1005002270471008
1005002942724338
1005003265727111
4001082799745
1005002639445859
32860786555
1005001839215082
1005002843302595
1005002929261090
1005002965194728
1005003341744624
4000397029003
1005002824723918
32717154187
32836894152
1005003091746260
1005002656680927
1005002339912766
1005002045602509
1005003341418718
1005002946554062
1005003085141112
32992219592
32880294280
32899474251
4001155162593
4000680531070
1005001391949233
1005003334122053
1005001648617841
1005003342749445
1005001555737377
4000341239128
4000856655626
32806493267
32268941283
32919194955
32816762051
1005003111460782
4000794328068
1005001711685062
1005002745275957
1005002683743879
1005003171932788
1005001898807365
1005002924400860
1005003042370540
32854727239
1005002569107496
4001196567308
1005003286427631
1005003066291551
1005003258200573
1005001912531326
4001061104886
32837055370
32952235335
33037821125
1005003221111782
10000011302673
1005002894795024
1005003004003315
1005001556833842
1005003292777532
1005002970899778
1005002950945425
1005003098265503
1005002884509633
1005003253568459
1005001676537694
32720656842
1005002271857219
1005003175613686
1005001428606238
1005002091040287
32985521757
1005001560942820
4001219914518
1005002619639653
1005001976076030
1005002869827472
1005002252204861
1005002261919936
32965323706
4001048103802
1005002509097651
1005002277148275
4000295567053
1005002447848171
4000717693986
1005003332469505
32858023066
1005003108412728
1005003370735551
1005003367762577
4001190724860
1005003339015452
1005003304825767
4001214033562
4001036634008
1005002978110456
1005003134041863
1005002592377202
1005002492038895
32974963580
1005002925292936
1005003388444745
4001085846056
1005003283353073
1005003080439795
1005003258172082
4000527409649
1005003016445529
1005001311003694
1005002490139488
33042512927
1005002357764308
1005003063203147
1005003091828048
1005003388428805
1005002762576414
1005003194261899
32985191325
1005001499123117
4000785310640
1005002593329230
1005001637384768
4001172911415
1005003014740000
1005002008358930
33049607117
1005002598725311
1005002253747626
1005002873024840
32955757250
33019269404
1005002618665905
1005001703814068
1005001972139808
1005003372142162
1005003127544920
32805730281
1005003244540284
1005003278938797
1005003031828054
4001111569403
4001358256677
4000528092598
1005002404167934
1005002116137713
1005003035417137
1005003298879805
32782658027
1005001572954103
1005003146381249
1005001393078325
1005002709802333
1005003392912198
4000369831052
32827569188
1005003361205322
1005002916014427
1005002920849534
4001171833565
33009561727
32639484463
32659251764
1005002964263458
4000704659682
32994820700
4001178245585
32917598748
1005003303527446
1005003192147981
1005003077705125
1005002939506777
1005002475695897
1005003070071671
1005002475363748
1005003287385824
1005003391587649
1005001895146938
32722573101
1005001686147419
1005002930446970
1005003014731544
4001060944056
1005002918611896
1005002905852000
1005003109260470
1005003040254559
1005003354562574
1005002302097085
1005002580146719
1005003365665334
10000380113403
1005003180730228
33043796473
1005002834258013
1005002796558509
1005001761567940
32987084488
32476421264
1005002506422355
1005003090886321
4001200482498
1005003258636326
32790602840
1005001367604878
1005002574615006
1005002777379331
1005001882712230
1005003149885924
1005002799797220
1005001500619399
1005002523010343
1005002652667963
33048622910
1005002006701201
32824012584
1005001547530082
32963851510
1005002944782338
4001163193469
1005003047742543
1005002774693218
1005002490139488
1005003023637106
1005002876086109
33028282477
32821391616
1005001952711395
4000532332283
32966222190
1005002104892301
33040232632
1005002732338872
1005003293517128
1005002650317858
1005002937749271
1005003040216076
1005002613663400
1005002436111357
1005003347235364
1005001948284691
1005002604568416
1005002086724155
4000041697058
32817778170
1005002935254782
1005002984922541
1005002399322899
1005002085827351
1005001830181326
1005001759281010
1005002997038025
32981766166
32844595589
1005002809476935
1005003017344187
32893380266
1005003208387540
4000026721849
1005002890752312
1005003096448334
1005003278750799
1005002592488384
4000399115740
1005002101662129
1005003396500041
4000269642961
1005002828203951
4001337457829
1005002405085974
4000360507715
1005003270484867
1005002587047293
1005003240441086
32813237277
32961689769
1005003268189260
1005002988894168
32809422327
1005003336782150
1005001947496558
1005002039054241
1005002947319912
1005002695022289
1005002260215930
4000155580287
1005002982298856
1005002376058644
1005003207355727
1005003109144028
1005003370054999
1005003353327314
1005002526369192
1005003185140525
1005002767787470
1005002662707299
1005001614675295
4001046175051
32970518073
32813906851
1005003251730506
1005003277854488
4001259365979
1005002738647220
4001292914647
1005003175727107
32962547104
33063031880
1005002605996274
1989514893
32920964395
1005003355174988
32955041712
1005002866057632
33039351125
1005003156481766
1005002509769194
1005002522773967
1005002608834300
4000497152934
1005003101476214
1005003387287133
32885560153
4000809790729
1005003212279076
1005003281074718
1005001406851477
1005002116909706
1005001889276032
1005001520975120
1005003266548530
1005002739959585
4000511341929
4000462569228
4000896091057
1005001916532353
1005003340700186
1005002951200066
1005001823419783
1005002989795998
1005002359869549
1005003309191505
4000468697868
4000523186066
32785153386
1005002877792601
1005002134699473
1005002993966812
1005003341900001
1005002656374008
1005003219934549
1005001474087611
1005003362691504
1005003173023554
1005003098751671
1005002608457305
1005003278554091
1005002864374310
1005002548830236
1005001465182542
1005001865516513
1005002862351861
1005001732533215
1005003269663870
1005002314324694
4000800572463
32891876230
1005003258900161
33059492005
32663507175
32946777638
4000263722387
1005002084064380
1005003344508015
4001298169573
32857011381
1005003312634178
4000770988562
1005001869518573
32730262397
4000306600785
1005001386290051
1005002073908266
33004353513
1005003318703072
1005002363685086
32700826750
1000001511483
1005002870388845
32960756400
1005003299102791
1005003227835432
32748916241
32920918886
32907935139
1005002260853107
1005003098302457
1005001741720513
1005002345182645
1005003381896941
1005003265075850
1005001798082779
4000867426544
1005003137654217
1005003137911217
1005002592686339
4000059819287
1005002933428882
1005002656713471
1005003032166455
1005001431414424
1005001631128241
32890145629
1005003014669087
1005003262098610
4001177183468
1005002244904988
4000719525868
1005003308435629
1005003296050983
1005002921781457
1005002076580489
1005002312601127
1005002930408716
4000641221021
1005002483500081
1005003217171737
1005002097660232
1005003008002574
32958233863
1005001302028320
1005003332328176
1005003392488987
4000709027891
1005001599222403
1005003343736674
32926579969
1005002491891516
1005002991572422
1005002794889683
1005002952101043
1005003149417586
1005001365556730
1005003154619221
1005003262160559
1005002462494470
1005002900727713
1005003129904024
1005003280770987
1005002846164627
1005002228412746
33000425345
32838469459
1005001768331592
1005002767182902
4000790121757
1005003076459378
1005002449542720
32863627887
1005002534421191
1005003334536428
33062363186
32997696327
33028157612
1005002759038227
4000603009890
1005003094978967
1005003337254735
1005002726019300
1005002473129467
32814488207
1005003167214180
32999903055
1005002276694404
32959985727
1005001813619229
1432976022
4000726241848
32331922101
1005002836692214
1005003177350225
1005003255336743
4001197014172
1005003033563222
32573383707
1005002271386094
1005003068492241
1005002950798090
1005003363112878
10000395960279
1005003224168780
4001045400185
1005002103844727
4000080244725
1005003171989454
1000004152058
1005003286375861
1005001462492875
33028258964
1005002704279966
1005003092232396
1005003386404123
1005003101378691
1005003210085145
1005003278992040
1005003001266014
1005002669722399
1005003018274714
1005002970048117
4000640804156
32961846320
1005002970895721
1005003197719164
4000065128277
748502447
1005002439145831
1005002112603381
1005003326624780
1005003347163779
33026224584
32842340640
33026794849
1005002958814812
1005001859012910
4000576199021
1005003363832683
1005002608869717
4001151223571
4000343987290
1005001419041804
1005003122636781
4001293327394
1005002509875342
4001119582865
1005002877499647
4001254997410
4001223469255
4000492124677
4001094720595
1005003012468566
32871907384
4000296467525
1005001749700348
33003607011
1005003315862809
33018236024
1005001834937552
1005001401718987
1005002876220532
1005003371195101
1005003337219078
1005001552688632
4000447787903
1005003290205658
1005002763251694
1005002567677039
1005003067655161
1005002401207040
1005003258997335
1005003137722609
1005001511405287
1005003352009687
4001032320567
1005002293773893
1005001763465348
1005002630964782
1005001312947481
1005002789044101
1005002960237672
1005002573237197
32558031276
1005003341728662
32891821422
1005003106029789
1005002979143324
1005002947899119
1005001693350294
1000004559454
1005002746233891
1005002212084961
32627399440
32923069148
1005002822507355
1005003163984029
1005002682782136
33003029784
4000057018761
32618042458
1005002226144959
32878333036
1005002972262642
4000944961671
32858951241
1005003136123805
1005001888075003
1005001860784667
1005002511089776
4000024158041
1005002813861156
1005002604146038
33012090698
1005003095690233
1005002906003795
4000393551162
32729654696
1005002409426709
1005002467158383
4000489947063
1005001929297996
1005003069317347
1005002696223629
32996795920
1005003354910321
1005003146285988
1005003277836555
1005003250341632
33053635872
1005002302470832
1005002716415936
4000029822663
1005002719061413
1005001658869037
4000310362838
1005002753419853
1005003227694533
1005003365171761
32986431853
1005003266927356
4001036727257
1005003033008689
1005003387763906
1005001785224259
32960551149
1005003032923763
4000378843158
1005002510789503
1005002950231803
32904709700
1005002633074112
1005002598883694
32997345810
1005002987470891
1005001652164027
1005003058367280
1005003106263671
1005002933405287
4000019779875
1005001463940823
32461781365
1005002868074856
1005002517985553
4001323178593
1005001465912991
1005001482306872
1005003179383241
1005001715001490
1005003370478317
33048074212
1005003170108257
4001196437349
1005002822856090
4001003810650
1005002635404469
1005002979772799
1005003361877379
1005002876783096
1005002417794842
1005003073575371
1005003385258395
1005002077852669
32916604784
1005003211433871
33013544757
1005003261964659
32982116609
32951766749
1005002542783896
33029646505
1005003151237005
1005002931671971
1005002110000574
32342255456
1005002667351776
1005002399165212
4000904181665
1005003017293408
32890341767
4000808611455
1005003233064616
1005003318657124
33005866091
4001230227941
32948113087
1005001632248610
4001264265813
1005002689522800
4001061122313
1005002649640795
4000867444725
4001204656727
1005003298418326
1005003187447314
4001254497271
1005001669191648
1005001758352348
1005003313873833
32993872483
1005003015190584
1005002783465665
4000235987680
1005001528856583
32812043524
33006844767
4000685581896
1005003342350121
1005003365980511
1005002997208239
32856088605
1005003324460448
1005001650517719
1005003309799355
1005002831594077
1005002705383645
1005003148466479
1005001889774229
4000133912033
1005002181274820
32571449091
1005001319358163
4001252351913
32912151930
4001241074684
1005002105836906
33022794265
1005002597847823
1005002924862072
32813385718
4001299034065
4000071049020
1005003107674156
1005003067321758
1005001441365266
1005003214499470
1005002363332968
1005002158494996
1005003163064780
4001084773732
1005001485063521
1005003272710845
1005002328504920
1005003374552384
1005003086106152
1005002019126034
1005002372431810
1005003280398504
4000166926561
1005002731613082
1005003295831133
1005003101521502
1005003131474730
32830496410
1005003181923546
1005001691087950
1005002357414052
1005002794727795
32832317063
1005002937475295
1005002259731012
1005003301909034
1005002394298554
1000007429605
4000062090905
4000418564656
1005002595075056
1005002572062461
1005002490225996
1005002675689518
1005003133545363
1005003303658986
1005002787749129
1005002039664903
1005003253202009
1005002015197643
1005003261022926
1005001913265968
32872575412
4001231259289
4000546685437
1005002238115683
1005001515501062
32980366582
1005002781624979
4000761473817
4000209790735
1005002789197287
1005002766936249
4001341219806
1005002901895831
4000150123320
1005001471319602
1005001356021632
4000790826285
1005001506501691
1005001350639959
1005003263673616
1005002883278735
1005001448919524
1005003355573633
33010696032
32764920581
1005001529767181
4001110849606
1005002814971715
1005003324598567
1005001271157243
32816847335
1005003371596124
1005003329316412
1005003272481302
1005001831085768
1005001935479181
1005001465128305
1005003255075520
1005003027759628
1005003328971729
1005001825492283
4000464297994
1005002019320589
1005001840426739
32895206989
1005001837426411
1005001608865718
1005002971142712
1005002882486822
32965072304
1005003018222027
32837501957
1005003038004679
1005002273980309
1005002774506242
1005002348515383
1005003184436986
1005003067784030
1005003380465754
1005002848838614
1005002865928393
1005003292073105
4000008941665
4000197358442
32895174991
1005003316396962
1005003049744284
1005003025472464
1005001626287927
1005003035033986
1005002547989670
1005002983289081
1005002241975670
1005002575075158
1005002321196938
1005003254657229
1005001946774625
1005003295831133
1005003014309292
4000396855523
4001283834653
1005002904400905
1005003330868161
1005001921432834
1005003259829270
1005002918919182
1005001998978224
1005002328764911
33064079192
32917839767
1005001850739005
1005002395663305
1005003308965618
1005003135255646
4000808090551
1005003306431605
4001278902934
1005002788535465
1005002974119213
1005002233819865
1005003298184840
1005003323383741
1005003113647000
1005002448332320
1005002049772815
32854581990
1005002921688110
1005002520512399
1005002989224374
1005001734264864
4000969401153
4000727233719
1005003270038286
4001015311063
1005001305392545
4000570906731
1005002244043008
4000859423057
1005001431222498
1005001368588009
1005003291515766
1005002765817646
1005003074887755
1005002583881563
1005003215894168
1005002675077947
1005002540992778
1005002310762385
1005001453102706
1005002741428443
4001346564612
1005003337832368
32883170209
1005002666441929
1005002394111178
1005003272671935
1005003387759080
1005003363021478
1005002757617496
1005003150732089
1005001967670101
4000352772744
4000545262859
1005002679729440
32860547728
1988858488
1005002130285537
1005002107716590
1005001704150777
32971983270
32976318153
1005003291585324
32975434550
1005001329802018
1005002761162236
1005003136049276
32814610429
4000713799868
32834228390
1005002604686495
33010980115
1005003006312602
1005002747331493
1005001705064658
1005002995057516
1005003060990648
1005003287160490
1005003197800687
1005002649328109
4001238444536
1005002203320861
1005002428561193
1005002484029588
32880384121
4000396433217
1005002866143929
32909580288
1005001630843766
4001223657100
1005002944962282
1005003383852561
1005003001763326
1005003081458481
32364793530
1005002856766952
1005001598651410
1005003205679290
1005001807846350
32980246009
1005002983381156
33042939991
1005002124802064
32459610413
1005003033244092
671880160
1005003251271870
1005002377185488
1005001531437455
4001320727983
32610163368
1005003159006132
1005002185785245
4000395922435
1005001665181239
1005002970065518
1005002517903959
1005003303311003
1005002973483486
33029694112
1005003312486124
1005002734992394
1005002790694126
1005003121133183
4000056435723
32875227661
1005003175710557
1005002089131818
1005002346858896
33039707327
4001025077526
1005002039161562
1005001620690457
1005002993025806
1005003294005350
32932947079
32727410237
1005003006783482
1005002935431175
1005002935391773
1005002794173710
1005002994478958
1005003122415565
32653687967
1005001859998223
1005001359690052
1005002755921851
1005003155700604
1005001999359779
1005001608326744
4001253106817
1005002747076062
4000570501361
32983411109
4001057441852
1005001561573072
4001066215884
1005002949146476
1005003322627515
1005002727644876
32700852532
1005003199332343
32332457278
1005001685333311
1005002440666764
1005001381821617
4001229705708
4000314369060
1005003285524862
1005003289003982
4001119373796
4000072062616
4000262093377
1005003195500917
1005002983478748
1005002686777978
1005003315869984
1005002271945740
32918129476
1005001907149217
1005002611339335
1005002698345861
1005003378380816
1005001726180710
32921291317
4000023100037
1005002685342322
1005001873349033
4000686836613
1005001291697969
1005003214984060
1005003104890272
1005003197828891
1005003253616647
1005002531874333
1005002326626183
1005002453394538
1005003278179699
4000499535784
1005003210567616
1005003093257473
1005002925469921
1005002878468519
1005001748284707
1005003309767445
1005003256752114
1780395531
4000619257869
4000865368871
1005001752796691
1005002314941237
1005002264324446
1005003329542983
1005002339487036
1005003060046368
1005002908366360
32706355384
1005003122011578
1005002207453893
32859944721
4001015108009
1005003181485797
1005003040579701
32888361646
1005003197193172
1005002664426861
1005003351967559
1005003376774698
1005001612335270
1005002624830584
1005002574645673
1005003280145725
1005002266096429
1005001870400855
1005001270536207
1005003136576431
1005002207937893
1005002027422803
32880542169
32967780016
1005001382365383
1005002467561600
1005002753326004
1005003171364577
1005001849149747
1005002411653127
1005003100675127
32786101172
32965118153
1005003172308143
1005001987528613
32785399110
1005002422984795
1005001968001092
1005001520124447
32963825848
1005003131568318
1005003155968370
1005003306010247
1005001439330116
32996167590
1005002778460328
1005003375316311
1005003015813485
1005003117684649
1005002748194065
4001265480410
1005002608636511
4001102795366
1005003181315330
1005001812506910
1005003204181340
4000285312564
1005003124835691
1005003391619982
32915842885
1005003332921954
1005003093761116
1005002623953633
1005003312096719
1005002052539944
4000939977556
1005003040853259
1005003343480571
4000230890404
1005002946988931
1005002033733193
4001260042964
4000292763243
1005002604372905
1005002937730769
1005002263710539
1005003299013610
1005002004172038
1005002433723786
1005003035458660
1005003041921156
4001036703380
1005002475752017
1005003057106309
1005002316122253
1005003213663300
1005003317888725
4000036089500
32832605288
1005002737733291
1005003268767236
1005001939276883
32954067877
1005002630426413
1005003165788032
33044191562
1005002996029290
1005002734187687
1005003296569345
1005002383551848
1005003283509160
4000548578192
2034272752
1005002312599784
1005002924914440
1005003230094862
1005003030174398
1005002050204603
1005002754363196
4001062424972
1005002803451846
32918069629
1005003118839483
1005002073036058
1005003344114719
1005001393546957
32903018996
1005002616294262
1005001964132056
1005002933559168
1005003159018038
892052060
4001015597856
1005002580680900
4001273342145
1005002092411054
1005001920876682
4001118237692
1005001608782516
1005002004107364
1005002893870263
1005002990623283
32231571196
1005003003202738
1005001881089089
1005001996780949
1005001320426543
1005003299954359
1005001412546143
4000512807801
32905431328
1005002939968511
1005002999199064
4001239267362
4000938980544
1005003098967115
4000054158866
4001271688957
32852995986
1005002382175570
4001345751138
1005002794007749
4001147458481
1005002427163547
32568901395
1005002865123226
32963818634
32740840450
1005003035185180
1005002704023213
1005003031721366
1005003371386635
32799299818
1005003280825730
1005002448018996
1005003230845314
1005002678749874
1005003307930046
1005002803233877
4000994584143
1005002993888401
1005002004868388
1005001441829549
1005002124081942
1005002290913838
1005003191101830
1005002917829713
1005003310062046
1005002418633166
32857114492
1005002723061469
1005003305152795
32958979289
32968074838
1005002760831359
1005003259188654
1005003210884695
32707577577
2029704235
1005002180990824
1005001596597283