1005001265401997
1005003100127433
4000680938194
1005002272693583
1005002862699646
1005003314440730
1005002567887786
1005002776388650
1005003344148023
1005003022322066
1005003323797589
1005001933773285
33019657385
1005003217229792
4000822930577
1005002977985564
1005002032489674
1005003278221816
4001283028274
1005003192851473
4000109242190
1005002449174463
32813246628
4000091673780
1005003267657780
4000199785433
1005003190613249
1005003384761851
32830021167
1005003233857034
1005002948971203
1005003083898018
1005003377157280
1005002598347285
1000007245209
4001018208342
1005003041091699
33047344432
1005003021207231
1005003330931322
1005001623387271
1005002252422426
32842822283
1005003217742925
1005003245717700
1005001962927200
1005001877842080
1005003372602921
32970061484
1005002708278642
1005002580977344
1005001721807484
1005003294391037
1005002633280054
10000395865249
1005002271807572
4000038584276
1005003010184258
1005002555836045
4001302658531
1005002693182672
32950548193
1005001484285328
1005002950372303
1005002116016369
1005003216989284
1005003269202331
1005003031459669
32466383155
32908710248
1997780712
1005002990761713
1005003073708404
1005002890335073
1005002306721074
1005002544592772
1005001798786968
4000732351894
1005002842246073
1005001450304877
32645756908
1005002210099574
1005002253829560
1005001823187984
1005001484143400
1005002612482142
4001186952955
1005003145480419
1005002925960106
1005003071446768
1005003014612987
1005003120943408
1005002049591565
4001228626124
4000865477232
4000494349945
1005001619503585
1005003107247923
32845576133
1005002375676251
1005001452366064
1005002663391786
1005003030064453
1005002958449633
1005002957422329
1005002848005578
1005003362275671
1005003128993324
1005003097890466
1005003279600910
4000538592233
32851371421
1005002669800180
32956106878
1005002951108318
32884748376
4001003630463
1005002474899101
1005003292232103
33048076128
10000176086593
1005002804982139
1005002925698335
1005003345860481
1005003068740679
1005003091052461
1005002846615318
1005002774060256
1005002452626796
33046216114
4000760971470
4000447249246
1005002675286187
1005002619947488
1005003136584945
1005003354115019
1005003332450296
1005002286008604
32929685147
32921339115
1005003116110886
4000247078417
1005003009542879
1005003168270096
1005002908587799
1005003140220928
1005002660947893
1005003098541426
4001221777311
1005003233923755
1005001960321691
4000510946721
1005001935498734
1005002862919870
1005002961515011
1005003213789491
1005002467302196
1005001597754542
4000963907101
32818557819
4001258024198
1005002568806020
32886530202
1005002586903708
1005003333209615
1005001313184756
4000038608926
1005002566608907
1005002592736840
1005002566004280
1005001541468032
32675488896
1005003166297620
1005003191116812
1005003012704074
1005003123371809
1005003309321920
1005002583377890
32354361134
1005003020346534
32764346783
4000375479973
1005002970838549
32730328968
33051967451
32976329774
1005002646757118
1005002423687456
1005001499735434
1005002540906390
1005003280281047
1005001786461253
1005001915847478
1005002876075149
4000928437326
1005002018389286
1005003323395509
1891463325
32565211688
1005003069223077
1005003115850354
33036260217
1005002223645054
4000801075765
1005003313506420
4000016059864
33030028608
33010069596
1005003172390878
1005003355509507
1005002749702833
1005003113183696
1005002920855822
32995799560
1005002773454117
1005001552388529
10000343893119
4001190002668
32855285014
1005002679965634
4000540263949
1005002897015633
1005003064216776
1005002625780231
1656028111
1005002109887863
1005003249348540
33006204227
1005003375933838
1005003386065047
1005003119103980
1005001479254248
32884805007
4001204226552
1005003290257301
1005002401163456
1005003323664186
33016447494
1005003133832606
1005002721872494
4001218957136
1005003022653511
1005001999629782
1005002224851027
1005002768987283
1005002318099078
1005001627660444
1005002767722049
1005002966247226
1005002779767755
32982611240
1005001469915722
1005002454042020
1005002952926079
1005003197884506
1005002070182016
1005003264149035
1005002252174915
1005002375657879
1005003030884968
1005002879726644
32793128163
4001214190947
1005001287656559
1005003149858337
1005003129252902
32799083647
1005002871116759
32848491119
1005002144420868
32882899549
1005002673116243
1005003339569798
1005003247910422
1005003389674491
1005003080614930
4001278974572
4000867447207
1005001718012466
1005003026171609
1005003146753505
4000286924690
1005003261254112
4000002530746
1005001487112365
4000372618008
4001030542522
1005001440980687
1005002698156560
4000547517119
1005002878578618
1005002235349424
1005003036099305
1231250712
1005003187881030
4000409699195
1005002456912481
1005001463599289
4001006469893
1005003000866591
1005003357314970
1005002997769947
1005003016713504
32824297887
1005002255143172
1005002979953278
32847851146
1005003124861671
32575051693
4000546667049
1005003123421081
1005002746407587
1005001595007498
4000456713749
4000956152094
32804434544
1005002313550046
1005003102590688
1005003327129335
1005001484101158
1005003299041770
1005002649977733
1005002363374995
1005002985381563
1005002726887006
1005001890994814
1776434192
1005003123931562
1005003387882069
4000091704013
1005002573050536
1005002125627361
1005003324708810
1005002259665213
32907972287
1005001364291393
1005001504483847
1005002021801736
32860802335
1005002605432931
1005002959285599
1005003198317358
32859513420
32929781308
1005002951191345
1005003195777070
1005003189639354
1005003361166011
1005002886610257
1005001620550598
1005002495773678
32887583189
1005002897702603
1005001629685055
4001069269144
32764101754
1005002878797178
4001238266614
1005001693058847
1005001872792391
1005003023514966
32973835287
4000714720082
1005003356103221
1005002381489274
1005002316153989
1005002086298676
32953708936
4000710238136
4000133521329
1005001814517825
4000224534525
4000982454883
1005001953033458
4000856313424
1005002666731482
1005003345790983
1005002668026436
1005003208483433
4000403354333
1005001718200280
4000248665421
1005003201351919
1005002552626660
32819059064
1005002238745673
32647650895
1005003211879380
4001029018021
1005003001240311
1005002868345738
1005001421062930
4000698381052
32945677451
1005002694352716
1005002785158312
1005002355762150
32887174385
1005001572695653
1005002254228098
1005003336555177
32892807264
1005002890427929
10000001590531
1005001999474382
4000043885743
32795494893
4000757809579
1005001575795299
1005001561894922
1005001722287155
32682214000
1005002069183845
4001066008603
1005002834749444
32762095794
32667465837
4001180068168
1005002171798683
4000682372737
32889980898
32975980411
32952892992
1005001998970350
4000176854145
32955421664
4000185238699
1731827121
1005003036526901
1005003219225793
1005002087381741
4001177947686
1005002705238722
1005002604019311
1005001381710980
1005003189387743
32506139558
1005002247521843
1005003225473259
4001162051209
32837017642
1005003250879533
1005003341835399
1005002885566295
1005003192412049
1005001470799307
4001174546864
4001267817277
32960532711
32994400866
1005003274533553
32909317159
32572720940
1005002452316583
1005001961633585
32898424734
32970918461
1005003335242169
1005002518141780
1005003321163457
1005001825758374
4001036595376
1005002768056137
1005001791851053
1005002965303903
1005003272163067
33002957414
1005002651473251
1005002372113479
1005002094017258
32590245494
1005003137381327
1005002996040134
1005001888363316
4000780640192
4000128382830
1005003026106806
4001217402682
1005003021187139
1005003092497527
1005002059821079
1005003323074414
1005003379916492
1005001445128686
1005002155856951
1005002538141560
1005002213159515
1005003154484463
1005002761514669
1005003135197499
1005002727036387
1005003167904847
1005002429417973
1005001442166781
1005003068426241
1005001671486525
1005003207613173
1005002814056675
1005003159040212
1005002113418885
32704052277
1005003092068029
4000313450868
1005002205915711
4001084989835
33021824090
1005001890451035
4000931053547
1005003109109661
1005003252093370
4000109237848
1005002734987078
1005002885460144
1005002954412075
1005002927258568
1005003150552654
1005003297584978
1005003076548532
1005002647234791
1005002613140408
1005003154423978
4000886249961
1005002304770650
1005002623858554
4001148821891
1005002875843850
1005001321402194
4000752849437
32852351384
1005002438333042
1005002595054030
1005002716576931
32798360768
1005003013844568
1005001764476890
1005002843191973
1005003328053042
10000062842422
32794512015
1005003002514594
1005002718898119
1005002611492244
1005001509850860
4000051584619
4000758979503
1005003342755979
1005003114294904
1005001313524349
4000154774445
1005001382026866
32966207975
1005002996996049
4001071508843
4000299583849
1005003093718265
1005002985439906
1005001456517444
4001307448035
1005003351095722
1005002388720637
1005002543146785
1005002991372405
1005003145282857
1005003255148977
4000904585258
1005002908309681
32865319796
1005002904680843
32951083470
1005003313334084
1005001450992404
1005002520151758
1005002940126661
1005002603144338
1005003118822640
1005001354360704
32952148904
1005002959399102
1005003245955928
1005002952609318
1005002966481992
32715523335
32920738608
1005003342003963
1005002747000974
1005001994731905
1005003089809854
1005002757339325
4001008193615
32784523870
1005002328868357
1005003229101449
1005003368774649
1005002326864457
32860364820
1005003252308675
1005002982581769
1005002683771690
1005002132323804
1005001444772607
1005002823656097
1005003129266227
1005002246411313
1005003245287898
32972034827
1005001356160047
4001283282272
32985346379
1005001812384370
4000579377204
4000971619138
1005003166829258
4000331093912
32963747227
1005002571437557
1005002815096266
1005003128104380
1005003365021065
4000511378014
1005002855330202
1005002023885774
33023907387
1005002735069520
1005003379351732
1005003333446493
1005003236645375
1005003327272938
32751340161
32843991081
33010176923
32897900346
4000307448703
4001062502687
1005002054451035
32959970598
4001233884412
4000067385953
4001317872105
32846486152
1005002930731310
33054374570
33014696581
4000039753902
1005003049979057
4000347793156
1005003325637768
1005001464982823
1005002756442799
1005003272461174
1005002717242120
1005002448969775
1005003049051835
1005003392536052
32434142095
1005001619912075
32959526717
1005002940715751
1005003361169672
32945649244
4000459163141
1005002097656284
1005001890729123
32916219785
1005003368647551
1005001612163349
4000050535822
4001272456980
1005001317898970
1005002518832456
32856682317
1005003140314762
4000152301499
32965417550
1005003224921810
32717238858
32977439894
1005003304758521
1005002347687614
1005003133643992
1005003309003655
4001160262856
4000657034467
1005003062459754
1005002309155680
1005002754245254
1005003213142831
1005003224917367
32963108316
1005001931131665
1005003170460075
1005001474027480
1005003324697613
1005001324816659
1005003069317347
1005002777991619
1005003296756527
1005002881967393
1005001967038209
1005003370291942
1005003161943536
1005001834511574
1005003222953485
1005001494644040
32846453279
33014049712
4001100994724
4000777480268
1005002001752993
33009488847
1005002523027012
1005002531330555
32975179960
1005003256539667
4000338966754
1005003244111847
1005002919675387
1005002904528716
1005001969368002
4000052716407
1005003340873622
4001124624944
1005002784733162
1005002936169631
1005002806471728
4001049439706
1005002546737537
33013623573
1005003084964830
4000197165509
1005002854828181
1005002510519262
1005002977723184
1005003187452811
1005003160782635
1005002967077399
1005003306849076
1005001685388823
1005002998543678
1005002522408982
4001093485298
4001321243242
1005003172269443
1005003192901872
32434162317
1005003000602926
1005003251436767
1005003355698327
1005003009834421
1005003242598484
1005003305165830
4001224520117
1005003015582383
1005003316511379
1005002545235043
1005001893290651
4000866748134
1005003007965559
32967441500
1005003118937160
1005002447905897
1005002313698885
32905473131
1005002387358320
33030063745
4001277337793
32837674020
1005001323301600
1005003167621732
1005003351638541
1005003388469465
1005002392954150
1005003241564410
1005002554133901
1005003139548428
1005002982251362
1005001453362257
1005003330864355
1005002673946528
32892283553
1005002271509319
1005002424235423
33026780494
4000384709174
1005003198104668
4001268930419
1005002277571814
32710762947
1005003242223638
1005003221128288
1005002284174916
4001179706166
32851290231
1005003146297916
1005003342297646
1005001403077793
1005001275845746
1005002413437360
1005003055876536
1005002616247630
1005003136507923
32888786070
1005001386550008
1005002803212567
32907733687
4000290466604
1005002902631796
1005003276015956
1005003165827090
1005003268173053
1005003152359816
4000004348378
32974525027
1005002326790337
1005003264897629
1005003041675493
1005002679133709
1005002069905411
1005002206325038
1005002582943567
1005001753154769
1005002593479879
1005002298835443
1005002219005442
1005003359549660
1005001721955575
4001241130503
1005001565947082
1005002448001253
1005003324226510
1005003330802720
32879679709
1005003345900814
1005002593277741
1005003166398755
1005003135222359
1005002485758114
32833863032
32677950206
1005003154844744
1005003293964921
1005003025748546
1005001332532620
4001248391675
32964891993
4000073826535
1005001765719770
1005002856636454
1005003125838578
1005002865122059
1005002327539830
1005003091502837
1005002184860031
1005003048052714
1005001429757844
4000668168165
1005003037957198
4000014762596
1005001425289303
1005003310497007
1005001601867944
32949563878
1005002760215985
1005002018064924
1005002144284754
32965165779
4000585945022
1005003020593620
1005001544326704
1005001561776823
1005003320109098
1005002063877810
32678869389
1005003363329140
1005003291848385
1005002937927444
1005002855796853
1005002989176714
1005003122556246
1005002357664429
1005001450219125
1005002281185153
1005002476968532
4001202084654
4000058850061
32981123977
1005002022558464
1005002956943091
1005003295370087
1005003228655728
1000008421932
1005001439040013
1005003156746745
1005002868790259
1005003109987544
1005002673876857
32863722937
1005002768533341
4001038460236
32237166575
1005002709616768
1005002986144190
4000506592750
1005002906038317
1005002092241767
1005003251707060
1005003307177654
1005003189837322
1005002762614442
1005003032768834
1005002588625539
1005002541463276
1005002059382634
1005001780629610
1005002584962736
1005002052614411
33052422229
1005003060856722
1005002842398657
1005002470538219
32723976656
32787491543
4000170368595
1005002290797792
1005003299853163
4000042462983
1005002837725871
4001085337436
1005003305765429
4000005719305
1005003256661679
33011125040
1005002940866548
1005001305287733
1005001334585099
1005001587243952
1005002516163209
1005002985270188
1005003089205465
1005001586601961
1005001333398658
4000549837306
1005002754517577
32976402483
1066334511
32780041323
1005001995075931
1005003102470712
32825277431
1005003336374458
1005003141010185
1005003187536350
1000001546843
1005001659807549
1005002635139284
1005003280327642
1005003280506230
1005002232508805
10000002740335
4001042496377
1005003098652783
32725104725
1005002995271721
32804294682
1005002200863933
33019522627
4001079922652
1005001762703372
1005002781855225
4000777449198
1005002206831130
1005002484395283
1005003175542885
1005002020687890
1005001875674429
1005002843507651
33025470716
32853846941
1005002187903026
4000384772258
1005003341516709
32857485895
1005003033130940
1005003380208995
1005003384809782
1005002831949763
1005001965653438
1005002009435180
1005002960203519
4000985253065
1005002080525229
1005002816782753
1005002545542217
1005001966223885
1005003235291436
1005003162540461
1005003008063263
1005003175887165
1005002884028935
32895572480
1005003204228463
1005003333612814
1005003373866872
1005001708099708
1005003037243677
1005002895198919
1005002629920000
4001090000645
1005003380326341
1005003176219720
1005002583298526
1005003371833297
1005003380362967
1005002517796680
32852615125
1005001441382195
32794478066
1005002986151819
1005003000764731
1005001640264465
32809939971
1005002511349465
1005002998777850
4000828722505
1005002240331971
1005001865156902
1005003340684239
1005002888651851
1005003188533510
4001064674066
1005003199924945
1005002122257758
32951115860
1005003201521675
1005001495777679
1005003335897626
1005003275225208
1005002511171496
1005002828100559
1005003318510468
32993656067
1005001494664270
32942832795
32968796304
1005003235226410
1005002347907282
33063390711
1005003297690751
1005003276632002
1005002352219736
1005003155748931
1005002426631360
1005003122853067
1005002972086485
1005001839201192
1005003102694748
1005002835115645
4000794322457
1005003014211127
1005001970360092
1005002973891278
1005002580850999
32840792611
32911663103
1005003282369438
4000494187146
32694434752
1005002869896361
1005001920530436
1005002524181922
1005003047479981
1005003068496608
1005003138060535
4000929565410
1005003124376665
1005002751875424
1005002564678551
1005001439051934
1005003270939330
32871938026
1005002830822133
1005002641002661
1005002936762399
1005002133721275
1005002482920587
1005003278062248
4000165399206
32800711135
1005002997277502
1005003109311581
1005002721856535
1005002947620985
1005002943708743
1005002323278788
1005002214265083
1005002489748943
33008696701
1005002110218146
4000581773504
1005001520596057
1005001631879245
1005003336584987
4000080016635
1005003092442438
1005001658824002
1005002906149586
4000457535314
1005002588766786
4000734464896
1005002122495224
4000717263847
1005002033795598
32975439051
1005002309888406
1005002781268483
32346884895
1005003278053309
32968641862
4000350333296
1005002433775766
1005001860745897
1005003347116783
33033235426
1005002367434828
32855188521
1005002453374507
1005002889535447
4000581673068
4000769624723
1005002774687320
1005003268146068
1005002865189773
1005001807853598
1005002935297332
1005002053440810
1005003230110525
1005003328897005
1005003151335604
1005003260025273
1005002724686229
1005003360036097
4001327123047
4000627024006
32878445131
33052496280
32827162662
1005003016100559
1005001763279474
1005003157563961
4000923275435
1005003223837706
1005002668930025
1005002492253956
1005003248236983
32913800547
1005003340770184
32979253761
1005002996391393
1005002271310557
1005002014694650
1005002378267577
1005003247750075
1005002606155771
32992406299
1005002700052903
4000335568454
1005002436366922
1005003114608987
1005003127625532
1005003087456274
1005001350204624
33019789073
32840428552
1005001504483847
1005001854658660
4000148009048
1005002561120878
1005003129572960
1005003363339624
1005003173831941
1005002612705829
32961853024
32862646284
1005001523606891
1005003146246564
1005002994070276
4000229647265
1005002925276080
32833737712
1005003319308237
1005002746098289
1005002939904626
1005002957993675
1005003074001500
1005002061875771
1005002657105405
1005001519509219
4000096274740
32848376695
4000361755941
1005002495134316
1005002165664365
1005002953072091
1005003298926400
4001351712554
1005002811063160
1005001409590135
1005002852996267
1005001518933708
1005003317972930
32961609591
1005003212954535
4001127646910
1005002652571759
1005002949528646
1005002879171766
1005002912543981
1005003323766426
4000794734279
1005003031704283
1005001919202269
1005001968015372
4000097569258
1005003356818129
1005003351355343
32890002833
1005002122416215
1005001786582141
1005002710773079
1005002951080233
1005003042289070
1005002883762071
1005001611321614
1005003001724410
10000289548166
1005003293565160
1005002559657219
4001175012271
4000594997045
1005002830269688
32729938689
1005003180647968
1005002932895293
1005002950287474
1005003325708873
1005002357522909
4000386504005
4001218161940
4001295876956
4000023267650
4000049655417
1005001397849941
1005003080345610
1005002842745354
1005001970998331
1005002253739588
1005002878989580
1005002270553868
4001315339265
1005002951431128
1005003237229575
1005001464914055
1005002446361626
33032862201
4000072669086
1005003387494188
4000127083084
33043190975
32797827893
1005003340661216
1005002313055750
1005002897062214
4000472753155
4001361410822
32856491116
32814096156
1005001875621809
4001253417682
1005002996188104
1005003252814718
1005002430722591
4000257212272
1005001484244452
1005002991379874
4000325222077
1005003212858062
32799381129
1005003324340773
4001056716278
4000921591911
1005002970812996
1005003200741952
32959773740
1005002018453836
1005002929213973
32670836556
32852099592
1005003320601733
1005002931746962
4000118529616
1005002107661117
1005002007831015
1005001923000096
4001139632636
1005003302315717
1005001345546812
32674145009
32982639195
1005002347068442
1005001756444953
1005001993638548
1005003244286692
1005002717765260
1005001445595427
1005003127632027
32836296689
1005001750930044
1005002300517776
1005002664726601
1005002090006571
1005003006322680
1005001387897900
1005003040652169
32903738771
1005003258410274
1005002191840571
1005003183576436
33006014472
32844511046
1005002612917264
1005002362104427
1005002932195052
1005003318206457
1005002478017011
1005002986343965
1005002305325262
1005002787640482
1005002203626837
1005001709456745
1005002883182541
32903129753
1005003305475735
1005003282002373
32865511949
1005002626838801
1005002115078992
10000031236134
4000765811625
4001150249750
33020895431
1005003155928405
1005003259109458
1005002002218685
32529846973
1005002477862384
32805700398
1005001729459738
1005003143010836
1005003333927859
1005003323322511
1005003381533368
32954282324
1005002063164986
1005003098788700
1005002927685252
1005001714505412
1005002802148297
32832000077
1005003147123351
4000285825003
1005002781007481
1005003048609738
32270420791
4001007045667
1005003233025690
1005001349213691
10000009420458
1005003350435077
32897832131
1005002476569538
1005003351364629
1005003058521076
1005002848760089
1005003082071600
1005003388374101
4001267634543
1005003102168158
1005003112308499
1005003008007855
4001272677951
4000988170642
1005003156023307
1005002995778096
32682485099
33042894413
32793566002
1005002661868795
1005003032511985
1005002747179943
1005003278308164
4001039429458
10000395955291
1005003307428788
1005002417848154
1005002774090264
1005002708068067
1005003359467043
1005003328818800
1005003031065561
32815252750
1005002153497886
1005002804565709
1005002326605328
1005002434910176
1005002894389749
1005002492480269
1005003297305602
32863909640
1005002313485089
32905343264
1005003243067153
32889454734
1005001530864856
1005003343102251
1005002289656887
4000539606690
1005002341832200
1005002826247006
1005002287423428
1005001386391224
32865567467
1005002868243543
1005003022280713
1005002918976785
32926221040
1005001703323547
1005002027760983
1005002534768640
1005002314341425
32850338010
1005002843679978
32852418678
1005003090183441
1005002960415352
1005002650576740
1005002605927715
1005003224235955
4000261996617
33044143050
32976243589
32616777586
1005003235118638
1005002467466677
1005002348828905
1005003342846789
1005002107961129
1005003235282217
1005001926327902
1005002339972516
1005002803679763
1005002562629910
4000857380082
1005002475776376
1005003001613469
1005002998481846
1005001286046086
32826559822
1005003207733481
4001156805118
32878598025
1005003059932057
1005003069832931
1005002655377738
1005002674353863
1005002674634822
32980513324
4001037222154
1005001896910234
1005003228295397
1005003234188182
1005003133491728
33009717698
1005003309781793
1005003337980686
1005003219527477
1005003166249405
1005003168928379
1005002703379971
4001050234735
1005003386032574
1005002817457593
32822676704
1005003228523854
1005001902993960
1005002870798500
1005002548268718
4000081970681
1005001918348139
1005001346739419
1005003137973921
33035690757
1005001276128780
1005003374684088
1005002310498450
1005003322271520
1005002970522688
1005002779766550
1005001615668466
1005002701209554
1005001915199594
1005001349661323
4000555390568
1005001315517336
1005003139669095
1005001894462492
4000877218664
32889837299
1005003187461752
4000180123784
1005002927939312
32892761862
1005003113052640
32848387931
1005003128853088
1005002647182274
1005001439054755
1005003037873806
4000857181769
1005003319061071
1005003249528163
1005002854606015
32796318553
32849543646
1005002899524333
1005002674912844
1005002999137451
1005003336417754
1005002995076791
32972078503
1005003343961692
1005002612769228
1005002904330704
1005003368139110
1005001493879442
32953724113
32992109089
1005002862113003
1005003247612872
1005003337659638
32981315105
1005003277410524
1005002616675745
1005003226214809
1005002398409905
4001307468639
32968714088
1005002313408988
32915366470
1005003110651814
1005003390613839
1005002556018086
4000405012765
32822555538
4000569214665
1005002968784031
1005001355683033
1005003281484164
1005001580464508
1005003270459673
1005002390853034
1005002649961544
4000850806263
1005001957479114
4001255026313
1005002580783023
1005002989864727
1005002061769935
4000990966068
1005001731731271
32266117409
4000342107352
32825262388
1005001717711168
1005002837783436
1005003286873694
1005002772098652
1005003021498830
1005002942012285
1005003322714376
32932744441
1005003146204536
1005003079659162
1005003263196565
1005001495705130
1005003096980733
32809830834
1005002986370019
1005003368856018
1005003088811002
1005002668421353
1005002781362764
1005001983299828
1005003283257525
4001321772486
4000994051016
1005002303342740
1005001679914973
1005002625102782
1005001469018815
4000529240326
32959611499
1005003044171751
1005002599610691
32707332943
4000354203668
1005002387879507
32834292089
4001098200561
1005003049981789
1005003285939874
1005002244902046
4001245117137
32931562637
4001237192662
32695986204
1005002879485304
1005002970200189
1005002289492571
1005002827310828
1005003117296084
1005002917224532
1005002828153998
1005002780538528
1005003005283997
1005003236336566
32858248608
1005002577868031
32728221833
33034248149
32822404172
32832668527
1005001511734422
1005002242324721
1005002711188275
1005003205828875
32969088778
1005003098086578
1005002517038904
1005002652953749
1005003271147903
1005003236717084
1005003350447731
1005001418127427
1005001596454767
1005003128086523
33046000644
32977725445
1005003117649675
4001165550282
32919671773
32880136336
1005001430567885
1005001695492267
1005003385930985
32970867277
32343027912
1005003303084940
1005002541492390
1005003387537073
1005002191114072
1005003347954166
1005002794916576
1005002908084284
1005003121152777
4000736017685
1005003339143353
4000934139619
1005002795158341
1005001803208173
32848831587
1005002930456300
1005003123436280
4000013697052
1005003051209806
32696732252
1005002083777742
1005001474347601
1005003280835370
1005001520042536
4000972661412
1005003065066176
32976823225
4001293965986
32916299720
32779941246
1005002995125210
1005001638903893
4000035000173
1005002702540595
4001164329063
1005002836692125
1005003243367741
1005001693829610
1005003020042966
1005003309662398
1005003096395306
1005003229264320
1005002973247187
1005002925635378
1005002564355102
1005002776457982
1005003209723134
4000891399559
1005003087825033
1005002047168284
33044590189
1005002472629688
1005002283079372
1005003273660239
1005002930409059
1005002211731266
1005002588992327
1005003007111130
32996479345
1005003284844661
4000867479157
1005002950278723
1005002329060855
1005001809700102
1005002356190666
1005002516765503
1005002345391062
1005003004415981
1005002055418813
1005002571744933
4000874897049
1005001360470283
32847821785
1005002752375391
1005003301761770
1005002926004242
1005001376604800
4000924218423
1005002247423313
1005003321729472
1005001298917350
1005003123889678
1005002471638944
1005002710305598
32783462485
1005002862145115
1005002882687286
1005002526944310
1005002460620640
1005001265833236
1005001646064162
32839589764
32890610047
1005003068960198
1005003370654821
1005001743895991
1005002414367887
1005002760337893
1005002040017882
4000249089352
33008391682
32773325803
32975565696
1005002967496027
4001237994590
1005003149710190
4001153326215
32889801717
1005003001587652
1005002877817970
1270205163
32851720580
1005001869855297
1005002616406497
4000698309993
1005003026400140
1005002333643874
1005003174400297
1005003097059352
1005002862626386
4000989207408
1005001913754899
1005003093182348
4000898286076
1005003246149461
1005003285083365
33001648944
4000878234746
4001173128797
1005003219738500
32947851409
1005002038916685
1005003130615627
1005002945865009
1005001984872714
1005002622822821
32892591492
32952536814
4000258941900
1005001397889587
4000804928795
32965840508
1005002921712762
1005003077095369
1005001409119809
4000180862595
1005001821305797
1005003014966431
1005002841701436
1005002844394074
1005003191733046
1005003296575403
1005001756620066
1005002649154464
1005003101716836
1005003082842184
1005001521779975
1005001788705932
4001207597413
32798465085
1005002138315583
1005001423528935
1005001770070249
4001039421472
1005003263880144
1005002908014254
1005002976018902
1005002096888933
4000614692016
1000007256020
1005002817344240
1005001441167442
1005002328470040
10000160102174
32563646513
1005002256568423
1005002918570607
1005003124588378
1005003304611889
1005001470156178
1005003311573455
4001360948290
1005002130671621
1005002914153316
32981099165
10000286046780
1005001559665269
32617651562
1005001298828914
1005002130771532
1005002916097213
4000266318009
33017807391
32930049570
1005003096046526
1005003343771314
33063211316
1005002518200455
1005001576277583
33051258550
1005002941813122
1005002306743593
1005001460610538
33052955001
4001338498172
1005003227939651
1005002457785827
32448356691
32998074453
1005003266358620
1005003124888701
4001053519646
1005002090367998
1005003243723748
1005003230164750
1005003286712401
1005002491570561
4000920382603
1005001949178067
4000010587960
1005003251845748
32973449187
1005003392228456
1005003059423251
1005003396346477
4001200661206
4000502020782
1005003235925035
32993978566
32841432155
1005003109222757
1005002642674096
33001243436
1005002447447593
32957409934
1005003337785421
1005002782671188
4000378278852
4000703322283
1005002014694281
1005002994847864
10000344964032
1005002291299756
1005002585018175
1005001690695996
1005003064537124
1005002332630266
4000245667614
1005003387172326
1005001864763248
1005002939742568
1005002205876299
1005001391662369
1005003095596216
1005002067918810
1005001620526044
4000898174558
1005002147308300
1005002443433566
1005003028090553
1005002875401967
1005002861513245
1005002960495695
1005002794858639
32974284588
32832587771
4001000975767
1005003059447565
1005003138787400
33018131305
1005003339357026
1005002996339631
1005002181378502
1005003152111762
1005002717189471
32809366294
1005002693959002
33031916848
4000061597322
1005002755933903
1005001338601060
1005002971167602
32960026114
1005002926600560
1005003325162498
32325772028
1005002722517934
1005002974090878
1005002798091523
32997532824
1005003005083893
1005002808999206
1005001278934625
1005003041585182
1005003392211873
4001169019588
32776298590
1005003338664896
1005002441152736
1005003243883393
32889849868
1005003231224152
1005003275522057
1005003192147981
4000559195097
1005003113396742
1005002638956225
32978821584
1005002780353549
4001143076506
1005003333213029
32544966171
32921748564
1005001524100070
32758284171
4000456536177
1005002634761977
1005002614006527
1005003050293360
1005002615918150
1005001381189575
1005002566010350
1005002368005435
32906962935
1005003061953786
1005001962067810
1005003214765235
32956323194
1005003220936178
1005003114114959
32862566607
1005003311968690
1005002974310763
32969142061
1005002307239740
1005002711334164