1005003275177924
1005002672058250
32707128223
1005003367238308
1005003117940825
32794135583
1005002549018228
1005002919700579
1005002628972172
4000038601486
1005002669789074
1005002612780073
4000159403566
1005002108844274
1005002864315221
1005002535934818
1005002431520417
1005001515108842
4000194541612
1005002097557471
4001080562156
32785590931
1005002623823149
4000154407846
1005001863882791
1005002210745552
1005003384126561
1005003114763926
1005003113234593
32965280618
1005003358134420
1005003161268707
1005001273720581
32907907353
32871514669
1005001746961911
4000708873236
1005003329458537
1005002886971925
1005002813176577
1005003287047759
32844514229
1005003215866500
1005003165486212
33020939729
1005003337728030
4000852973853
4001154246208
1005003277024353
4000321171696
4001273128195
1005002877223865
1005002741341139
32761544976
4000777160063
4001331989799
33040701721
1005002956772715
1005002316532848
32778947217
1005002394389883
32959711225
1005003116598737
1005003168694974
32905002994
1005002886162088
1005001594673464
33015635389
4000624790576
4000611875209
1005002283204126
1005003104837271
1005002052137067
1005003192197063
1005001528831573
1005001692659924
1005002665383624
1005002537670911
4000061251192
1005002717738818
32831904762
1005002964573713
1005002875520325
4000201561921
32887955736
1005002727594933
1005002491966175
1005001533889790
1005002959664214
1005002571230198
1005002870718248
4000040332177
1005002646838608
1005003237808686
1005003356546151
33055812479
1005002995055011
1005003212132356
1000001544506
4000241013229
1005002561533665
1005002767124474
1005002618485719
1005001353987951
1005002714450161
1005003319160219
32883682362
1005002739738906
32868564795
1005002937882859
1005002755335820
1005002425785721
32913830685
32953641340
1005003208325599
1005002273953571
1005002261637165
1005002991152068
1005002125499836
1005002577600574
1005003130088587
1005001686264101
1005003146027377
33049060766
1005001790303461
1005002762013182
1005001488762227
33006408883
1005002863046195
4000611100802
1005003116954768
1005001895329341
1005002842651780
1005002518637975
1005002998083079
1005003312365960
1005003246831784
1005002480892905
1005003354119935
1005002506186147
1005003300637490
32836111610
1000007671267
1005002989473922
1005001425173492
10000395928513
1005002367880798
1005003276913362
1005001385554144
1005002496992044
1005003106458153
1005001421430455
1005002647272713
1005003074197012
4001270429742
4000152992182
32945056025
1005003189562545
1005002596808909
1005002277032919
1005002945461711
1005003149741932
1005001369087139
1005003113100257
1005003187449092
32919488670
1005002003340151
4001163119007
1005003032383330
32782078175
1005002178116720
1005002352048232
1005002271328425
32854229319
1005003387767244
32849240064
1005002107822402
32828709961
32823553459
1005001620713980
1005002405148796
4001275939288
1005002835058128
32814067971
32839088534
1005002468621343
4000468225747
1005003241469885
1005002024685181
32892598183
1005002958379386
1005003280689954
32865582021
1005002754874300
33051724930
4000053775337
1005003342175608
1005003286805907
4001280853038
32908768102
32922924211
4000955557341
1005002323333752
1005003210181099
1005001909877042
1005003063395336
1005002615721641
1005002957867623
4000546601748
1005003336441948
1005002275575900
1005002497384471
1569494288
1005002517683297
1005003247074725
4000391875440
32845682803
1005003274309258
1005002176917111
4000993970372
32788509642
32829316234
1005003072609969
1005003164867434
32988536304
1005002740993180
1005002504059130
1005002421598021
1005002341200832
32801053393
4001333894743
1005003069945504
1005003033532103
1005002288978220
1005002864441007
1005003256233323
1005003180843716
4001270476562
1005003061423291
1005002834163024
1005002766214850
1005003314733567
1005003381286732
1005003001975757
1005003016242042
1005001864145406
32347606414
1005001552608832
1005003034121945
4000370169768
1005003299355888
4001059958695
1005003018316665
1005002510663758
33007914455
1005002915504776
4001267206278
1005002814714278
33057974499
32828391805
32862475904
1005002598265892
1005002862089244
4001025394929
1005002376519562
1005002887322266
33011573409
1005002961213117
1005002193727667
1005003356923485
1005002253199248
4000698340678
1005001774698247
4001196943924
1005002880444754
1005003265541143
1005003364783266
1005003256039576
1005002841542970
1005003167729397
1005002428307631
33053205701
1005003094241916
1005002731143872
1005003083887174
1005003224264383
1005002351279551
32870615778
1005001867628898
32818559979
1005003084465806
1005003135210948
32574701683
4000301089098
1005003191061091
1005002783831687
1005003250467923
4000848672034
1005001703285285
1005003382445213
1005002246187725
32990800326
32843201231
1005002293813328
32957485501
1005003172513641
1005002523952642
1005001386567055
1005002686588975
32963462986
1005002830808753
1005003065467279
1005003068854798
4000866994217
32356182704
1005002335138118
1005001451268590
1005002444874125
32841307657
32787393373
1005002817507181
1005003209387177
1005002918770315
32796073345
1005002974000329
1005001269674762
4000146866927
1005002949683894
1005003049651941
1005003178342502
1005002987995926
1005002666796763
4000310962169
1005001933243632
1005002861646274
33039518162
32853576012
1005001594981518
4000582691248
1005003387186670
4000959756152
1005002315524106
1005003372111571
1005003342943277
33026365041
32886774143
1005002680241222
1005001985703995
1005002933126438
4000833774806
2039887582
32821148575
1005003335023740
1005001985876223
1005003257965900
1005003222280716
4001272844323
32890670368
32888815503
32895210607
4000187404218
4000903285145
1005001993389034
1005001351622328
1005003387432705
1005002555818085
1005001584259601
1005003281090118
1005002356875002
4001186420186
1005003281510569
4000056592031
32455819891
1005001429075841
1005003143907572
1005002959885087
1005002544513636
1005003304511091
32309492940
4001037027863
1005003038281812
1005003030758986
32755162972
1005002295232589
1005003271124824
1005003276052290
1005002645499138
32975165635
1005002037043694
1005003287256462
1005003204972714
32955518566
1005003129829669
1005002991138935
1005003193403068
1005002842599438
1005003294219606
4001155241028
1005003257266197
32806821427
1005002490638450
1005002708375473
4000126131149
1005001607460202
32528538154
1005002966395494
1005002864581652
1005003066266744
32982165568
1005002582359460
1005003171447225
33011583571
1005003118080216
4000990185690
1005002643023401
1005001387838736
4001189347989
1005001797272999
1005002932612777
1005002176623197
1005003148359996
32851741259
1005002280892169
1005002623488702
1005002363259484
1005001935585454
32792873114
10000397731075
1005001831944262
1005002746064712
4000619176340
4001165625157
4000420580662
1005003114477031
1005001518770783
33007580637
1005003023226733
1005001961598463
1005003227860911
1005003069190861
32972400122
32843878938
1005001788733893
1005001747108080
4000893755045
1005002770876847
1005003257816957
4000206624857
1005003142806538
1005002066197453
1005003089077299
1005003284681997
1005003352382859
32958584742
1005003309964077
4000479931477
1005003278280080
1005003146514227
1005003232563273
1005003391492174
1005001992921815
1005002425989750
1005002784877569
1005002868433032
1005002428576067
1005002991704806
32810944928
4000769885834
1005002633383243
32761638414
1005003323624838
32802613346
1005002325328786
32885891792
1005003003605879
1005003329279650
32966561596
1005003146929733
4000445573779
1005002630548630
1005002200854847
1005003005149856
1005003230003804
1005003250935645
1005001784873401
1005002960627321
1005001502681871
1005002765002967
1005001649256566
1005002252794134
1005001682538545
10000259714713
1005003023463647
1005001405651031
32854672416
4000566803870
1005002054931141
1005003136301477
1005002246879762
32890347427
1005002630257097
4000080222968
1005003092709913
1005002161616101
32923322398
1005003018614220
32287311414
32832820841
1005002689156935
1005001864605467
32971032686
1005002413215601
32812259593
1005001366606838
1005003336152570
1005003255211103
1005002990377541
1005002233340086
1005002608862896
1005002374679321
32924331357
1005002925515955
32984694540
1005003022611144
32810380651
1005002784415393
32912662813
32834468188
4000081391595
1005002655641697
4000524174693
1005003328665926
4000625543452
1719069077
32880076199
4000111500286
4000557570956
1005003086508471
1005003135788700
1005002110910680
1005003050947863
32869440382
1005003190417628
1005003297931903
1005002327237512
4000796681729
32829337058
1005002678251225
1005001571295741
32836179346
32878652243
1005002317941949
10000306900099
1005001609118976
1005002313460223
1005002305418825
1005003063510231
1005002714767495
1005002499177638
1005001862848480
32764176853
1005001639996358
4001225046524
1005003145980780
1005003337341715
4000158837921
1005002796260046
4000768155308
32821142079
32782805380
1005003037974008
1005002511097515
1005001357174224
1005002052218828
32919490085
1005003263686998
1005001540643565
1005002859030723
1005002822571992
1005003304441418
1005002337066267
1005003250624789
1005003286261297
1005003101661384
32721416248
1005003309359951
32959498344
1005002313660695
1005002679179307
1005003296938196
1005002844585326
1005003383180801
1005001708797934
1005001452314863
4001041864092
1005001487812052
1005002374734298
1005003308716823
1005002809562652
1005002506685387
1005001981590441
1005002838628200
4001244355892
1005002630081426
32886658615
1005003212504737
1005002674006817
1005001441371305
1005002856942187
1005003380160745
1005002547359748
32784305643
1005002798955998
32974241143
1005002292946983
1005002204782788
1005001428586045
32913957128
32746469051
1005002190401767
1005002425476777
32998278678
1005003160750060
4001085386171
32887564004
1005002309545641
1005002917160301
1005002991440297
1005001598000599
32986555855
1005001799515407
1005002831018550
1005003339773880
32840262576
4000084326162
1005003336809061
1005002567298983
1005002937416290
1005002057286376
4001098482348
1005003237722708
1005002354053097
1005003120587641
1005002711308712
1005001451936496
1005001607333596
1005002403992703
1005003173965648
1005002961534078
32806938347
4000329864804
1005002726253557
1005002864504491
4001241040642
1005003150682166
1005003097293581
4001039463106
1005002606349543
4000314876400
4000334320649
33047028230
4000982818819
4001044413486
1005002019330503
1005002702370571
1005002782406227
1005003076403115
4001050351148
1005003222195669
4001213130689
1005002170821167
32966021248
1005002973765962
4001127420700
1005003349074358
1005003135771705
1005002186849424
1005002399464312
32949683843
4000904340357
1005002334969074
1005003008363868
1005003348448310
1005001326610221
1005001678936160
4000614485435
4001157065420
1005001671378266
32950508521
4001290557330
1005003337434713
1005003113637857
4000989772976
4001039250855
1005001764344681
1005003272441352
1005002357458017
1005003240307014
4000034029723
1005002558768551
1005002651944617
1005003168270030
32816866038
32624831426
1005002931265450
32823596047
1005002487661732
1005001692778470
4001285301282
33043040781
32867740379
1005003216208559
1005003013065498
1005002935541476
4001158413627
1005003047962870
32905848148
32966873967
1005002754564117
4001110889235
1005001267309549
1005002918353474
1005003278731285
1005002261192647
32627116436
1005002024038118
1005002306108029
1000008504877
726813100
1005002991325716
1005003385234527
1005003150517037
1005003030516804
32702599341
4001009233693
1005002919957545
4000510850796
1005002949582386
1005003253572956
1005001618345063
1005002491498867
4001220856465
1005002371876103
1005001488109404
1005003202139897
1005002959462747
1005002871660934
1005003146179257
1005002608972242
1005002357694799
1005003062675034
1005003171594304
1005002067187710
1005002417373943
32824950509
1005002433173687
32754858235
32528226489
1005002907103917
1005002260140007
4001163793125
1005002889947707
4000474686997
1005003135666732
4000369862945
32887833906
4001156986864
1005001989994528
1005002596659863
4000151278526
1005002328126560
32913501343
1005002439756238
10000286661764
1005003227899666
1005003283785042
32889841138
1005002912662014
1005003265041714
1005003210512429
32703379438
4000106311554
4001273498669
1005001689548010
1005001780360818
1005002442258259
1005003214371328
1005002024286164
10000359016048
1005002350822638
1005002789442468
4001305986734
32959853151
32949335505
1005003344502433
4000773410604
1005002398966911
1005003373769815
1005001785716298
32813216302
1005002547638091
4000128685826
1005002557714957
1005002380749571
32986143043
4001230787765
1005001520508184
1005003177492333
32861731098
1005001354382210
32829701868
1005002857109216
1005003192066964
32818758777
1005001775055225
1005002663054509
33029024296
32799696658
1005003037711384
32953832217
1005002885451325
1005002342625162
1005003371980405
32894833947
1005003019640690
1005003142048122
1005003091183144
1005002865483610
1005002861730942
1005002978671779
32829755534
4001265306403
1005002511133291
1005003294544114
32975511688
1005002992162647
32573592155
4001211794180
1005002719277086
1005002629328188
1005003299522843
33012471381
1005002606164932
1005003386888936
4000504115769
1005002901535469
1005001960845520
1005003016222207
1005002147955583
1005003204225108
32821154319
1005002732627833
32911823057
1005003001081315
1005002715865838
32837553652
1005001621931223
1005001380983504
1005002587662832
514970688
1005003370056258
1005003355752390
1005002862823454
1005001970414386
1005002553469413
1005003232417908
4000776689650
1005003227199809
1005001537698199
1005003151287503
1005003208508266
1005002668079099
1005002317872073
32765129696
1005001424190084
4000784294577
1005001350777642
32849989218
1005002970992971
1005003342145313
1005002994805429
1005002752325877
1005002613827453
1005002606966394
1005003262436353
4000384898712
1005002231549842
1005002271875444
33030126067
1005003067241558
32882601886
1005002419655557
1005002328363470
1005003088739526
4000473786250
32710649144
1005002718788698
1005003242566817
1005003140907365
1005003345067847
1005003298233254
4000926126408
1005002993060606
1005001349332431
1005001631466322
1005002615977841
1005003244789400
33058514611
33000149099
4001364544880
1005002553707573
1005003377990626
1005002929290888
1005002470735279
1005002510454945
1005003192703007
4001217942095
1005001960792732
1005003168447965
32821240344
1005002611749527
1005003365096100
4001010724192
4001279068259
1005003114768708
4000120500795
1005003340046129
1005002220991648
4000704330171
1005003028273189
1005002970064574
1005002988579059
1005002334350846
32684227242
4001110374475
33048648883
1005002920587090
1005002928857298
1005003340370727
1005003287604472
1005003115111820
1005002279373022
1005003282773902
33003889044
1005001305395379
1005002647261640
32588028814
1005002069811898
1005003093096820
1005003192358515
1005003293014987
32784580168
4001231125957
1005002976818023
1005001695297063
1005003096680612
1005002675279579
32965728586
1005002922328089
1005002736836817
1005003361797698
1005003277877160
1005001560502914
1005003305509561
1005002364667752
4000640440338
1005002610163791
1005003241086606
4000516579262
4000705849051
1005003379285148
1005003204540423
1005003374619877
1005001999408422
32858848664
33047019794
1005003324893775
1005002945374362
4000022333288
1005001807928267
1005002124250352
32989819041
1005002856183159
1005002891860099
1005002141373846
1005002868626923
1005003283308637
1005003386231853
1005003266872804
1005003072412838
4000151635750
1005001652584550
4001248043166
1005002362666889
32682473538
1005002401203127
32897165258
1005002924233227
4000808055651
1005002840224763
33004506805
32896321080
1005002884568086
32725064494
33028394635
1005001321436317
32907647853
1005003163678995
1005002476992521
1005002225283086
1005002642585375
1005002460643556
1005002595785681
1000004392379
4000935043616
1005002606064049
1005003014086320
1005003278586907
32996052839
1005001916557257
4001031848663
1005002879559333
33035171520
1005002457345775
1005001547524230
1005003114227570
1005003330778260
1005002239462625
32794529969
4001001989735
1005003364074157
1005001922262490
1005002377048940
1005002775240598
1005002028505332
1005003385974861
32913331554
1005002652749426
4001021171439
1005002608941181
1005001659151625
1005002238228106
4000181156280
4001341478031
1005002723427274
4000550206570
1005002686539419
4001105822933
1005001416756284
1005002829956926
32885621140
1005003198144566
32422028591
1005003015299672
1005002584553026
1005002002841759
1005002623760105
1005003308637764
4000295635711
1005002448815459
33002791347
4000343706555
1005003345882114
1005002974356675
1005001520779025
1005001510690215
1005003154850408
1005002073427865
1005002864946334
1005003115417341
1005003035466715
1005003162225467
1005002288666080
1005002083817629
1005002903738307
1005003228015674
1005003135911754
1005001977807649
32811666801
1005002980170406
1005002110033792
1005002838235041
32898621930
1005003297364716
1005002382968268
1005003264374034
32978483454
1005001418062277
32833263291
1005002918790664
1005003239657326
4000716778102
1005003323759986
1005002655870939
33002816222
1005002029775561
4000072809222
1005002139531939
1005003268084965
1005003007351449
32465303631
1005001407611202
1005001466001775
1005003211279314
1005003218946157
1005003250126167
32857174488
1005002630290610
32972297884
4000816834353
1005002988889206
1005003219242629
32851792996
1005001316673555
1005002959715574
1005003351404501
1005001648407330
1005002905315147
1005002916932448
1005003021351065
1005003186375059
32796535143
4000571003124
1005002086194685
32830141447
1005002939693930
1005002170747634
1005003058858235
1005003337737292
1005001906652946
1005003335322553
1005003360146435
4000140847572
1005003381900838
4001264502388
1005002964464715
1005002246259032
1005002261112238
32913806926
1005003090339339
1005003161975481
1005001996515842
1005003334831709
1005003298168699
1005002212900130
1005001657747668
4001105964518
1005003277220415
4000625409955
4000622881400
1005002659873484
1005003077014015
1005003070094016
1005002341121861
32967446894
4000025016418
1005003201965689
1005002205240322
1005002886184953
1005002537588846
4000770230802
1005001693641071
4001240517275
1005003133661731
1005002649126172
1005002861211274
33009785999
1005003349192533
1005002818025446
1005003136231495
1005002668054396
32976281442
1005003305698808
32903536191
1005002957053458
32891034560
1005002353316754
1005002703112669
1005003353214645
1005003098584244
1005002808953438
32716891777
1005002112751890
10000096680860
1005002386840760
1005003191147340
1005002398948073
1005003325054921
32788509642
1005003305057127
1005003356934564
1005001747201581
1005002321625609
1005001518554854
32992798461
33020234107
1005002413447634
1005002842810459
1005003182850582
1005002613209033
32960681936
1005003119815360
32863356283
1005003008364911
1005001762144395
1005002856026224
4000067901792
1005003025661899
1005003050845836
4001066240678
1005001838603574
1005003167760904
1005001587240463
1005003082521128
1005001564916957
1005001678410358
1005003391204769
1005002656757995
1005003295167377
1005003080839989
1005002951586579
1005002371519880
1005001304693561
32998073224
1005003094004494
1005002610476660
32894276900
32516811616
1005002387791262
1005003305256899
4001111702186
32961640704
1005001946063725
1005003375584474
4000316831778
1005002554864695
1005003319757005
1005003278214959
1005003067366708
1005003016850779
4000970956377
1005001970039363
1005003181837213
1005002717413773
32845468770
1005001329727155
1005003192727410
32833742773
1005002561793064
1005002659366969
1005003111291188
32968738040
4000063948715
32946952821
1005002295175463
1005002227583891
1005001893337209
1005003314154894
1005003134893703
1005002247598041
1005003264591050
1005003203086001
4000977216818
1005003102907401
1005001943670958
1005001631817053
33014046589
32961667581
1005002717403887
4001155653201
32697699137
1005002420978827
1005003218648488
1005001529220119
1005002292620510
1005003289912752
4000626410592
1005001435630783
4001242587601
32672209639
1005003219742658
1005002711208052
32972023187
1005003085270113
4000206985852
1005003205789636
4000762299413
4000007321818
1005002376275049
1005003081547990
1005001377260041
1005003386920410
4000873993272
4001035074363
1005002019098987
1005003265118347
1005002009220692
1005001466632580
1005003241631016
1005003082971707
32461547672
1005003234842958
1005002468724769
1005003136238109
4000381479772
32836143007
1005001975821853
1005002236023497
1005003029971042
1005003087326064
1005003242054677
1005002398576501
1005002367432796
1005003085618748
1005002402093600
32848651986
1005003200535095
1005003235111015
4000195807983
1005003102893579
1005001439395011
1005003171962968
1005001645445533
1005003001527799
32960247997
1005003342666117
1005002608724399
32968195121
4000181707999
1005002357391853
1005002742309208
32778190643
1005003364763486
1005003095387736
4000835319690
4001281758506
32422466491
1005003391226579
1005003277781426
1005001788729584
1000006812901
1005003016198489
4001301757540
1005003037948012
1005002322899541
1005002913443199
4001264867749
32885561068
1005002565141022
1005002829533420
1005001988949167
1005002565584975
4001325894118
33012986779
32938201532
1005003215540462
1005002382435843
1005002168673293
1005002283345379
1005003165515036
1005002271624868
1005002968169136
1005003142381583
1005002286029241
1005002939899648
33007090331
1005003192752068
1005002667473609
1005003259829465
1005003057849430
1005002233545670
1005002804192981
4001179342408
1005002990424966
1005002003363385
1005002324711563
1005001918215476
1005002570886910
4000169991304
32828441410
1997074424
1005003096387272
1005002119193677
1005002599667949
1005003098319830
1005002207956482
1005002722803019
4000280089210
1005003021729893
1005002478108053
1005002846866240
1005003020398023
1005002122286866
1005003006487096
1005002080787533
1005003259788618
1005002345757812
1005003250615842
1005003234242740
1005001530069392
1005002650902893
1005002789709228
1005002789679642
32613298205
1005003156210492
1005002717925879
1005003323453363
1005003265514289
4000459404132
1005003176533948
1005002824004964
1005003021063197
4000598805435
1005002320787593
4001134856933
1005003334015735
1005002455864162
1005002697598176
1005003356018135
32956088868
1005002389555941
1005002692281656
1005003218507712
1005002472522411
4000068344183
1005002481128348
1005002200234874
1005003217487673
1005003026542998
1005002302680417
1005002820144969
1005003152774019
1005002650390065
1005002398531704
1005002570567099
4001269507643
1005002073386726
1005002617337393
1005002443172050
32838322290
1005001289483223
1005002871524675
1005001895021686
1005003205782601
1005002826452524
1005003338567868
1005003016894608
1005001344903946
32853307944
1005002877923168
1005001708951683
1005002280903499
1005002974182186
4000147664912
1005003328538986
1005002754746466
4000012343151
32887960123
32981433502
4000474416508
1005001644523905
1005003010607789
1005003326374607
1005003336182023
1005002816866177
1005002266346937
1005002324220105
1005002411524118
1005003002251823
32900303211
32974948787
1005001736842339
1005003259867158
4000523556956
1005003211745708
4000278951758
4001200113458
4000699889218
32919471051
1005003197082075
32293116003
1005003304479720
4000991234455
1005001738912226
1005001489674327
1005003193282093
1005003026757028
1005002218309147
1005001267289306
1005002121882287
1005002651902295
1005002750910566
4000929853475
1005002592736527
1005003008641997
1005003259719423
1005002567369095
1005001825089489
1005001381306247
1005003150522797
32826680401
32812586041
4001283702151
1005003065891763
1005002683684486
1005002309312930
32950891853
32615917151
1005003225028779
1005002298833169
1005001988680435
1005002347397110
1005001510789062
4000014138752
1005001722230325
4000770016224
1005003147861983
32954448477
1005002069929487
1005001858568446
4001296813484
1005002950314558
1005002062785439
1005001785828866
1005002584421739
1005002001577437
32957726364
1005002886450689
1005002939914034
1005002050240538
1005003004017861
10000028236315
32505860485
1005002660743843
4001295047114
1005002583471394
32727307600
1005003036323185
32921542784
32891519001
1005002430911478
32968778002
4001219814862
32887259800
1005002994405491
1005001523965242
1005002018227624
1005003025196199
1005002849113434
32349752655
1005003140962076
4001011096625
1005003086362207
1005003087538067
33033880114
1005003058268655
32501812684
1005003058591449
4000222043307
32798212125
1005003064445788
32958176699
1005001391573356
1005003184261157
32932520486
1005003328314452
4001065998704
1005001912428732
4000379857615
4001061323127
1005003229102170
4000722127977
1005002797993926
1005002978852827
1005002428469997
1005001429971330
1005003256305459
4000012573988
1005002064284133
1005002958449633
1005003092248617
32973457349
1005003183150546
4000247262015
1005002775543351
1005002437791696
32898329688
32759811202
1005003248867491
1005001732194208
1005002978781428
1005002092196154
4000431055605
1005002087474539
1005002237596226
1005002401234547
1005001803466118
1005001913740273
1005001908411930
1005002960241382
1005003103034755
1005002291402226
1005003334630037
1005002310087284
1005002744836529
1005003367193144
1005003135374727
4000687301016
1005002875812803
32813093031
10000064291942
1005002509944664
4001290439840
1005001855199590
32481755847
1005003342218793
4000924134222
1005002731552793
1005002799487608
1005003387872075
4000780455205
1005003199332968
1005003032177356
1005003051586848
1005003175761715
1005003326321139
4000671018261
1005002313704418
32854681510
1005003266309380
1005002949619559
1005003031895528
1005003183146781
1005003337926626
1005003350636662
1005002907448775
33008317325
1005001742271259
4000007017541
1005003108487133
1005002799247439
1005003029533334
4000018512859
1005001632953112
4001250826291
1005001557444156
1005002883385266
4001100342559
1005002430615559
4000942064655
1005002678406202
1005003097509988
32919783436
1005002948384566
32617796959
32965810283
1005003270223606
1005002981477657
1005001556506145
1005002386240567
1005001906532600
1005002766837034
32778339639
4001304448345
1005003067687836
10000217438271
1005001577672545
1005003221955842
1005002423701134
1005003342684530
1005003288083034
1005002237575398
33035768405
1005002824270447
1005003022202056
4001057430676
1005002467072272
1005003218721769
4000158662614
1005002919749560
1005003065238975
1005001511290327
1005002363290396
1005002787195275
1891460851
1005002219982057
1005002869606649
32641194339
1005002303683507
4000314140701
32884380149
1005002424787581
1005003150171739
1005001889312445
1005002838318530
1005003269901676
1005002917164902
1005001621387374
1005002933457080
4001255791892
1005001976476798
4000863849774
1005002708818283
4000427671402
1005002645995196
1005003197503079
1005003286273061
1005003071415204
1005001683035296
1005002674840060
1005001982680520
33043589961
4000042638531
10000169872805
1005003299040183
1005002524268175
1005003387782027
1005003336449385
1005001736688753
32867624563
33015411333
1005002483770200
1005002617862516
4001015158571
32817363832
4001290274321
1005003218422217
32697755048
1005002314628385
1005003129437184
1005002710465768
4001248684672
1005002224342122
1005002991133616
1005002215423699
1005002850959324
1005002612135173
1005002254020040
1005002938426255
1005002717223385
32964861310
4000570208663
1005003157665715
33012999217
4000791413212
1005003291987761
4000552058207
1005003374312251
4001127441338
1005003354761160
1005001835343324
1005003265009441
32260103995
1005002664678932
1005002689854753
1005002013355438
32991184518
32820180513
1005002950803227
1005003189045033
32667161207
1005003334892017
1005002063541844
1993177463
4001278309225
1005003028677920
1005002770637426
1005002588957111
1005003015783403
1005002628293705
1005003181952419
1005001659937601
1005003386779338
1005002745421797
1005002796306675
1005002022405483
1005002608696013
1005003188852951
1005003099045495
1005002304152902
1005003342986143
1005002995573271
1005002673848800
1005003075093831
1005001271741456
4001014501683
4001241371259
1005001693813413
32830343219
1005001809617367
4001004628526
1005002814470239
1005002401166343
1005002217408706
1005002835695653
1005003312301861
4000362715550
4000053906299
1005003292807876
1005001288136763
1005003002132686
1005003306848093
1005001973291037
1005002721589745
1616947617
1005003116556622
1005003341878618
1005003261237249
1005003122542607
1005001520154548
1005002336240948
4001217385727
1005003368547641
1740653959
1005001896466886
1005002622613507
1005002679167351
1005002835267024
32946658945
1005003287130481
1005001786929418
32220992506
33024847639
4000838190675
1005002465442260
1005003298096381
4001077974928
1005001646741964
1005003148121860
33009832217
32915158046
1005003002507815
1005002304707332
1005003328016479
1005003299171400
4000691240035
32966133404
1005003302360193
32996360470
4000700030721
1005003390962436
1005003218273708
1005002708465712
1005002567012973
1005002621900021
1005001639186125
4001047055984
1005003197792999
1005003187324296
33034593618
1005002622952838
1005001313491849
1005002608355738
1005003356965104
32799593199
1005002226458205
1005002995271721
1005002974106600
4000959553961
32824228626
32751195707
4000316890996
4000476978314
1005001412998860
1005003351552233
1005002340584816
4000054148529
1005003191885542
1005003042202099
1005002617902212
1005002789371401
32968251719
4001113363626
1005002938721647
32736277072
1005002604801365
1005003377023598
32922065641
4000900382404
4000784147252
4001296279853
1005003386010013
1005003022629922
1005001467801598
1005001476594003
1005003365727988
32886414113
1005001380022387
32951598235
1005002835293224
33008790516
1005002595615915
1005001451244199
1005003369745175
4000036728229
1005002490573151
1005003096651656
4000464374818
4000386294006
1005002019257036
4000698321965
1005002490204322
32869529707
1005002492635147
1005003136775038
4000001529560
1005002611600864
1005003345456547
1005001853371821
1005001446192728
1005003118820530
1005002865011635
1005003003054625
32858519313
1005002398996506
10000395866852
1005002777915621
1005002287947506
4000594940285
32978664406
1005002716854276
4000723063513
1005001741917828
1005003211062883
1005003025092774
4001290784393
1005002737697990
1005002039027972
1005001693286238
1005002679395981
1005003197159429
1005002801971507
1005002958910029
1005001563127320
1005001463798855
1005002154442975
1005002572710216
1005002623651220
32751027944
4000553165109
32828642019
1005002600423107
33032006602
1005002291240417
1005001872299701
1005002056090486
4001025846532
1005003021531292
1005001632949884
1005003263691735
1005002709634078
1005002081887378
4000265443777
1005002646113989
1005003172592007
1005002909379776
32822264931
1005002965477203
1005003092826176
1005003355991788
1005003324938978
1005002090221718
32764885185
1005002489823205
32881080847
1005003325669771
1005002794869559
4000116693730
1005003051240677
1005003345147834
1005001308448912
32843927447
1005003371993709
1005002038283562
1005002420387181
1005002196645063
4001054560214
1005002467590851
1005001982046939
1005003323328542
1005002654734939
32594134589
1005002600318655
1005002662775396
4000217360727
1005002992830632
1005002839823144
1005001616018342
1005003337970073
1005002395355882
1005002206568991
1005003118055241
1005002312747687
1005003363572516
1000001710663
1005002558138101
1005002905972660
4001163737675
1005002484556428
10000395954349