1005003079743202
1005001637313921
1005003386321507
1005003171273394
1005002885447097
1005003069519085
1005003184141476
1005002395500522
4001143589458
1005002997144737
1005003346922451
1005003089073745
1005002979691288
1005002159570282
1005003100652066
1005002105256503
1005002753656764
4001311141353
32870050130
1005003277647378
1005001816558658
1005001698839632
1005001495564486
1005003266633578
1005002043489070
1005002765631589
1005003005444923
1005002227932771
32980053696
32995310512
1005002699345644
1656352348
33038734771
1005002390993138
1005001727844658
1005003252939488
1005002850950625
1005002401202181
32845316339
1005002889745984
4000043404579
4000425074897
1005003130810274
1005002434588098
4000044901704
32961587954
1005003344387566
1005001405728992
32648768756
1005002870039442
1005002273754308
1005003202914103
1005003259129294
1005003021506885
1005003093076499
1005001468310767
4000319000909
1005002310891270
1005002072254606
1005003021567665
1005001793169382
32624062028
1005001421477444
1005003196533707
33017327606
1005002971978713
1005002879195975
1005001558201415
4000243860157
32911249222
4000550278081
4001067228069
32823500080
32972816278
1005002288492481
1005003166518147
33011945649
32958609291
1005003149003759
4000954949580
1005003360125413
1005003347236458
1005002674901732
1005002282533969
1005002748060505
1005002735139174
32972872748
1005003016271946
1005003330754880
1005002600994811
1005002624143469
1005001525392735
32860695186
1005003160798270
1005003234962283
32893633515
1005002124023184
4000440494957
33010265522
1005002210033776
1005002540831764
32979247060
32944688853
1005001586478268
1005003201707726
4000428838813
1005003251452151
1005002142968422
4000960617911
33043876015
1005003304233461
1005001935035379
1005001986924739
1005002533157017
1005003363112878
1005002679806363
1005003337492042
1005003351624664
1005003281168767
1005001963755399
1005002388291751
1005003269361725
33008423757
33046074796
1005003387855303
1005001670586264
1005001655191756
4000595666240
1005003249028254
32784928485
32871240481
4000347798885
4001177861919
1005003320141302
32859744554
1005002413478018
1005003088667631
1005002730569672
32812224543
1005002730662669
1005003026904071
1005003319709687
1005003345484755
4001293762691
1005003205077609
1005002649686138
1005002294804504
32750280226
1005002760776467
1005003123505614
1005003342744315
1005002529478442
1005003226404976
1005003180282709
32878556678
4001275522711
1005003129230523
1005002641575550
1005001278933918
4000048999879
1005001520300948
1005001695441708
1005002685565905
10000190330018
1005002475175808
33016293590
1005003334659738
1005001933328603
1005003382868997
1005002707849922
1005003124018272
1005002878107472
1005003379834487
32441697230
1005002268748327
1005002734292182
1000001546760
4000287919624
1005003069329302
1005002353150112
4001038806360
1005002711297027
4000823747019
1005003090778065
33000478189
1005001555443913
4001043209246
1005003185373074
1005003345195888
1005001882321717
1005003020949478
4000103271412
4000171175185
1005003333422369
1005002618830396
1005003332297115
1005002982340560
32602929697
1005002111446914
1005002532147853
1005002484215240
4000897775722
1005003325643628
1005003259452889
4001179280385
1005003192905418
1005003282093576
4000861333791
1005003336329662
1005003261591023
32761542947
4000278286708
1005002804543757
1005003047667082
1005001809790653
1005003276813759
1005001686118301
1005001913258154
1005002711757838
4001308027448
1005002729104278
1005003280116428
1005003130071287
1005002963374839
4000008871022
1005003340179157
1005003320281538
1005003095212382
1005003092110933
1005001632817674
1005002882287608
4001276993142
32847032392
1005001977265433
4001278811666
1005003177022479
33034217000
4000138633914
1005003292675686
1005003380230342
1005002973416987
1005003003985546
4000362967823
4000131230506
1005002176915999
1005002045639955
1005001386263386
4000036405459
4001223290496
1005002107889743
1005003182894881
4000939478606
1368520496
32714693815
1005003197031053
33012392144
1005002301215191
1005002599060115
32505510575
4001047215555
1005002292408338
1005002310961837
1005003209330729
1005003237223506
1005002395632095
4000032723236
4000321166496
1005003148078871
1005003213722231
1005002232834101
32995867398
4000881738441
1005001657948928
1005002779862310
1005001422679853
4000516540819
1005002911851439
32847829779
4000983486121
1005002801955288
4000584722969
1005002795381283
1005002643126398
1005002753619407
1005003329237803
1005001593075508
1005003000989414
1005003111480238
4000340736910
1005001445771594
1005003114948369
1005002907570517
1005002957799844
1005002344412733
1005001636349109
1005002709765954
1005003011857105
1005002350751483
32843846848
1005001537554449
32790550636
1005001405972065
4000853011099
1005002211895867
32861524462
4001346008757
33018475086
4001085041588
1005002260881932
1005001917129533
1005003366688914
1005003309965451
1005003369771435
33011952967
4001089729641
1005003305154132
1005001596682967
1005002237974409
4000546641112
32851838405
1005001423117058
1005003114141879
33032584070
1005003007950500
4000133110160
1005002618295872
1005002025348294
1005003042073512
1005001525487271
1005003123109807
1005003264494570
4000854727420
32970953577
1005002064229038
4000081783245
1005003129311902
1005001982099142
32824543608
1005003342861660
32719259731
1005002740002358
1005003346536615
1005002485518343
1005001477947529
4000141373263
1005001910449927
1005001577422517
1005001711168970
1005002989452572
4001357201488
1005003309815843
1005002766775736
1005003010460738
1005003276472048
1005003243753873
32246035945
1005002657563142
32921674217
1005001793873155
4000292418760
32825074767
4001218750958
32958850224
1005002647278564
1005001881222387
1005003280233514
4001173051747
1005002359227459
10000395840063
1005002321903168
1005003066714179
1005002927917790
1005002821376249
1005002991611240
2012365704
1005002205840686
1005001506507374
1005003280075880
1005003063571348
1005003218542287
1005003344966228
1005003176038252
33062667668
4001022498589
1005002638415370
1005001365023124
1005003290279997
1005002581091123
1005002069936436
1005002963382039
1005002588054539
1005003275636980
1005003386134986
4001139191623
4000020302892
1005001703946630
1005003305298921
1005002732417129
1005002297765027
1005001524024142
32406535349
1005003346026322
1005002950495336
1005003291230313
32959454266
1005003139584312
1005003333824635
1005001401838141
1005001763577537
32854510953
1005003001365579
1005003109720760
1005002702526592
1005003117658949
1005002775474989
32986957162
1005003028267618
1005002605996274
1005001626323313
4001119286594
1005003321198665
1005002258082859
1005003229725472
1005002759183864
4000662528651
1005002926870592
4000640102721
1005003019334845
4000808307141
1005002842569870
1005002524804220
33047908955
4001180367170
1005001391750969
1005002206662837
1005003124603401
1005002337596729
1005002857909480
1005002780176330
32786710528
32789406700
1005003210705123
1005002976706710
1005002034038295
1005002963093241
1005003329656132
4000533468413
1005002281062699
1005002549646574
1005001298007103
1005002130591145
1005003385708374
1005002767727431
1005001365481235
1005003129650536
1005001779119475
1005003187715222
1005003268629310
1005002717158148
4001167558567
1005001279615421
1005001513754111
4001279851778
32387716024
32849247038
4001003368804
32841336649
1005002254169811
32972452596
1005003328322020
1005002340577737
1005003234359838
4000390869827
1005002320960386
32816803425
1005003368205449
32833938186
1005002607996996
4000832291675
1005002571055081
1005001604543362
1005001659540723
1005003041924735
1005003371239887
4000013800309
1005003364047343
1005003294605439
1005002995556750
32949665961
1005002483729624
1005001460238015
4001083939330
1005003156898887
1005002887024601
1005003336869705
1005002537903202
1005002616312041
4000334036917
1005003375121340
1005001971552801
4001033245706
32812545445
1005001534917165
1005003264481716
33002063270
32822231724
1005003080047921
4000675845680
4001260295093
1005002775070192
33045374356
1005003176666324
1005002940376195
1005002313582800
1005003008600211
4001106147446
1005003390512325
1005001951981372
1005001557947370
1005003110425361
1005003005128373
1005002608905568
1005002912593770
32772451217
1005003307794043
4000264477293
1005003193186860
1005003168079970
1005003329430888
4001014139893
1005003368225742
1005003270038286
4001104631558
1005003243835883
1005003161792794
33026395142
1005003342190588
988388902
4001078669775
1005002982088935
32814790743
32569509827
1005002848753090
33025729961
1005003024834207
1005003266780575
4001332962495
1005001551815576
1005001867412174
619402840
1005002988494414
1005003107059876
32821706130
1005003376203456
1005003289220096
1005001560518863
4000635318944
1005002915125704
1005002128296835
1005002951925353
1005002595294365
1005003371941861
1005003252618633
1005002223570164
1005001639756410
1005001526377193
1005002932216369
32851185903
33007984603
1005002761729316
1005002751887822
1005002023014562
4000459601777
1005003336657616
1005001994400835
1005001997173721
1005003345915503
1005003117878528
32312689120
1005003272914762
4000610091195
1005002115588859
1005002776949363
1005002719002288
1005003363597396
1005002704809142
4001332945144
1005001493255641
4001192417053
32670019684
4000426549173
1005001770661575
1005002767367093
1005003329028071
32857991817
32922251544
32861708241
4000811706288
1005003008126048
1005002835503661
1005003067857675
1005003071179416
1005003366202675
32983156525
1005003222010310
1005002651320970
4001079412479
1005001809859452
1005002503896313
4000464731807
4001039390625
32815262679
1005003305147609
1005003180704503
1005002830958139
1005003021620121
1005003007489830
1005001446057702
1005003293086995
1005003129483569
1005002515897938
4001053882946
1005003281501583
32662800858
32892386762
1005003319153144
4000738144026
1005003048163689
4001205979344
1005003327700841
1005002949541889
1005002730609779
1005003250147825
1411557382
1005002868742606
1005003387152314
32794012862
32966674856
1005002224693098
1005002856808257
32883782935
1005001843751192
1005002843652577
4000630623217
4000115698152
1005001359547289
32838925982
1005002110012084
1005003048416686
1005001971074476
1005003264313328
1005003122242079
1005003365557914
1005002514227233
1005003025710487
4000709594680
1005003273196447
1005001846473701
1005002047475236
1005001864705434
1005003225030295
1005003325426266
1005002259434848
1005003287503997
1005003348866432
4000089513798
1005002038540788
1005003049316424
32852423622
1005003107526238
1005002926718326
4001096224188
1005002842001735
1005001367631674
33035352716
4000008660262
32648266962
1005001997964122
32815873216
32340416346
4000619441866
1005001950328265
1005003022211482
1005001599425830
32962816824
1005002733929927
32838376933
1005001625871951
1005002529869226
4000966464866
1005001923964306
32785988941
1005001401734960
1005003047790472
1005001863680898
1005001825148990
1005002434061296
1005003105444397
1005002305328723
4000415282469
1005002433659262
4000047938717
1005003251635897
32800887281
1005001597543925
1005003285390956
32955913284
1005003082989026
1005002995576263
1005003197926735
1005002358636661
1005002371571284
1005002986863023
1005002618237125
1005001731257079
1005003234485320
32808844229
32722117526
32815035330
1005003116316733
1005002061377043
1005002763008931
1005003325783997
1005003344802515
32957718794
32809528615
1005002950567292
1005002682377789
1005003049909499
1005003361199052
1005002702932349
1005003092103996
4000049613645
1005002562317035
1005003375704861
1005002189894881
1005002948287346
1005003068275657
4000682766799
1005002661016165
32984051456
1005001678174821
1005002801659044
1005002775725136
32418484721
1005003259286949
1005002755108419
4000169728420
4000974328464
4000140227375
1005003255732640
1005001494327174
1005002711128606
32898244741
32827484817
1005001557089704
1005002880106638
1005003185873259
1005003346652899
1005003139664310
1005002863799708
2051584820
1005002446526964
1005003333729105
1005003177549102
32952538401
1005003098354045
33058278870
4001128221161
1005003078066759
4000826121444
1005003086465782
32963931201
1005001644665430
1005002789236262
4001237620618
1005002238003051
1005003241533601
4000506047925
1005003038147247
1005003082199150
32823289009
1005002891315166
1005003166594677
32827476133
4000349203936
1005002239141599
1005003293852367
1005002886298629
1005002044511878
4001341950035
1005001629171478
32981138107
4000922608795
1005002294121136
1005003082274278
1005003314539990
1005002775906392
4000542805983
1005002003005749
1005001573679788
1005002944693037
1005002287506396
1005003302843664
1005002568818287
32964469188
1005002951065411
1005003387673574
1005002048717304
4000834938128
1005002970018129
1005003297177833
1005001683372469
1005002265364665
1005002868593717
1005002050058549
32996499778
1005002037710849
1005003025272190
1005001593645258
32946174908
32887258938
32800095002
1005002829313745
1005003186485374
32827620188
1005002367396363
4000028050158
1005003022328984
33041742522
1005002740680897
33062743317
32851277213
1005002441033709
33008432215
4001157693995
1005001683801257
1005002787234309
1005002022376863
4000922597874
1005003305290970
1005002834350532
1005001282357283
4001176246156
1005002723216010
4001145135995
1005002847696508
1005002704147551
1005002575357866
32962988610
1005002540561307
10000343894029
1005001352556626
32903865491
1005002985676095
1005003007551038
32911338279
4000258573243
4000852599605
32641514730
1005003371436549
1005002438426446
1005001934992528
1005003251072369
1005003069657397
1005002830703237
1005001570549019
1005001527376930
1005002990316973
4000245752385
1005002808683965
4001032600693
1005003069148395
1005002963824670
1005001845133158
1005002788700164
4000894396400
4001120468236
1005003191109155
4001204698015
1005003346968057
1005003152060327
1005003275804480
1005001775690859
4000703410025
1005003329161047
1005002884653786
1005002613229948
32879662809
4000621131118
1005003037371548
4000875400084
1005003033591163
4000018861515
1005002421031659
32908604457
1005001836181658
1005002686846507
1005003375394685
1005001736701518
1005002003467797
1005003154212588
1005002882633836
1005002656122443
1005002476876059
1005003005231169
32828660690
1005001997664943
1005002292221749
4000857779713
4000538314162
1005002899484818
1005001942068426
1005003201437947
1005002017303232
1005002130838124
1005002076748026
1005002289632918
1005002597509798
1005003028656106
1005002494109298
1005001816978279
1005003163829504
4000206346468
1005003120709141
1005002242321618
1005002930400671
1005003356843060
1005002985022080
1005002347869326
1005001430709139
32638976142
1005003077912584
1005002985406920
1005003219552936
1005003167709466
1005002409389308
1005002970466731
1005002647406054
1005003165222735
1005003387681461
1005002824035936
1005002505514140
32379703345
1005002657232705
4001332995564
32954802862
1005003267071233
1005003346921090
1005002791100159
1005003324476112
1005002749729924
1005003153160727
1005002647348322
32607834022
1005003287031540
1005003093822071
1005001586316476
1005003224740890
4000261483432
1005003274019608
1005003079107199
4000353133819
1005002433144676
4000787128124
1005002241359939
4001232244437
1005001876951389
1005001381268741
32870124430
1005002883908314
1005002520705769
1005003244111847
1005002320690645
1005002311512132
1005002841621372
1005003173529026
1005002958546188
1005002272232160
1005002503865289
1005002314320502
32991682512
1005001594484694
4000178734239
1005001737612964
1005002537421807
1005001489047498
1005002777252894
1005003022160774
4001299092003
1005001873379449
1005003253433729
1005001328927370
1005002472849747
1005001459014301
32251673822
1005001620283080
1005002125934564
33017312513
1005003182307821
1005003140516357
1005003305084959
4000077760952
4001166492266
1005002395186826
4000092993671
4000341133966
4001259652640
32801326823
1005002858554075
1005003117702090
32868384348
1005002176161063
1005002356554390
1005002595647169
1005003043432156
1005003323353723
1005002789605686
1005002139003200
10000397714699
4001156332099
1005002157191373
1005002430537554
32907047808
32485005337
1005002679226315
32889585074
1005003146502019
1005002528102835
1005003316521829
32828801072
4000916589358
1005003049935054
1005002940447021
1005001914029987
1005002573387541
1005002624281020
32988164905
32941815539
4001123407699
1005003268744984
32919709504
1005003212304366
4001320647466
1005002176710804
1005002711997753
4000910150229
1005003069230910
32635453293
1005001882641419
4000889812861
1005003091608431
1005003201333305
1005002523978114
1005002788078734
1005003294408775
4001213131098
1005002327209540
32566807934
1005003345963790
32962838621
1005001922730676
1005002780914736
1005003205031163
1005001768482128
1005002925730055
1005001838515979
1005002894747428
1005002971030870
1005003342190232
1005002598645449
32895062314
1005001572850703
1005002392631866
1005003086424441
4000066428215
1005002606061051
32727362272
1005002037355790
1005001726770699
1005003211734729
1005003180760287
1005003211867384
1005001646117138
4000774814765
1005003023485172
1005002876267206
4001261299194
4000040839223
1005003127372925
1005002871037807
1005002466975574
32977546807
33037017869
1005003001073251
4000825968164
1005001273574401
1005003104401952
1005003148082248
1005001941012993
1005003307530982
1005002901782028
1005002784766989
1005001593538678
1005002253539265
1005003227392037
1005001315111694
1005003107053366
1005003188317864
1005002205557636
1005002990599789
1005003000923511
32979318843
32895999178
4000224439855
32969885880
4000339979107
1005001608737637
4001241064358
1005002953297287
32885866353
1005002559185502
4000082428664
1005002930887611
1005002890313712
1005003145450663
32786686560
1005001571994284
1005003301562857
1005001698611320
1005002723418534
4001015043613
1005003015445704
4000353530199
32695929810
1005002065323654
4000873754743
1005003264784406
1005002388761106
1005002229241027
32830487875
1005003294760289
1005002924388991
1005002662144679
1005003122181534
1005003268988995
1005001609670590
4000154783207
32967558497
1005001826223862
1005003056409395
32747386214
1005003222756781
4000410478316
32854269886
4001275789790
1005003119954392
1005001572347055
1005002974633280
1005001864712376
1005002453572259
1005001779065812
1005001905352360
1005002526231461
33048743777
32827316931
1005001436295852
1005002770579467
1005003243372027
1005002926753284
32763475313
32876487224
1005003333678610
1005002367175707
1005003219593322
1005001885237253
4001110832791
1005003331655251
1005003005089532
1005002298609721
1005002966788295
1005003006350792
1005002249597231
32901704567
4000817363616
1005002542901782
1005002901821480
1005002501906866
32285040306
1005003256843432
1005002271150212
1005001656811985
1005002660329624
1005001889526322
1005002936043838
1005003261656491
1005001942137491
1005001765880977
1005003391416163
1005002991537182
32990902686
1005001921041485
4001357817524
1005002576014714
1005003144822035
1005002054955422
1005003217473521
1005003151910155
1005001797113067
32903969138
1005003353385261
10000270883095
1005003039208143
1005002388067248
4001326587476
1005003212959803
1005002080217016
1005001705569825
1005003016959720
1005002723351635
1005001645270731
32820596087
1005002382345976
32879955583
1005001835598097
1005002897992847
1005003097147685
1005002382771878
1005002551558832
1005001427345880
1005001840364152
1005002709938924
447371387
1005002955118402
1005002115794046
32992169059
1005003101361789
4000349709420
1005002231759013
1005001625054680
10000062853441
1005003343694322
1005003003420478
1005002751457983
1005001642242927
1005002297455266
1005002652192183
32794471062
1005003342345410
32831800393
10000011718112
32809642504
32791320820
1005002594939858
1005002549731393
1005003083590189
1005002516222692
1005003089378145
1005001691294586
1005002311431527
4000846170634
1005002650531758
32971103005
1005003127326044
32816665038
1005001960701578
4000960666481
1005001884975087
33020060197
32889116829
1005002492491448
1005003129687564
1005002592575171
32874316354
1005002726889396
1005003197687816
1005002510046426
1005002218890195
32827506711
1005001929150202
1005003367616912
1005003160235613
1005003139585901
1005001464740307
1005002652188489
1005003389529024
1005002311363903
1005001344401273
1005002297382606
4001057489737
1005002394547753
32861784890
1005001624021997
1005003176922209
1005002232325553
1005003059389951
32853475671
32818308757
4000124070423
1005002386728066
4000582500502
1005003155430650
1005003176968004
1005003369761027
1005002727196038
1005001880385086
1005002952037137
844265609
1005002524582404
4000703704909
1005003332922735
1005003130309024
1005002195882630
1005002865255747
10000344124034
1005002377881160
32583327378
1005002306408606
1005001270468213
1005002235686806
1005003360010324
4000822723269
1005002516973886
4000495075530
1005003191767971
1005001464477898
1005002827823469
1005003189557681
4001177471627
4000906480293
1005002605674361
1005003139215041
1005003385957027
32848033064
1005001908711650
1005002771542935
32896675206
2031010101
1005003276357680
33002807099
1005002175678345
4001207543905
4000062535635
32828839081
4001158208040
4000036497862
1005001616799323
1005002529670411
4001273286186
1005002861371687
4000533466527
32990813514
1005002702247991
1005002311910639
1005001709258716
1005003330772596
1005002733695145
1005002561405971
1005002788883090
32970419229
4000931308078
1005001437540597
4000943142339
1005001570547691
4000610018417
1005002370381585
32954550214
1005002856055014
1005002531335250
4001320726165
4001122489821
1005003044212200
4001144076706
33014883449
1005002537948217
32999571102
1005002246445035
4000986756410
1005002564544115
33042942040
1005003026944663
1005002879119546
1005003311484693
1005003350900362
1005003070659326
1005003047857188
33048101306
1005003213514842
1005003159886631
1005003093512157
1005001580639914
1005002777248764
1005003322841234
32977713376
1005002073141925
32817756213
32698870580
1005002964584851
1005003149442433
1005002753222391
4000953698880
32902823282
32713464071
1005003318709955
1005001345632739
1005002657037850
1005001631664653
32973177480
4000346285425
1005003376561321
1005003217246637
1005002978367784
32534200454
1005001868584202
32982351445
1005003112228126
1005003264414011
1005002670013039
1005003323422215
1005002612126189
1005003108225660
1005003112145283
4000357485672
1005002747588709
1005003305800172
1005003329743074
1005003245393305
1005001749658166
1005002623130840
1814152518
1005002752977477
1005002884062649
10000383701595
1005002708364900
1005002378552457
32891914993
1005002237693026
1005002605521353
32837078228
1005002803876445
1005003187507627
4000215309982
1005002967364580
4000990459813
1005003391285176
4000498309165
1005002393625603
1005002910262235
1005001618123202
32668723983
1005003123758919
1005002249284716
4000998955041
1005003225064209
1005001975535568
1005002489326536
4000364080013
1005002553515822
1005002184985747
32886161933
1005002938548338
1005003292043283
1005002563446962
4000570160175
1005002948491710
1005002847054380
1005002748322327
1005002352211313
1005003263652023
1005001908845268
1005002382254646
1005003280458633
1005001971592752
1005001464581761
1005003374386678
1005003385201786
32911045968
4000093154787
1005003218124165
1005003152902566
1005002321877238
1005002651004622
1005003264942233
4001206036456
4000991636527
4001259036949
1005001611670881
1005003160365583
1005002646207103
1005002273099473
1005003080574695
4001135436070
1005003135616981
1005003324751690
1005003197536916
1005001475235323
1005003216532661
1005003325432352
1005003057526416
4000701235847
1005002747804255
1005001727724943
1005002264007183
4000160442718
1005002637253329
33010867232
4000850711251
1005002939888970
1005001315366453
1005003106868860
1005003089600166
4000121710789
1005003353632023
4001028173765
1005002206697110
1005003093340463
1005003019500027
33062263896
32985811344
1005002594628871
1005002365525599
1005002502606361
1005002510150642
1005003154762172
1005003195620251
32698270009
32863377038
32991219405
1005002935108930
1005003350435917
4000104236767
1005001855682608
32896874867
1005003361763951
4001362645548
1005002611716290
1005003371019365
1005003092858647
1005003293496613
1005003056313815
32896854225
1005002333507028
1005001959901175
1005002947268467
32825539803
1000008465359
1005001387294208
1005002360266851
1005003090389946
1005003335097085
1005003074195024
1005001709909141
1005003349820294
1005001869436417
1005003233271734
4001023625704
1005001923409371
1005003387672773
1005001814050970
1005002123356501
1005002039167925
1005003362072461
1005001697538138
1005001573080798
1005001714491653
1005001265567590
1005002880463545
1005003161589292
1005001394655809
1005003099425733
1005002711091929
1005002551728180
1005003039713017
10000334916145
1005003199855031
1005003156423248
1005001847380679
1005002777463209
1005002752535522
32860712142
4001268437450
1005003179453851
1005002648919450
4000410499455
1005002356577188
1005001274542840
32911671738
1005001864092762
1005002679896222
4000849242372
4001031783724
1005002920467300
1005002462430094
1005001858464506
1005003120416682
1005003330531023
32823342799
1005002401180153
4000552553015
1005002717433552
1005002241686671
1005003102331140
1005002988266936
4000350279337
4000570345094
1005001426497114
1005003286989076
4001039448304
1005003060551240
1005003281905381
1005002817138722
1005003210262228
1005001571274512
1005002527047501
1005002953079018
1005002483520586
1005003370980510
1005002679888516
1005003151425386
1005003110022533
1005003299312060
1005003286249510
1005001339416134
32967904807
4001175614684
4001263735531
1005001605376953
1005003170377578
1005002715076786
1005002626303034
1005003172858959
32971669277
1005003000266271
1005002266558358
1005003157641797
1005003329517631
1005002557344659
4001248404689
33047813899
1005003345618253
32952178353
1005003327446951
1005003095543690
1005001495803362
1005001968905812
1005001531852962
1005002598151319
4000164141895
33012329385
1005003110168434
1549082323
1005002878777305
1005002454114957
1005002583574351
1005002765766677
1005003308114289
1005002847266948
1005003222388284
32885677415
1005001656247842
4000745265714
32728278693
1005002780693327
1005002049595226
1005002536227061
4000800829587
1005001797200247
1005001346615334
32721376843
1005002430570677
1005003236274797
4000434936011
1005002982023998
1005003363016691
32919863620
1005003284614227
4001215957896
4001141948473
1005002744995004
33010520614
32908567994
1005003329391893
1005003011689208
1931573854
32995539537
1005003176399733
1005002067187710
32988689917
32814422622
1005001960492050
1005003329287160
1005003066889697
4001056467797
1005003331206653
1005002192426061
32799428971
32968617406
1005002427141675
1005003291320794
1005003141190689
32858996007
32810769132
1005002254364090
32671517884
1005002608867144
1005001375421281
1005002598121201
1005002558197413
1005003304934848
4000364429118
1005002649693898
1005002352287377
1005003101496763
4000925600059
1005002485866902
1005003008925160
1005003294453107
4000200940709
1005001458149340
1005002849161287
1005003163983679
1005002538628433
1005003064472073
1005003294377192
4001072308482
1005002462637880
32918284288
1005003257597635
1005003321251255
1005003093312979
1005002906273014
1005002610742698
1005001685461143
4000928968907
1005003038285357
1005002247477278
32919402371
1005001887855756
1005002047135786
32525551113
32842064562
1005003097045531
1005003026342488
1005003332245242
1005002224536653
1005002751147891
4000662885346
10000399952280
1005003392692783
1005002634798218
1005002951887475
4000516414536
1005002264331613
32815899275
1005003298008869
1005003114074861
1005001525153148
1005003163981834
32795542906
33001738375
1005003302172853
1005002821233458
1005002826338044
1005003000499736
1005003274315812
1005002513037382
1005002603926005
1005001555282649
1005002305110797
1005003208495707
4001129367502
1005001431172830
32893613446
1005003387561597
1005002204373623
1005002002678720
32765386511
33037160077
1005001600714645
1005003239924230
1005003279913001
1005003338953619
1005001604932708
850792111
32845064157
32903709299
1005003367875926
1005003264439911
4000444219743
1005003121408082
1005002688839175
1005003163997290
32997495897
1005001757912423
1005003010297972
1005003048655456
1005002528263477
1005002342404383
1005002793171426
33013236277
32884097206
4000722790271
1005001975404712
1005001785031360
1005003280489628
1005002781855155
1005002703294605
1005002413339933
4000885780717
1005001470586135
1005001991991944
1005003197665785
1005002056463890
1677593883
1005003169967941
32995130589
1005001806244827
4000036488649
1005002377395408
1005002661265881
1005002084129207
4000269608530
32923828787
1005003090630169
1005002024129237
4000686328117
1005003095595376
1005001418993358
1005002276844386
1005002082580004
1005002611592680
1005003266175024
4001136369275
1005002823991381
1005003167474181
1005003380001083
32835355579
1005003208998687
1005003270320295
1005002340484727
32990495982
4000830487024
4000392549519
10000367012466
1005001500849879
1005003353024914
1005003235105679
1005003036787276
1005003339697003
1005003063829751
1005003380318335
33023137612
1005003323254208
1005002810000183
1005002646631905
4001059925912
4000065077670
32809399379
1005003379797889
4000830186908
4001092664354
1005003244852761
1005002460113101
1005003386212311
32847320734
1005001713927071
1005002125745466
4001356213546
32870207966
32332180671
1005002061893678
1005003083886855
1005002124653928
32991674464
1005002905171919
1005001607687433
32863112588
1005002437013483
1005002309883449
4000112873346
1005003109300194
1005003070161320
1005001572947636
1005002275573201
1005002600887546
1005003127940506
1005003265730976
4000626100110
1005003381556782
1005003245396804
1005001464831235
1005001676952608
1005002377065448
32901941218
1005002394580739
1005002330003147
1005003365636896
1005001637885940
1005002888685503
1005003155472936
1005003023255248
32934787028
4001354742577
4000922185617
1005002503464699
33001750472
1005002468046819
1005003128027966
32998388479
1005003316735868
32905115866
32977202344
1005003246233452
1005003347571586
1005003264367699
1005002624322574
32968385907
4000192261348
1005003376029384
1005002582792160
4001313349654
1005003384761653
1005002697986841
1005003287992700
1005002821607991
4000324636004
1005002666871370
1005003310336201
1005002051784993
1005002625550035
1005001511563341
1005002988809397
1005003298273076
32968452323
4001078366023
1005003279883827
4001046766321
1005001536832587
1005003138178384
1005002599337952
1005002115821009
1005002260890029
1005002314391961
33014363405
1005002054293636
1005001795564488
4000868509979
1005002884073247
1005002563247765
1005003015433654
32914198702
4000760597045
1005002848470550
1005003300538069
1005001871033858
1005001269659963
1005003219460208
4000420978571
1005003030577061
1005002532158602
32578308814
1005002624407304
1005002614021806
4000456250286
1005003105817224
32974841264
4001110867462
1005003158467371
1005002479086165
1005001864101386
32888896748
1005002307108418
4000047186672
1005002985719887
4000342740917
4001146023520
1005002953232352
32963236181
1005003015466109
1005003040855261
4000243629358
1005003294879425
4000466113982
1005001338821714
33037170894
1005002967585957
1005002059808806
1005003065236519
32949309411
32953859246
1005003196558649
4000057472930
1005002971007622
33035747734
1005003367693650
1005002001227984
1005002377752412
1005003251756151
4000963668032
33027429323