1005002831912513
1005002987971167
32648673726
1005002055463576
1005002882981288
1005002815843084
1005002717293813
1005003192755059
1005002977870759
1005002600443358
10000395821436
1005001834371931
1193162198
4001187887606
4001231214110
1005003225742244
1005003343234285
4000207401264
1005003132011477
1005002822174483
1005002962355601
1005003245703433
1005003165045061
1005002530522240
33050438852
1005003090183040
1005002621524243
1005002583270838
32825427291
32975232747
1005003096001166
1005002072864198
1005003351252651
1005003008360477
1005003385272660
1005002359311222
1005003255711857
1005003093332280
1005003386885364
10000395860831
4000177255589
1005002879121051
1005002593077383
32631811735
4001191723345
32953107135
1005003311312570
4000957768504
10000289444760
4000702021297
1005002802035571
1005003091915827
1005002311749825
1005002906885267
1005003308315680
1005002739939170
32897334761
32980489551
1005002458708040
32807499049
1005002967787340
1005003178352206
1005003213012280
1005002864711679
1005002670168430
1005002647258427
1005002034954217
1005002737104626
1005001704324603
4000511864014
1005002762779122
1005003262033228
33060144111
4000672735401
1005001604975462
32958303513
1005003050866362
1005003015842090
4000379903125
1005002878738947
33001168857
1005003064176920
4000249599590
1005003347807481
32846664753
1005002732655144
1005002742389085
1005003301738874
1005003385141798
1005002288183341
33040868043
4000712645497
33015732004
1005003011783408
1005002477154067
1005003082840452
1005003281876433
1005002136606993
1005002905128603
4000115929605
32769844241
1005002716248183
1005003186753033
32869147644
1005003359487990
1005001896000414
32851377660
1005001880817336
33043281962
1005002347192087
1005002387153831
1005001918000116
1005001914266297
1005002387881775
1005002863952664
1005003304301180
4000894428200
1005001687576167
1005003119984419
32826587922
1005002947549309
4000516726656
4000287774564
1005002649062650
1005003154152500
1005001457320426
1005002588504985
1005003066026143
4000397533217
32901217848
33052710070
4000104320187
1005002870499236
1005003124595507
4000031663234
1005003047960939
1005002765525315
1005003328917270
1005003162967973
1005003081924497
32874544898
33013788952
1005002321822392
1005002629852180
32828457630
1005001558109966
4000181092973
1005002701484750
4000022827693
4001221076055
32979317264
1005003332548051
1005003342679080
1005002454329725
32924110395
1005002765566773
4001248481981
1005002610783534
1005002449186030
32753016416
1005002065876816
1005001663860052
1005002761030721
1005002242535777
1005002341507256
1005001603899933
1005003258125098
1005002176567484
1005002906759748
1005003023951454
1005002492067636
1005002599454256
1005002797302558
33008184911
1005001788837642
10000395823600
1005003341201948
1005002964509120
1005003084096666
1005003258142262
33060422053
1005002542146397
1005003161861983
32981802429
1005003094464207
1005002480648318
32875437417
32893905769
1005002919618797
1005001923039803
1005003150742298
1005003145094908
1005001594556798
1005001357215695
1005002530594847
32967976803
1005002281650572
1005002799253505
1005002637995749
1005002906965914
1005002754169851
1005003294545599
32862338938
1005002877278296
33011649063
1005001812802362
1005002945267825
1005003311878818
1005001915227368
1005003287658938
10000012741526
1005003248622362
1005003366660922
32976598005
4000329732359
1005003219477796
1005003184030234
4001297263023
1005002731699693
1005002877860088
1005002871695992
1005003198655041
1005003191142188
33009575709
1005003303095860
1005003333173417
1005003323213053
4001246844027
1005002841588946
1005003304683556
1005003037119647
32990014929
32970823225
1005001365974045
1005003386247806
4000472757407
1005002561066343
4000714199730
1005003385380125
1005002054530704
1005003361357008
4000347958291
1005002379139873
1005002505386180
1005001798922313
1005002369013965
1005002864218076
32898030673
1005003333088251
1005001562590708
32932508660
1005003205311859
32782752035
1005002352244815
4000059630808
1005003309746819
1005002594818685
33022572796
32752718509
1005003016224746
1005003345719035
1005003131356375
4001090346630
1005001858932702
1005002762116119
1005001804486229
1005003310735760
1005003184401758
32317403686
4001315329036
1005002548398196
32873473649
1005003192810327
1005002412352843
33031679177
1005003276723149
1005002922406343
1005003053014792
1005002910754934
1005002624595237
1005003307482871
1005001402166610
1005002324870161
1005002758880060
1005002872861566
32827985223
1005003129408988
1005003002248147
4000641992123
4001278886712
4001076603710
32981455214
4000089134830
1005002603814306
1005003304064031
1005003016897980
4001194547213
4001351531327
32998809128
4000061624627
1005001863844683
32868189615
1005001821840679
1005003211154301
33005896793
33010176923
1005003204848872
1005002442347288
1005002774833471
1005002219075906
1005002567330880
1005003167069495
1005001777230045
32962088115
1005003151957756
1005002808468804
1005001688902274
1005002001748966
1005003304949035
1005003160364625
1005002996044865
1005002936422759
1005002974215347
33048524524
1005002305967108
1005001286942537
32946592996
1005002353171834
1005002974047846
1005003165453466
32953796529
1005003383127963
4000177742069
33054564457
1005002857343393
1005001424478507
1005003157555550
32854564100
4001296239460
32839813344
1005002310325441
1005002300415359
1005003226387908
32842660782
32966276854
1005002565296387
32908060554
1005003331705611
1005002939710042
1005001836314079
4000072576016
4000060987864
1005003249637483
1005001436772885
1005002745060497
1005003224168326
1005002650967984
1005002424025999
1005003092808014
1005003191895702
32838165282
1005001616045749
1005002532646438
32981244672
4001107453605
32983581011
1005003264496142
1005002842078089
4000686884971
32946728450
1005002628805183
1005001387898715
1005003352329397
1005002741158528
1005003382976778
1005002265274664
1005002232378918
1005002966823560
1005002551260932
1005003235118638
1005002733224569
1005001309077163
1005003196121925
1005003270510918
4001233299323
1005003005400932
1005001998343148
32990174082
1005003228212296
32763431975
33048688135
1005003286803161
1005002046137975
1005002050601360
1005003251989896
1005002630459957
1005002251715944
1005002219278301
1005002831219577
1996131953
1005002654560223
1005003292507134
1005003284608263
1005003121597076
1005001321433505
1005003343346281
4000866748134
1005002970828127
1005003325643642
4001356611577
4000830569997
1005003210465666
1005003138751870
1005003342175037
1005003183401053
1005002698045150
1005003344760739
1005002701857598
1005001381500897
4001238875741
1005002770472033
1005002462837675
32983851288
1005003020413201
1005003243729685
1005002536467793
1005002875861090
1005002960848185
4000616989373
1005001835641405
1005002206106720
1005002281107925
32841235378
4000126563104
1005003073446593
1005003210662891
1005002524632962
1005003097210939
1005003175694821
1005003383278331
32813096994
1005002568568730
4000711418362
1005002450551237
1005003281838141
1005002235737167
1005002823604409
1005003059190773
4001018095594
1005002234741368
1005001692384937
33047457534
1005002711256005
1005001889486147
1005002338917362
1005002516722944
32978176320
33050647970
4001290526062
32965686946
32972250788
1005003337908060
1005002886209718
1005003129428567
4000357438846
1005003117431797
32968351763
1005003328048985
1005002204014804
1005003036627775
32846528495
1005003140390161
1005002369246138
1005001344803086
1005002801021621
32949965555
10000306822203
32893715738
1005002864015514
1005002613298056
1005003227063121
1005002279326748
4000773727593
1005003057015948
32850135850
4000337586792
1005002876783584
1005002956706582
1005003198224364
32293246578
1005002292230779
1005003213269344
1005001843378220
1005002260562739
32782164677
32966380235
1005001693875091
1005002074163384
1005002199088147
1005001752829791
1005003313150702
1005003079674961
4001113084922
1005002756635310
1005002183408624
1005003178325776
1005001621957393
4000790378599
1005003002122393
4000463894566
32671857646
4001282863646
1005001641247869
1005002979341446
32805737556
1005002328195453
32730197591
32620740367
1005003107652633
32725536026
32860991766
1005003156322541
4000958817691
1005002955615218
1005003319570146
4000002977704
4001234026269
32965552957
1005003345446987
32796556503
1005001385960106
4000955557341
1005001629023917
1005003287537718
1005003329045067
1005002104598970
1005003311110840
1005001435802183
1005001518738307
32958974805
1005001768020429
1005003240377499
4000233102354
1005001621443778
1005001297930814
1005002239518607
1005002340035397
32916945975
1005003269495662
1005002212026662
1005001917856544
1005002693904539
1005003328419025
4001152959308
1005002763407328
1005003177856657
1005003377988800
1005002970933859
1005002489586071
32973748978
1005002635603555
1005001685257895
4001080556211
1005001862711101
1005002992892102
1005003207429010
20000002366616
1005003225090434
4000454589837
1005002027833575
4000264845697
32717469120
1005002587633411
32855585523
1005003151569301
32892458930
1005002482883841
1005002714628300
4001207615444
32985656511
1005003058685341
4001168941539
4000321166496
33019931259
1005003386971132
1005003183510137
1005003172814830
1005003086890818
1005002856580639
32829627604
1005002937294817
1005002500573624
1005002640925952
4001201083436
1005003360975973
1005002933352431
1005001439329617
1005003277127729
1005003273238266
32996963883
1005003189435903
1005002022310731
10000202849864
1005001695580024
1005002084064167
1005003002350147
4001361607464
32531611678
1005002281989278
1005001867417178
1005002932373774
32894204679
32793896240
1005001599758125
1005003021951410
1005002878462804
1005002428019353
32832228682
1005003114681127
1005003140494787
1005001997919646
1005003092296569
4000548545218
1005003083363572
1005002643430258
1005002830351844
32712648720
1005003224012917
33020519354
32724348559
1005002788659532
32329002125
4000966173899
1005002348263363
4000057083970
1005003015849396
1005002773962691
1005002991561509
1005003385156277
32834927921
1005002984274564
32365609142
32958874866
1005001955372304
1005001489671479
1005002666889386
1005002955194150
1005002722736550
32969480831
4000289198393
1005003176214831
1005003298856328
32856073181
4001151379753
1005001788511035
1005003179382540
32813615833
1005001816519798
1005002892052472
1005002058636523
1005002720725377
1005003277806851
32863310306
4001171595950
1005002319028904
4000498695117
1005001419398857
1005002840698973
32705386345
4000192825816
1005003117327961
4000523640662
32790046759
4000860114387
1005002339110715
1005002717046804
1005003065822506
4001017341626
1005002120952631
32825306170
4000026576740
1005002346543964
4000466399567
1005001939662954
1005002114385512
1005002299609829
1005003050586966
4000944839965
1005002747084082
1005001948975107
1005003380222162
1005003316872925
32972170447
1484651461
1005002674264970
1005003336653346
1005003258449728
4000105014175
32916904835
1005002307186901
1005003228796314
32990507597
1005001466716194
4000405756702
1005003014342440
1005003365501346
1005002073750417
1005003360049045
1005002650281318
4000489498810
1005002819758524
10000395867374
4000636916773
1005002964990726
32962256218
4000922694129
4001189449018
4001147923561
1005002282621544
32974889938
33049365736
1005002819532997
1005001493111952
1005002282403206
4001015472417
1005002442692972
1005003147793567
32681916382
1005002565219415
1005002808814797
32653901956
1005002385141308
32390513466
4000341342937
1005002711547390
1005002900876476
1005003362562682
1005002602875332
32981126129
10000062826699
1005001689472555
1005002023846464
1005002074590350
1005002554399215
1005003186827609
1832742644
32984344056
1005002696706406
33003066118
32959478405
4001054551965
1005002739405654
1005002646162141
1005001365089700
1005002162618789
1005003388528217
1005002420332050
1005003050815859
32854751351
32973924317
33039692926
1005003036038034
4001339234787
1005003094294803
1005003139989726
32908260349
1005002008251564
4001290542815
32975245408
4000479794937
32964108269
32955672036
32840497873
4001273304133
1005002288634583
1005002782690814
33014817855
4000903583824
1005002879365266
33030040233
1005001697795314
4000626114616
1005003145110471
1005002330437336
1005001441482274
32826310976
1005003114925012
1005003242597469
4001112312685
1005002607775277
1005003320430658
1005003147795615
1005002586828407
1005002361541748
1005001669094728
1005002873013210
4001294214113
4001290237627
1005003173236666
32980073656
1005002989231319
32829177064
1005001828199565
1005003227508317
1005002529921699
1005001893833107
1005003135986123
1005002612595606
1005001977475536
1005003262348248
1005002772394628
1005001619517753
1005003213764110
1005002555990205
32996664939
1005002269030291
1005003387787683
1005002921445056
1005003162546961
33026555881
4000936198389
1005002851953395
1005003160270462
32959296359
4001119206749
4001054965530
1005001808177168
4000373255271
32731059514
1005002629413773
1005003382101866
4001361872130
1000001752701
1005002329992379
1005003386777824
1005002698389489
1005003242779119
1005001776557720
32950469704
1005003296960219
32984406366
1005002742579693
32741344747
1005002995973376
32761693646
32857334882
4000615353381
1005003248066537
4001287370308
1005002888476433
1005002753619561
32851788044
1005001652798441
1005001897488092
1005002284666455
32888597312
1005001419925528
1005001319315616
1005001967085031
4000351474109
1005002868191401
1005001882900930
10000395899991
1005003062220579
32854663853
32959901061
1005003224775739
1005003356498930
33010167702
4001296916785
4001190002668
1005002618227272
4000094350602
1005002140852487
1005002991252225
4000553681745
1005002647189874
1005002393648997
4001022296676
4001036804310
1005003252548191
4000043894859
1005002705338382
4000065517034
1005003284723778
1005002427890581
4000554532017
32971513406
1005003203440699
1005003239339314
32961433767
1005002554737691
1005001646284451
1005003014113218
1005002974707820
1005002425894906
1005002335142467
1005002646434350
1005001989156177
1005001419162502
4000747535586
1005001445850564
1005003147124384
4001244024546
1005002788971869
1005002961346501
1005002344536980
1005002206360484
1005003121749264
1005002633539310
4000426254385
32918276675
1005003044821923
1005002785477002
1005002918701428
1005002608867144
32872539971
32861942146
4000012724902
4000973320484
1005002921438427
1005002852735105
1005003366089959
1005003128602054
33055370713
1005003002307740
1005003066352344
32985514059
1005002607967479
32701841036
1005003291333027
1005002314306475
33040328168
1005002066443658
1005002663798052
4000847710737
32864229849
1005003002321573
1005003302295903
1005002944798040
4000125909428
32886842634
32913162601
1005003094519311
1005002483490317
1005002084995139
1005002682108658
1005002935385815
1005003318502197
1005002269166783
4001298742558
1005003129151200
1005003122555326
1005002122345650
1005002270842749
32831186023
32905449389
1005003113599136
1005003122193426
1005002289014535
1005002356808336
1005002630362164
4000761586323
10000343884256
1005001627369233
1005003369642976
1005001355864350
1005002122334496
1005003264166107
1005003038948714
4000127953548
32828393204
1005002553646831
1005003209405144
4000993415382
1005002347019667
1005003228975337
1005001825621527
1005001830059400
1005003064824672
1005002866703110
1005003128945492
1005002414289956
32857101031
1005001727284068
1005003051684233
32863656527
1005001645726838
32908765825
1005003123716877
1005001576086081
1005002317863241
4001272476780
1005001598942047
4000177266581
1005003255136238
1005003158496872
1005001871025682
32769232326
1005002331722212
1005001997092798
1005001616560789
1005003122657205
1005003133796163
4001034506820
1005001856162794
32352709982
1005002878925426
1005003253500160
1005001600401269
1005002704646867
1005003035800180
4000119080150
1005002076531658
1005002309262839
1005003316266262
1005003345397296
4000317012529
32976972028
1005002886308278
1005002572206240
32818261726
32929357811
4001269054325
1005002870026668
1005003255874769
1005003023326238
1005001543655052
1005001291233686
4000515311345
1005003076932322
1005003256706555
1005002901908019
1005002132853976
1005003339129634
33021257749
32992326658
1005002661446007
1005002225351097
1005002962280992
32975718899
1005001897470147
32955267227
1005001493356080
1005001879872231
1005002893737790
1005001670991771
1005001395089430
1005002060865788
1005003346325281
1005003077309359
1005002715220687
1005003183652128
33034975787
33010396034
4000769994599
32368708049
4000808609378
1005002628791431
1005003349342225
1005001265061096
1005003339166368
1005003192917596
1005002114484052
1005002346005223
4001212489642
4000816384538
1005003121809035
4001120079127
32991255413
1005001408904111
32836080548
1005002732575643
1005002352018524
1005003219493756
1005002831735839
1005002864083590
1005001736295911
1005003225075056
1005001874550828
1005002297824873
1005002264722962
1005002317712903
1005002616227274
32906645985
1005003238046146
1005003066643513
32821831461
1005001856445395
1005001605275193
1005002536593190
1005002488559149
1005003135978803
1005003343004166
1005001688135074
1005003209651891
1005002928733632
1005003200892416
1005001530481388
1005003114170384
1005003058621540
1005003097539807
1005003337092870
1005002396682847
1005003102527184
1005003139338235
4001010868319
1005001715898017
1005003261444641
33035483755
4001075278305
32813872228
32866495460
32997665069
1005002745729449
1005001314424203
4000538337898
32404060648
32993904131
4000693933493
4000346276449
32822758658
33012274140
1005001423496721
32805684032
1005002447081214
4001139320883
1005003329455910
33005057500
1005003195574353
1005002818352792
4000287270597
1005003188343169
1005002913459340
4000014560311
32794262664
1005003012380795
1005001889708969
1005003339729075
1005001671627041
1005003155148184
1005003382155582
1005003035390984
4000393110908
1005002396011562
1005002040865599
32832656233
1005002288018715
1005003146297925
1005001386254674
1005002286703817
1005002663692252
4000569727028
4001056162528
1005002260907466
1005002760707969
1005003342585764
1005002852335678
1005003338829759
1005003037448604
32969583622
1005003233580295
32973881415
1005001779988159
1005003205322663
1005003366023898
1005003279647059
1005003160335599
32644100712
1005002647335163
1005002496414477
1005003290736775
1005002045711092
1005003082408440
1005001315582412
1005003308565030
1005002842494191
1005003126019527
1005001928786546
1005003208492740
4000077479779
32952780935
1005003278747635
4000725262327
1005001473429534
32718704110
1005001836685537
1005003278391878
1005003206036475
4001209216344
1005002248047718
4000830027098
4001227334597
1005003020954333
1005002482947226
1005002642658284
1005001728069242
1005003012167158
1005003369640310
32637275801
4000945182729
1005002565125327
1005003148128563
4000959321573
1005002633971882
1005002647302679
4001235744402
1005002593028210
1005002600861230
1005002459561525
32959797121
32963016945
4001277681047
1005002669976154
32957971301
1005003021494673
1005002475671055
4000863747667
1005002756018189
4001297492804
4001201008680
1005003134091085
1005001671630132
1005003200819951
1005002246273252
1005003112261155
1005002693533894
1005002738710865
4000127098358
4001132763588
1005003145456603
1005003332823629
1005003342280379
1005003359960939
1005003204026971
1005001650896530
1005003325838293
1005002941881698
1005001604285834
1005002617601861
1005003346792978
1005001676767401
1005003159904894
1005002648778867
1005001973504597
1005002608988148
32398007933
1005001810680833
4000905333986
4000107244823
33059375316
1005002502038881
1005001926992044
33010078722
4000111015716
1005002015747020
1005001462340188
4000836600505
1005003099519194
1005001605124251
1005003022186711
1005002990597683
1005002982022461
1005001438575503
1005002875502789
1005002813740492
1005001648258684
1005001669029884
1005001788852198
1005002354484401
1005002927258568
1005003137851613
32823603541
1005003289186030
32968524220
1005003058606427
1005001349899988
4000804976069
1005003387845171
33004122902
1005003295571906
32697336507
4001221777311
1005003185632276
1005003152052211
1005001937251246
1005002612004951
1005002888148895
33005529311
1005003295951432
1005003380737611
1005003021781428
1005002945007253
1005003152420704
1005002950835616
1005002727520657
1005001702951686
32929431937
1005002042029125
1005001561194263
32914835297
1005002732573343
1005003032945863
1005003183154806
1005002801648107
1005003188549929
1005002947185555
1005002081562871
1005003263609183
32320897637
1005002965917426
4001214169241
1005003144287814
1005003380680820
33033525495
1005002533315447
4000185288843
1005002612962108
1005001773854285
1005001338600675
1005001802884866
1005002782221192
1005002478779991
4001179436030
1005002534560949
4001339614819
1005002022449347
1005002712600202
1005001526129441
4001235295597
32829655630
1005002607177996
33012607234
32830885076
501192262
1005002612988880
1005001616002212
1005002122174042
4001257261106
1005001506990554
32832748350
1005002426003188
1005003031018140
32348944684
1005002729645994
32951074664
1005002717873171
1005001982658041
1005002367867316
1005002988271978
1005001439330116
1005003025376066
32964737697
1005002613253666
1005003269628420
1005003328871063
32825013998
32901967628
1005003211849455
4000252871841
1005002482885392
1005002537813156
32494374883
1005003145218948
1005002532920689
1005001810516610
1005001652338388
1005003322649091
1005002420803680
1005003222637213
32838462635
1005002981576414
1005003219813789
1005003353290081
1005003060849480
1005003318045928
1005002521243176
1005001860079287
1005002567617979
33014611123
1005002566272029
4000405486085
1005002311680711
1005002263758221
1005002951680672
1005002612959978
32868852348
1005003375109605
1005003099512419
4000307538352
32988555662
32997809915
33008399022
1005001889894204
1005002912982992
1005003146847782
4000917467112
1005002762958204
1005003136681031
1005003204184203
1005003160061501
1005002329384049
33063623905
1005003249463423
1005002849296001
32881759772
1005003004453134
33001765122
32498380759
33014152689
33052525100
1005003240750476
1005002816853458
32995408753
1005003309403272
1005001336602523
4000853040637
4001147927219
1005003310987658
1005001607210089
1005003027066298
1005002759145871
1005003249749691
1005003152595178
32954614053
1005002946974517
4000395199784
1005001767788109
1005003041853811
32856391228
4000874259079
32854315927
1005003336478994
1005002593491966
4000971251529
4000584384746
1005001898638839
1005002890437883
1005002630128470
4001191310412
1005003080349792
1005003155790927
1005003147359122
1005003081347683
1005002920131220
1005002102983867
4000035189549
1005003360909856
448316507
1005002610152008
1005002398795535
4001187300431
1005002026392344
1005002263978436
32729697237
32824604249
1005002377754202
1005003385895742
1005003216804223
1005002313871439
4000986936485
33034071222
32952319982
1005003322429948
441876318
32661169728
1005003271087978
1005002823272163
1005002213087558
1005001334126366
4000847830703
4000749117732
1005001908411930
1005002310846889
1005002766769448
1005003277607266
4000362154307
4000499405122
32849605484
32948406799
33058313385
1005002475970562
32885755380
1005003025160974
1005001482655293
1005003167959158
1005003388400091
1005003331790010
4000086651896
4000244122622
1005002351671557
1005003156211790
1005002982556966
1005002318488212
1005003118334193
4001230665095
1005002350504440
1005003345577440
1005003274516260
32973695397
33039615419
32962273665
1005002796411265
1005002732503960
4000090332524
1005003243703458
4000902318828
1005003070148408
33001409290
1005001525574040
4001042142853
1005002666680849
10000174298430
1005003161095080
32899296046
32877216143
4000849242372
32857378027
1005002973456918
1005002277012685
1005003205636525
1005003325710295
4001121736894
1005002978168082
32965916411
32802786790
1005001855720017
1005002622025464
32950609676
32827773892
1005001905149607
4001249504791
1005003093919381
32532756357
1005003062477443
1005003289061785
4000057237327
1005002292822285
1005002945563574
1005003344030648
1005003025985429
1005003232223503
1005001461029393
1005002615713917
1005002731267781
1005003131176800
4000066988616
1005003079697510
4001138442001
1005002787046480
1005001747461210
4000759573877
32865884809
1005002245654395
1005003245688677
4000107325664
1005002559732992
32868531234
1005003017227221
1005001438232324
33009817081
4000167543106
1005003264283878
1005002649133191
1005002813575458
1005002656496766
1005003161020871
1005003322135344
32908739328
1005001611708867
1005002186144822
1005001929150202
1005002835548677
1005002065310305
1005001440689370
1005001606266351
1005002870483241
4000160876436
1005003151258220
1005001884176725
1005003364331966
1005002982036514
1005001309019875
1005002373577744
1005002997992918
1005003113897251
1005003050366967
1005003037538570
1005002696466563
1005003214282993
1005003035082019
1005003221118903
1005001373580804
4001230399279
4000161566107
1005002868457824
1005002426269625
1005003146758949
1005002118865461
1005003382459601
4000765798508
32810512320
32888679488
32845292341
4001298759289
32932476423
1005003159921989
32956053874
1005002670279575
1005002814112716
1005003290993201
1005001870467909
1005002482593567
1005003222678383
4000694133745
1005001330052961
32882592584
1005003246154248
1005002604126344
1225388663
1005002490899391
1005001415122733
1005002228053371
1005002596261958
1005002018859491
1005002991597839
4001146873239
1005001875073306
1005002581958339
32839103746
1005003118028184
1005002459807199
1005002546382483
1005003239090611
1005002999056790
4001263832679
1005002863484375
4000857191952
32957419072
1005002480750692
1005002904218998
32381038527
1005002697279515
1005002330686320
32967769548
32391590315
32999902126
1005002630551655
32588514569
4001272704632
1005003194806226
1005002432597439
4000059125377
1005002159713311
1005003152677558
1005002069232888
4000468719414
1005002489350972
1005003266102028
1005003342054118
1005003337911952
1005003281030494
1005002533336399
4001321786427
1005003136281230
33005434737
1005002515542822
1005002287175622
1005002123655936
1005003135958219
32996057643
1005002882505911
32871878598
1005002505003370
1005001664972041
32699505011
1005001703140025
33004151442
1005002996748901
1005002878357516
1005002533460992
1005002094825297
1005003301964321
1005003199646144
1005003341894807
4000770663845
32886100219
32915598391
1005002125206898
33059093195
4000120479074
1005002372107236
1005002950226430
1005001808651064
1005003192593351
1005001697883061
1005002674970225
32866701687
1005003012847505
1005002927027225
1005001799695154
1005001297842455
1005003346040487
4000704917204
1005002540813698
4001217244590
32868704197
1005002321508795
1005003344792183
4001286617594
1005003255438818
1005003089545982
1005001843553292
1005002601909843
1005002439646568
4000350416385
1005001842207684
32531397137
4000672849605
32667630918
1005002741374702
32952479327
32974957490
1005002243189489
1005003294388468
4000477527558
1005002647091850
1005003280947348
32933808880
1005002330556142
1005002808355296
1005002901740289
4001158919248
1005002387137739
1005002011837717
1005002490107872
1005001721342144
1005003336182380
4001036590527
33012756252
4000203250660
1005002696589367
1005002413648340
1995324082
1005001695265947
10000344004415
1005002941239905
1005002156581916
32828100161
1005002797860318
1005003119668489
33006055982
1005003028063937
32869528002
1005001950420966
4000989402774
4000931933608
1005003075101384
32962227704
1005001408458199
1005001408625393
4000124301377
4001182356809
32693309611
4000103977674
4000163136492
1005002898448485
1005002998778756
707747772
4001055807549
4000717058962
1005003328284199
33053739299
1005002421043227
4000002655755
4000005481040
4001035109087
1005001520358316
1005003323244843
1005003214222135
33024908936
1005003077021598
4000779933684
1005003271920530
1616807552
1005001479639737
1005002966328754
1005003371986332
4001181612511
1005002908211067
1005003297177833
1005003210772347
4000640216373
1005003293111290
1005003327045404
1005002740051353
1005001519275743
4000899220814
1005003033500143
1005001515445688
33001151639
1005003224761515
1005002618699015
1005001489750755
32813555284
32853077355
32823049155
1005003038253249
1005002656468988
32830779968
1005002704569514
1005001369344615
1005002965711263
4001021670968
1005002731106657
4000463270696
1005003315806916
1005003367717776
4000935196604
1005003332571462
32971954730
33008674263
1005002801149420
1005001835789308
767984000
32861557989
4000628112140
1005002144885242
33031635287
1005002395782839
1005003093732673
1005002996146782
1005002351695758
32972332963
1005003365536653
1005003211032124
1005001682567818
1005003101831958
1005003253658164
1005002613207064
1010000401517037
1005001916435707
32944889063
10000002739526
32952232809
4001149797515
32961682122
32919625318
1005003385957875
1005003278781055
32899298157
32788521586
4000674707489
4001037699775
1921440854
1005003265509606
1005003328829601
32920558709
4000932321203
4001118265578
1005002781097494
1005002393625603
1005002288765100
1005003300551968
1005002837743123
1005002774751775
1005001413246256
1005001769366011
1005003377003195
1005003362118878
4000810916567
1005003239281877
1005001410686119
33023262623
4001222980642
1005003264812529
1005003290282810
32870652445
1005003184239404
1005003066476863
33022141812
1005003327373299
1005002409455590
1005003062805200
4000101216307
1005002789099691
1005002978592470
1005002870034540
1005003332716499
32970693756
1005002837804606
1005003338066010
32913822415
1005001602370480
1005002210684051
32461429013
32997370352
32919692984
1005002647310183
1005003178338525
1005002071222744
1005003037789110
32972830983
1005003347335516
1005003206654156
32963607687
1005002248014011
32839748755
1005003002882731
4000207331267
1005002842670429
1005002770902035
1005002715059530
32862431593
4000472814800
32986859391
1005002906862930
1005002376928762
1005001977637686
1005002140155327
1005002954002033
1005003249730929
1005003109478563
1005001971114962
1005003152975662
10000137891564
1005003329302204
4001251450119
1005001457636191
1005002134747711
1005003264226580
1005003051235784
1005002911545775
32988853917
1005003349200506
4001214657059
1005001474244022
1005001961812869
32975559503
1005003067064835
32725999660
1005003302766397
4000114864194
1005002723609316
1005002413872844
1005003091078859
1005003364059226
1005003328260766
1005002288422564
4000603439431
1005002058075971
4001281311756
1005003277616019
1005002703108992
1005003029755629
32847809670
1005002520442799
1005003022402489
1005002469128484
1005003329513304
1005003097338038
32836867076
1005001963165023
4001030267593
4000878842477
1005001602856846
1005003172541459
1005003151122637
1005003383792389
32986777175
32964543267
1005001530692102
32975668009
1005003127568618
1005002995097287
4000986484137
1005001731136510
32921236617
4000630811095
4001299615858
1005001947183170
32926091623
4001007930483
1005003390105565
1005002712853060
4001283268122
1005002527374170
1005001270424988
1005002989555922
1005002271155741
33013955175
32919905404
4001127300964
32847979947
1005003006110627
32950385797
1005003290367414
32919191920
1005003290248730
1005003019168570