1005001507202470
1005002378561617
1005001596365667
1005003056810943
1005002988893460
32904295499
1005002602533851
1005002096040273
1005002205770613
1005003271721897
33058967257
1755218606
1005003337448989
4000342900845
1005001442027203
1005003375974538
1005003312526218
4001207189197
1005002100375670
32815707479
1005001525241388
1005002847348416
1005002864975640
1005002605078240
1005002220324345
1005003303121793
1005002004356754
1005001873306826
1005003171456140
33047775628
1005003092220716
4000989153897
1005002615745945
4000225791199
1005002989283408
1005001819082568
4000337312488
32834654056
1005001343332564
1651752419
4000332278482
1005002282478025
1005002453695953
1005002629063620
1005003245366290
32837204487
4001272684913
4000166050300
1005002996568570
4001078875277
1005002252504150
1005001354005161
1005002857111908
1005001620774233
32850037982
32828991844
4001285198920
1005003136163839
4000795338158
4000790876488
1005003026194227
1005002630625120
1005003120598974
1005003307589709
4001140528048
1005002837717482
1005002932223165
4000452786774
1005002862237935
1005001423027826
32982872774
1005003323985812
1005002804501256
32885536654
1005002989573140
1005001790163373
33059989130
1005001337993698
1005003352042415
1005002458040165
4001346304457
4000992825937
1005001607632769
32803481389
1005003163654941
32637899274
1005001392965622
1005003332231480
1005001782704567
4001027121692
1005001793038527
1005003021412807
1005002315420779
1005002323972979
1000005572148
1005003105955704
32972939161
1005002580034954
1005002787066631
33020550256
4000449432741
1005003292281040
1005003010499457
32858318648
1005002990349175
1005003101767475
1005003122798309
32836674904
4001231763705
1005003336548079
1005003026478587
1005002211824807
32967498554
1005003273654675
1005001299035508
1005002046562757
1005003008965738
1005002311106847
1005003184529140
1005002312390161
1005002396415833
4000532100432
1005003331606761
1005002687685751
1005001986114375
1005002979969773
1005001320732552
1005002620564495
1005002821912021
1005002961514788
1005002553048486
1005002541762950
1005003372124751
32978263824
1005002937025869
1005003186915869
1005002164373101
1005003090368003
1005002040192023
1005002997728114
32756645855
4000629979092
1005002903823297
1005002786665900
1005003166348943
1005003089047957
32966259377
4001038493985
1005002709058827
1005002313811633
1005003008571188
1005003260272507
1005002254019448
1005002340158646
1005002568342912
1005002593507593
1005002932698889
32970317790
1005002265007624
1005002466993517
1005002222308612
1005002608392531
4000820223084
1005003038249844
1005001412774907
1005001936757938
1005002816529889
32971135061
1005002603390979
1005003180793020
1005002310672488
1005003371658557
1005002436153412
4000096966077
1005003219179524
4000060233917
32831675335
1005003063361437
1005003220170707
1005003324078708
1005003183552340
1005003153221186
1005002652282407
32961254304
1005001860740312
1005003040785134
1005002866686459
1005002635607789
4000104573139
1005003333883403
1005003104937868
1005002548310384
1005003144238001
1005002983934201
1005002782554203
4000912883889
1005002994129066
1005003171594890
32826346767
1005002868154441
1005001687681376
1005002344964622
1005001316499847
1005002058663250
1005002496313028
32982641232
1005003298598555
1005003175432360
1005001962057776
1005003133906253
4000549643913
32892135926
4000166683314
1005003152404982
4000933714337
1005002054329286
1005002964663279
1005002965470396
1005003149908114
32868368843
1005003161336831
1005002877867444
1005002793839110
4001029190435
1005003386302502
1005003177660777
1005001876710630
1005003391072486
1005002174532431
4001105828043
1005002927994422
4000115960332
1005002546345806
1005003194401636
4000252881402
1005002970961142
1005001710248482
1005003294234087
1005003119281556
1005002192500729
4001128149982
1000001766394
1005003031905369
1005003376226767
1005003132267253
4001225124787
4000431463508
4000493362574
1005002952206394
1005001923330816
1005002803726762
1005002700015012
32951772124
1005002878363725
1005002084063057
1005002337925722
1005003234128757
4001066824737
1005002858707343
1005001678020390
1005002226595145
1005003337501066
1005003333256230
4000324636205
32857065201
1005003158973524
1005003185943458
4001208319762
1005002433603292
1005002762088108
1005002759024112
1005003193203818
33050071300
1005003013981969
1005002805338126
1005003242537968
32796819528
32962019614
1005002580956979
4001102395023
1005003152387051
1005002635781118
1005003385201786
1005002600326403
4000582976908
1005003267358002
1005003287751513
32735290945
32832305326
1005002657211131
1989514893
32972746539
32972102915
1005001881290720
4000972136835
1005002652561819
32873599177
1005002952180974
1005003087327843
1005001884718104
32850956167
32804408833
1005003357297749
1005003193674246
32776214941
32855179870
1005003219584073
1005003130953359
1005003140766518
4001014917905
1005003337666837
1005002978639738
32996574732
32817117467
32883136651
1005003289144515
1005002039117617
1005002305199764
32954693997
1005003308977675
1005003325140431
4000933172644
4001251703371
1005003348370759
1005003290623932
32981291277
1569503069
1005002721862576
1005003152705198
32994531646
1005003081415574
32904738807
1005003385371768
1005001441510257
1005002004025975
1005001614652834
4001242474409
1005001510522057
4001244218591
1005003218721769
4000404625779
1005003332507635
1005002804499447
1005003305421169
1005002771247167
32826587352
1005002721069379
32917116008
1005002433116580
1005003098185936
1005002395936944
1005003148099925
1005003318549078
4001272858283
1005001552593927
1005002297031668
4001134849800
1005001386823807
1005003165898697
1005003366183353
4000964573247
32845052498
4000184540299
4000059805534
4000133770731
32932772313
4000972610545
1005003112622792
32702847591
1005003109824575
1005003266671424
4000836299941
1005002695887787
4001222254155
4000404320420
1005002369629041
1005002033350003
1005003345474756
1005003133945284
32760964969
1005002700000349
1005003066525671
1005002662502199
1005001383174652
32916756750
1005002755914932
1005003042089729
4000546579151
1005003377338863
4001269182456
33012796336
1005002305932110
4001210004606
1005002606196538
1005003298712127
1005001749382002
33037741594
32907849768
1005002834040071
1005001526341676
1000001540404
4001273627819
1005003339683001
1005003252318982
1005003234564269
33049712210
1005003090881127
1005001598207853
1005003318249101
10000397737815
1005001739542437
1005001529349909
1005002143598744
4000415277773
4000757978753
32972563070
1005001836409595
4001034083389
1005003339564804
1005003102332341
32809488147
1005002411453856
33031625790
1005002440029175
1005002641047524
1005002842253099
32801159257
4001306006859
1005001340055113
1005002990732835
1005003156290857
32893755877
1005001686036843
1005003223855923
1005002863025335
1005001907097249
1005002963541586
1005002532692537
1005003156859301
1005003303120678
32864020030
1005003042314829
4001331616342
1005002525161219
33055691170
1005001478486240
1005002749216881
1005002906724639
1005003387702928
1005001756041259
1005001873966975
4001207506655
1005002564532108
1005002398927206
1005001648436935
1005002835060363
4000009863619
1005003327994785
32923934681
1005001960194359
32961052383
1005002352530221
1005003246923330
32959648591
1005002443381179
1005002953942785
1005002855104703
1005001370021933
32884832653
1005002161862889
32877812601
1005001394840842
1005003278522654
4001035285793
1005001721906991
1005003208611904
32859471233
1005003192804718
1005003390801265
1005003369721799
1005003096257401
4001106008660
1005001714868237
1005003339735856
1005003146316465
1005003118676319
1005003136458430
1005003124050474
32916069074
1005003316291427
1005003248419961
1005003260796876
1005003145788956
32880622133
1005002647222745
1005002762133629
32838071564
1005001784853294
1005003161503992
4000831246415
1005002596805367
1005002634547668
1005003198057327
33009897539
1005003175373376
1005003328157066
1005003333263281
32856426388
1005003256059895
1005002597027793
4001225235488
1005002072531672
1005002517968155
4000082127111
32962484094
32854614143
32926833414
1005001622840200
33040747548
1005002871284899
1005003310179649
4000197060875
1005002299911329
1005002657188644
1005001803483421
1005002906776804
1005002377664331
1005002890857581
32980464681
1005002132887063
1005003174812368
1005003305432666
1005003160896029
4000918510710
4000763764003
4000324461751
1005001489711744
1005003015402571
1005002647300195
1005002556830839
1005002472867029
1005001985809097
33043819812
1005003275651186
32640469183
32801097936
1005003025530428
4001140286959
1005003290256901
1005003211633376
1005002271556190
1005002863041622
4001153029397
1005001915732083
4000041098690
33030056328
32294088984
1005002271465240
1005003185359701
1005003206443779
1005001993996676
1005003337854558
1005002545458306
1005002820581538
4000956823429
1005003291074644
32840388267
1005002570352105
1005003122037177
1005002673417829
4001121776166
32839586233
1005002027474783
1005003147733019
1005003266695576
1005003178854037
1005003084944171
32851553076
32961306652
1005002978933089
4001119025238
1005001873570893
32756701293
1005003365107383
4000113135368
1005001827461138
1005002795515915
1005002054832586
32919339528
1005002748945018
4001273419037
1005002201806718
1005002997431798
1005003303276743
1005003374245682
1005002121261057
32781835779
4000848851167
1005001605260549
33041042122
1005002336624753
33023215749
1005002587909271
4000146312264
1005001368176652
1005003336680459
4000990750826
1005002724380756
1005002304998026
1005003064978761
1005001354378773
32843348657
4000982555600
1005003146917400
1005002474843007
4000077327156
1005003107465525
1005002713241703
1005002926932428
1005003128591118
32992677944
1005002318435234
1005002946771856
4000043940309
1005003150984835
32857130273
1005002651237106
4001247228680
1005001520634998
4000581694876
1005003128106638
1005002056200757
1005003014096404
4000642016277
32818790840
1005002689243269
1005002611100993
32982657756
4001117544787
1005003245300668
1005002897025126
1005003386005002
1005003346961248
1005003086116300
1005002275505644
1005002441559610
1005003216613736
4000051812811
32622691349
1005003382645088
4000626795796
32795049467
1005003241379513
1005003005176103
33052203306
4000259619439
32947549628
1005003016977211
1005003251831206
1005002648197210
1005001446137859
1005002989126645
1005002095332858
1005003329117260
1005002591285309
1005002122064151
1005002960997350
1005001494830436
32676705973
1005003208673757
33007056708
1005003017545138
1005002883601758
1005003386307478
1005003221363878
1005003255515842
1005002329081784
1005002612788178
1005002958407995
1005002870070985
1005002255388916
1005002905532809
1005002616118958
1005003093332300
1005003041773365
1005002686433371
1005002110027224
1005002799653382
1005002014594469
1005003183132276
1005001367835177
1005003114799551
1005002301386386
1005002803873434
1005002316959160
4000922014151
4001240934862
1005003387889037
1005001405089705
1005002988817070
32842070720
1005002382739875
1005001912558190
1005001367713276
1005002944411271
1005003150593944
32814873373
1005003262840147
1005001761691452
1005001949028678
1005001408817382
1005001319292241
4001199532368
1005002341372975
1005002604004349
1005002328686257
4000045069436
1005002496867808
1005001621819353
1005003291952813
32931563786
32832378399
1005002108068749
1005003382353902
32870838486
32964220273
1005002917763512
32822268027
1005003130632314
1005003102323299
1005003125674906
1005001999276377
1005002533205789
1005002337952855
4000238693862
1005002904595245
32416396570
1005002278211223
1005002790665493
1005003187942628
32867370203
32812717911
1005001333134238
32935033374
1005002920207598
1005002028659411
1005003340550844
1005002499272059
4000773299666
4001344516619
1005003240096254
1005002187794502
1005002718666135
1005002732618385
33055068378
1005002976014886
4001137688916
1005003383230886
1005002107703832
1005003082391769
1005003351982151
1005002984738130
1005001639845794
32868402358
1005003184255079
1005001687590249
1005003373808997
32959590630
4001138351179
4000762229576
1005002682890134
1005001912394871
1005003209299461
4000133086176
1005003141711964
32757658570
1005003215656367
1005003252662274
32888318337
33024300780
1005003215774246
1000007417440
1005002425208224
4000414341160
1005002264638157
32812219971
1005003150847057
32963902413
1005003139548977
32921999884
1005003375893892
1005003307609367
1005003272555052
1005003065086531
1005003015747516
1005003298003365
32818963167
1005002784539238
32865536521
1005002061868550
1005002344747166
32838733658
1005001585428335
1005002871501487
1005003261507495
1005002997095111
1005003086782162
1005002513297513
1005002604023203
33023936974
1005003349311511
1005001781428376
1005002890490902
4000206820741
4000090994205
1005002907825234
1005003127578252
32877168725
1005002777095925
32968019697
33048638515
1005002657921508
1005001689329820
10000420592523
32798456951
1005002835087477
1005002884270824
1005001382094671
1005003012585700
10000036131737
1005003237640792
1005002672840169
4000849835815
1005003083557290
4000688620437
1005002611648554
1005003017278587
1005002886760858
4001047227214
1005003238828069
1005003312386040
1005003247082006
1005002611159855
4001237582469
10000056970240
1005003363040377
1005003293605908
1005001842910414
1005002043816152
1005002733389190
1005002362462072
1005003109358178
1005002375134118
1005003153404058
1005002773900239
1005003277846214
1005003294483601
1005003321967107
1005002705007762
32964891993
1005002959093763
1005002034231922
1005003245986328
1005003114412988
1005003139920819
1005002946937318
4000415269789
1005003120309799
1005002997217595
1005001725826888
1005002304565353
32921274500
1005003125985524
1005002315465420
1005001924702144
1005003201299344
1005003358028993
1005002619097597
1005003301529985
32747340935
1005002621393478
4001231843221
1005002763684264
4001005654511
1005001523916882
4001279511870
4001126974014
1005002907562208
1005001467940352
4000459162938
4000261915565
1005003349363083
1005003344388740
1005002941258595
32972857116
1005003093717078
1005002007281174
1005002272766168
1005002997231170
4001293148557
1005001443059808
1005001408551848
1005002356994189
1005002201798097
1005003107512086
1005002990445988
1005001420863206
4000895799565
1005003057692563
1005001899577171
1005002421434320
1005002956824069
4001070653018
32919535452
1005002367946707
4001145368866
1005001798026527
1005001952573096
1005003219617504
1005003239295522
1005003058077571
1005003377400347
32991395455
1005002721817483
1005003386289613
32767792848
4001156488560
32997878093
1005003020021269
4000024474476
1005001859043550
1005002968869226
1005001485713336
1005003296795282
1005002099889077
1005003307632289
1005002615760940
1005002982861302
1005002732768513
1005002351352050
1005003062948072
1005001901131756
1005003333517772
1005002663114045
1005002400429584
4000218913844
1005002899593898
1005002616045311
1005003269798369
32917461040
4001232402148
4000821946613
1005002629848062
1005003280963159
1005003129943202
1005002252228840
1005001883380851
1005003192019061
4000111888441
1005002434360650
1005002858133482
1005003224519221
33030536291
1005003320968895
1005002752633750
1005001645738534
1005002935924638
1005002460365493
1005002746618619
1005002797972188
10000343893119
1005001506865801
1005002942112257
1005003364273702
1005003077376272
4000093870351
1005003265602433
4001172144259
1005002271102769
1005001686215768
1005003386269867
1005002270721022
1005002789333846
1005002938069924
1005003211786033
1005003285471529
32893267156
1005002419837841
1005002316003876
32783450853
1005002704257312
1005002997140118
33060205331
4001155022425
1005003324892108
32880911833
32955671154
1005002658602081
32797615793
4001152398997
1005002000103069
4000805121461
32834679205
4001038473018
32965483451
4000902777733
1005001641322210
32785069908
1005002296124863
1005002738710318
1005002066141662
1005002356853133
4001178312608
1005001985814595
4000031837938
1005002876947469
1005003370714640
1005003205313997
1005003041610294
1005001505812750
1005003223065634
1005003269357775
1005002662270001
1005002920885425
1005003031166694
4000580780871
4001080025541
1005002362966618
1005003016697611
1005003106091675
1005003204192339
1005003115253066
4000626599512
33026997798
32856186027
32808827602
1005003385551290
1005002570033811
32825312036
1005001926866386
1005003362796127
33032686638
32917615731
1005003150404701
1005003095255222
1005001391842085
1005001587052030
32852963747
1005002323589830
1005002752036459
4001290380939
1005002628672893
33058963400
4001322033884
1005002847463243
1005001934625343
1005003358033787
32977385285
4001157170475
1005002207112533
1005001921109200
4000757602015
1005003051188260
32674434663
4000751710503
1005002293755729
1005002395009689
1005001922619359
1005002313549407
1005002377790270
1005002136832569
1005002714913861
4000910684512
4001155139031
1005002428258646
1005003351698294
32832309215
1005001448203150
4001184286048
32918317339
32821083967
1005002783823985
1005002190451930
1005003253127267
32250880102
1005003349851433
32848028634
4001023002412
1005002133640012
1005002408584150
1005001598672753
1005003225590253
1005001559803413
4000618907207
4000825595774
1005003227837363
1005002821194407
1005003197882019
1005003294785741
1005003095556410
10000364338411
1005002958244458
4000106396184
1005002833461132
1005001505961806
32982052887
1005002078207392
1005001407899724
1000008673578
1005003309693013
1005001768908556
1005001923777536
1005002794146091
1005002642709630
4000167169611
1005002537550640
1005003290270179
32872403423
1005002334132884
32957880139
1005001899335026
1005001489569068
32811011476
1005002950965331
1005003252959722
1005002862048741
1005002919521970
1005001392605798
1005003278265774
1005001351235591
4000064153795
1005001267339318
1005002538223899
1005003015335718
1005003097885689
1005002876116857
1005003160563000
1005003219761370
1005003147562252
1005002859541128
32845101364
1005002636796131
1005001392633798
1005002220093760
1005002970516328
1005002037768643
1005002540448971
1005003213997463
4001192009482
1005002192067811
1005002136768235
1005002050499593
1005003016563227
1005002949666420
1000006673941
1005002651170398
1005003379930938
1005003146361705
1005003316741327
32890900433
1005002933276199
1005001677531524
1005002941008558
1005002806485086
4000286571977
32524805890
1005001948925259
1005003393630342
4000749704719
32794365721
1005003284893947
1005001645390761
1005002467787678
1005002854947389
1005003085010443
1005003205008203
1005002099484892
1005002608862981
32753897508
1005003156332886
32845330965
4001321134580
1005001462013967
1005003053875705
1005002281979264
1005002480877246
1005002618326594
1005003085270975
1005003133858922
1005001757640300
1005002821654674
1005003135662924
1005003125439872
4000776871488
1005003135563677
1005003070221432
1005003304063500
1005001677837325
1005002985237357
1005002686630913
1005003337649980
32857186715
4000224238257
1005002899416773
1005002890248784
1005002881920703
1005002930981130
32855031805
1005003332687534
1005002589359450
32968943164
4000589396415
1005002115182036
32958792127
1005002442055113
1005002469118720
1005002716764844
1005003338230591
32967642871
1005002663561099
1005003038799895
1005001779617672
1005003356256481
4000205653446
1005002013160387
1005003204148866
1005003123131314
1005001453209141
1005002944770443
1005002079376821
1005003200844168
1005002473462552
1005003346723719
1005001540233946
1005003295817838
1005003141781329
1005003368267510
4000626052425
4000019929050
1005003032226819
1005002555862180
4000779038891
1005002368708148
1005002907282923
33039623267
1005002712014556
1005001962333337
1005002599055103
1005002864801825
4001050294055
1005002130791346
1005002314297886
1005002362934664
32963818634
1005002035058452
4000772781003
32300716688
4001066883294
32893171967
1005002650545278
1005002321719442
1005002312560507
1005002591221417
1005002982117467
1005001841443770
1005003258055551
1005002753448866
1005001268704960
1005003339156599
1005003391342147
1005002744642850
32848850611
1005003294503639
1005002912595939
1005001841549601
33000667996
1005003153403843
1005001441382046
1005003083697674
1005002198076352
4000773414170
1005002033236959
4001190580244
1005003124547758
1005003192015042
4001221914610
1005002886273185
1005003145763204
1005002129550147
1005002240918595
1005003026262741
1005003332359733
32692145588
1005003328707107
4000271865894
1005003303936754
1005002944371953
1005003017804210
4001218976058
32741972242
1005001962164272
1005001766974189
1005003309173911
32974058938
1005003192819039
1005002964878945
4001160481427
1005002475284377
1005002234702216
1005002061069222
1005002857579725
1005002531007790
1005002492496745
1005003249231331
4001269455213
1005002506265301
1005003110365052
1005002933631175
4000807240705
4000189145271
1005002991594875
1005002270428053
1005002199795735
32895350362
32973804253
1005001577484895
1005001915230341
1005003014464374
1005003211163273
1005001750745805
4001115941235
1005001768972188
1005003005288554
1005002227665215
32878517500
1005003018167366
1005002003504895
1005003282620110
4001010426588
4001042199849
1005002770945173
1005003312261980
32357287208
1005003021403984
1005002667238015
1005003337427178
32799696297
1005003121747328
1005002762432016
1005002616210097
1005002762802120
32997473618
1005003159142445
32955253920
4001237692299
1005003059996578
1005003361224287
1005002192717271
32709809431
1005002840347884
1005002201441696
1005001801582191
32413468308
1005002494093405
1005002483756896
1005002260611847
1005003111486999
1005001319764017
4001243718638
4000791542549
1005002029063460
4001111718761
1005003111821021
1005001689394463
1005003305957760
1005003386448022
1005003319229468
1005002678514056
33057029666
1005003060907455
33020640441
1005003170800659
1005002797887528
1005002842744980
1005003335251124
1005003346370338
1005002401119653
1005003049970464
1005002959467894
1005001705945738
1005003024691165
1005001355214411
1005001429358911
4001003198150
1005002783775978
1005003373613354
1005003203899294
1005001392953509
1005002124943035
4000112620204
33008735928
32810398802
32935508096
1005002857018540
32979005302
1005002208060756
4001338492158
1005003338085586
1005002809341455
1005002927706523
4000130561057
1005002995796670
32915623260
32993701498
1005002878463111
4001234417845
1005002375762916
1005003343383624
4001119143351
1005003349895432
1005002049759192
33031485176
1005003209168745
4000695565633
1005002456899813
1005002402249646
1005002656465678
1005003151254183
1005001602173706
1005002232552221
32760533764
32826909525
32400816082
1005002139713726
1005002940835886
1005003350545732
1005001694296682
1005003037341350
1005003278820116
1005002732557139
1005003308113657
1005002637154061
1005001869755752
1005003366036158
1005001530907191
1005001290617937
4001098842373
1005002608895093
32608230032
1005003269177179
32803125637
4000559171299
1005003128047202
1005003198707298
1005002254669175
1005003210916942
1005001781549502
1005002115426330
1005002698134481
1000006329535
1005003299975926
1005002965643912
1005002208441680
1005003161660367
1005001942882104
4001009504171
1005003253303967
32957824615
1005002344870059
1005003151811435
32902869206
1005003169419523
1005003058912624
1005002949319410
1005003320516189
1005002978113186
1005002835974017
1005003285908759
1005002133422463
33034763322
32871913445
1005001750122665
1005003333748427
1005002322684537
1005002680293418
1005001631599887
4001260347004
32268083208
1005003195608877
4001136530839
32352972927
33019866709
1005003290341805
4001126461888
32970584181
32977927904
4000497859933
1005002704926551
1005003390994196
4000415402301
10000374624364
32757796199
4000935479062
1005002781855225
4000090105430
1005003275415849
32987780622
32852245975
4000966219807
1005003160887070
1005001482974548
1005001377120725
4001262933693
1005002007318877
1005002206931378
4000734981459
1005002309964035
32698524213
1005002449043862
4001033811945
1005003327891904
1005003383395077
1005001570610610
1005003139655002
1005003233325289
33042355836
32881912813
4001010201134
1005002516657409
4001190267595
1005003110018527
1005001390728418
1005001602536431
1005003201622128
32827314001
1005003366288098
4001236459584
32810206579
4000011996676
1005001809377148
1005002716864512
1005003141622522
1005003348338179
1005002430821334
1005003283582569
1005001571561229
1005003369024768
32565628578
1005003339618313
1005002911520768
1005003002482706
1005002340072708
1005002840120734
1005002990299068
1005001470692405
1005002557853268
1005001456745686
1005002978507414
1005003151053167
1005002810077972
1005002297598198
1005003347385049
32955425621
1005003233750449
1005001477952347
4000143941633
1005002223372455
1005001905394179
4000788265421
1005002007004076
1005002871822166
1005003124901102
1005003365002398
33056696334
1005002723459156
4000287520133
1005003269791671
1005003291269887
1005002783591837
1005002781869789
1005003314241240
1005003152138730
1005001366129383
4000742384702
1005003307433060
1005002952877349
4000138190167
1005003094545620
1005002711259500
1005003091065638
1005001563475453
4001079794713
1005002322981452
1005001572958589
1005003210420817
1005002813266177
4000143911961
1005002276087012
1005002217396386
1005003019722435
1005001713120523
33049712469
4000460201283
1005003301522150
1005002412840917
1005002886760860
4001215287090
1005003326208188
32422243354
32788099871
1005001373109447
32906870355
1005002128469074
4000062915432
1005003013984257
1005003340888006
1005003107482664
32712230844
1005003002435255
32981092035
1005003037043448
1005002316200697
1005003136897303
32995008391
4000011135867
4001094404938
4000042822291
1005002862923488
1005002654714179
1005003198755226
1005003072266951
1005002650287638
1005002074044137
1005002783983280
1005003080018017
1005002291789012
1005001688397843
4000589834285
4000210169652
32925834468
4000334886554
1005002822468499
4000212588533
1005003021385992
4001173079166
1005003246485669
33027903037
1005003141276563
1005002687732524
1005002542627605
32973658518
1005003102104158
1005002128517725
1005003314405793
4001061475851
1005002089806730
1005003372138897
1005003287748871
32800674887
1005002571977934
32654098106
33059305856
1005003275110810
1005003386974191
1005003299819977
1005002559418503
32867832520
33057750020
32910046312
32850755626
32782390011
1005002624614302
33013895418
4000753575302
4000762522026
1005002961479371
1005002826979640
4001076630950
1005002813723063
1005003291067272
1005002954252870
1005003105137603
4000046697497
32991249527
32998901646
1005002767812423
1005003277835917
1005003267789610
4001251409542
1005003245705464
4000336178685
4000751818120
1005001915115671
1005003145481934
1005002979664161
1005002904122284
1005003155122930
1005003159142445
1005002411383406
1005003240888484
1005003340720072
1005003088622506
1005002926370465
1005002275052392
1005001782978349
32905621082
32814804861
1005003325441901
1005001370056693
1005003067755978
32921327183
4001115049514
1005002738642937
1005002315825971
1005003255408916
1005001437039740
1005003112651371
32825968224
33028876789
4000187114079
32844755712
1005001781499019
1005002596921823
1005003236986101
1005002875269527
1005001686185316
1005002252442468
1005003157031039
32358634625
1005002175950252
1005001437450917
4000636219293
10000000215186
1005002931706514
32946961457
1005002545772328
33004597855
1005003105632154
1005003331928495
10000395858221
4001109267709
1005002953215165
1000005954698
1005003335823000
4000960278735
1005003156209577
32902129040
1005003111397111
1005002504281812
1005002425424720
32978705688
1005002625101316
4001161616603
32860080311
1005003112472208
4001140203510
1005002292843619
1005002912635300
1005002268800628
4000789481442
32831154718
1005002949256399
4000324403813
1005003084487320
1005002745775502
1005002431016295
4000087423854
1005002973484994
32834175967
1005001322359890
1005003336728023
1420495162
1005002998253531
1005001560991998
1005002059390489
1005002349810388
32942872035
1005003142556431
1005003347394772
1005003221360049
1005002620086457
4000688852881
1005002315970065
1005003003118917
1005003082221377
1005002018931499
1005001527488366
33057491628
1005003205110488
1005001838405362
1005003309637482
1005002350657828
4000179614175
1005002679378988
1005002374518007
10000032404322
1005003276901572
1005002886411220
1005001921949325
33024546526
1005002645155298
1005003095757523
1005001962276722
1005002358505670
4000809248110
1005002032039724
4000818148307
1005001874697100
1005003178328199
1005002338788252
1005002878293984
4000890500269
1005002733665921
1005003016626833
1005002907589857
33034200394
1005002393668812
1005002074710145
32967452024
1005001445628981
4001302998009
1005003128443055
1005002828010001
32967879189
32936596941
1005002267873226
4000526472483
33053171224
1005001529012970
4000907767075
1005003345480166
1005003383376442
33006388473
1005003184339888
1005003086898762
32818916340
1005001563089326
1005003338107614
1005002573481432
4000130061959
4001347400200
1005002531595475
1005003017852990
4000154346079
1005002789207211
32886157268
1005003146328689
1005002746527679
1005002702924181
4001041984946
1005002297900246
1005002544762094
1005003292919069
1005002885929442
1005002753153687
32616324946
4000983816727
4000045494006
32622970869
1005001788612203
1005002253747069
4000228053677
33004692698
32837278694
1005002358302196
4000886120996
1005002958971833
1005002711043627
4000586570518
1005003368408697
4000474009389
1005003064549048
32964624000
4001270417541
1005003087205923
1005003176924996
32805460118
1005002889451806
1005002949368211
1005001989677334
1005002239554535
1005002599414880
32847644892
1005001749233493
1005003134421596
1005003318148289
32920353145
1005003345685864
32944741758
4000114348845
32881147894
1005002089106770
1005003247550676
1005003062489201
1005002983195533
1005003006374525
1005002982012400
2052087673
1005002502184492
33014428761
33008784181
32968571700
1005003142545090
1005001452926847
1005003298598646
32960751532
1005002984447012
32975327889
10000002732945
1005003369328514
1005001868623932
4001013281050
1005001982910590
1005002388374293
1005003387176774
4001031092841
1005001514914023
1005002745053872
32970721165
1005001506090226
1005003177498012
33031648994
4001254872134
32610819082
1005001500505583
4000241299203
1005003337352964
33002982907
1005001599628858
1005003266340182
1005002926860695
1005002640515020
1005003120521577
1005002877043364
1005002979694053
1005003256638464
2029383634
1005002071873723
1005002996829203
1005001905082865
1005002754351125
32830877779
1005002995994676
4000149235621
1005003109049129
1005003219543070
1005002856581901
1005002452858868
1005003096894613
1005002532283335
1005003165403473
1005003077459787
4001271342551
1005002442227562
1005003336270304
4000717423757
1005003110721485
1005003160384502
4000333149110
1005002944928934
1005003157845105
1005003196298511
4000801028819
33001097926
1005002327225236
1005002674926014
1005002513270513
1005003249434555
1005002417850043
1005003002448346
4001211515938
1005003361879423
1005002950402368
1005003088660848
1005003016257005
1005001406633368
1005002238849401
1005003184460046
1005003003298432
4001056964443
4000180370684
1005002244048066
32259136603
1005002043045721
1005002618694540
4000928149553
1005001724007107
4001002834998
32970995034
4001259881216
1005002519915410
1005002123356501
1005002746315689
1005003149332768
1005002920504234
1005002655763946
32959422590
1005001763925355
1005001266053315
1005002271606734