1005001500543159
4001107327358
1005001688831306
1005002978142130
33005460218
32993976741
4001105498864
4000258069800
4000206493683
32951109091
1005002835701388
1005003265821128
32236816385
1005002883696254
1005002952669097
1005001999193196
1005002972086485
1005001630999268
4000141014017
1005002875310931
33001460876
1005002292674113
1005003000170840
1005003064557428
1005003159259330
1005003191330208
1005002731764746
1005002255243266
4001335633267
1005003281046772
1005002752485340
4001167597272
33001639201
4001062289742
32968683613
33016624021
1005002889224732
1005001442571320
10000147882234
4001307279557
4001084346935
4001114958532
1005001895179499
1005002339977081
1005002946808448
1005002389857131
4001261207213
1005003297561593
1005002575201639
1005003385817268
1005003060952043
32816482861
4001061665643
1005003036900542
1005002900588740
1005003368837532
1005003286942266
4000196532748
1005001996002685
1005001475977967
1005003308731879
1005003184183026
1005003166946202
1005002956906268
1005001848808921
1005002000131756
1005003106446206
1005002276452236
1005002044421738
1005002493508779
33037356568
1005003318684837
1005002542820824
32951754233
1005001310847717
4001068440001
1005002642351444
1005002787193174
1005003237666116
1005002205218144
32561929450
32982619791
32689170887
1005001850004655
1005002383066402
32886240115
1005001483386715
32966116140
1000007633821
1005002898795907
1005002880243859
1005003303159354
1005003345410664
4001035929912
1005003020153732
32823689101
4001221899432
4000664003268
1005001484368889
32834639937
1005003253594408
1005001642237629
1005002749324179
4001168032583
4001167925521
1005002833201296
1005001609379697
1005003160168163
1005002806040808
32945628605
4001194085817
1005002794621626
1005001985557605
4000679895911
32962677205
1005002627004946
32997632540
4000184272367
32981679554
1005003069780241
1005003268424042
1005002819744731
32731707408
4001333223410
1005003386229796
1005003257906572
32979964271
1005002833493743
1005003119732638
1005003305125372
1005003198472716
1005003049735710
1005002324386478
1005003183893362
1005002949960704
1005002936016132
1005003025768860
32797401429
32861303420
4001142071954
1005002531537143
4000242860012
1005003085996245
33053864031
32719092513
4000171309131
10000343886805
32955007577
32993638295
1005002322636423
4001036745213
1005002096396022
1005002229620392
1005003214708638
1005002967094165
1005003358535963
1005002291228056
1005003142194419
1005002180627531
1005003360247639
1005003329832742
32983603836
32990553047
1005002997379430
1005003130522767
1005001972036835
1005002204452562
33018741297
1005003223794614
1005003127751312
1005003310633310
4001120803553
1005003311886681
1005001946348318
32855802252
1005002790701237
33018116195
4000650553554
1005002868967040
1005001298155215
1005002726920289
1005002326247888
1005003110342672
1005001525374797
4001139047292
1005003335889599
1005002596533371
1005002632122613
33036152790
1005003141291231
1005002130910699
1005003382862556
1005003308729862
1005002990474196
1005002613980456
1005002200424192
1005003031048775
1005002608851429
1005001798858742
1005002774384176
4000786134834
1005002294175801
4001197694811
1005003333743351
1005003015089282
1005002670013039
4000552708725
1005003128124965
4000599379650
1005003329316154
1005002814697615
32881837919
32856104768
1005002080542506
1005002989831532
32796238047
1005003192407921
1005003224366667
1005002801440546
1005002805713679
1005002519374481
32840412494
1005002369179352
1005002835713547
1005003270800636
1005003032543539
1005001686212302
1005002118756829
1005001781069277
32867438758
1005002988393979
1005002388847858
1005002949860714
4000588404025
1005002911859392
32836180216
1005002605436895
1005002241580089
32805810538
1005002275747508
1005002133452262
1005003152646158
1005003219374064
32958502550
1005002969680966
4000854262444
1005001617199005
1005003141127995
1005001431875192
1005002434236008
1005002912958780
4001255300426
1005002789626369
32876320761
32907882347
1005002453090840
1005003051480539
1005003277288644
1005002519064356
1005002393553189
32866589711
32838533741
1005002843345488
1005002689456495
1005002651717461
4001223401251
1005003336545181
4001162874191
32594879386
1005003110589613
1005003171834060
32705798334
32974528833
4000186636203
1005002795843049
1005003293531471
1005002686596320
1005001418543570
33024695327
32861464512
1005002857899416
32809842977
1005002022743389
4000804392324
1005002904967704
1005001274466166
1005002605502525
4001232243658
1005003016514622
32977955819
32352676273
32869008848
1005002682017451
1005001313646495
1005003028822725
1005001595082664
1005003374383559
1005002978999820
4000206961825
1005003351968827
4001198340036
4000849781368
1005002512292531
1005003008656066
1005002630832817
1005003360244965
1005002669088528
32958584986
1005001689766599
1005002219417095
1005002918927199
1005002971343351
32914437096
1005003278710548
4000453014249
1005003019087724
4000910220157
551760622
1005002366447312
1005003047088295
1005003349175921
1005002756147674
1005003277445476
32706957415
1005002856799312
1005002573370023
924242850
1005003363262656
1005002105697011
1005002206058665
1005003251274162
32902027288
1005002180676044
32852039048
32761043882
33028526627
1005003115489750
1005001381831424
1005003363023538
4000629049346
1005003344703638
1005002957293351
4000626035217
1005003101669078
1005003312641625
655290458
1005002571334947
1005003278056141
1005002077595798
32841414436
32722117526
32823538655
1005003338187692
33011942618
1005003080809683
1005003114076033
1005002997589606
1005002567120992
33061647155
1005003280779873
1005003318441177
32949347348
1005001469477104
1005002262189656
1005002754109247
1005001844885052
1005003238910266
1005001375440153
1005003237470825
33043796473
1005002821472325
1005002352832726
1005003192648041
32992683834
1005001997539434
1005001882415446
1005003153659064
1005003028189830
1005001304842245
1005002927764432
1005002930693546
1005002254763777
1005002705097527
1005002760233151
1005001603047320
33010167702
1005002314354269
33063038671
4000049407775
1005002680700982
1005002674890065
4001044670380
4000100484297
4001151309184
1005002465026738
1005001797955608
32964158157
1005001280890032
4001210948899
32638924766
1005002662965122
1005001729808114
1005002190411837
1005003253536548
1005001680381793
1005002697241133
1005001397396970
1005001813180653
1005001947632480
1005003180702257
1005002696703371
1005001500214632
1005003015978977
1005002916880391
1005003173011819
4000575416563
32953312091
1005002741544820
1005002935191482
1005001819155531
1005002273412533
32735208231
4000816534685
1005002315813237
4000300210535
1005003278092846
4000028982336
1005003284940104
1005001997919646
1005003083840482
1005002782872489
1005002459446721
4000265883974
1005003160674565
1005002853398151
1005001666291310
1005002442601225
1005003047493522
1005001907217623
1005002314321585
4000154863346
32963370962
1005001780991682
1005002494815933
32811290631
1005002181995825
32984270919
1005002920695935
1005002674762576
1005002023364642
1005003114060814
1005002331715883
4000209221835
1005003165535856
33051324987
1005001635390994
1005002561207935
1005002021932512
32850908103
32850912207
32969368119
1005003375049813
1005003262482281
1005002388760050
1005002952154439
1005002717480367
33047924702
1005002023319119
1005002241055102
4001292394766
32753914909
4001123841005
4000346313464
1005002969054000
1005002997194289
1005003374710277
32522064709
32929163643
1005002512349415
1005003370719324
32800479371
4000803354964
1005002960539987
1005003294646837
1005003192989589
1005003087210834
1005002007935937
1005003379100708
1005002753021550
1005002954235431
1005001633192538
1005002529276389
1005001964862569
1005001701097462
1005002973693450
1005002049385568
1005003290647705
32952489297
1005003312583627
1005001781406511
4001243363314
1005001868460258
1005003228280390
1005003121478181
32891823549
1005003345781385
33028726695
32857570638
1005003266159052
4001120451022
4000976154732
1005002591480278
1005002459613584
1005002139060290
1005002808029311
1005003212067966
1005001989156011
4000971853556
1005003133376515
32974669133
1005001928763886
1005003194005419
1005002272533360
1005002320268630
4001117547395
4000917038563
1005003068930839
1005002880297299
1005002709396204
1005001275226046
1005002755913881
32796135066
1005001371294574
4001017725494
1005003218214371
1005002270019987
1005001992470498
4001308083729
1005003386261815
1005002603002552
1005003104699849
32824762527
1005003391319540
1005003324874908
32722878379
1005002488232031
1005003276868274
1005002267664901
1005002021910161
4000419520755
1005003235330709
4000629226608
850199670
1005001512904614
1005002548336091
1005002054622369
1005003171720035
1005003294509893
1005001269964815
1005002532700390
1005001631874882
32675832525
1005003334784627
1005003343546242
1005002012970280
1005002170752629
1005001833869069
32896965770
1005003270007008
1005002125918071
32839252550
1005003112041627
32945609758
1005002782057337
1005003249954663
1000007496655
1005003374883539
4001042581087
1005001348044344
1005001773469890
1005001572953384
1005002863922781
4000044424881
1005003024592112
1005003044195677
1005003196791965
4000786565043
1005002821775994
1005002888822509
1005001761926360
1005003171631477
1005003172323938
1005003022330465
1005002781019896
1005003264088423
1005003130742768
32914080511
1005002206530849
4000599022705
4000627568903
4000826738077
1005003385215253
1005003276397634
1005002598220172
1005003337039112
1005003136059581
1005003082970734
1005003359861863
1005002801132240
1005003330419020
4000544041018
10000002733742
1005003385723262
1005002922324914
1005002663968141
1005002592189559
1005002393079056
1005001743647540
32904422550
1005003281769176
1005003285414036
1005002960910657
1005002490033161
1005002988698050
1005002313633648
1005001882548789
1005003329517326
1005002022463108
1005002636767795
1005002400667464
1005003133753853
1005003140272372
4001037643599
1005002085505357
1005002897369963
1005002063845343
1005003226173199
1005002996869572
4000773926983
1005002310569141
32869993076
33031220735
1005002595528486
32821103625
1005002492593349
4000922193703
1005003283014780
4000069578560
1005003127963333
1005003243785546
1005002104584815
1005003375527219
1005001968132832
1005003050918455
1005002582394572
1005003208516425
4001069072838
4000226655697
1005003327896214
1005002315829885
1005002938291783
1005003207459370
32968735742
1005002327968621
1005002003890138
1005002882207770
1005003115673977
1005001678628318
1005002847948642
1005002085166578
1005002489380935
1005002074173171
4000336828975
1005003313005310
1005003242558160
1005003324634613
32511161511
1005003316977206
32884494661
1005002930464789
1005002399804180
1005002067034005
1005003313063978
1005003288113089
33049129725
1005001596378662
1005002530543051
1005002509197492
1005002517215859
1005003001716603
32947612396
1005002747389338
1005002398889414
1005002781554642
1005001757953155
32998695266
1005003104169885
1005003343858382
1005002950543816
1005002867801531
1005002953484904
1005003095915489
1005003251106871
1005003386900005
4000200939999
1005003059000849
1005003016001370
1005002375136931
4000853166603
1005003322544762
1005002027640396
32850838990
32870224045
1005002362608907
1005002003594307
1005001816725237
1005002931743156
1005001717473368
1005002344398827
32878456456
1005002259110245
1005002622715268
10000240881025
1005001418928346
1005001690086285
32738317798
1005002556161125
1005002229064508
32611701565
33052896224
1005001387697447
4000233467214
4000938557578
4000857851482
1005002841039979
1005002057803926
1005002858314710
1005001817543882
32891183651
4001242092161
1005002953934700
1005002086758038
1005002393759437
1005002904094005
1005003066967192
4000615691803
4000437297069
1005001688466721
1005003007552991
33042749581
1005001863034713
1005003098571522
1005002799143381
4000691544850
4000183482925
1005002615213400
1005003171291242
4000978733472
1005001562113565
1005003214360664
1005002246413856
1005003150001322
1005003314097487
32956351151
32833038017
1005003154208881
1005002022958172
1005001714753085
4000885420297
1005002777320431
1005001825321409
1005002572630135
4000745678329
1005002863114448
1005003390643035
32967673520
1005002395210167
1005003027648705
1005002752469421
1005002761385641
1005002677852046
4000201116867
4000377697908
1005002946977297
32598982996
1005003241438867
1005001491381123
1005002117148607
1005002241033846
4001256295651
1005002739534369
4000854123057
4001059366840
1005003223239716
1005002647287606
1005002966653214
4000843803284
1005002975930365
4000607299574
32944789335
1005003307421564
32946663299
32560833564
1005003335910411
32868046735
4001107784078
1005003173456821
1005001525424552
1005002982304492
1005002801341012
1005003125356218
32998906108
1005002943878716
1005002927918259
32957010902
33041252141
1005002587333350
1005003383895038
1005001640093568
1005003007978162
4001278849097
32813063473
4000140665131
32280892302
1005003247683612
4000084506543
1005003388269571
1005001648570498
4000960573724
1005002370247276
1005002795852936
1005003129493824
4000301327863
1005002952626903
1005002353593743
32846173759
1005002324165020
1005002990429978
1005002409699227
32826740509
1005001303134735
1005002891604991
32846295169
32984914391
1005002789633598
1005002682801618
1005003284674445
1005002981725102
1005003103069979
1005003036199598
32998878877
4001010423122
1005003071023862
1005001914215818
1005002657990258
4001095022930
33012008558
4001124747035
1005002938890370
1005003005970177
1005003177253402
32813384427
1005003244828855
1005001506045637
1005002994927484
32962831271
1005003117718095
33006807331
32701289298
1005003111382805
1005003046744890
1005003338955804
1005001742510662
1005001594400180
1005001401789556
1005001446519169
1005002538823061
1005003238755035
1005002712704130
1005002362849506
4000079788425
4000460214482
1005003276535765
4000932561221
32851892383
1005002869394585
1005002946726727
1005003260302349
1005003254423885
32961580046
1005002990944603
4000099443096
1005003069565017
1005002909148467
1005002305751567
1005002105387073
1005002118660966
1005003243568763
1005001381978272
1005002939022656
1005002788572906
1005003333211832
1005003175286552
1005002304656904
1005003243662819
1005003048388709
1005003337015526
1005002744794766
1005002957958860
1005003188689175
1005003217934742
1005002764856665
1005003348039434
1005003049017409
1005002771121522
1005002266353285
1005001304977023
1005001681934206
4001035655113
32961105656
4000025730420
4001291254294
1005002782934860
1005003063454562
4000995596005
1005001824754682
1005003188545956
1005002220576306
1005002265699150
32230654824
4000516682060
32818643942
1005002946888126
1005002110004133
33007043941
1005002789703390
33045110904
32348636468
1005002617322467
1005003269246041
4000028936779
1005003091932029
1005001598021851
1005001971348546
1005003101463935
1005003096384703
1005002924246296
4000154785016
1005003346535408
1005002755981561
1005003294418622
1005002604411564
4001235538362
4001094798855
4000812990947
1005003360434373
1005003376883350
1005003087483144
32923755713
1005003041505039
1005003120540583
4000997943041
32839008138
1005003069053022
2044891395
1005003034586274
1005001789008573
1005003213201125
4000117844427
1005002864916757
4000489539881
1005002705657427
1005001339720685
1005001320474901
32945605857
32993889184
4000384778105
1005002122299612
1005002434010266
1005003014334135
1005002475921829
1005002599235715
1005001826512970
33007183598
1005002334097245
4000360120292
1005001742163935
32934647106
705657573
1005001960596016
1005002969835995
1005003340373127
1005003368526387
1005002561771558
1005001344383235
1005002663834412
1005001819311437
1005002974278074
1005002346663813
4000466271759
1005002642716282
1005002862938736
33058052621
4000745249605
4000369728176
33001342358
1005003198726184
32850784672
1005002988906060
4001162877004
2020885628
1005003008006871
1005003322033287
1005001588277350
33008811459
1005002226367752
1005003128635087
1005002490543005
33003876413
1005003197314465
4001340909634
4001160041383
4000681415250
32877850037
4001139113496
1005001643940064
1005002433763190
4001292798506
1005002653063988
10000384140931
4000876743883
4001132854406
1005002643254022
32976339765
1005003285675809
4000910649028
1005002621284613
1005003017465526
1005003342996042
1005003256948663
1005002511469599
1005003228177058
33025462363
1005003277877056
1005002011620219
1005003305216953
1005003140793647
4001105615308
32890974920
1005002778242524
1005003203247061
32797991247
1005002301857410
32918840685
1005003026605205
1005003107576795
1005002623461850
1005001327333098
1005003313855520
1005002189632077
1005003327890817
1005001729074815
1005002521624806
1005003161498629
1005002758653262
1005003349882532
1005001410994142
1005003018162686
1005002829398454
1005001950190909
1005002053622508
1005002982956138
33001091331
1005001867241720
1005003226583087
1005001495930411
1005001639565396
1005002500610017
1005003385403638
1005001809164911
1005002028126788
1005002975099520
1005003330767151
1005002803029503
33041042091
4001035420305
1005002120031332
1005001960510214
1005003157417755
1005002469466793
1005003274188783
1005002358684247
1005003229672092
1005002656856336
1005003306623982
1005002277472635
4001224319497
1005003131821599
1005003043755535
1005003357414005
4000042525561
4000726866713
1005002286144610
1005002943239019
1005002977683221
4001351567292
1005002029530065
1005003216954140
32717469263
32896351399
1005002912109564
4001309432296
1005002712199975
1005002626495369
32944825218
1005002017086353
1005003066650896
1005003012107749
1005002011989375
1005002622523164
1005002403592166
1005002682718598
4000107493865
1005002642668736
1005002223388738
1005003017290500
33047800081
4000311929056
1005002038848227
1005002318242796
1005002350763378
1005001966430026
1005003308637431
1005002322167105
1005002732368161
1005003193202242
1005002709622253
1005002780315983
1005003165105571
1005002335234678
1005002314248202
1005001719030014
1005002558884142
1005002931423720
1005003320776022
1005001720986950
1005003320531618
32959534057
1005002252595944
32618758709
4001235505606
1005001518476189
32940620287
1005002725377115
1005002125100084
1005003175209950
4000215338194
1005002536022326
4000745016287
1005002959074243
4000778256401
1005001566659564
1005001905432919
1005002809549841
1005002178048172
10000201327659
1005003093182348
1005003021286036
1005002323191341
1005002783379877
1005002341008295
1005002461671992
1005002986579150
4001121445035
1005002084605106
1005002796126163
1005002875278672
1005002824916900
1005002642826429
1005002593132469
4000830372956
1005002753982912
33051435137
4000201346914
1005002482971180
1005003117488823
1005003189892563
1005002885142458
32702379401
4001057516156
1005002200164946
1005003327599421
1005001798575870
1005003259585412
1005002256591421
1005003169094649
1005003390313041
1005001769160288
1005001441436287
4000904428308
1005002855673606
1005003097794342
1005002960730573
1005002674270173
1005002732858342
4000967206719
1005001705127687
1005003386804183
1005002738114521
1005002513353023
4001093562447
32707046655
1005003135542320
1005002769353150
33030443106
2044934090
1005002182507178
32556387364
1005003117913217
1005002023716820
32834963901
1005002584623597
32945559511
1005003150724619
1005003137276269
1005002316014379
1005002117303832
4000894424954
1005003190205281
1005001778123281
32622925671
1005002328275116
1968509928
32935108410
1005002856360471
1005001632792856
1005002812676090
1005003013640686
1005003218353466
1005002675699414
32567958097
1005002447325156
1005002833852053
1005003146313800
1005002134443766
4001028121037
33060259235
4001045913030
1005001865716585
1005003364921272
1005001658895037
1005003191847245
1005003379616327
1005002686364738
1005001989415978
32948056240
1005002599248910
1005003372076597
4000117403199
32798016130
1005003380834685
1005002328594562
1005002653307596
1005002702910105
1005003001901222
1005003321080284
1005003040440740
1005003050289109
1005003078933857
1005002460650870
33028971510
1005003097285781
32976503321
1005002973295988
1005002011584745
1005002271669354
1005002253511567
4001225333147
1005002835574601
1005001625911722
1005002089349871
1005003092455021
1005003363722554
32957509712
32951332309
32840938879
1005002194533627
1005003001557805
1005002271549610
32968616937
4001229859192
1005002023438556
1005003290279537
1005002549905674
1005002794460070
32798287770
32411483600
1005003256823388
1005003093923056
4000248552027
1005002425848198
1005002935750282
1005002615237491
1005002133003771
1005001864278427
1005003297472536
1005003004556231
1005002383098149
1005003216266930
32834944684
4000967062703
1005003388457513
4000447710810
1005002666793105
32890067047
1005001635612550
32853958217
1005001843707632
1005001842967027
1005003251507383
1005003168891289
4000082624400
1005002517276499
4000594107380
1005003081855934
1005003354018801
4001076075600
32743360895
1005002950634645
32951058435
1005002305875241
1005003374029547
1005003124083244
1005003028010216
1005002431215872
1005002439890624
1005003298961216
1005002927317268
4000382185687
1005002984606280
1005002947109356
32645302963
4001217452363
1005001810390097
1005002987817577
1005003088322071
1005002149140416
1005001314949462
4000972301168
1005002282287131
1005002994617812
1005003294519923
1005003110176743
32541501502
4000050579882
1005003175790592
1005003204474886
1005002595037957
1005003003277996
1005002906941548
1005002011360179
32917907594
1005001658121086
1005003210764427
1005003309049427
1005001834254096
32584275177
4000891555905
1005002223691224
32979991844
1005003013993776
10000341639222
1005002788572563
32860325120
4001068245106
4000227434213
4001315974380
1005003305781301
1005003162750502
1005003336608335
1005002901479141
1005002663856195
1005002940380562
1005002284484426
1005002120890545
1005003002755698
1005003364517658
32860668818
1000005895002
1005002840099345
1005001403630704
4000829866910
1005002561482063
1005003003873197
1005003273358489
1005003143317337
32795495185
1005003259260940
1005002940957118
1005003294519923
1005003081114567
1005002965325464
4000361664934
1005002009294180
1005003275951035
1005003340169554
1005003178310947
1005003137067525
1005002803869186
1005003165740530
1005003119322397
32831558678
1005002317886289
1005002065098467
32925013394
1005002693646713
1005001770759403
1005002532444562
1005002949618069
1005001603387457
4000444653869
1005001665538470
32909674443
4001355466650
32968814758
4000546595218
32896351858
1005003252122930
1005002270973194
32519825440
1005002902547766
1005003344436510
1005002989933800
4001283625232
1005003338144242
1005002454958462
1005003303076843
4000041974965
4000784919389
1005002828493184
1005001417622204
1005003019232008
10000011709056
4001109965744
1005002966961539
32846107877
1005001460307750
1005003379299102
4000678130242
1005002608885839
1005003128632358
1005002797694762
1005001971311052
4001224471272
1005001320867016
1005002258478366
1005003096634578
1005003320776896
32969885880
1005003036391784
1005003053954944
1005002583127932
1005002587930667
1005003304238742
1005002862983993
1005003292121899
1005002390181541
1005003068882339
1005001803570247
4001350956906
1005003139473495
4000871591752
1005002511350558
1005001676516800
33042303846
32690925926
32781669821
1005003290239026
32975181610
1005003083125496
1005003337506602
1005002802691007
32533305513
1005003118310919
1005003280066057
1005002721624590
1005002276293225
1005002851900703
1005003087997030
32832827732
1005002738899552
1005002264698536
1005002944792249
1005001747442483
33015339118
1005003241777179
32710563006
1005002439946175
32846478665
4000521977014
4000551656492
33028793897
1005002558836186
1005003116563064
1005002907007500
1005002642578751
1005003119654565
1005001934937696
1005003263838115
32987984390
4001160223216
1005002651046639
1005003299611109
1005002960340099
1005002752389187
1005002637302434
1005002837770379
1005003109377710
32964333101
1005002387110152
4001268378890
1005002366593820
4001345627534
1005002866623846
1005002176744988
4001212976503
1005003107540734
1005003021250294
1005003185614695
1005002608866926
1005001713825792
1005003145458513
1005001845415046
4000955310103
1005003331259311
1005003131742893
1005003263882309
1005002314448244
1005003351611976
1005001297460929
1005002448536637
10000140078735
32955967376
1005001730486305
1005002456999299
4000342835095
1005003022000606
32784893119
1005002722803019
1005002219106273
32817844617
1005003000624366
1005001416919349
33001259421
4000982473623
1005001678202409
4000786100532
1005002935259757
1005003364298322
4001231471193
1005001867217973
32911162470
4000109139826
1005002904112048
1005003242548890
33007883121
4000162319346
1005002303650866
32987370497
1005003150026806
1005001327234836
1005002423966674
32753813418
33010171306
1005002814951783
10000402421284
4000113301429
4000459708898
1005001949110682
1005002328035251
4000231997760
32909060365
32951027439
1005001877976871
1005003304046909
4001037188766
4001013868137
4001100808080
1005002172976656
32481032514
1005002624944315
1005003129926192
1005002219993793
4000956045392
32811510560
1005001848528660
4001008778375
4001231962122
1005003156681307
1005002224036227
1005002698486422
1005001463689818
1005002341230277
1005003192092149
1005002820317452
4000136437501
1005001708781697
1005001813255014
1005002336234302
1005002873662751
1005002276429359
1005003213997960
1005002284188612
4000987351538
1005001802940585
1005002255879738
32662958927
4000139620997
4000160461489
1005001910554625
1005001281888806
1005003156682053
1005002334043482
10000031223745
1005003178301849
1005002493602104
1005002329271374
33032268844
1005002776108855
1005001483496321
32888030751
1005002538926323
1005002778524053
4000041878194
1005003197485680
1005002254167022
32872812189
1005003375696269
1005002564654006
1005002339998009
1005002876015478
1005002891775868
1005003041744163
4000358107270
4000302765180
4001313981708
1005002648995579
4000033743562
1005002855283724
1005002357883250
33057317919
33011416126
1005002083817629
1005002765987192
1005003131817975
4000759374286
1005002408522316
4000037930514
1005003166665169
32923117617
4000041354480
1005002194194866
4000473402032
1005002615489990
1005002520052157
1005001280239406
1005002880239983
1005002351384713
32997640800
1005003277719594
1005001484298459
1005003290958069
32834490410
4000398404452
1005003005251028
4000184365509
1005003270940177
4000224001567
4000812633948
1005002617804131
1005002974150260
1005003190860469
32841354684
32820780697
1005002011739569
1005002593492541
1005003315052605
1005001715601665
1005003249836864
1005001797287409
1005001274195634
1005003137730024
1005001749018193
1005002826425846
1005001380671739
1005003158946257
4000255878362
1005002500552755
4000310252366
1005003105154338
1005003036128251
1005002219802610
1005002645840800
1005003378100772
1005003250611187
32809725885
32920901773
32817354866
1005003325745797
1005003157511087
1005003059413559
32807201999
33001966649
33009978877
32987978263
1005003209211200
1005003102632514
1005002283204523
1005002388844092
32959817896
1005003070859620
1005003338089787
1005002727206842
1005002275493780
1005003129950010
32530010047
4000727362459
1005002558614922
1005003299364030
1005002660983347
1005002893852239
1005003060925606
1005003347796046
1005002116438464
1005001657847968
4000061923650
1005002965972914
32992123827
1005002920764707
32858494336
32905017984
1005003240649606
1005002858542148
1005003127738161
1005002466670315
4001203062186
1005002822386301
1005002445842938
1005003173003792
32840771663
1005002698502157
1005003339483135
4000738915084
1005003203266741
4001246414199
4001285450855
1005002132682720
32835333370
1005002840704983
1005001979677653
4001233686572
32943625493
4001007719578
32322329448
33024584635
33018138015
1005003170342110
4001308385326
1005002986297421
4001334332702
4000856309306
32832648024
33031419823
1005002719554095
1005002976494933
4001217693219
32889776351
1005002640814970
1005002868923049
1005002522078944
32298009863
1005003030759678
1005002654815704
1005002348775253
1005001652937682
1005001323706586
32950714009
1005001793193247
1005001581339995
32833995975
32704879366
1005002566168936
1005001423175520
1005003157928691
1005001666440740
1005003135668130
32725401591
1005001942083813
1925990153
1005003291138457
32956973085
1005001614794133
4001238109963
1005001586951217
1005003015956280
32848345077
32961309725
1005002044469195
1005003371252907
1005002843726123
4000067314082
1005002453722483
1005002082290061
1005003135772242
1005003141017562
1005001971735631
1005002998238074
4001108422719
1005001599786872
1005001768375178
32725077539
4001233192445
1005003004266667
1005002950697537
1005002636889126
1005003371260690
1005003206121861
1005003000685400
1005002831824443
1005002903817899
1005003073414701
32959887329
1005003356775765
1005003395605044
1005003346203608
1005003135042221
1005002094476065
1005003241730118
1005003338050173
32751407625
1005002250544997
1005002223275515
32911944460
1005002816755863
1005002344078143
1005003347065870
1005002223696102
1005001407441165
1005002011648069
1005001840471948
4000226279777
1005002382580339
1005003330333084
1005003058452054
1005003227620032
1005001991942696
1005003101096950
1005003056813209
32835756041
1005001418280348
1005003036446820
1005002715594921
1005003285436239
1005003116558091
1005001882548794
4000225588520
1005001515511192
1005001953671262
1005002994854939
1005002940520829
1005002341760800
4001078357498
1005001426794857
1005003123524245
1005003357156689
1005003293916198
10000397727372
1005002930203298
1005001458914502
33059351892
32752848284
1005002364450046
1005002645757142
1005002181367403
1005001967797554
1005003037463830
1005003050337807
1005002938665419
1005002395253230
1005002663194810
1005002282667749
4001309750207
4001186415243
4000791753321
1005001309586693
1005002441567793
1005002856415346
1005003001976076
1005001868608269
1005002952104366
4001105939524
32982092980
32890764054
4000344737405
1005002301453569
32834062504
1005001301643054
4001245474093
1005002286544812
4000807295799
1005002319472437
1005003211611261
1005002780343193
1005003119372061
4000259518052
1005001881342500
1005002837524550
4000764323616
1005002696021905
1005003256980954
1005002485509583
4001193597295
1005002994422542
1005003286452422
32893263312
4001129402640
33014711025
1005002288767023
1005003280279190
4000643598085
1005001354394988
1005001338797394
1005002648786340
1005003224079200
1005002925864102
1005001632943832
1005002109695940
10000239909385
4000071477840
1005002737309809
1005001907848095
1005003294460885
32535922632
33030240470
1005002559178366
1005002246070213
1005003277263860
1005003094928375
1005001789601902
1005003142264735
33056720245
1005003130267991
33010442121
1005003208827730
1005002869040392
4000569954608
4000016477472
1005002516160381
1005002816799782
1005003208616822
33054888976
1005002206651065
1005001526085269
1005002322543432
1005001341212223
1005003266037475
1005002483435873
1005002105180101
1005003383256746
1005002466932554
32824147463
1005002312433649
1005001353650492
1005001972844299
10000395848954
1005003350620739
4001263438905
1005001848774513
1005003217700803
1005002662280085
1005003072041787
1005002631000848
1005002358206250
1005003134864780
1005003206040074
4001150634541
1005002265455035
10000343886946
32981397693
1005002878337412
32863195030
1005003187819797
1005003108238515
4000079038378
1005002122488504
1005002492091776
4000467835808
1005003019682584
4000601608297
1005001537554449