1005002608463688
32521089290
1005003214098735
1005002656559296
1005002598139415
1005003079335540
4000524548965
1005003210809085
1005002991473785
1005002288439300
1005002575883243
4000030908285
1005003173221490
32905744751
1005003063975419
1005003383765751
33055889727
1005002459295059
1005002511400275
4001115807613
1005002641702757
1005002988549033
1005002454289454
32662427776
1005001632547385
32921078630
1005003228473807
1005003380975802
1005002987530021
1005003342636839
1005002814160766
1005002605683044
1005001386015171
1005003113592405
1005002338829207
1005003217061665
33059526233
4001315565022
1005003310704545
32711909082
1005002434931564
1005003095515714
1005002770393026
32705259214
1005001942442724
1005003136238203
1005001708367548
1005002358398945
1005001813856931
1005003162572019
4000337855097
4000449785974
32896761232
1005001808321546
1005003313139123
1005001585023115
1005001625429154
1005001327848863
1005002719831192
33054524851
1005002922617963
32999152410
1005002983828179
32995085025
1005003080979420
4000045428291
32841440663
4000927966479
4001156813215
4001066688118
1005002258492672
32555981218
32977886896
1005001937964538
1005002115536807
1005001552750613
4000760924602
32815589608
1005002226454385
32917994860
4000229206400
1005002763978337
33017968930
32949599533
1005002924078473
1005001625331045
1005001515560227
33008752109
32992978927
1005001753785033
32955802998
1005001835320777
1005002655392463
1005002439813037
1005001897097780
4001242451803
1005002431696522
1005002752292577
32994980540
4001338545996
1005002577810606
1005002510141432
4000545237829
1005002899404499
1005003371726102
1005002924097106
1005003083223319
32952943157
415300038
1005002567783612
1005003385106134
1005003034605650
1005001393174600
1005003001377208
1005001697582727
1005002931974484
1005003292272088
1005003257067378
32966784458
1005002439058813
1005003309927783
1005003050063407
4001282649595
32820816128
4000070270740
1005002823708379
4001021331074
10000149900720
4000194314247
1005003119144674
32843687098
1005001443746834
1005003050138012
1005003170239167
1005002971321607
1005001490922512
33014512316
1005003121094886
32880855404
1005002481204520
4000346849486
32721493189
1005002190549609
1005003222127062
4001100910853
4001126466741
1005001899459804
32914547465
1005003316742310
1005003294209932
33032864435
1005003337454873
4000084739650
1005002645933785
4000031602912
1005002821652902
4000261076044
1005002700505577
1005002062064488
1005002788879244
1005002851474706
1005001496203242
1005003031341949
1005002643863068
4000905696351
1005003301454412
1005003228150682
32844109704
1005001602815470
1005003186626298
1005002996101732
1005002545420568
1005002611750423
1005003058937339
4000629893889
1005003299743968
33032095271
1005003282017758
33003560573
1005002908965710
33027635957
32860060463
1005002535978575
1005003052071871
4000039205498
1005002770975735
1005001598424707
32790558860
32751043452
1005002985661057
1005003108956481
4000008279542
1005002833279090
32855650468
1005002414333537
1005002688144559
4000822751289
1005002317233345
32995500532
32845557878
4001032993408
32862424001
1005001360442355
1005003337743817
1005003083864919
1005002613953859
1005003300791597
1005001984428669
4001265631735
4000303081930
1005003057688563
1005002646111264
1005001942437376
1005002281631905
4000164656803
1005001567172545
32678922387
1005002767148803
1005002003583412
1005002448051961
1005001656866747
32974504399
32875273936
1005002652108364
1005002596639579
1005001994156915
1005002925857848
32849644402
4000133880424
33042137397
4001230399282
1005002948500178
4000741424799
4000971291568
1005002616867768
4000619185833
1005002983733366
1005002089827467
1005002358923397
1005002982886392
1005002192258642
1005003178002002
1005002979694482
1005003308511357
1005002954208601
4001228471568
1005002855109748
1005003386827744
1005003160041000
32927300037
32769695127
1005002604167818
4001031207873
1005001983126787
1005003148070473
1005003309724285
32809790227
4000029067811
1005003228899146
4001279942378
32863500199
1005003229888496
1005001517149621
4000710989960
1005003251562117
1005002494152790
32698848962
1005001333737162
1005002871815660
1005003336757937
1005003221832785
33058000791
1005003018043370
33036631558
1005002254897008
1005003387323964
32837179740
1005002597730374
1005002459348773
32825943179
1005003126364278
1005003014537421
4000468866548
1005003069756847
1005002287381133
1005001873947381
1005002117619987
33061243084
1005003208484826
4001149184903
1005001620342463
1000001814288
4001335359746
32888572961
33010123674
32952481236
4000368832969
1005002274007092
32844385069
1005002603873780
1005003211451433
32840835253
1005003170103909
1005002114731855
1005003136350019
1005003158597574
1005002902023093
1005002252385434
4000537162146
1005002264511587
1005002717065597
1005003087040980
32994552254
1005002369830660
1005002611227283
1005002495699696
1005003064834538
1005003045237444
1005001528270977
4001100229980
1005002534859270
1005002848840988
1005003039723437
32752257535
1005002424162583
1005001812332263
33011481419
32966671661
1005002828971559
1005001930962738
1005003114927594
1005003025334869
1005001464734863
1005002977489107
1005002654743999
1005002680968639
1005003206322590
1005002915958537
1005003183211011
1005002319975604
1005001704176872
1005002277428338
1005001736828130
1005002353924802
2046233074
1005002907274124
1005003229143459
32987208189
4001226520050
4001157808654
1005001626956191
32788037397
1005002365967757
4001111989248
1005001750000006
4000079596378
1005003116962270
4001101424618
1005001642479363
1005001446116722
1005002089894999
32933422533
1005001295285157
32232324446
1005003383946479
1005002937993657
1005001677486798
1005001884217619
4000571098313
33007754243
1005002522702764
1005001355593880
32884820871
4000230784220
10000395930319
1005002985683525
1005002132458448
32973595554
1005002211133363
1005002662775978
1005002001848626
4000921879593
1005003303080728
4000218882322
1005001731975266
1005002809160159
1005002612648711
1005003332851025
1005001565727837
1005001315059151
1005001895572502
1005003092046021
1005002601225046
1005002994869678
1005002389169695
1005003219142627
32968538984
32976067784
1005001575372828
1005003327165266
4001212750845
1005001894642600
4000571415669
1005002263871495
4001231983983
33046400707
1005002613256981
1005003309782645
1005002242061440
4000138139690
1005003299038203
1005001669334832
32842556661
4000163303351
32859263259
1005003292874030
4001138908250
32796858042
1005002705580143
1005003070577015
1005002948676256
1005001278568988
1005002985631864
1005001998344191
1005002090608367
1005002722637491
32987288793
1005002211327066
1005003102991054
4000966181885
1005003065250079
32972457691
1005002263539543
10000022101312
1005003254849701
1005003204768554
32703273149
32779549284
1005003387208525
1005002948159863
32881397120
1005003167419529
4000121710789
1005003188534592
4000177448737
32976388126
1005001429365757
4000156804241
1005002979674845
32789621818
1005003335809133
1005003154499801
1005002846777378
1005001560665348
1005002749964250
4000312089887
32960138574
1005001411437348
4000393770835
1005003370693684
1005003065385412
1005003070081063
4000065464065
1005001865223587
1005002951157037
1005002988683768
32918833729
1005003087836650
1005002392756395
1005002907552671
1005002552313919
1005003177342895
1005001999220321
1005003070397313
32945248757
32834473766
4000944926648
1005002363125045
1005002368720343
1005002302551281
4001350379393
1005002670866486
1005002424928856
1005003102823041
1005002988597984
1005003041393671
1005001621085103
4000670779544
32737354112
32794888298
1005002410873694
1005002268270494
1005002836683988
1005002708875506
1005001504560541
1005002647389021
32724605675
32387039142
32229458377
32850545097
1005002460336739
1005001597789168
1005003388240021
1005003243728587
1005003343863002
1005003176097334
1005002465128370
1005002755707392
4000609991071
4000581707391
1005003263138040
1005003215813307
1005002465894913
1005002412699687
1005003006331434
4001037732217
32985110510
1005003094555405
1005002977044033
1005002732293769
1005002518610670
1005003217237327
1005002560597953
4000164290567
1005003129621571
32944273587
1005002967170084
1005001898918957
1005003129549066
33042237215
32957093431
1005002642346834
1005002416754144
1005003115657640
4001314859211
32889397678
1005001659396654
1005002758855418
1005003092231320
1005002329585583
1005003089777974
1005002780564854
4000182456781
32841461747
1005003108833048
32869516089
1005003119819301
4001223558912
4001042523117
10000344108496
1005001989261442
1005001620490905
4000114436930
1005002919170052
1005003312623060
1005001845290793
1005003282390085
32857717083
1005002667980869
1005003002950246
1005001998661483
1005002927045600
32866792629
1005003086021725
1005003117543743
1005003337051854
1005002946503260
1005001997071426
1005003163933887
1005003358240099
1005002837580730
1005001993693446
32962586219
1005001332932210
1005002083913752
32321937946
32462567273
1005002920672673
1005002783289193
4000532669405
32892778929
1005001764449077
1005002035971726
1005002693715190
1005003185089883
1005002062020973
4001332625385
1005003326598213
1005002037543799
1005002276063653
1005001961422360
1005003114299588
32949846814
1005003092649164
1005002717003774
1005002290594567
1005002948245128
1005002990582103
32541487292
1005003032265144
32977790927
33009621661
1005002035562220
1005002640877129
4001158598631
4000708737342
1005003387167006
4001006622112
1005003271889325
1005001626216150
1005002593216188
32591718970
4000603230634
1005002802386271
1005003372861880
33009635737
32901144657
1005002641017506
1005001315211919
1005002007186750
4001065257309
1005002292653421
1005001492911850
1005003021949856
1005003363899824
1005003037753145
32906660770
1005003238093254
33012614035
1005001621786454
1005002406162322
33052513632
1005003348478286
4000805328215
1005003283035698
1005003065260932
1005003340886976
4001309639926
4000258347842
1005001993816772
1005002431729282
1005003271551294
4000935196648
1005002702730772
1005002357101816
1005003303571677
1005003384881957
1005003274911072
1005003291705459
1005003047690921
32808306029
1005002956870657
1005003280376918
1005002043068991
1005002949921280
1005001550089251
1005001567684079
1005001551626445
1005003186944112
1005003050907584
4000756163668
1005003123303776
32976355605
32905629900
1005001835623756
1005003275222507
1005003362650854
4000904169344
32885861014
1005003197623499
1005002793430942
1005001632490565
32893629884
1005002622554739
1005002300703394
1005003323917340
32573582640
32807699236
1005002674948204
33055806641
1005002484599625
1005002745439359
1005003341672270
1005001905778080
1005002512147049
4001112675965
4001229386009
1005002398791549
1005002840697043
1005002729843642
4001330910281
1005001561561704
1005002294688354
1005002309592130
1005002707520249
4000509849869
1005002117321146
32603233173
4000844163686
1005003211979886
1005001462714259
32243592223
1005002919324326
1005002467172237
4000907478163
1005001963162720
1005003391078312
1005001733650009
1005003076383413
1005002977367918
32327247117
1005003228908873
1005002132487895
1005003025340631
33042685264
32985563147
1005003151032658
1005001494192445
32757905122
1005002078931800
4000224591483
4000396627042
32944785497
1005002393295252
1005002304936796
1005002264577969
33047558516
4000252057987
4000098082451
1005002074185622
4001026300462
1005002616238632
1005003253602194
32747123473
1005002419201201
4001232724893
1005002886856162
1005003160654420
4000070955445
1005002329528503
1005002601090990
1005001562324417
1005002469686452
32802987494
32832354902
1005001949462226
1005002621757139
1005002350434306
1005002727094614
4001153836993
1005002282984579
1005001689004151
4000193542347
1005003191089030
32983802145
1005003172648179
1005001361329410
1005002549587895
4000311952206
1005002120673752
1005001683647002
1005002649125240
1005003083877858
1005002555456634
4000337832459
1005003133146036
32919008330
1005003113851641
1005002339201377
4000235456763
1005003172939378
1005003191874703
33019870657
32825619337
1005002510809267
1005003346916603
1005001853863903
1005002571760639
1005002732791026
1005001367829606
1005003198453690
1005002856159689
1005002500700313
4001230284957
1005002721388514
1005002035211187
1005003207331979
1005003272876975
4000868125986
1005002828879852
1005002084241992
1005001682207482
33050572961
1005003304199033
1005003281315597
1005002790502670
32810984996
1005003217225138
4000274377291
1005003240098851
1005002284156496
1005002321060550
32796076473
32945488761
1005003091976172
4000843332475
32814105741
1005002780696737
1005003370164964
1005001701438033
4001040787071
1005002374955880
32834844742
4000048956478
1005001826310065
1005001977705113
4000197415280
1005002998959935
1005003218063210
1005002835743266
1005002796561455
1005002911079326
1005001298776597
1005003358791908
1005003064241709
1005001882400290
4001218750958
1005002102195397
1005003043617593
1005003110176743
1005002060892425
1005003266837066
32963052491
1005003186459488
1005003345174364
1005002989183621
4000858589006
1005003134464148
1005002358403217
1005003303232799
1005002777235131
33005964222
1005002963768909
1005002600030949
1005002505107817
1005003385180036
1005001970982867
1005002245616872
4000085393171
1005002032903572
1005003230035887
1005002551896064
1005003119747855
1005001741648984
1005003238986175
1005002964554597
1005002246445035
1005002642778190
1005001687514542
1005002482154726
1005002871055145
1005002084045405
1005003129805463
1005002810729906
1005002504813072
32856434635
1005003241791292
4000342858358
1005003169855604
1005003044308360
1005001870194610
1005001682965598
1005003038305485
4001038815364
1005002729864097
32367882337
1005002910847958
1005003333662220
1005003212964414
1005002828210586
1005003351443459
1005003014681488
1005002305984080
1005001415750604
1005002370585754
1005002612905686
1005003027224083
1005002248067502
1005002490288902
1005002510534089
4000826400719
1005003058596076
1005003155952455
1005002820311827
32792587061
1005002919928476
1005002318577990
1005003290275415
4000857605695
1005002085760864
4000188764805
1005002448269499
1005002830633795
10000032345753
1005002457263464
1005001593167673
1005003315264561
1005003098397759
1005003027896304
1005002710196919
1005002836055957
1005002952071920
1005002615500010
1005003337900824
1005001882380539
1005002243835971
32882758093
1005002111959370
32864896460
1005003368549327
1005002789527181
1005003211012358
1005002713871012
1005002865952458
1005002265714052
1005002022493336
4001013625889
1005002463774585
1005001451637602
32956625264
1005002597362687
4000249739339
1005002232325553
1005003292850368
4000174331683
1005001723412457
1005001893294256
1005003187934555
1005001418048560
33013798449
1005001615916566
32839532244
1005002708093178
1005003243393654
32641972227
32925893293
1005002836564665
4000557768798
1005002970353065
1005002613145199
1005002749591221
1005002419143144
1005003100032327
32805541469
32859963560
32966548821
1005002695536786
1005001785887123
1005003295329148
32963186076
1005003078906926
1005003290382268
4000400378189
1005003130093896
1005002401712706
1005002585252696
4000691830887
1005002829274556
32859292112
1005002959600647
1005002547953219
1005002513240422
1005002090197446
1005003199804157
32946865089
1005002122501558
10000395944163
1005002705656486
4000628990623
1005002122375629
33005197750
4000450244823
33021025944
1005002133670975
1005003027186830
32858881849
1005002908660005
1005003384869777
1005002985542824
1005003016178132
1005003288774015
1005001587189958
32671990248
1005002197877278
1005002883551514
4000535141344
32913010455
1005001913358240
1005003323763593
1005002709777877
1005001657471097
1005003272240807
1005002949046427
4000781315091
1005002863833456
1005002386920103
1005002239388312
1005002927966946
32889325364
1005001270183918
1005003287006926
1005002904920560
1005002787690919
1005001691222580
1005002282123449
1005002809009455
1005001843520230
4000570670285
1005001819098216
32823997917
1005003342059965
33010631037
32973149106
1005002673937480
1005003293074113
1005003329224514
4000489593255
1005002642000850
1005002885526436
1005003178468860
1005002998728317
1005001895527745
1005003012294524
1005002492342533
1005002641224527
1005001885078349
1005001330126909
32838280095
1005003255591128
1005003219517054
1005002198260301
1005003379777936
1005001826466215
1005002201987078
4001190628592
1005003231492090
1005002207822867
1005002538602282
4001116896756
1005003009341591
1005003306843769
33033466071
4000801066460
1005003269924538
1005002973075455
1005002977325653
32917113285
4001041409235
32831373262
10000383748522
4001099315693
32850771551
1005002208267257
1005003065684298
1005003274907491
1005002518509504
1005002656756388
1005003179124437
32826883925
1005003387633277
4000741811153
1005001689723645
1005002327034606
33046429519
1005003206656735
4000589380510
32833950523
1005002735012321
1005002718183274
4001194361466
1005002275491696
32806287107
1005001997139738
4000982454883
33023724393
32996501580
32618017557
1005002867002451
1005003026315261
1005001398401413
1005003052285396
1005001338596895
32950424201
1005003135959671
1005003090507900
1005002314882297
1005003311838356
32869404084
1005003080941761
1005003120363391
1005003008029512
33039776226
1005001946433538
1005003144933449
1005003107882249
1005003143823714
1005002468208883
4001067961364
1005002611864053
1005001900787164
32976489248
32951093271
1005003244520755
1005002409660322
1005003338146414
1005003388420058
1005003236789254
32875742647
1005002669386450
1005003218091496
1005002947100459
1005003270348881
1005003265487344
1005002608991086
1005002790642267
1005002566601247
1005002220252780
1005002743217042
1005001808474952
32956915608
1005001731266210
1005001330367821
1005002911488915
1005003142000444
1005002911802725
1005002485753096
32982776987
1005002875842306
4000093350178
1005003024313573
1005002649131362
4000110251326
1005002828137203
32669371223
1005002912483395
4000112671294
1005001772159061
1005002077836557
1005002339566860
1005003150129228
4001224662086
1005002489315989
1005002924151418
1005003200641581
1005002065210692
1005003067832822
4000311338897
1005001511070633
1005002537046291
1005002466490720
33025839895
4001009246476
1005002966203486
32850728531
4000876901825
1005002768920604
1005003149947328
1005003351223373
1005002941143210
4001246354903
1005002685846297
1005003135409561
32967583322
4000526220859
32962043788
1005003190807729
4001230402234
1005003318521763
32956444484
1005003333954720
1005001525358738
1005003348210101
32822492479
1005002416294183
1005002913169394
1005003291756061
32849425092
1005002769994889
1005001779201978
32914723714
1005003375320832
4001158792411
1005002871291185
1005002896710333
1005003215925253
4000337156776
1005002820481880
1005003146343589
33003362666
4000379206287
1005003298080169
4000242605669
4000549385577
1005002804631935
1005003177274520
1005003120538129
1005003308052370
32849548127
33027047642
4000740046497
1005002578181448
1005001425656804
1005002776938486
4001283674073
1005002258884249
1005001748814179
10000336009551
1005002990413784
1005003319805102
1005002586374103
4000927607124
1005002027663176
1005002822171390
4000167009897
1005003142898127
1005002480224714
32967688923
32853073731
1005002522391009
32925955306
32781632659
4000233560567
32962218534
1005003331079733
4001278867453
1005003220449607
1005001531710701
1005002572806835
1005002998074458
32712288901
1005001603013576
33020561430
32967630391
1005002463237020
32981631517
1005001598533431
1005003266398943
4000072441650
10000228564773
4000741694839
1005003343432994
4001223784486
1005001485592887
33013966282
4001014114789
1005003136024290
1005003222990357
1005002759916660
1005003199730569
1005001964038948
1005003334083196
1005001889460654
4001023301845
32809838479
1005002836327238
1005002604146038
4000368900178
1005003009152369
1005003298946974
32946109609
1005003247682223
33011536392
1005002926138473
1005002744640398
1005003252379058
4001080141883
1005003167844426
1005002378709392
1005002364120701
1005001812547960
1005002244653166
1005002341023763
1005002947600316
1005002904657087
1005001969740918
33053194579
4000219647755
32827384646
1005003118177595
1005003284416802
4000338898224
1005002658983265
1005003369841634
1005002982408211
1005001386331222
1005001798002763
1005003265243179
1005002884904614
4000467166405
4001151095475
1005002912057169
1005002288281149
32611938923
1005002587156956
32729441158
1005003196871492
1005003140235093
32835019409
32950458760
1005002566940414
1005003033935954
1005002966654163
4001056674545
4000299890155
1005003133332823
4001220623737
1005003146444212
1005002912621193
1005001960243959
4001079681627
4000199435177
1005003356064546
1005003368920916
1005002794502235
33051009172
32930435762
4000903225189
32995229311
1005003227170432
1005003391332412
1005002275369944
1005003165676817
1005002752350370
1005001769943165
32985509147
1005003278473610
1005003245147350
1005001835227237
1005001890221603
4001028563145
1005003380544451
1005002265375757
1005003165809198
1005002597255278
1005003235427908
1005003008681831
1005003080083331
1005003357123456
1005003253627041
32592829117
1005002133800139
32797803236
1005002105829515
4000725283071
1005002675175185
32824586807
1005003324806514
32465379919
1005003353976980
1005003231743156
1005002247216453
1005001645262915
4001054124986
1005001389512743
1005002996008412
1005001625676819
1005002997834797
4000177411139
1005002409442059
32957351476
1005003262398345
4001251932006
1005001941076451
1005002919939227
1005002254824643
4000394439668
1005002220815852
1005003228206513
1005003241459471
1005002344904476
32977385285
4000292282415
1005002387830785
1005002799622834
1005002517257641
32434039924
1005002545933761
4001003781940
1005003123884280
1005003058690722
4001275397596
1005003208273941
4001286412565
1005002984708648
1005002799457838
1005002554406846
1005003066652800
1005002575456113
32837311683
1005002062143075
1005003176539920
32992159815
1005001388811709
32923839145
1005003165712326
32946807144
4000479568952
1005003278421344
1005002772085171
4000186836606
32798339442
4000891555905
1005003065515507
32998860274
1005002310837655
1005002018516049
1005003243259789
1005002848066037
1005002629096250
1005003220637353
32958088313
1005002387993918
1005002530190627
1005003193252894
1005001462495018
1005002886999802
4000153081322
1005003044302215
1005001998898601
4001278750818
1005001381584277
1005001374428474
1005001653249520
32263604771
1005002432095337
32974506093
4001237742046
1005001718026601
1005003060649011
1005002561511400
32970068009
1005003256461883
1005002653346804
1005002849860983
1005002806336610
1005002826602011
1005001972675062
1005002716724455
1005003335126765
10000005976852
4001139065922
1005002565449848
1005003210706056
1005002524955960
32732292300
32788903166
1005003010576825
1005001445700632
4001035581259
1005003067035689
1005003331826920
32956305954
1005002413845100
1005003073699766
1005003379999523
1005002981297282
32873160240
4001201919486
1005003332524474
1005003238803299
1005003217031749
1005003027410279
32818484258
1005001506000927
1005002927342866
1005002001732151
1005002280744742
4000996989313
1005003380542075
33055118086
32957476607
4001157617358
1005003108754767
33049092733
1005003198435264
1005001942087306
32893047352
1005002667211070
1005001575410394
1005002762342463
32880615574
1005002053231817
1005002991099947
1005002596791012
1005002567152542
1005002924000161
1005001644275647
1005002037111741
32798502532
1005003133233887
1005002357536390
4001114833701
1005002876225018
1005003257754464
1005002919539874
1005003217043845
1005003104464773
32712755719
1005002613930628
1005003338027702
1005002554090087
1005002822678752
1005003306512156
1005001571721875
1005002443451749
1005003347546010
1005001313491457
1005003003665791
1005002682180766
33063135910
4000830288914
1005003274187782
1005003355996607
1005002405846879
1005003015781801
1005002996118250
32901607788
1005002396434128
1005003044345982
1005003002895799
1005003291490885
1005002345569898
1005002864369076
33001939645
32844445109
32998521225
1005003310820691
1005002737769226
32858084340
1005002344193514
1005003211926217
1005002241549244
1005002100517352
1005003228337276
32948699623
4001011167240
1005002945880584
1005002945130813
32984694079
32878289639
1005002936282462
1005003270223606
4000224129231
32825673056
32892807264
4000904591908
32873511973
1005003103223389
1005003004594504
1005003364043377
1005003308169758
1005003102263577
1005003156367950
4000580261899
1005002586380559
1005003109626845
33009110336
32760359195
1005003278086894
1005003012888617
1005003328065731
32828122982
32960935923
4000369198813
1005002404737590
1005002649453064
1005002876142363
1005002949452197
1005002886666592
1005003215272326
1005002894060873
4000740012338
1005002571290693
1005003312386636
4000867362221
33013797390
1005001873118098
32844644776
32631518265
1005002649033295
32816556415
1005002882677886
32711698575
1005003194010478
1005003011318670
1005003258285746
4001224337761
1005002618666946
4001005085382
1005002682857427
1005002731810872
1005001936864986
4000011521694
1005001742521753
1005002560592281
1005003172275884
4000884669027
1005001773569950
1005002312119898
1005002318039459
4001283094181
32834305631
1005002926055200
1005003122008789
1005002904994578
1005002950481019
1005002253593951
1005003117801882
1005001868445786
1005001397041529
4000903666628
1005003065141019
1005002011788293
1005002545957132
32819985793
4000567036250
1005002649324569
32853065402
4000126455533
1005001536816298
32801206964
32236086514
1005001502156894
33010821493
1005002462361950
32972740747
1005003359462259
4000096033682
1005002488075886
1005002271801842
1005003114798568
1005001860731070
1005003215762350
1005002315725255
1005001869597231
4001069682315
32970221763
1005002033739384
1005003309984591
1005002771795784
4000597154185
1005002610862412
1005003261013727
32330061919
1005002107984036
33036629222
4000831268644
32967662219
1005001665587452
1005002652171683
1005003364070217
1005002100442959
1005003278271575
1005001922809611
1005002855469590
1005003282239249
1005003287865522
1005001638382017
1005003248963730
1005003070276341
1005002276708594
1005001980856064
1005001341102890
1005002372266735
1005003172935871
1005003298104587
1005001562635223
1005002982039516
1005002877023239
1005003189968497
1005003099253351
1005003270969860
1005003361773126
1005001453098638
1005002258712290
1005002393820578
1005003376883350
4001328418996
1005002949432312
32824280939
574813515
1005003118547155
1005001593932246
1005002064876081
32848069478
1005002943380155
32740585166
1005003019189092
1005003298980223
1005002646091766
1005002957027706
1005003172583277
4000153575975
1005002930425505
32901643375
1005003346507310
1005001965517503
1005001423946654
32861956081
1005002586190588
1005003066150464
1005002663101269
1005001780387217
4000045764017
1005003333221587
1005001479229283
1005002408040703
1005002881446326
1005001457302292
33009561727
1005003170982798
1005003313738267
32981126129
32894346316
1005003385264658
1005002767534263
32871786967
1005003365018694
1005002422181142
1005002433770647
1005003375129337
1005002962817685
1005003171550305
1005001296817235
1005002990225906
4000535497322
1005003387502116
32989691238
32460704588
1005003025642775
1005003202448128
1005001633873263
1005002920281493
1005002775198735
33014228385
10000122803930
1005003263556819
1005001588268721
32863335361
1005003339099394
1005002778587757
4000037909161
1005003068026800
1005003048307373
32900407635
32231021927
1005001922594517
4000610047064
1005002233236654
32947891399
32845510033
32677969231
4000097380169
4001017054286
1005003249598167
1005003385126817
1005002951923418
1005002723632717
32855785980
1005003336601975
32974260783
1005001831090460
1005003349871148
1005001585429287
1005003222094047
4001176449191
10000228577525
1005002538355283
1005001405623924
32799614184
1005002767793236
32965776088
4001112071354
33008174326
1005002284666455
1005003088912609
1005002718769116
1005003104895949
1005002028458036
1005002315879604
1005002872181934
1005003019389125
1005002394252761
32965953917
1005003044180115
1005002345114644
1005003202482420
1005003028207166
4001119871781
1005002794646145
1005003096881268
1005002275495964
1005003334260615
4000288904425
1005003038516870
676129958
1005001350384503
32932144290
1005002701704530
1005002958178864
33033636760
32864630789
1005001828277516
1005003337597147
1005003122547920
33012094257
1005002980150189
1005002315739082
1005001544934890
4001007866629
32830991679
1005003303636182
1005001820229957
1005002773966650
1005002957747278
1005002777402936
4000807526637
1005002739503991
4000823373349
1005003365186559
32855472587
1005002438698528
32659615576
1005003289198655
1005002171152674
1005001710701214
4001127587801
32884389371
1005003173909697
32906818481
1005002014706577
1005002509234415
32461365086
1005001425313634
1005003145519419
1005002893816985
1005001876375705
1005003213322899
1005003121842997
32770986947
1005003312545167
1005002660437954
1005002567427174
32965863698
1005003386377103
32955654741
32950215173
4001039057480
1005003195531208
1005002164342636
1005001631875708
4001076374659
1005002768627255
1005002761652864
4001066474668
4000464493519
1005001538504939
4001096387672
4000895327876
1005003278787896
4001205087622
1005003134091623
4000672862471
1005002938009922
33002622629
1005001997525659
32909018913
1005003214289618
32999957829
1005003230439209
1005003255192067
1005002724453710
33021176255
1005003343323002
1005003160510430
1005003015648613
1000008661924
1005001380942384
32858862365
4000687074295
1005001410703002
32837749489
1005002386274526
1005002858637878
1005002634199934
32849832285
1005003363984002
1005002539144927
1005002506295571
1005001592619034
1005003330196034
32998191197
4000483676397
32860427951
1005002787947583
32987642447
4000341983612
1005002655931143
1005002932552912
4001299036057
32852189946
1005002239325677
1005002604189606
1005002974105574
32892563528
32703416747
4000163744330
1005003357679670
1005002943973268
1005001380969151
1005003235470479
1005003146334915
1005003179441152
1005002139017564
1005002195844954
32920478251
1005003005310872
1005003213090338
1005003333667481
1005003217243875
1005003083805764
1005002023664755
1005002885079568
1005003266699370
32554199883
4001124765092
4001264265813
1005002278412688
1005001688188954
1005003043058354
1005003345618023
32455123011
1005002710001976
1005003030027229
1005003287225003
4000201022455
1005002931696094
1005001972623272
1005002759077050
4001309216228
1005002050220741
1005003123503397
32835129557
4000100740432
4000143951406
1005002996087516
1005003249082361
1005002350743893
1005003330768838
1005001571619815
1005003298461723
1005001709092786
1005002400552316
1005001379307974
1005003190792499
1005003153291374
1005003178111389
1005003032379547
1005002281173600
32895845996
32813411960
10000364712356
32884707176
4001107412642
10000400044541
32849690399
1005002107137648
1005003257356544
1005003180369576
32887995617
4001250035061
1005002633312290
2009479307
4000902353321
1005003192975002
4001228586100
1005002562332342
32458419946
1005002967817001
1005003251835931
1005001949505158
1005002819996377
1005002907639214
1005002971102498
32669208143
1005003369769159
1005002990034532
1005003329814878
1005001362417374
1645144451