4001200937405
1005002812918884
1005002448964462
1005003356096666
4000805097606
1005003187954833
32784679194
1005001949088626
4000340336542
1005002427213960
1005002313628290
1005002311319540
1005003194166337
1005003313740258
1005003201815514
32941267459
1005003317323705
1005003036397779
4000510850796
1005003014273149
1005002120704067
4000786781530
33003141461
1005003293565144
4000266976886
4000234545412
1005001866541127
4000181235272
32932580863
1005002848862185
1005001438843299
1005002974329441
1005003070383894
32882584515
1005002516680170
1005003298523214
1005002414781814
1005002940980981
1005001310746215
1005003257450620
32967215051
1005003041414891
1005002065988538
1207632262
1005003047600191
32889219397
1005001410607662
1005003256925114
4000180893693
1005002074712447
32794960992
1331696748
33061166978
1005001705744087
1005002285418877
1005002939527757
1005002482806203
4001227163995
1005003389366739
1005002965050405
1005003298916872
4000751324481
1005002858809546
4000145093101
1005003002430050
1005002910793906
1005002984257803
1005003058741784
1005003259666402
1005002258535742
33000906845
4000615723323
1005002308771868
32974789852
1005001882179480
1005002555928413
1005001479747311
4000782835635
1005001446864850
1005003216866762
1005001571565203
1005003289650955
4000822040750
32843208054
4000628778112
4001115928523
1005003385934418
4001218052361
1005003274376203
1005001456690943
32829653471
1005003155104306
32554809336
1005002263610760
1005003329733815
1005003378650523
1005002985604108
33047086360
1005001616720924
4000207387196
1005003108448208
1005002993069352
4000086028325
1005003331649468
1005002516006483
32987773384
1005002388888277
1005001617085921
32589581994
1005003193106112
1005003276774660
1005003330924300
1005001988336251
1005003073743897
4001107835050
33051374263
32973950963
4001238173986
1005003248584324
1005003328356427
1005002564566748
1005002870453134
1005003136000629
1005003311682784
1005003390267995
1005003026930306
1005002324803844
1005003305317595
1005002871666865
1005003001251706
1005003070378634
1005002676252256
1005002241030323
1005002675338108
4001054630790
4001231121064
4000918239495
32790283112
33053040016
1005002711779072
1005003287859082
1005002601427791
10000011698506
1005003356081072
1005003206133944
1005002026984595
1005002014602303
1005003014284202
1005002686697361
1005002871932371
1005003130177426
1005003016595045
1005003387842184
1005003017246983
1005002966692348
4000242871760
1005002887749911
32812169010
1005002989529733
1005002991615033
1005003097097730
1005003296336491
1005003383611765
2053904563
1005002959627297
4000229978248
1005001873652361
1005003343926897
4000203763407
1005003339782229
1005002224052985
1005003337663430
4001313651676
1005003387911027
1005002804364028
1005002799310392
1005002351664302
1005003065696552
32531383049
1005003119540471
1005001794145424
1005002663314358
1005002869709312
32995956812
1005003143537039
1005003108648034
1005003019899594
32889119093
32990423124
32871011345
1005001829754338
1005003281174422
4001341816845
10000345056107
1005002947096863
1005002233524090
4000102933218
1005003269555948
1005003307143578
1005003168942018
1005002775766341
1005002607360665
4001084127231
32748433053
10000104695939
1005002398560833
1005003147401054
1005002740911280
1005003306843398
1005003257306335
32800042797
1005002495843229
4000366059082
1005002991641154
4000313236671
1005002771335283
1005003293506546
1005003327855876
1005002387753922
32889388872
1005001482660441
32827808446
1005002516651897
1005002990499304
1005001479309908
1005002919559730
1005003071596733
1005001338445681
1005002770954906
1005003151822645
1005001948836109
4000282027973
1005003224524832
4001230298588
1005002878463451
33026922475
1005003371770101
1005001638572698
1005003080042614
32893212196
1005002032885676
4000696196256
4000765819683
1005001446712819
1005002799306227
1005002062985449
1005003380580077
1005003270147963
33000030548
32433782923
1005002971804892
4000618814412
4001018855018
1005003016303414
33015220406
32922865288
4000329175402
1005003348187907
1005002557995010
1005002083944605
1005002293942867
4001030980938
1005003344803810
1005003029951856
1005001506123858
1005002006113410
1005002604718784
1005002679220634
1005002847142454
32570408909
32826902763
4000764439619
1005002787202728
1005002812759772
1005001417714860
33046977843
1005002119172024
1005002674872242
1005002963171470
1005002586170183
1005003242522144
1005001689423874
4000038304664
1005001511293471
1005002601048628
4000151910988
1005003074011366
1005001824941522
4000348272785
1005003221686948
1005003268861078
1005003152646158
1005003312346441
32918128044
1005003366420582
1005001538621351
1005003019495125
1005003142853418
1005002868540013
1005001693115086
1005001393154469
1005002772800880
1005001988848513
1005003150164869
1005002686840447
1005003213007963
1005002591598710
1005001417438099
33024222282
1005002828882692
1005002946055319
1005002297698528
1005003280696034
1005003197771843
1005002791309461
1005003007970991
1005002342094629
33002806989
1005002575773462
32986597205
1005003037313373
4001065368911
1005003305087591
1005003259520110
1005002219231653
1005002722758373
1005003142714704
1005001854855531
1005003374203917
32805034933
1005002839821801
1005002781678298
1005002968339298
1005003073931925
1005003143431721
4001134617032
1005002828602972
1005002920712933
4001215604273
1005003159696338
10000085011701
1005002450233463
1005003171900814
1005003063517227
4000767877189
1005002509221446
1005002888489814
1005003002718478
1005003133918184
32617600388
1005003019137421
4001125065799
1005001909411585
1005002122365547
4000355350468
4000878700804
1005001770813107
1005002605449893
1005003337654987
32840363940
4000328936667
32861286932
4000414731514
1005003375077342
1005002516379425
1005003198840461
33045315817
33007130252
1005002558877936
1005002559221813
1005003162593612
33010851418
1005002568262962
32896382819
1005003249221267
1005002904975343
4000414582137
4001062203288
1005001587379371
1005002759136013
1005001645214350
4000295956686
32808332353
1005001949241723
1005002128265827
4001114462793
1005002560174336
1005003065424281
1005003157873595
1005003147797677
436242133
32979788129
4001192306644
1005002400519491
1005002484131898
1005002888698307
1005002361638461
4000682927582
1005003146356436
1005002450437495
1005003131501259
32990497166
32991492056
1005001373828919
1005002317334278
1005001614503767
1005001309150480
4001272048227
1005003022374199
33037084344
1005002398880063
1005003129450986
1005003169754523
1005002297446529
1005003189950558
1005002820525783
1005003199142127
1005003323109130
32979246590
1005002003914135
1005003178946690
4000249739339
1005002492359680
1005003385291195
1005002871776349
4001148000888
1005003219131920
1005001853705973
4001153778868
1005002901418824
1005003042464356
32802527998
1005002655784693
1005002101124965
1005001302187697
4000025929746
1005001314033055
1005003057466997
1005002937882859
1005001381795877
1005003058531448
1005001813293491
32687647033
32692896956
1005003338592562
1005001933230428
1005002447446154
32893703474
1005002619445510
1005003060879627
1005002292760126
4001226345884
1005002630235177
33020206023
1005001355051443
32945181494
1005001855950350
1005002467515892
33043668566
1005002653337903
1005002685286950
1005002640616114
1005003170314364
1005002647326241
1005003376113090
1005002313422275
1005002274072162
1005001849320829
32878989165
1005002215636968
1005003337093543
1005002879328190
1005003359437202
1005002204003728
1005003270085014
4001275628978
1005003167144822
1005002276819242
1005002288078214
1005001561379495
1005003287268359
1005002811479642
1005002876339227
1005002785046478
1005002487046559
1005002671487806
1005002535131922
1005003017126341
1005003247227911
1005003361330988
1005003076939713
1005001441459161
1005001280614517
32977080108
1005003244825439
1005002204667647
1005002475011014
1005003092651180
1005002988134750
1005002795772561
1005003051215876
32831628762
1005002491671949
1005002978106116
1005003092437643
1005002352144444
1005003015932253
1005002285019375
4000019943671
4001037215464
1005003095926270
1005003050913169
4000552510213
1005002313393780
1005001816595749
1005001660087374
10000267301413
1005002657565701
1005003201453359
1005003377626618
32656688348
33009785999
4000050358084
1005003060384765
1005003221220155
1005003322054967
1005002522683569
1005002905657463
1005002537611756
1005003356444094
1005003384922021
1005003336462061
1005003070039495
1005002513422212
1005002793806250
1005002623975256
33004984312
4001014002776
1005002921386284
1005003308730099
1005001284200241
1005003219598896
32903019329
1005003282183343
1005002813865778
1005003070935650
4001041781364
32313816343
4001212929589
1005003261349713
1005003363874875
1005002908430708
1005003354188308
4000159810591
1005003189836214
1005003238512409
33053695115
33003622414
1005002415670271
1005003241562468
1005003268473036
4000167054469
1005002642273456
4000041543325
32831130262
4000985497780
1005002037956781
1005002846686926
1005002731613215
1005001463857884
1005001621652880
1005003002753832
32896625485
1005003309504688
1005001345103846
1005003257482176
4000141194075
1005001489865158
1005002630291910
1005002681174579
33001623885
1005002954262627
1005001958492840
1005002546177694
1005003066040282
1005002357664102
1005002886770898
1005002495470836
1005003165091968
32953081482
4000516878145
1005002724352264
1005003223987434
32999316143
1005003171043665
32986897075
4000904361849
1005003387850040
1005001953820176
1005002927237584
4001142381251
1005002740858228
1005002102207655
4000378624388
1005003087253281
1005002475738570
1005001562231730
1005002359845002
1005003071961473
1005003008046660
1005002877860088
4000242414919
1005001580933601
4000197169730
1005003125300457
1005002443407941
1005002606002285
1005001724069404
1005002079525601
1005003266755255
1005003212190766
32776787289
1005001311802229
1005003009742342
1005002912784815
32784821149
1005003205256870
1005001448626916
1005002947415387
1005003165381272
32638960892
10000033504416
1005003238869049
1005003066057148
4001075961043
1005002726996608
1005003120677019
1005003112793803
32858912703
1005003076813142
1005001823275905
32875862754
1005002944367121
1005003197692598
4001203828301
4000909972484
33043787987
4000103660501
1005003261492447
1005003202074043
1005003363236946
1005003140115506
1005002851064950
1005003037183241
1005002551317845
1005003256435690
1005002907960844
1005002878362890
1005003061961954
32765562218
1005003047841555
32983190582
1005002510700885
32833514487
1005002089455817
1005002579681656
1005001333542546
1005002607938396
32991108388
1005003129349853
1005002292367226
1005003092773255
1005002579450380
32859672766
1005003009298279
1005001701393531
1005002337654865
1005001329942694
32732508169
33002289797
1005003237701453
4001237073031
32949758363
1005003336526566
4001162054240
1005002092137096
1005003257710384
1005003339760880
1005003006670032
1005003338320562
4000709027891
1005002884448200
1005002087478885
1005001940300023
1005002843191510
1005003349735053
1005002402346996
1005002816950864
1005003181680089
32992738835
4001151093713
32465210221
1005001460885237
1005002219735596
1005003365294670
4000691101539
4000609982768
1005001596675830
1005001793092499
33014377591
1005003290237685
32884564052
1005002358874648
4001275324814
1005002616157773
32780809461
1005002973836888
4001230430072
32548853252
1005002921874387
33053407640
1005002054886919
1005001572196618
1005002863063917
1005002940354957
1005001900247682
1005001500192109
32832008594
1005003320258658
32802986684
1005003298785937
1005002509119400
1005002192541647
1005003244203971
1005003182823514
1005001383717255
4001034637797
1005003231057248
1005003369110202
1005003181568701
4000615021369
1005003098137017
1005003192956874
1005002608897041
1005003332630729
1005003235191631
1005002306798473
1005002292095283
32829232825
1005003210791622
4000050653036
32963884891
1005003114676740
1005003272430854
1005002652034928
4001278342705
1005002513158509
32975827107
1005002383280516
4000207245303
33012528310
10000323622553
1005002133862632
4000534393832
1005003005145940
1005001512298020
4001119878857
4001091154530
1005003110683941
1005002532849041
1005002876730329
32853391565
1005001658784993
1005003329212386
1005002098879175
1005003386357116
1005003002405801
1005002263557510
33021881981
4001095733081
1005001790141043
1005003277897539
4001057337800
1005002723134884
1005002956421294
1005003021610938
32878769265
1005002694631697
1005001308855023
32831504587
1005003167571235
4000979899126
1005002982145420
1005002886935495
1005002314296455
1005003371763935
1005002956958671
1005003344785463
32823094487
1005002685325958
32822691068
1005003241810522
1005003074764221
1005003334960638
33001465611
32873628018
1005003007995724
32710566445
1005001863668658
33012662570
1005002978737481
32978523734
32969555485
1005001895025554
1005002260046266
1005003038145364
4001226467262
1005001686726759
1005002593534168
32958127735
1005003125817681
1005003024924060
1005001288187192
4000580867381
1005001913490896
33030028608
32977262842
1005002168189724
1005002238185518
32886662573
1528619751
1005001821461332
32811904248
1005002700818344
1005001480297435
32705346812
1005002301088693
1005003310668976
1005003108680452
33002650947
1005003222745589
1005002201158508
4000386088508
1005002952285701
1005002489533350
1005003327858305
1005003050685816
32882249554
1005001828609709
1005001793841920
1005003296445540
32981323308
1005001639416279
1005001764151257
1005001676976208
1005002821979555
1005003129400856
1005003215865906
1005003287385189
1005003328567656
4001107656783
1005002716536118
1005002016361700
1005002193978480
32953716323
1005002253581390
1005003218609742
1005001357006458
1005002927555159
1005003270004252
1005001274475788
4000209300014
4000387082934
1005002317397307
4001124269485
1005003379507360
1005002789383169
1000001992109
4001286411992
1005003116071457
4001093848565
1005003172188534
1005003246525067
1005002823355277
1005003208440986
1005002655167669
1005003305792314
1005003076513642
32849644167
1005001865848437
4000321600658
1005001799072630
1005003276544350
1005003225076776
1005002732065449
1005003130310246
1005003193293804
32261725950
32961358913
1005002302927866
1005002664254750
1005001761712416
1005002559108131
1005002722813047
32963551026
32800202786
1005003172978192
1005002795378406
1005002318212883
1005003129740012
1005003142302327
1005003295107065
1005002627739837
4001360630079
1005002608774982
1005002789583716
1005001797389444
1005002739040214
32713913615
4001063745190
32861464512
4000162427027
32951493453
1005002313805858
1005003062267255
1005003192341873
1005003391186889
32853179690
1005002615987482
1005002377682001
1005001685682505
1005002016927577
1005002670776183
32612207131
1005001585444156
1005003294850212
32919437224
1005002852568235
32699413558
1005001699224515
1005003325660623
1005002309209758
1005001968090935
33053389043
1005002510758233
1005002540890437
32975963485
1005003135403635
1005002352223710
1005003335144215
1005003149814673
1005001830701687
1005003268632012
1005001822521044
1005002841460454
10000061979453
4000602343283
4000491613700
4000771974001
1005001478716149
4001299817756
1005001560360052
33038623904
1005003165403473
1005003028129850
1005002834716632
1005001867315543
1005002077651949
1005001709092786
1005001581240313
33001327669
4000526471207
1005003332051347
1005002815050118
1005003103282209
1005003331549739
4000969159459
1005001824634317
1005002935581688
4000074558197
33010509563
1005003275166957
33021841086
32825649198
1005002141281935
1005003014573949
1005001914708782
1005002870416082
1005001519513840
4001333572625
1005003126870340
1005003097338318
4000865429290
1005002959003503
32985214405
1005002295000174
1005002212334703
1005001636882015
1005003059111111
1005002594139894
1005002532137778
1005003252682924
1005003047928401
1005001550012012
1005003376012338
1005002281989066
1005002502371116
33008011116
1005002350833218
1005002829092020
32978012695
4001356934347
1005003027189362
4001279981511
4001265495919
1005002990486113
4000784324429
1005003088242662
1005002828108430
1005003149825591
1005002639210443
4000726500926
1005003125109528
1005001750871339
1005003296854987
1005002899383697
1005002534911311
1005001993554164
33023209823
1005001640076027
1005003352940963
1005002676677243
32868370104
1005003363990476
1005002524069448
1005003192282090
4000480569455
1005002751349592
32962575580
1005001981608563
1005003222745589
4000090512193
1005001861137355
1005002897450319
1005002857169933
1005002878399399
1005001666191779
32581024876
1005003305423871
4001284239424
32945578751
1005001901868133
1005003219677868
1005002788535465
4000990425173
1005002413471042
1005003097060818
32836366402
1310013908
32958208692
32913608578
32967691539
1005003071824798
1005003372888068
1005002954093588
1005003269064088
1005003081385926
1005003317754850
1005002809373987
1005003041970709
1005003385012790
1005003224197896
1005003164408878
33004962903
1005002526690963
1005001582235849
33032049375
1005003141284633
1005002140270788
1005002297562303
1005003213223933
32748506340
1005001799116621
33029347514
32829074284
1005003032052415
1005003350014514
32807266839
1005002084418832
1005001623210096
1005002945184528
4000983904111
1005002820375234
1005002848988338
32949738699
1005002623136526
1005003208918020
1005003344875084
1005001411792226
1005003367861014
32846630771
32901270898
1005003266109551
4000135437523
1005002687072888
1005002813569026
1005003379260173
1005003328530215
1005003365058915
1005003069483189
4001158851279
1005002004652853
1005003391537615
1005003281902347
1005002587408519
1005002116213753
1005001991987478
4001006710996
32797959394
1005003269972224
1005002282573077
1717234126
1005002842730925
32950405295
32960011640
1005002810361227
1005002815079027
1005003276649150
1005002129895430
1005003331018266
1005003025721611
1005003273621745
1005002900724893
1005003198287304
4001072363057
32992319066
1005002997654595
4000802240532
1005001273591578
1005003312531968
32984743961
1005002094316785
1005001934709059
1005003030759111
1005002376075064
1005001663694896
1005002639550774
1005003243067153
1005003311426813
4000750600338
1005003286143507
1005003034453934
1005003067754567
1005003283448287
1005002529771033
1005002766392771
4001077207279
1005002461165608
1005003160335957
1005001832168083
4000828126296
1005002338667396
1005002180993195
1005003337975321
33017189415
4000360456119
1005003300695933
1005002523177458
1005002186029782
32793128284
1005001923837320
1005001863588495
1005003362187397
1005003316418771
32814302941
1183363552
4001291979223
1005002531018569
4000628996687
1005003165403824
32993141616
32950736913
1005003202750673
4001241440161
1005001730714066
1005003337554568
1005002950557642
4000851090085
1005003344927307
32982362326
1005001785574616
1005003338040120
1005002885390689
32832334527
1005002288445953
1005003298962003
1005003303151574
32956077009
1005001858881993
1005003242854199
4001237520318
1005003269916788
4000710073455
33012812315
4000707296532
4000937456643
4000005844495
1005002197991363
1005003368553494
1005003002069311
1005002338657618
1005002398796311
1005003337898155
1005002695645622
1005003299880723
1005001774830302
1005002408066765
1005003328004840
1005003297636446
1005002963198520
1005002571509512
4001229671902
1005002334991996
1005003124882127
32758494712
32976783659
32843277619
1005003225949780
1005001895983270
1005002260875695
4000317973007
4000320545667
4000625246022
1005002548548040
1005002960225160
1005002957066375
1005001601906833
1005001895065449
1005003167763778
1005002276993901
4001004747476
32963912258
4000098250037
1005003290955386
1005002681246266
1005003102537873
1005002026818954
1005002448352291
1005003124941314
1005002814928790
32951865827
1005002449720165
1559069093
1005001789144773
32886096310
1005003010407232
1005003347936243
1005003349884013
1005002641852067
1005002275430573
32964981738
4001211794132
1005002810534118
32794784597
32847897777
1005002589420540
4001223762861
1005002636434889
1005002475984298
1005003288059001
4001224562870
4001127799682
4001313839119
1005003319708470
1005002978191254
1005001893333089
1005002608898559
1005003339146520
4000978778346
1005003276932248
1005003354128926
1005002710516905
10000306182146
4001317685654
1005002628435273
1005002948305977
4001110474637
1005002970522611
33049466377
1005002745751218
1005002593132516
1005002692835609
1005002732044988
4000103904851
1005003337668405
1005003244358341
1005001833408186
1005003333416188
1000001500577
1005003259806921
4000734437843
1005002977632006
32859361714
4000798206139
1005003123685575
1005002892120487
4000842743232
1005003296285966
1005001349556479
33054442101
4000867083631
1005003222706048
1005002245985927
1005001915324281
1005003205211182
1005002313363689
1005002570690040
1005003006337263
1005002275306871
1005002293625558
4000867973652
1005003010654702
2004540463
1005003124890242
4001322545117
1005002888559324
1005002376377297
1005003041256141
4000662773734
1005003112460607
1005002615717754
1005002840422524
1005002205409056
1005003031115215
1005001704596106
1005002912778232
1005002231552441
1005002448048434
1005003221567284
1005002619938088
1005002835011424
1005001332780212
1005002476375577
1005001621038368
1005002410906342
1005002357672158
1005002805134351
1005003295823248
1005002382758891
1005003291412308
1005003005196003
1005003060295579
4000726677397
1005003113305996
1005002787788572
1005003263625959
1005002439934949
1005003325190290
1005002924168163
1005001786727472
1005002977091278
4000058344693
4001175013740
32895526582
1005002886218851
1005003111399413
1005003177145572
1005003367369203
1005003287058535
1005003001378752
1005002949413005
1005001970173245
1005002396619210
4000935517995
1005001950179320
1005003157328621
4001136082844
1005002318006768
1005001457668498
1005002206333521
32368160271
1005003331488918
1005002211964474
1005002965910103
1005001314840647
1005002882405653
1005001755870215
4000903686062
1005002594493723
1005002727391780
1005002920725079
4000252853294
1005002576247136
1005001958704531
32999696088
4000528144341
32883070037
4000180123784
32775094229
1005002122392498
1005003338204276
1005003383156779
1005003151202498
1005002668792409
1005003331199836
1005002569712422
4000834027097
1005002321306689
1005002165875625
1005002176418117
1005003161936907
32998909479
1005002526976643
1005003371155476
1005003017649706
1005002861341703
4000960632543
4000830741454
1005003361351475
1005002790621103
1005002589725530
1005003337519385
4000442365042
1005002136155619
1005001999550385
1005003039638433
1005002904736086
1005001757370587
1005002768854892
4000625453537
4000557234368
4001149943889
1005002823740611
4000353342323
4000922233948
33014011367
32860862272
1005002796816254
1005003122307898
1005002223565150
1005003172648831
1005002936266157
1005002637370835
1005001591133662
1005002100715659
4001180247361
4000017616801
4000160254942
33044612522
4000530281916
1005002721770832
1005003250599880
1005003219702038
1005002233719343
1005001570701710
1005003348281566
32970770099
1005002599673414
1005001775575993
1005003092557816
1005001593803189
1005003269110305
1005002702265656
4000216309523
4000844074461
1005003016617346
1005002715717826
1005002653000201
1005003055312351
1005002676158087
1005003135994231
1005002432827576
32948139821
1005002996374771
32805695677
4000155917115
1005003391233798
1005002673985504
1005001808399830
1005003354272006
32839666463
4000793711829
1005003222002963
1005003065342502
4000434004607
1005002001139927
1005002746106493
1005001903167536
1005002983717749
1005003233162854
32980872245
1005002336785739
1005003193331176
1005002051726636
4000523431651
4000762556504
1005003387458552
1005003257223858
1005003017296220
1005002204954231
1005001810680833
4001291151208
1005002600939638
1005002879044223
1005003217393354
1005002702631986
1005003005328448
1005003387383893
1005003263803854
1005002537746128
1005002152940535
1005003186915016
1005003051698654
32976228657
1005001819182053
1005003292089592
1005003335085258
1005001918594411
1005001452168086
32959915462
1005002313237215
4000437832451
4000265083143
1005003388418906
1005002500768090
1005003157459227
32823379570
1005003340446615
1005001561319353
1005002264867740
4000996852867
1005003089214532
4001229290406
1005003344765624
32957644390
1005002568807408
1005003328035405
1005002863268664
1005003161789094
1005003117213978
1005002397079192
4000772470164
1005002758236856
1005003365967983
1005002864961544
4000805408479
1005003021395414
1005003047143506
1005003292049977
1005003277854432
32963799475
1005002732232611
4001221887672
4000111643668
32871247609
4000689937260
4000313399106
1005003064476515
1005002515670035
1005002295332936
1005003095473687
1005002537860140
1005001698876113
1005002079384821
1005002902103009
1005002782752012
1005003303228361
33000708681
32962509542
1005002312205328
1005002990882569
1005002617351970
1005002438944076
1005003092623725
32850403735
1005002989658490
4001130768381
1005002924498167
1005001973257837
4001061314224
1005003327410894
1005003367057961
1005002104078836
1005002579854211
1005003381427701
1005001452973374
1005003198047025
32832090154
1005002938833788
1005002522258199
1005003036072878
1005003167484654
1005003146770859
1005002666201550
32851045793
1005003098673808
4001361558106
1005003183497533
32952068644
1005003262039929
1005003373017311
1005002607596518
1005003096255755
1005002018250051
1005002007938547
1005001367596986
4001027953860
1005003323374162
4001121179510
1005002523387520
1005003336172873
1005002606082480
1005002615819255
1005002305866113
1005003294104336
1005001680595272
4000261169614
1005001340049251
1005003147918264
1005001478873452
1005001688207141
1005003293031651
1005003139449789
1005001592553058
1005002481249219
1005001297958239
1005001500246996
1005002915788313
1005003100340690
1005003166133822
4000524748398
1005003203867867
1005002941923409
1005001830233454
4000460125686
1005003391426069
1005003003500531
4000333291198
1005003139683450
1005002885550365
1005002313574706
32840559831
1005003086829886
1005001868456806
1005003214162730
32873091522
32922545588
1005003130657823
1005001496912054
4000088190578
1005003314608621
32282508869
1005003015355012
1005002784775929
1005003304064031
1005002802182501
1005003027451035
4000484531510
1005003133237141
1005002313588594
1005002344993373
1005003263855004
32953658528
32948023385
32970377860
1005002122469160
4000370284509
32958850953
1005001501165883
4001239133778
1005002488697885
4000592946774
1005003350284738
32917530875
1005002816241758
1005003336766020
1005002679979498
33039464332
4001289435281
1005003365355479
1005002282027289
10000400070385
1005002707533327
1005003337731405
4001321991406
4000500953866
1005002388382241
1005003103373097
1005001451813489
1005003108244345
4001196101046
1005002510348574
4000143942553
32957308324
1005002908949546
1005003149546162
4001214223832
32954993628
4000009579874
4001276982266
1005001670629008
1005002778659138
4000273103905
32780203805
1005003234407026
1005003171314269
1005003033132034
4001239882257
4001037394644
1005003111528558
1005001808576366
1005003003266515
1005003333851112
1005003124546223
1005001707685663
4000474342995
32998778673
927280049
1005003391179795
1005002863592389
1005003015496482
1005002573342601
1005003179468370
1005003130670892
1005003275985239
1005002924317932
4000093592138
32874381498
1005003135250960
4000721357103
1005002345141426
1005002940274708
4000930095640
1005003270325462
1005003321951676
1005002378789281
1005002946665436
1005002754081110
32907024739
4000426563958
1005003120879871
32563830171
1005001611801329
1005001759801383
1005003066033216
32979676777
1005002487961021
1005001290376744
1005002559473289
32818748752
32973881415
1005003371221524
1005002350776625
1005001853423235
1005003131389196
1005003324264775
1005002469292166
1005003228048409
32982885781
4001078189718
4000623821653
1005001926619352
1005002553119452
1005001664562008
32824306775
32671771118
1005001602616001
1005002889544959
1005002885893423
1005001993998989
1005002802512142
1005003342823560
1005003101350282
32966028404
32779240207
32931302214
32961138834
32906682032
1005002974563040
1005003368021936
1005002361718790
1005002907511676
4001038541295
1005003012195579
4000794651843
1005003166335917
1005001743030837
1005003229614812
1005002132410261
1005002661993938
4000099179489
1005002200559341
4000966497819
4001147807097
1005002996964909
1005003005579028
1005002453277627
4001068243295
1005003009579384
1005002484950264
1005001644138993
1005002098750574
1005002732575216
1005002982300649
33044485041
1005002319408130
1005001483435192
1005002760049607
1005003220659978
4000374247510
1005002010787261
1005002008952612
1005002679349838
1005001413456691
1005002212004439
1005003339018538
1005003283850709
1005001679008689
32866979821
1005001764404377
1005003333400325
1005003319468515
32841787899
1005001380581905
4000274529345
1005001526570055
1005003044126641
1005001586963462
1005002317140063
1005001489354298
1005003305001953
32825307731
1005003335047141
1005003166705095
1005001818218207
1005002688999488
1005001703664576
1005003190995831
1005003003209096
33059945293
32905316343
1005003362872623
1005001693573343
1005001811014082
1005002406265675
1005003338256888
1005001834044972
1005003013023565
4001015150686
1005002557877390
32993964258
1005003083892207
1005002047801267
1005003354040118
1005003272164861
1005002553304380
1005002467088246
32662248804
1005003334837256
1005003090628636
1005002264599679
1005003006332450
32893880520
1005003163945816
4000218913781
1005002744743893
4001058611200
1005002809944657
1005001329606904
1005002605082129
1005001580257078
1005003332083743
1005002963050282
32865826608
1005003287442351
1005003144411498
1005001667991824
1005001829298611
1005003300522786
32777786433
1005002848762839
1005001775644667
4000182893735
1005001999220321
1005003235710487
4000079324673
1005002702684469
4000119096417
4000228465512
1005003168342914
1005002332253000
32859912555
1005001499428727
4000512662253
1005002639240142
4001354896225
32870024825
4000687088276
32919625318
1005003348143357
1005001600371007
32984178450
4000370046791
1005003356825375
1005003363531173
1005002816959753
1005003124981094
1005003341310500
4000293853148
1005003019466347
1005003013547886
32889353329
32959186417
1005003380796724
1005003251245004
1005003266053481
1005002508983510
1005003255594352
1005002951758890
1005003221287385
1005002614292582
32813698894
4000903655891
4001324444049
32816150093
4001236969210
1005001734792010
1005002004923238
4000808796097
1005003337536109
1005002872676196
4000734908394
1005001339096729
1005003064561325
1005002958040374
32969689655
1005003334029698
1696291427
1005003346008291
32967867496
1005003211492329
1005003251671797
33010198541
32950044356
1005003294753241
4000307035665
1005003264902488
1005003304690531
32886426635
32849963077
1005002343393251
1005001564912726
32865235417
4000180182992
1005002052737225
33029654842
4000734283533
1005003278807265
1005002260514071
1005002100891708
1005003167591690
1005002552048361
1005001422819613
4000156171957
33007442758
1005002181821459
1005002618544483
4000971418130
1005002717937700
32983435426
1005003294441056
1005002907625589
1005002275597472
32862908275
4001264813991
1005002120000327
1005002513241605
1005003327768912
4000894962970
1005003114594649
32978260504
1005002105528267
4000777746071
1005002947490607
32859696465
32878484721
4000106529002
1005002801534942
32845052498
1005001781244257
1005002587186121
1005002710055560
33000234394
1005002405231827
1005003382451762
4000158825913
1005002745454418
1005002098940792
1005001476168357
1005002293736138