1005002032780339
4001078082918
4001364722753
32328117388
1005002666160754
1005003148091257
1005003156172943
1005002675015939
1005002735818670
1005002175251633
1005003228167481
490764377
1005003114364261
1005002591297285
1005003329587627
1005002704525328
32953099744
4000498667017
1005002616618922
1005001546684716
1005003344212281
32815592730
1005002765622500
1005002398965314
4000844523235
1005002034862160
1005002205260659
1005003362090198
32376450702
1005001812340997
32931445937
4000799838963
1005003347553791
1005002878801584
1005003304954999
1005003224458941
1005003387431568
1005002802329161
10000055838572
1005003052031123
1005002667425521
1005002753424237
1005002931006952
4000601581875
1005003175857102
32602087273
1005001971537958
1005002991351711
1005002600941905
4000974418509
1005003332937638
1005003324762443
1005002700908645
32617877569
1005002495067820
32525683025
1005003064714089
1005003175017734
1005003139009455
1005002945299165
1005002863415029
32855708792
4000979128228
1005003335600722
1005001957539854
32618598629
1005002475752307
1005002304725312
33013776323
1005003197340681
32819349065
1005002767402391
1005003346478994
1005002906321097
1005002777365566
1005001368364624
1005003040932189
32682320757
1005002990602682
1005003003108779
32847148951
32980964821
1005002433208958
32946309536
32899634241
1005003227587697
1005002871837266
1005002404012999
4001161200784
1005002611409902
1005002111910349
32768250258
1005002991345428
1005003156148427
1005003388411904
32956582379
4000689155483
32679944599
1005002829076721
1005003012073515
1005001961587063
1005002136476182
4000034753400
32577462990
1005003333247617
1005003013986526
4001263675606
1005002869735176
1005003304989937
1005001638394452
1005001961081386
1005003162693396
1005002484029588
1005003055095819
1005002809912353
32833814927
4000843969772
1005001273183949
1005002352115626
1005003367807800
1005003370186011
4000898358763
4001193260264
1005002738556618
1005003324237962
1005001494637052
4000918180621
1005002295327852
1005002590352097
1005002701911969
1005003066204798
1005001731237187
32885370469
1005002489753628
4000989282110
1005003191741561
1005002477960658
1005001482459228
1005003198579317
1005002948105736
1005002537719403
1005003182639557
1005002852298453
1005003163752656
33019952139
1005003178075338
1005002350929562
4000570990922
1005003128948421
1005003251744115
32904793698
1005003129060508
1005003135798694
10000395910844
1005002590677274
1005001279976600
32721811124
1005002605706746
32889136392
1005002998483473
1005001345843582
1005002995897231
4000794479018
4000542726549
10000344010061
1005002933370725
1005002345126599
32970634936
1005003137115582
1005003247454492
4001080844461
1005002917437863
1005002642295807
32617825717
2009462654
1005003000715281
1005002960752187
1005002835773146
32915788649
1005003067083084
1005001458847222
1005002615962512
32879567611
1005003234954584
1005002880447308
1005001386290051
1005003368048016
1005002500159386
4000114860199
1005003014666108
4000579730352
1005003072366822
1005003228983345
1005002055633547
1005003289332098
33026244023
1005003187720310
1005002775370962
32780850476
1005003276929231
4001127813710
1005002274154259
4001270356286
32816466421
32910983914
1005003087862535
32862303738
1005002012862763
1005001977220552
32858104787
1005003314395881
32882237329
4000725336499
1005003330262723
32756883281
32889004070
4000363891718
4001038940468
32960165917
1005002994462208
1005002241567764
32855323940
1005001896459066
1005003304443638
32998464245
4001179273306
1005001616800465
1005002857036326
1005002293168904
1005003123363770
1005002199050164
4000003561973
1005003238866749
1005003025841525
1005003170397620
1005001949162601
1005002363558778
1005001798798453
32756045954
4000464121215
1005003146756250
1005001483958680
1005003039503997
1005003266630425
1005002069227892
32962929912
1005001596935555
32456424943
1005002870412725
1005002976849950
1005002744347005
1005003141029544
4001110810934
1005003351355748
1005002323085434
1005003027375290
4000902444090
1005002932546424
1005002754403076
1005003130173020
1005002541050350
1005002648239349
4001128741298
4000419806599
1005003019026353
1005003095166426
1005002524159305
1005003087929167
4001278745786
1005002974156007
1005002638629292
32847460779
32958353310
1005002074044890
1005001863949990
1005002678793695
10000240429329
1005003160831559
1005003381731534
1005002623717667
1005003181599844
1005003167130932
1005003387308135
32807289770
32857263556
32864633659
32717743746
1005002944825449
1005002984979873
1005003037913823
1005002340345837
1005002310712030
1005002492789239
32410778018
4001153408492
1005002838330139
1005002670627874
1005003258260615
4001028064645
1005002023394130
1005002776004704
1005001479172397
32704141740
1005003087339307
4000585341603
1005003162930020
1005003308451383
1005002685303064
1005001497895400
32812792399
1005002485249648
1005002070236545
4000646052032
1005001622239365
4001277657409
1005003001696098
4001334828867
1005001652055919
32862190684
1005001962444702
1005003283626224
1005003241584571
1005003123632647
1005002712079188
4000899972230
1005002275409017
33055374289
4001100788350
1005001581399962
10000002741155
1005001529911032
32371324139
1005002129202202
1005002624040838
1005002653334906
1005002096830210
1005001860153473
1005002864562405
1005003145092289
4000194211498
32873766847
1005003345134441
1005001841751191
1005003299997844
1005001491607451
32845888230
1005002987954005
4000643850310
4000114916186
1005003118191559
4000188809247
4001098970053
1005002642652397
1005002642263734
1005003391444299
1005001966327610
1005002732768513
4001038887423
1005003157298443
1005002773326393
1569497154
4000757029785
1005001351777867
4001186937633
1005002419570788
1005002671904399
4000382878671
1005003275025185
1005003317479473
1005003151404257
1005002244925824
1005003386314440
4000982544779
1005003217161995
1005002252736641
33038957225
1005002924007427
32897365927
1005003133258414
1005003208501584
1005003262139030
4000743888425
4001005152964
4000203564523
32682497185
1005003107518180
1005003180860785
1005002957411483
1005001296805921
1005002859112355
1005003367993747
1005002305617053
4000685812913
1005002313247665
1005002892460136
1005001690876136
1005003197103064
4001327098910
1005002393571190
1005002592034096
1005003019279261
1005001575409426
1005003103360066
1005002997352125
1005002395196232
1005003188081750
32973106809
1005003060937853
1005002790654550
1005003144613955
1005002661917114
4000974343348
1005003031706263
32824540424
1005003325169390
1005003337785479
1005002427403640
1005002502368656
1005002863779761
1005002877600798
1592444078
1005003103579268
1005003086999558
1005003090450568
1005003267220825
1005002648626768
1005002382121613
1005003339787632
1005003202032970
1005002674177793
4000298954949
1005002232740322
1005003345524003
1005002237851216
1005003303392125
1005002204855332
1005002559803731
4000139325671
33001312700
1005003324655562
1005003014817526
1005002760915570
32887884098
1005001350422911
1005003365301325
1005002247292214
1005003240089754
1005002978975111
1005003058488083
1005002698371601
4001208552056
1005003197170168
1005001556882919
32405397228
1005002359067561
4000616204249
1005003195482176
1005002583005939
1005003242318772
1005002740883025
1005003396464330
32992884089
1005002353319917
4001035653939
1005001861816220
1005003025956743
1005003292075289
32887819185
1005003385939498
1005002935848293
1005002632057454
4001231412558
1005001570377059
32964318332
1005002828615155
1005003291762239
1005002353281796
32972692824
32847271717
1005001800564178
1005002891201520
1005002992984925
32973651367
1005002442668180
1005003113038490
4000861037473
1755695581
1005002792024703
32654252379
1005001689766599
1005001971377561
4000898470719
1005002241668573
33012812128
1005003117280473
1005003287892004
32834464934
32716810182
1005001793052396
4000094688948
1005003208540431
32813234231
4001244940291
4000988247035
32885229631
1005002387874137
1005003002526863
1005002907450916
1005001581099752
4000859759467
1005002787750727
1005002258134951
4001009246476
32815492250
1005001499037636
1005002809328888
32842639256
32821576160
1005003330340733
1005003083889700
32947262673
1005003188838240
32687851605
4000056917202
1005003285526585
1005002333145781
4000286725785
4001313789255
1005003349349854
1005002637717060
1005002266323078
1005002284338967
1005002912034547
33040163087
4000499140828
1005002698173186
1005002064051563
1005002550908888
1005001380262031
1005002037717124
1005002648690452
1005003236414205
1005002321833784
1005001905309006
32814132725
4001047983281
1005003087135784
1005002789149727
32728758840
32888350167
1005002382999864
1005001666335790
1005003160654498
32814145201
1005002906847394
1005002864198982
4001227613453
1005001713483692
33046773583
1005002876253620
1005002662035789
32872027990
1005002110146494
1005002287175782
1005002549575426
1005001822040148
32809370099
1005002085421461
1005002519159376
1005003172131152
4001034262659
1005001413685670
1005003042626331
1005003387785378
1005003197745994
1005003211439963
1005003308905865
1005002341469009
4001290990833
32993119853
1005001504687250
1005002843191973
1005002254790680
1005002466848672
1005002608945219
1005003134779095
1005002023479359
1005002049973158
1005001611449504
1005002317795735
1005001792941875
1005003025133837
1005003332154885
1005002816974700
33044916260
1005002840923498
32860508594
10000404600020
4000176065253
1005002878731791
1005003309032672
1005003146997724
1005002998486039
1005001591453998
4001039299495
1005003262247152
1005001848151413
1005003042135343
1005001566245423
1005003366761057
1005002347010106
1005001967225227
32654907991
1005003310997054
1005003118849561
1005003043052421
1005003260749631
4000123853849
1005002679160436
1005003335941712
32966213066
32770976089
2052559937
1005002321104615
1005003269606578
1005003113559374
1005003107636454
4000276153344
1005003223788110
4000671244084
1005002227902667
1005003030937175
1005001695245109
4001130508308
1005003345621765
1005003363266551
1005002968012894
32869466312
1005003368291940
4000129724106
4000970788762
4000192183363
32666202452
32693405797
1005003015813485
1005003017481197
1005002467115039
1005001947990510
1005003242457932
4001359546287
4000062449090
32869974021
1005002003469144
1005003112936695
1005002310561767
32958727103
4001244637442
4000273585092
32996266632
1005002539395756
1005003050034533
1005002317568779
1005003210414797
1005002775462960
1005001560621466
1005001932899730
1005003085732930
1005003212456686
1005003069471598
32906097148
1005003150040628
4000316890061
4000582638328
32668660083
1005002863821566
1005002605603802
1005002808439606
1005001308889583
4001228502144
32530102508
32761887504
1005003303826154
1005003289983143
4001131790084
1005003040509571
4000879442755
1005001709391002
33058447981
1005001731176530
1005002536578506
32951028772
1005002779898308
1005003050629944
1679967006
1005001947469623
4000779198016
1005002744661317
32641757367
1005003136335755
33030049260
1005001893531380
4001296985800
33000967106
1005003331550937
4000586449992
1005003325054214
1005002718960971
1005003382894894
33016779756
1005003106408109
32982660231
1005002947339530
1005002297547008
4000626675243
32465663771
1005002636377679
4001216983798
10000136378911
4000386888666
33011952967
1000001477673
1005001335765770
1005002254790680
1005002651879083
1005003359361922
32995450385
1005003197634281
4000360298741
1005003156609076
4000677124342
33018297166
1005002909935862
32894755143
1005001622004985
1005002666921741
1005003148184751
4001119321897
32909000877
1005003058976399
1005002322522419
1005003197693125
1005002787455641
1005003070323149
4000945280162
1005002270610804
1005002340227749
1005003334801517
1005003154378465
1005002640965101
33007967403
1005002756718273
1005002577213041
32845467854
1005003197691770
1005001571839837
1005003019135710
1005003308817369
1005002352358544
1005002947721699
4000381075901
1005001780901588
1005003271799927
1005003223293011
32831706337
1005003066964047
1005002318352532
4000181374615
1005003294712079
1005003208932638
1005002926593291
32892370893
4001138380482
1005001684849558
1005001369466128
1005003306189288
1005003182219484
1005002270838603
1005003354382869
1005001268504396
1005003078853395
1005002395525212
1005003146449832
1005002813482309
1005001628395017
1005003161510749
4001224617361
32417528677
32852101400
1005001959925033
32790953645
1005002859374134
32409485984
4001071970929
4000755360495
32918326016
32890474946
33029544762
1005003208492576
32831574284
1005002880010635
4001128143004
1005002752658834
1005001991940217
1005003271029396
1005002856231598
1005002543440098
1005003192929537
4000207324976
1005001960845520
1005002412101829
32430223754
32981653551
32981998069
1005002394491148
1005003265195682
1005003170392915
32214011846
1005003336610141
1005003344145766
1005002865100972
1005003336525917
1005002282389967
1005002365535765
1005002870425336
33014642908
32855055519
1005003161376647
1005001907665394
4001272731742
1005003273521896
1005003090451966
4001269005287
32703559334
1005001459983895
1005003299187383
1005002795289073
1005003255367150
1000008359797
1005002432417093
1005002758988800
1005001543988918
1005002612410634
1005002857585473
1005003296943469
1005002754266624
1005002256399651
1005003208518172
32950419735
32972522135
4001164046274
1005002667864981
1005003136752108
1005002861806386
1005002948255369
1005003322466519
1005002107469091
1005003326224831
1005003259348364
1005002937926427
4000386592941
1005003341396987
4001139674472
4000989473696
32705069959
1005001303692982
4001160182183
1005003038294492
1005001882193048
1005002708167964
1005003195961471
1005003222928013
32949076841
1005003157459722
1005002220394150
1005002755694656
1005003268740911
1005002973913354
1005003211335058
1005002624396500
1005001877554743
1005002948410052
4001253753633
32833690245
1005003277875568
32919477600
1005001567485803
1005002759317522
1005001270720542
4000043380149
1005002510809267
4001149545160
1005001857992866
1005002341786374
1005001411999848
1005003317317783
1005003212476355
4000059390289
1005003219724484
4000109424171
1005003265547756
4000907479604
32959300314
4000741906695
1005002977899652
1005002958480204
1005002475471182
1005001425297966
4000825362703
1005002843181334
4000157999157
1005001890727723
1005002700362786
1005003064240070
1005003159087447
1005003017030581
4001162328767
4000668150035
1005001997411313
4000850459576
1005003359356754
1005002562804842
1005002504367371
1005003135665683
1005003171995951
1005002474770430
4000564428551
1005001823912689
32990982784
4001022706543
33040440753
1005002603982782
32981829009
4000506452332
1005002984903673
4001080147585
1005001543206895
1005002468809462
1005002625892783
1005001816572881
1005002840055966
1005002728102937
1005002571340041
1005002939832104
1005001604374273
1005003044640666
4000207975845
10000345063180
1005002778934028
32809676668
1005003199495862
1005002644363191
1005003087757612
1005002679278300
1005002878906202
1005001633246907
1005002475571872
1005002475352951
33012084084
1005002855354761
4000153673499
1005002984191366
1005002857337922
4001267852118
32831146317
1005003217853477
4001175787209
1005002781890201
4001178162859
1005001952245192
4001036616216
4001280423405
1005002834252455
1005003055215178
1005003334684498
4001124765092
1005003102820606
4001132273168
1005003319629791
4001284903612
1005003129334876
1005003130234097
1005003241919332
32822914556
1005002272350198
1005003157212538
1005003069566937
1005002647257463
4001084083492
1005002682699455
32380785327
32869312689
1005001441427380
4001214326592
1005003133880541
4001294438799
1005002693543790
32463868462
32631442160
1005002567947443
1005003129331242
1005002008792483
1005002139829540
33031367390
1005001371232086
1005002799431207
32931638431
1005003203020435
32855032370
1005003313816933
1005002862855327
1005003289298739
4000084841171
1005003335679730
1005002960590631
1005003010495392
1005003023440655
1005003265025755
1005002478656028
1005003161614212
1005001685609748
1005002957007603
1005002096988500
1005002351971753
1005002753364168
4001350906595
1005001952156039
32896420014
4001230410164
1005001493068182
4001143864743
1005003153857990
1005002938705380
1005002967371900
1005002122251941
32870442052
1005002937836568
4001206951221
32669884587
4000004877369
4000024082740
1005002110907329
4000388888188
4001288172444
4001217258528
1005003039257743
4001085042887
1005002221045046
1005002636008575
1005001718893193
1005003036072878
1005001356590995
1005001279282732
4000594719950
1005002297314096
1005002481065828
1005001540955556
1005001608475813
4001007835000
32810249641
1005003302368802
1005003193776214
1005003331535640
1005002605176483
1005003226747398
1005001430375868
1005001638660101
1005002259909628
1005002206347933
1005003223494839
32850313162
1005002864524846
4001015097132
1005003341889166
1005002284790140
1005003000348012
4001216976873
4000252244464
1005002333416822
4001158745312
1005002483714487
1005002097625321
1005002166320229
33048619279
4001203525101
1005002139109320
1005002433574278
1005002278020622
1005003037396497
1005002899891201
32898166854
4000860607863
4001051557109
1005002984809999
32988631033
1005002494168362
4000990519101
1005001475746258
4000922005548
4000323944239
32820100681
1005002914322530
1005001391638108
4001116932830
1005003274108983
1005001915069482
1005002513342954
1005002052090160
1005003237690458
1005003247671332
4000631126791
1005002494684883
1005002401413689
4000190883450
1005002739170278
32910879851
4000699466494
1005003245676167
1005002334947058
1005002823447291
4000197975042
1005002551602242
4000808990404
1005002477943765
32720902835
1005001392083064
1005001988718286
1005003257529872
1005001267323527
1005002810241859
1005002350724210
4000240593832
4000097539206
33016545169
1005001870492839
1005001798335522
4000169567152
1005003000289901
1005003336167189
1005003006279743
1005003313216878
4000207231998
4000642470935
32797189525
1005002223932226
32974737909
1005002963474961
33015176936
1005002996490415
1005002208135872
32546572727
32852282742
4000517818022
1005001657737097
1005002172256578
32847680496
4000884742678
1005002122280775
1005003337289391
1005002314440292
1005001610124063
32968232903
4001032702949
1005003067755978
1005002612610122
1005001818730893
1005002230085648
32859357235
1005003382412444
32860117278
1005003263881400
1005002890735510
4000122198453
1005001552132898
1005002762435490
1005003121142664
1005003246169073
4001050242347
1005003160177945
1005002594322955
32640733622
4001041847517
1005003223829993
1005001683467019
4001278947496
1907982774
4000007873014
4000690800182
4000199806642
32922756364
10000401882347
1005003268480863
1005002913641620
1005003305791332
1005003109864364
1005001632177661
1005002924927716
1005002882855813
1005001902613927
1005002931838939
1005002506785277
1005001297573148
1005003374633762
1005002549620376
1005002408185284
32848960662
4001164479371
1005003345947772
1005003363475514
1005002643850906
1005003031718820
1005003275787562
1005003127875051
1005003104761818
32894410658
1005002605514806
1005002793591862
1005002840341949
4001236164115
1005002924023079
1005003011760933
1447654355
1005002945762284
4001163142475
1005003219449455
1005003268261583
1005002282071180
1005002675417885
1005002834637284
1005003221000028
1005002649584801
1005002543362193
1005003278359187
1005002977100810
1005003082875283
1005001483713492
1005002751823067
1005002875843287
1005003086894290
4001058356442
1005002600580352
32999035681
1005001670832038
1005003238672049
1005003044404315
32428656844
1005003158094688
1005002862625635
1005003051318674
4000768299760
1005001625837452
1005002888346878
33009630470
1005001459340264
1005003183155830
4000259524472
32959871664
1005003338874784
4001096183525
1005003273167666
1005002023373770
4001110829691
32827104454
1005003251962998
1005003391208915
4000965396762
1005003048517415
32857960639
1005002523227689
1005003290538117
1005001793837599
1005003309920198
1005002823150541
1005002869660855
1005003252328064
32931489759
4001083670746
1005002816129461
32920170685
1005003346054115
4000768277799
1005002446797386
1005002377413448
1005002230111716
1005002286230215
1005002643875068
1005003258583674
33002926378
1005002133057563
1005002345838029
1005001907694972
1005003180535505
1005003104507883
1005002441883672
1005003354977704
33045402145
1005002579032246
1005003358854798
4000476774134
1005002929235184
32737284294
4001233234551
4000723124392
4000704339188
32861588855
1005002682674934
4000283365202
4000720169564
1005001744992330
1005002932331511
1005002856336544
1005001438811860
1005003036562359
1005002440000547
1005003039463033
10000397732078
1005002289494132
1005002301496629
4001270348083
1005002357535563
1005001391638108
1005003351936212
33001143970
1005003108775491
1005001704277254
1005003156594584
1005002837694769
1005002949218289
32923483486
1005002461874872
1005002515856473
1005001556508252
1005002703192240
1005002275716569
4000197975042
4001242012796
1005002645785715
1005002461079355
1005002288021145
32947355547
4000785965878
1005002520652212
1005001505880033
1005003309529942
4000523087217
1005001666668597
4000421488017
32992313121
1005002756764313
1005003383387308
1005003014741003
4000098296019
33001321851
1005003140264982
1005002185747016
1005002298494684
1005001587794124
1005002556368020
1005003327356585
4000384553154
1005002366188875
1005001414531922
1005002630773432
33012397214
1005001489702358
1005003209160669
1005003130660143
1005003145794703
1005002086487015
1005003297724437
1005001381773331
1005002609888537
32904618692
1005002651470647
1005003066057235
1000001502894
32952579660
33023556112
1005001946572995
33033455906
4000415269789
1005001949426303
1005003208525465
4000726718702
4000672428721
1005003118182010
1005003135658206
1005001346790014
1005002085166578
32850295996
1005003026367048
1005001288205541
1005003314295029
1005002350148432
1005001552614807
1005002547432058
1005003365592409
10000383245735
1005003275300746
1005003082264970
1005003174277581
1005002621961062
1005002490904951
1005002674955671
1005003147838651
1005002642708217
1005002803735659
1005003172697607
1005001973325614
1005003302188734
1005002423776934
1005002301096351
1005002448085552
1005002605205262
1005001937576109
1005001921098177
4000308897055
4000535463942
1005003187265134
1005002397738357
1005002777558220
1005002657817851
1005003314258248
1005003100399962
4000068673237
1005002927198746
4000614234364
1005003004416991
1005003340924899
1005001825243322
1005002306637483
1005002552902049
1005001931751556
1005003362819425
1005003145648713
1005002388845530
1005002398632337
1005003007970924
1005002778471995
1005002223204418
4000443288420
1005003039593276
1005003275650469
1005002558834198
4000272829380
32458629036
1005003328812053
32600711996
1005002864833598
1005003362916592
32950013129
1005002578843001
1005001474943674
32697036618
1005002086096079
4001230811048
1005002695003534
1005003032837083
1005001882660398
1005002109629375
1005003308244638
4001074780117
1005001963260017
1005003261779982
1005003255467780
1005003343971445
1005001806202028
32905310992
1005003025451004
1005003117197960
1005001952210903
32880414557
4000137990902
32512671111
1005003303834852
1005001463889342
1005003293318934
1005002604706082
1005003338941461
1005002834832540
4000907387527
1005002459359254
1005003132121470
33018645357
4001365943328
1005002273164577
32931185890
1005003067803119
4001211895011
32820819850
1005001909606427
32968891682
1005003310076085
32746002782
32975615754
1005002571280274
1005003366408634
32822822658
1005003299661313
1005002567656624
1005002868964380
1005002279374405
1005003040968440
1005003016636805
10000004064161
4001304831205
1005002381746771
32868869146
1005003173138999
1005003280352239
1005003084956523
32975964312
4000632982558
33009044813
1005002924411481
1005002504723489
1005002313185373
1005003272106812
4000461247536
1005003345283743
1005001532212178
1005002711213271
4000289482987
1005002020225158
33019405524
1005002532956227
32839520894
1005002292547891
1005002348199718
1005002459382789
1005003337700888
1005003157624679
1005003060202135
1005003320587304
1005002133792131
1005001725498205
1005002907509700
4000364359015
1005003380675308
1005003366536937
32907237220
4000847963579
1005003030135365
1005003227316232
32978386066
1005002543258381
32972013185
32947008939
1005002213886271
1005002848145826
4001141868906
1005003337630102
1005003247181573
1005003167059876
1005003216045860
4001152835374
1005001980722476
1005003204299237
4000556976607
32773235053
4001028683100
1005003291794172
1005003118721658
32365489555
1005003233729560
1005003382361778
32803485426
4000585225180
1005001965609704
1005001987268858
1005002378779576
4000163219384
1005003352315076
1005003112387786
4000001696910
1005003320644377
1005002106058575
10000219918916
1005003060462313
1005002788764772
4000943783237
4000039200647
33022838845
32770629060
1005002612928618
1005003219448783
1005003217014431
1005001506847503
1005002368679632
1005003202860788
1005002868482683
4000078738021
4000299905150
1005003374294997
1005003064601607
1005003146475865
1005002693578795
2047828870
4000927581205
1005003275408034
1005003196736893
10000004118432
32885269602
33037895675
10000400053038
1005003047296534
1005003234822119
4000920141680
1005003251867095
1005001611300335
4001252097257
32875707221
1005003285575359
1005002448001253
1005003012560600
1005002965456888
32957557345
1005001441269948
1005002947798864
1005002592488384
1005002637143356
32855046438
1005002546670678
1005002513434762
1005002729572376
1005003342527357
1005002914696512
32983310012
1005002969585743
1005002291292663
1005002193983107
4000344155770
1005001803607363
1005002855072036
1005003014549533
32967098574
1005002357015019
1005002651861907
4000921007206
4001247424751
4000505567221
4000345828244
32970674271
4001084063499
1005003365927295
1005001764275019
1005002094074762
32666682220
4000921923483
1005003032484040
1005003009789432
1005002662072862
32992155830
1005003308194506
1005002650103728
1005003170255478
1005003217475996
32817628585
32872263966
1005002976491828
1005002335366372
4000912874413
4000610727569
32898877110
1005002664248598
1005001830277885
32319836735
1005003201503693
1005002944428183
1005002684017623
32892260135
32735286079
4000015779272
32822734525
1005003273279195
1005003361594178
32858315576
4001306098095
1005001305262585
1005002984560962
4001146063075
1005003098144645
32702493600
1005001602641018
1005003006328823
1005002362949681
1005002967040574
32970882652
1005003198837118
1005003262753796
4000895477513
1005002530832967
1005002833751921
33042462022
32952164755
1005002039754693
1005002861808971
1005001999120460
1005003121036774
1005003201212534
1005002869839670
32880245351
1005003032594116
32983265655
1005001406893101
1005002983216208
1005002069154324
1005002920421745
4001066623236
1005002635141074
1005002897934447
1005003309666348
1005003021351797
1005001949472915
1005003266915457
4000772347437
1005002630877930
1005003144356911
1005003155870091
1005003193366394
32964212520
1005003367649258
32981063377
1005002590331513
1005002288701428
1005003391478295
32829132116
4000901530800
1005003219817251
1005001394209053
1005002932111123
1005002536525703
1005002070700540
4000559210877
4000696658703
1005001575257920
1005002642622009
1005002744786974
1005003374309613
1005002906201144
1005002772363908
4000725638753
1005003060212548
1005002612937133
1005003366189843
1005003192278435
1005002034243226
1005003027290246
1005003355484243
1005003018357067
1005003020927701
1005002717142831
33000706667
1005002707501524
1005003223795905
1005002797567941
32848511915
1005003344663154
32894300795
4001153473094
4000250813577
32892910480
4001296029881
32299361420
1005002796481543
1005002531712909
1005002824757523
10000395853504
4001230405257
4000336892618
4000866744416
1005003019417993
1005001765742969
1005003033023624
32957395690
1005002854557148
1005002450801277
32760002070
1005002613938830
1005003328436708
1005001747993592
32792935572
33060318676
1005002605509470
1005001834843398
1005002003442746
1005002794841862
1005003168206208
1005003222908659
32573568734
1005003161389348
1005002475198611
32973199205
4000022499358
1005001688896075
1005002297860654
1005002588982882
1005001894138631
1005003305779353
1005002076574594
32954464927
1005003006234954
1005003265400318
1005002997853094
1005002313798496
1005003130258441
1005002689290042
1005002944812126
4000059722419
1005002937687241
1005002826149603
1005002184351844
1005003364561758
1005002828459018
1005002810267287
4000895297717
4001006703856
1005003090077719
1005001853797687
1005002716781660
1005002760391324
1005002031825627
1005003317029581
4000990900301
1005003152090118
1005002631251329
4001223378877
1005003103214127
4000790378564
1005001937740800
1005003347228519
1666480954
1005003212138463
1005003167418876
1005002282701948
1005002330464669
1005002433725716
32799669176
4000817431085
1005002011567705
4000982845313
1005002430853054
1005002880693892
1005003277500245
4000212836421
32820763547
1005001781974406
1005003031306197
1005002582980310
4001167597951
1005003370387424
33013539801
1005001561977533
1005003020749635
1005002461038751
32697119225
1005003179445342
1005003353906973
1005003222423542
4001039284574
1005002960851117
1005003341713771
1005003242374386
1005003266222438
32787715553
1005002206771236
1005001279155184
1005002224851027
1005003206445443
32941237460
1005003201673201
1005003103128076
1005003339489448
32791610142
1005002410220611
1005002754359097
4000941514736
1005003198719935
1005003095642462
1005003304362084
1005003227942199
1005002224523164
1005003348446180
1005002575912778
1005001865598057
1005001799264666
1005003087014279
1005002266396720
1005003244636850
32348852791
4000116895452
32964774073
1005003269672558
1005002789924287
1005003213714390
1005002317403501
1005003064859538
1005003262900140
33061558044
1005002869897049
1005003016862909
1005002240500449
1005002940088322
32843905715
1005001441397791
1005002673539773
32915587830
1005002863451978
1005003156811615
4001119765613
1005003070499655
1005003323730491
1005002812797201
1005001447537413
1005001619963490
1005003191894734
4000122330896
1005002290949553
1005002591594001
4000859424273
1005003252342247
1005001914588678
1005003264986128
4000828069821
10000069486404
1005002642515800
1005003184396929
1005003310914719
1005002453493764
32287231700
1005001599089145
1005002649753203
1005003016271148
1005002065209036
1005001630819997
1005001344667768
4001191753351
1005003102815379
1005003307083584
1005002502988034
1005003137261798
1005003312836884
1005003123494174
1005002711533697
32968641862
1005003392766922
1005001346316724
1005001451568397
4000160523065
4000606883064
32999584749
1005003359920130
1005003309922253
1005002924966107
33044709737
32823106757
4000979429791
1005003352551921
1005001896364125
1005001731271220
1005002066199412
1005003333697820
1005001474875769
4001129201834
1005003274329864
1005003189827381
1005003314176577
1005003090220685
1005003305156582
1005001808595921
1005001776743633
32852134383
32844145246
1005002366446328
4001338596956
32970223737
1005002956976703
1005002669565513
4000504292306
32869547984
1005001681863629
1005002943919276
32280876272
1005002971207309
1005002047039790
1005003061418141
4000906202799
1005003049242122
1005003041970826
1005002307301220
32839421576
1005002119026010
1005003278278464
1005003111352635
1005003262909903
1005002792187083
1005003237572546
1005002692252435
1005001588390097
1005003265437949
1005001671062696