32396631421
1005003136035976
1005002655352853
1005003285813587
1005002474339181
1005003337720731
1005003020727607
1005001829159257
32821101175
1005003091959931
1005003031025669
1005002359417743
1005001559987642
32956162060
4000111385692
1005002607347435
32951634585
1005002134469634
1005002864391117
1005003013782825
1005003387455125
1005003063868300
4000856758272
1005002077407654
32694234337
1005002124097347
1005003009515362
1005003337377361
4000410285250
1005003384166321
4000437099023
1005002642599013
1005002827060827
1005003305709365
1005003049874588
1005003178118705
4000842880482
1005002330409494
1005002274184048
32757666703
1005002591970438
1005003139219192
32752844487
4001296890180
1005002755978470
1005001395865976
1005002922634196
1005003014609825
1005003202759988
1005003242195868
32971703717
1005002990311825
1005002304420842
1005002815983266
1005003129354965
4000599022687
4000720104234
1005002314178496
4000895078139
1005002827251330
1005003304739227
4000376200554
4000115021604
1005003224189956
1005003276483962
1005003210603770
4001252526333
1005003167202725
1005001580121445
1005001550665985
1005003163984414
1005002007313053
1005002107251769
1005001631697972
1005002132443435
1005002883330355
1005003275390956
1005003080615788
1005002286317027
1005001466402929
1005003219456959
1005003266360178
1005003076091932
1005003313730919
1005003337594955
1005001860402223
1005001908322088
1005002883916195
32861771518
1005002651862861
4001347193291
1005003244677081
1005002070012368
1005003191490461
4001058132444
1005002598838381
1005002409023400
32838511191
1005003339897573
1005002889975732
4001263819433
1005002357489664
1005002877389992
32961410868
1005001591978276
1005002821218364
32870771647
1005002747336616
33035320132
1005003310520445
1005002393325250
32906585079
1005003235431847
1005003031072555
1005001688229966
1005003092130015
1005003226460640
1005003262753796
4001272133072
1005002663530313
1005001703547736
1005003108805241
1005002253107130
1005002838213733
1005003045065628
4000860932819
1005003257399858
1005003133852240
1005002857426023
1005001464707182
1005003292756641
1005001793006394
1005002622805484
1005003276383867
1005003270207442
1005003190748942
4000808276814
4001233236403
1005001556379867
1005001439076922
1005002709933204
1005002970763848
4000060250592
1005003330840488
1005003286054222
1005002553103329
1005002967741521
1005003012173577
1005003238333602
1005002647363054
1005002315732927
1005002949206709
1005003140513317
1005001952872927
32832628287
1005003228425816
1005003245046593
4000208269688
1005003372360067
1005002754394843
1005001504687250
32810909550
33050794499
1005001767964172
32706999470
1005001946721383
1005002698171321
1005002136436180
32942062436
1005002956073365
1005003338024433
1005002356375692
1005003017186142
1005002272223644
1005002364028477
1005003282379182
1005003198213185
32739291068
4000505786474
1005003123043694
1005003300577910
1005001642612743
1005003390928389
1005003366051576
1005003122406148
1005001794743675
1005002292432621
1005002269364487
4000465384730
1005003199627059
1005001738336490
32829902039
1005003330996255
33048591768
1005001348498287
32771133476
1005003108285680
4000313161507
1005002361301223
1005002974126362
1005003100340831
1005003383393293
1005002613009309
1005002978798021
1005002612272924
1005002974137196
1005002760285720
1005003023461545
1005002133227802
1005003297834235
4000493353997
4000489674773
1005002870350446
4000265842546
1005002275971596
32977992636
4001051679796
32895891747
4000804418813
32972443408
1005002763427061
32348061373
1005003064698807
4001119147266
1005003133765424
32730087344
1005002440296358
1005002745547331
1005002649125556
4001284502602
33032130973
1005001695832181
1005001761863591
1005003344833113
4001185066727
1005002723393788
4001245462408
1005002285083237
1005003245441367
4000168922041
33030222932
4001157926595
1005003065959509
32809402211
1005002172397779
32882348784
1005002901642523
1005002076035877
1005002577515156
1005003161785025
1005001463353555
1005002420592836
1005002788336861
1005003140337778
32957350170
1005001419482787
1005002935693298
1005002802124738
1005002457802686
32444632746
4000857165993
1005002122497437
1005002863871115
1005001556700669
1005003345170500
4000057843310
1005002083992401
1005003172242866
4000403065264
1005003322167805
1005002383913832
33059261938
4000625996483
1005001867086242
1005003146114224
1005003030502945
32452046089
32980002324
1005002818483291
1005003383988843
1005001382519420
1005003092310739
1005002797122087
1005003129991193
1005002857700698
1005003041975707
1005002735038193
4000109342567
1005003278028537
1005001320787033
1005002055357332
1005002162765205
1005002316435558
1005002778542920
1005003212574187
1005003353385261
4000387064855
4000656997370
32796242155
1005003014990024
1005002755988314
1005002448382380
1005001445562778
1005001910139631
1005002647294140
1005003218437312
32874524614
1005003310137050
1005003350407473
33002104612
1005002055382590
1005003367781458
1005003037548089
1005003223865141
4000854633142
4000672355233
1005001915291306
1005003290237753
1005003101200555
1005003021898795
1005003036261463
4001093485298
1005002298144881
1005002679718829
1005002865579337
4000833286722
1005001506898577
1005002669030924
1005003092450012
1005003332144201
4001034694789
1005003058306730
4000919741337
1005003249678058
1005001752893639
32831902615
1005002278035586
1005002850065340
32960835491
1005003294907475
1005002869876306
1005002734296475
32740935982
32948755408
1005002212004439
1005003314310790
1005002438451515
32953030001
32998641238
4000760009255
1005002439966121
1005003080715369
32642453784
1005003261543316
1005002431427739
32956488049
1005003192844422
4001272210961
1005002719736379
32951182006
1005002059460365
1005003160355254
1005002900616342
1005001591878675
1005002547148539
32962941102
32924311000
1005003129334245
1005003128587294
4000040559447
1005001864199703
1005001708560883
1005001479963020
1005003175508103
32277400729
4000874236215
1005002123855526
1005001924157772
1005003391517086
1005002260877658
1005002467775814
1005003200985532
4001324133144
1005002562177503
1005001914006361
1005002121106956
4001084905038
1005002950533325
1005003262693600
1005003178259279
1005002828169786
1005002052588280
1005003338023667
32843575627
1005002709391842
32990185869
32891966255
1005002416736588
1005003268359456
1005002814691656
1005003236600182
4000830026117
1005002538341172
4000186604618
4000837548442
1005002238382027
32869029087
1005003051056725
1005002767150641
1005002531926088
4000490021735
1005003002731165
1005001445555929
1005003100527084
1005003218006258
1005002822497457
1005003155000554
1005001597441309
1005002698532847
4000236809098
1005002402340882
1005002279209397
1005002843831871
1005002532104715
1005003351340459
33054651167
1005001874582018
1005002702388792
4000755868359
1005001779886564
1005001885206991
1005003120935397
1005003280986257
1005002553185792
1005002240882214
1005002939397048
1005002105083446
1005001298842933
1005003268628674
1005002598700671
1005002314288535
1831101870
4000930483034
1005002428925545
1005001460501506
1005002313596619
1005002914194817
4001167629987
1005001488760460
1005003276506377
1005001324686931
1005002247091492
1005002518121239
32898992973
1005003136233445
4001073679184
1005002614372879
32920853701
4000877779898
1005002835982978
32869248295
1005003233668797
1005003125734362
1005003201485130
1005002220100699
1005002989676054
1000001716171
1005002668403777
1005002868478452
4000964030252
10000343691562
1005002818496978
1005003281039612
1005002320695483
1005003009324671
4000546678521
1005002475668823
32933810234
1005001969968023
1005002961014722
1005001882606582
1005003218957823
1005002944500027
1005001941550958
1005003041309208
1005002703716208
1005002037384702
1005003305939710
1005002693186066
1005002465780518
1005002544496609
33012854150
1005002740914870
1005002114640779
1005003160591955
1005003331539056
32999872601
1005003136158915
1005003053146706
1005002983957996
1005002870623080
1005003123442053
1005002781750491
1005002076584713
4001047457317
1005002925660186
1005002433694356
1005001645414488
1005002718693116
32919789469
1005003125495762
1005002494536829
1005002603794602
1005001968354091
1005003023803343
32956157486
1005002939413097
32964432204
32302042273
1005002248664708
1005002742214898
1005003364577135
32863705159
4000984010714
1005001348061708
1005002142414495
1005001620213033
1005002069028371
4001019320105
1005003149858812
4000640109963
1005003292505129
1005003020944476
1005003298928451
4001153443121
1005003219456604
1005003238313377
1005002387942509
1005002767124474
1005001475196505
33013895344
1005003391450037
4000057406124
1005003269929002
32946384085
1005003150418337
1005003296395990
1005002341185868
1005003170064097
1005002502934047
1005002367113417
1005003353499468
1005002844552677
32945188443
1005002238854447
32975339099
33006741003
4000516784721
32417176209
32838308532
1005002615684615
1005002631186625
4000025112714
1005003096958346
1005003355140574
1005003304567043
1005003380024623
1005003170973063
1005002991230114
32959409218
1005001501688743
33032268844
1005003299302743
1005001939585346
1005003106027741
1005003202045283
4000851221062
4000479832470
1005003334917830
1005002613892847
1005002844232575
1005001683389631
32696928276
4000588384153
1005003281893349
4000610026280
1005002102591695
1005003246580602
32699016276
4001153526892
1005002793568211
32906539674
1005003329663113
1005003291166922
4001218844835
1005003290232848
33025909891
32933051761
1005003308907748
1005002388967986
1005001868944411
1005001365348871
1005002486884878
1005002330192629
1005001457973947
1005002970633700
1005001961413731
1005002877910227
4000760871000
1005002939150060
1005002949195727
4001289558031
4000922078569
32583286738
1005001356157396
1005002369659220
1005003356995428
1005002647057935
1005002536505155
1005001585448150
1005003167712176
1005003097296651
1005003097233345
1005002747370122
1005003337138568
1005001473995927
32861150810
1005001913011179
1005002863441820
4000546653255
1005003379401489
1005002330360191
1005003245696896
1005003075136127
1005002838535104
1005001652755820
4000084747233
1005003308205740
1005003158925934
1005001429606949
4000893011965
1005001997367686
4000803139390
32992241346
1005001581991949
1005002270667344
1005002840813233
32997470224
1005002881437017
32532306779
1005002095121462
32921280036
32922845547
1005001717563980
1005001819053062
1005002622910146
1005002900743049
1005002194428007
1005001965759455
1005003199304601
4001037761097
1005001482759246
33026478562
1005002483949508
1005002121662051
1005001884885241
1005002662770165
1005003160177912
32930861807
4000219916410
1005002063679748
1005001838445559
1005002979407403
1005002966705489
32882429500
4001115837119
1005003194492969
1005002999362082
1005002584951419
1005002309451062
1005001629843008
1005003286641594
1005002797813643
1005003330195834
32951779109
32861658308
32504353865
4001270486602
1005002864781564
4001229686664
1005002683825540
4001305589622
4001034757016
1005003360064266
1005001493617791
1005002743346240
1005003082069192
1005002129470852
33043679704
1005001816922853
32946664245
10000220903853
32989764303
1005002173265984
1005003288072586
32733195100
1005002909253258
4000747923488
1005002636805898
1005003357127864
1005002798704270
1005002871108179
1005003180405108
4001048964499
1005003344491105
1005002011556489
1005002873334617
32825137803
1005003387161843
1005002405463724
32924835866
1005001852483208
1005002600376846
1005003271908469
1005003068612572
1005002870317318
10000395902395
1005001918217447
1005003250307921
4000284132953
1005002014422821
32881484806
1005002907527670
1005002990573463
1005003048464300
1005002383232889
1005003214401314
1430285212
1005003259289265
1005002878379673
4000160788720
4000330479528
1005003001181513
33004231896
1005001906192278
32717072876
4000573675670
1005002638527494
32813523624
1005002884925508
32864782541
1005003351355343
32855865868
1005001840203540
4000765943781
1005003050687398
4001174833547
1005002901468424
1005003242281217
1005002957056641
1005001498840566
32892482249
1005001960205546
1005001764289031
1005002592363552
1005002679590551
1005003299477005
32989160288
1005003356349325
1005003141638463
4001274992419
1005003049985273
32854556265
1005002839675463
1005003336096157
1005002964229252
4000935877310
1005001779376543
1005002029959715
1005001586798113
1005003283683532
1005002950102713
32815837700
1005002878527266
1005002928820533
33020185825
1005003205316678
1005001688783654
1005003208740654
1005001687587626
1005003088985218
1005002912535087
1005003064966403
1005002741351434
1005001287372560
1005003380222456
1005002205270805
4000628740976
1005002393380745
1005003387787396
1005002947440980
1005002647205167
1005002990682058
1005003204718839
1005001622947890
1010000401770102
1005003122653638
32948336414
1005003172809050
1005001471928633
1005003183627365
1005002739589263
4000804312204
4000668603670
1005003314150354
1005003292126567
1005002198461074
1005002305990785
1005002085161499
1005001904284622
1005001525293990
1005001325020251
4000546195786
1005002254559199
4001016180191
1005002998647698
1005003015597787
32831532304
4001061669085
1005001850023661
1005001606210876
1005002426155191
1005002399910756
33001157100
1005001602160258
33053931020
1005002319182250
1005002937993591
4000334643168
1005002120449857
1005002928714983
1005003180865838
1005003042054131
1005001860256263
1005003069269961
1005003356545193
1005003275703910
1005002921229344
1005003136270860
1005003388126297
1005002944393810
1005002198619276
1005003334110971
1005002362157574
1005002651437250
1005003170777109
1005003360317748
1005003120498934
1005003096655544
1005003235885527
1005001782983276
1005003033284195
1005002606249105
1005003092739253
1005001391316967
1005002270539746
1005002900460038
1005002122187054
1005002707496547
1005002125026364
1005002938656443
1005002398094064
1005003385107069
1005002357423396
1005003050944213
1005003134770548
1005003330471711
1005003283150424
4001014125411
1005002616237655
1005001720438984
1005002234570904
1005003357619801
1005003193590278
1005002692599177
1005002809778882
32630463619
32977811023
1005001957454964
1005003310407622
1005003062777472
32798559472
1005002692456577
1005001571807679
1005002997245106
1005001993474160
1005002398271724
4001263442533
1005003380570845
1005002166302315
4000227972290
32817895926
1005002711204705
4001195467196
4000443313912
32809383617
32964452160
1005003310881828
4000785592564
1005003171941227
1005003362764783
1005003253664458
1005002642685070
4001343963325
1005002257967349
1005001953585312
1005002781667597
1005003296987748
1868310930
1005002313261053
32851515575
1005001405721810
4000439430134
1005003022351199
4001066871592
1005003106753114
1005002784955156
1005003176741247
4001254158773
1005002114729699
1005002305376628
1005003357166772
32996377448
1005001656589543
4001280582123
1005003277271605
1005001900241239
1005002850866606
32943869777
1005002949940401
4000544431557
1005002978301403
1005002895076764
1005003251515385
1005003255302702
1005003016480257
1005003042156784
1005003037014905
1005001803477602
1005003206006115
10000343898030
1005003217166800
1005002630954375
32884108819
1005001572653268
1005002448621244
1005003170190330
1005002065037499
32857104292
1005002294435342
1005002069886739
1005002965812619
1005001699795224
1005002583538370
1005002376061297
1005002068506444
4001252815115
1005001780097408
1005001942202181
1005003204246684
1005001868551887
1005001413362203
32997705542
1005002527231270
32836760661
32973844299
1005003129704238
4000891427878
1005002082209599
1005003117147597
1005003364489897
32976574590
1005002238737809
1005002978739585
4001162031451
1005002808043865
32956383179
1005001268659459
1005003293054298
4000056667557
1005001891518429
1005003200672691
4000084770636
1005003136466378
4001234009769
1005003323785980
1005003236685992
4000626434226
1005002022721202
1005002647348102
1005002122243988
1005003001753678
1005002991934123
4001051126147
1005003308179985
1005003070183987
1005003341619569
32955368944
1005003377273901
4000547944030
32834665281
1005001519100040
1005002932332982
1005002729727146
4000166073558
1005003151820495
32859323608
4000658080657
4001245034088
1005003201296954
33047789636
1005002276422316
1005003123316746
4000680761442
1005003214638583
4000255689906
1005003264698292
1005003191568409
1005001866867354
32816607398
1005001459133238
1005001946314570
4000322934767
32956654304
1005003157355575
4001332879912
1005002693876067
32790632280
1005003184099940
4001279438250
4000218679180
32923187256
1005002625284016
1005002843831925
1005003124694146
4000695403399
4001256418858
1005003117195385
1005003136024290
32918223227
32966978692
1005003211806446
32993387958
1005003309666510
32853294327
1005002841392564
1005002167758454
1005001804279922
1005003008978026
4001231868008
33052503554
1005002329923274
1005003076914132
1005001934449971
32902324813
32814048128
4001196973689
1005002591240052
1005001713120523
4000687570979
32962465000
10000395830266
4000204669333
33053715897
4000641199187
4001117006589
1005002685893583
1005002726819532
1005002856430191
1005003149244446
1005003032208145
1005003224928955
4000147689993
1005002027796421
32888549852
32842817324
32901923872
1005003383158517
1005003287708961
32852624887
1005003236659667
1005003297818895
1005002073282564
1005002740100175
4001135499942
1005002317943157
1005002884946072
1920441011
32994454721
4001173364071
1005003225066073
1005002482467618
1005002610720898
1005003207168604
1005003116625613
4000080401862
1005001285137067
1005003325538786
1005002169430507
1005001576498893
1005001845261607
1005002571709913
1005002111339434
1005002661767945
32856354362
1005003007476053
33014138298
4001278686560
1005002392732869
1005002538741820
1005003032221469
1005002266476382
4000221210872
1005001490547000
4000829681185
1005001298337332
4001224182683
1005002038872514
1005002102697211
32723164116
1005003165788318
4001252033236
1005002298232016
1005003176216281
1005003212290789
4001294148747
4001062120158
1005002241033846
1005002865260368
1005001785878216
32986176372
1005001906878529
1005003157440571
1005002986812519
1005001617265956
4000217371875
1005002673011692
1005003303172520
1005002855329628
1005003119900673
4000846070350
1005002459071466
1005001297296963
4001344767685
1005002811850971
1005001718461793
32844797071
32968874773
1005003122134008
33030526216
4001045585136
1005002500786553
1005001763591899
32735194288
1005003269155617
1005003071751730
1005002982547452
32808148502
1005002986142420
32959113567
1005002619908894
32760498844
4000964837914
1005003059374332
1005001737368795
4000120902491
1005002220226514
1005002346777674
32722750972
1005003044312156
4001330725889
32635565154
1005003226379259
1005002180697578
1005002751379628
4000789239615
1005002499929036
33022218384
33042492402
1005002703710532
1005003085464792
1005003195753126
1005001841800084
32850724260
1005002651153394
1005003156014050
4001084339124
1005002676291524
1005003395243538
1005002852039206
1005003285749859
32838022469
32856025823
4001045191715
1005003351248894
1005002823664788
1005002988629790
1005002680293418
1005003021844637
1005002660579182
1005002835409912
1005001418182910
1005002558702669
4000100448001
1005002958286328
1005003350031631
1005003255028830
32851977795
1005001942216127
4000740022202
1005002647052224
1005003118915821
1005003366116394
33057679600
1005002812657549
4000645884414
1005003265313127
1005002431043725
4001263379634
1005001804311152
32816471939
1005003272537371
1005003359920127
4000930724093
1005003058978768
32979660669
1005002368931942
4001042498469
1005001835914330
1005003223195576
1005001677846292
1005003171867158
1005002123652964
32831313484
1005002313403957
1005001386985037
1005001721760106
1005002978191254
1005002763836320
4000308064909
1005003371325597
1005003396674549
1005003014222545
1005002890332987
1005002991140710
1005003256617217
1005001994982500
1005003260534186
32960678414
33034144396
1005002846679785
4001227908531
1005002966673065
1005003293243158
1005001616410379
1005001430896537
1005002656463542
4000877935965
1005003042797980
1005001280987009
32997799420
1005002706479310
32814036219
4000257773793
1005003001522568
32447382327
1005001594894874
32457040769
4000190762160
32995975881
32947211881
1005003188326520
1005003359852203
1005003033073755
1005003027147577
32984922173
1005002055270545
33005736389
32785292130
1005001691163637
1005003103234602
4001047283765
1005002454552627
1005002086389116
1005002069375282
32735016400
1005001813236667
1005001466082468
32957588585
1005001470930727
1005002533568183
1005003336937215
4001013431474
1005001592954784
32974769454
1005002513794084
1005003328157066
1005001966582356
32908524151
1005003262880644
1005003288650178
1005002839780906
33037667606
1005002090786609
1005003299451089
1005002801706496
1005002951226972
32988841001
1005001971890102
1005001379687388
32958418345
4001001300326
32913429024
1005003087801443
1005003040978697
33043844901
1005002657082071
1005003386307900
1005002765853416
1005003235315249
33018753737
1005002931706492
1005001834467713
4001233704674
32778190479
1005003337053974
1005002999447121
1005003024660119
4000001114583
1005003371540420
1005002303853221
1005002828010447
1005002912835432
1005002136555684
1005003146411321
1005002733831041
1005003173775695
33053863026
1005002890602058
1005002744843929
1005003280229227
1005002939382476
1005002611472791
1005003343761495
1005002542907049
4000903276362
1005002334089330
1005001882491776
4001207961339
1005003042157182
4000016384199
1005003133495290
1005002810554875
4001338506975
1005002846456497
1005001804827199
1005003163928802
4000840615671
1005003224585916
1005003264852490
32890614911
1005003341652665
1005001518722966
1005003110024904
4000441746644
1005003277747651
1005003305387227
1005002246466187
4000557816571
1005002931657126
1005003257979248
1005002759501857
4000927445356
1005002994908380
10000391223230
1005002999416438
32975752641
1005002727598839
1005002054209963
1005002664909568
1005001829665959
1005003238952154
4000019696467
32994180486
32559311349
1005002524439234
1005003206788729
32749152538
1005002601200754
1005003315868296
4000397573145
1005001321523142
1005003084366758
1005003017569250
32984178351
10000259606413
1005002540690001
1005002425501174
1005002932269726
4000011193187
1005002888903865
4001041717916
1005001732653413
1005002304935422
1005002822038955
1005003160033131
4000136641973
4000768060512
1005002930677816
1005002762468901
32824943501
4000784183544
1005003005135585
32931546976
1005001940584425
1005002255630475
1005002901578499
32822735737
1005002761787909
32908845400
1005003337572853
10000004802705
1005002885460521
1005001393623004
1005003158985397
4001286728599
1005002513510623
32971743211
32865130390
4000619155997
1005002855200964
33054926917
1005003299689674
1005002957107494
1005002527299936
1005002645936767
1005002652764384
1005002721575649
1005003120213162
32972373247
1005003072097725
1005001487245742
1005001704388949
1005002682075874
1005002822870857
1005003146345555
1005001692385694
1005002621977697
32803885929
1005002840877598
4001360436526
4000119080148
1005003311765881
1005003020032423
1005003085648837
1005002547635402
1005003364505301
1005003270835522
1005002108829456
1005003079629694
1005002852000598
4000967870411
1005003217972314
1005002447483573
1005003033039880
1005003324917882
1005003002673994
1005003318547500
4001232891369
1005003001934797
1005003239642830
1005003380038012
1005002370514135
1005002176950550
32902389685
1005002511549029
1005002890654820
32245020703
1005003051394040
1005003362202318
1005003291686862
1005001560663764
1005002014786566
1005001804117985
1005003321461302
32838733658
1005003349980787
4000678478140
1005001627618287
1005001813415599
4000040833249
33032975834
1005003006303786
10000052685720
1005001755476741
1005002338904854
1005003265989039
1005002191677017
1005001298853718
1005002682165931
33004868273
1005001560553304
32868669069
1005001399560681
4001042165205
1005002002936311
1005001899870154
1005003094208794
1005002814577405
1005003162742009
1005003021050121
1005002734427971
32879694117
1005002729679178
4000618638903
1005003027382891
4000351823238
1005002557921579
1005002685876404
1005002758498638
32668312411
1005003065894971
1005002973445602
4000415765298
1005003251994954
1005002935423944
1005002413212855
1005003302686193
4001153643887
1005003330439430
1005002518710612
4001187296019
1005002052090881
32803890732
33060410620
1005003115528301
4001277378563
1005003032399754
1005002746838815
4000084841171
1005003256101552
4001211956136
1005003141327564
4001007278765
1005001329784545
32887463799
1005001416933365
32974950160
32776961574
4001200928979
1005002635236898
1005002538842942
1005001670619857
4000174090856
1005001820916709
4001242445513
1005003218765525
1005002337688849
1005003145439528
32995892672
1005002882495231
4000229113018
4001196406941
4000769670802
1005002468788347
4000197667599
32858023066
1005003123007741
1005001550028133
32829279486
1005002670680966
1005002607457040
1005001833523887
1005001865589698
1005001786183837
1005001750734825
32879710650
1005002273925326
1005003305736659
1005002207854231
1005001447279165
4000089980354
1005002871961744
1005003022947030
1005002754014534
1005001626438943
1005001293314239
1005003361120853
4001186128769
33045278176
1005002616333168
1005003253505866
4000104673704
1005003093642795
33003962065
1005001909037207
1005002197991363
4000017910452
1005002545729719
33034170004
1005002622805484
1005003234188182
1005002478330500
32868197388
4000036008711
1005001399039270
1005003235662592
1005001903611330
32923283398
1005003234187795
1005002957120018
32969219462
1005003033595222
1005003333564246
1005003227002830
1005003293933243
1005003062422852
1005003352349755
4001145800279
1005002935324702
1005002559421193
1005001738322489
33031076592
4000971365143
32899745273
1005003379486251
4001164066142
33059482819
1005002716480983
32565535989
1005002450233463
1005002778169711
1005001417358747
1005002449222502
32819818097
33003474545
1005003284827698
1005001439326295
1005003254784720
1005002857691744
1005003212924830
32965462510
1005002284678496
1005002998104424
1005001993553554
1005003340680601
1005003063523087
4000030127173
4000804052663
1005003198609628
1005001311332613
1005003157341695
1005003302232220
1005002323610609
32272103895
1005001543247421
1005001321726261
1317111681
1005001695211647
32957433652
1005001815475696
33027335444
4000300067248
1005003251331845
1005001842691956
1005002258658428
4000882571350
4000324580305
1005003388368302
32747246702
4000655883415
1005001352174107
1005002301881391
648050675
1005002400161736
1005002489722562
1005003118601547
32419229174
1005002251894828
1005003215764590
1005001796106837
1005003008191742
1005003381412811
1005003276924681
4000547697963
1005002272045672
32810176054
32959166748
1005003223124780
32856247054
1005003147711821
1005002027681278
1005002490052528
1005002300859601
4001276179116
4000206201608
1005002128274773
4000974892197
32876532242
1005003023233305
1005003307150859
1005002323076321
1005002662133529
1005002608410294
1005002656871392
1005003196633250
4001012090939
1005001970316907
1225388663
4001208363427
32760226178
4000160359724
1005001683281713
1005001886401858
1005001350090314
1005003177957419
1005003042015410
4000166808638
1005002901220047
1005003217289302
32948399160
1005003185380931
4000040445750
1005002643012701
1005003050566690
1005002459437763
1005003282679555
32929407931
1005003221639216
1005003071361599
10000303144277
1005003296820401
1005002253417496
32696088831
1005002797212016
4000002700171
1005003232557424
1005003340164575
1005003146126220
1005003121321443
1005003213105796
1005003326864906
1005003125331554
4000478804150
1005003232957995
1005001439199066
32959449487
1005002969767944
1005003058038221
32838084711
1005002008152501
1005002540810832
1005003330566311
32841564586
1005003310773391
32972652594
1005003265172934
4000243259353
1005002282736156
1005001338003155
1005001890806347
1005003258159098
32987218251
1005002617708728
32497458862
1005001807566692
1005002769170211
1005002279606828
1005002647153129
1005001311295906
1005003337948336
4000874031085
33041089337
1005002333423476
1005002839401213
1005001269720086
1005001593636116
4001119789379
1005001774587482
1005002560191178
32480587236
415300038
4000207121998
32839254478
4001069683688
1005002883597759
1005002357754704
1005002562461626
1005002843085946
1005002932296432
1005003266138127
1005002997136898
1005002382156980
32908693051
1005001809854176
1005002123719055
32995580793
1005002405317566
1005002818129467
1005002419015235
32856648156
4000966361103
1005002900415081
4000844486138
1005002662788223
1005002866642478
1005002268793922
32892886733
1005002133713429
1005003212484002
1005002323954237
4000538484478
1005002767565264
1005002510789141
4001227083179
1005002448833833
1005002084743956
1005002815033227
33056117738
1005003012829602
1005003163714978
4001322364765
33000666601
4000767268788
1005002368249869
4000749375439
4001230800690
4001002903335
1005002328193334
32382125283
1005002811815989
4001191923463
1005002088167339
1005002972011958
1005003127600979
1005002168221782
1005002934435769
1005002924181451
32965847391
33035185709
32899713326
1005002125155839
4000631568530
1005002746647817
1005002828633589
1005003336142328
4000004765471
1005002359282009
1005002020130815
1005002863782125
4000909378139
1005002449139751
1005001710541383
1005003157087415
1005002415942882
4000308750477
32715271112
1005003148780306
1005003010583114
1005003083720164
1005002945052883
1005001270971169
1005003051602057
1005001882541785
1005002446929313
1005002901156217
1005002917491617
1005002181677938
32953807241
32834930113
4000695319247
4000773652048
1005002613295581
1005003351426398
1005003074097243
1005003270817905
32983664196
1005003033856085
1005002440975271
1005003280396785
33006826528
1005001860924699
1005002669226666
1005003007609116
1005002421419621
1005003033486023
1005002381703935
1005003186735344
1005003228378468
1005003126950280
1005003298344049
32859426381
1005002342386743
32997651222
1005002996702459
32859046599
4001086981847
1005003370398826
1005001401845135
33054776804
33054404728
4001276102045
4001157798205
1005002905885211
1005003040920026
1005003246638597
32973152370
1005002592956143
4001191236798
1005003172035887
1005003281644329
1005003257432614
1005002432690829
1005001960402705
1005003302800587
32823363895
32811450404
1005003341678420
4000010263211
1005002345390039
1005002622353896
1005003053392296
33006208138
1005002459565986
1005002957280862
1005002636854285
1005003257316236
1005002206348599
1005002404594245
1005002933110573
1005001988327855
1005002811458491
4000031373792
32954121035
1005003134010740
1005001297902028
1005002932560000
4000501010488
32838917561
4001221788105
1005002612018918
32988706610
1005001401831213
1005001381431691
1005002937746157
1005001304420080
4000346140614
33025729577
1005001675664232
1005001578968317
1005002845985072
1005002790897011
4001278878714
32837203365
1005003012602740
1005003194170211
4001228647365
1005003008932427
32855652682
32994058355
1005002990347851
1005001770681489
1005002496380384
1005002928027514
32770006503
1005003016731116
1005001621711512
1005001888550704
1005002919983165
1005003108260943
1005003298261917
1005001994731076
1005002272397328
32902527325
1005002362266342
4001014798830
1005001537272731
4000785387604
4000506027493
1005003206822852
4001246490044
1005002899886418
1005003281330761
1005001989496440
1005002877663210
1817714201
1005001836798407
4000622832510
1005001999218388
1005003209336606