1005002362765732
4000546685437
4001266703052
1005002687216672
10000395821091
1005003168536986
1005002701988713
33039289479
1005003384388156
1005003305656934
1005001402431868
1005002989858837
32842456553
1005002988638040
1005001638141475
32907159504
1005003127387159
1005002087369768
33031168690
1005003282283391
1005002099302032
1005002641807611
1005003087858566
1005002970855990
1005002960982180
1005003309146952
1005003135837291
1005001269872601
1005002997406498
1005003033456296
33041032703
1005003197523167
1005002772425160
1005003088457837
1005003309197198
32860513215
1005003390153086
33053571897
32946708901
32898886199
33047976118
1005002011116074
1005001872301866
1005002538652852
1005002693413458
32879600060
1005003281440958
1005001804753706
33045393666
4000423481920
1005003272245913
1005003371763209
1005002899812833
1005003333344486
32976443051
1005003287439391
1005003277902195
1005003330270831
1005002849334122
32790712840
1005002828169786
1005002099801760
32710458394
4000632801114
1005003097307527
4000931882451
1005003328090453
32956402591
32618006335
32974633570
1005001956922033
10000006462375
1005002203815715
1005002787106280
1005002281048833
1005002400503342
32962152477
1005001568825559
1005002302739388
32860634138
1005003088948009
1005001552270798
1005002266897169
1005003380580114
1005002347243288
1005002958737359
32918847015
1005003311511812
1005003143053707
1005002932412299
1005003302431726
1005002813227593
32975256390
33060332489
1005001921557436
1005002194087061
33029148802
1005003058119589
1005002802047150
1005003250358151
1005001379483637
1005003063075205
32974985470
1005002975142555
1005002128183649
10000000297548
1005003087958515
33014279866
1005002312716517
1005001652624807
1005002184931544
1005001709048411
4001341583955
32790509805
4000140015706
32983367165
4000498063661
1005003214043873
1005003223842247
1005003378524001
33034250369
1005001630650122
1005003058399864
1005001795349433
1005002637504965
1005002630773432
1005002394325326
1005001762045595
1005002879256799
1005001884160334
1005003335035750
1005003345846602
1005002799553463
1005003076594418
10000035107548
32829528857
1005003082304608
1005002322140989
1005001418984005
33046230613
1005002910228721
1005003292199695
1005003297491689
1005001540728211
1005003323612200
1005003380513473
1005002918869260
1005001664366309
1005001599189106
1005003276143000
32871407203
1005003387038692
1005002582298020
1005002545896593
1005002329577002
1005002242126089
1005003201085558
32725503731
4001213975694
1005002985792067
32986815152
1005002356436950
1005003186079700
1005001921499653
32893682259
1005002829213890
1005001441516110
1005002952043316
1005001874975521
1005001435788650
1005003355965779
4001054436684
1005002831650636
32496429847
32859842012
1005001417368718
1005002313803575
4000108197035
1005002079705838
32995313642
1005002117386694
1005002997676243
1005003340260383
32878929019
4000874279995
1000001798248
1005002078904435
1005002598238572
1005002377479486
1005002490288190
1005002443170038
1005002645380611
1005002668961316
4000852988971
1005002652105275
4001279079675
1005002419600235
1005003316273193
1005001692764113
1005001928633261
1005001670059026
1005003251587087
1005003237744932
1005001628127797
1005001645964389
1005001713688515
1005003129530309
1005003122487159
32830955420
1005002798309416
1005002613992462
4000808481905
32811243020
4001139706352
1005002073516339
1005001817970360
1005001807764314
1005002500738927
1005001762965504
1005003025504020
1005003217826979
32721416237
4000472654261
1005001272836703
1005001699720389
1005002067982247
1005002053867395
1005001970332154
1005001896234060
4001162978696
1005001539636622
1005002782628718
1005003279268941
1005003270240295
4000982913548
1005002780079019
1005001450276923
1005001952174733
1005002180985238
1005002958493066
33006677522
1005003090670658
33027514908
1005002544880811
1005002602220654
1005003239888520
1005003346841226
32990981074
1005003187181306
1005002085721174
1005002901261388
1005001374273879
1005003020286552
1005003251438290
1005002205837409
1005003163792790
1005003187431691
1005002872167773
1005003284803749
1005002957714794
33012657856
1005003185856667
1005002870542696
1005003083885807
1005002788582707
1005002890858739
1005003026854893
32830438491
33024656340
2029988056
1005001894693260
1005001742599283
1005002698137188
4001194343402
1005002660589711
32998091809
1005003264261390
1005001441414015
1005001303276358
1005002509200694
4001054854797
32988184125
1005001392609221
1005003218019992
1005002856704251
1005002716954681
32464665674
1005002970679171
4001248951538
1005003096691148
1005003036933999
1005003293467798
1005003105265647
1005002953501969
1005001739269505
32848556944
1005003290773636
1111209081
33049661465
32984496460
1005001377698740
1005002218409890
1005002565546321
1005002398709330
4001237953218
1005002963417414
1005001597927360
1005002120489845
4000161766823
1005002575808994
1005002857705851
32711307900
4001088935181
1005002996702865
1005001789459311
4001296507579
32864609086
1005002495549092
32995019004
33018021501
1005003343690811
4000080622263
1005003185338880
1005002882829441
1005002660417707
32832334527
1005002598319711
4000704031480
1005002439852930
1005003268854371
32785352779
1005003299684454
1005003385541739
10000396844818
1005003251130900
1005003128084842
32804473812
1005003287633352
1005002245776980
1005003375145425
1005003325686047
4001335825819
4001134783671
33019677740
1005002161600100
4000467721581
1005003076198127
1005002752237682
1005003329033375
32965837213
1005001697579840
1005002340253786
1005002934723280
1005003385885586
32917781196
4000802253447
1005003342202122
1005002534875840
1005003328725028
1005002003893423
1005002983858574
1005003278811231
1005003028735792
1005002321988857
1005002509103808
1005002015296375
1005003014111560
1005003130093962
4000171734775
1005002568640854
1005002463449509
4000955856076
1005003215904941
32876470797
4001111820212
1005002826418117
4000184024672
1005002604088951
32631800771
1005003277617817
32998549325
1005002966980282
32767782319
4001118024955
1005003370159194
1005003129924352
1005002730179068
32964108901
1005001470972203
4001138380482
1005003083367414
1005001804227014
1005003019363641
1005002996149153
1005002387585268
1005002043031100
32800479370
1005002337138104
1005002770610214
1005003292829856
1005003172786665
1005003229123118
32649295104
1005001557837808
1005001325067847
32889482725
1005002705460175
1005003178310721
1005001852310883
32960745441
32875332955
4000114875688
32292998501
1005002953150057
1005002675539516
1005003032061229
1005003096913824
1005003264111503
32854976179
32981461624
4000974647003
1005001921977606
1005001605770977
1005002995652998
32974615302
1005003346096636
4000378254249
1005002910403238
4000979685394
4000073670485
4001308149653
1005002672513312
1005003085986792
1005003305791332
1005002738180193
1005001397063274
1005003062434685
4001030230397
1005002128484150
4001304787660
1005003106164734
1005002232211010
1005003253473876
1005003099140662
1005003181922802
1005002009184836
1005002346049766
33004888544
1005003024826945
1005002753442175
1005002589844249
1005002703481370
1005003016266698
10000139830650
1005002649398367
1005002267872006
32820309149
1005001572153375
1005002560044600
1005001728437377
33062422778
1005002645812675
32952634379
4001105965690
1005002944343641
1005002409794158
1005002026872936
1005002380395068
32349076194
1005002483286389
1005003149696620
1005002658367453
1005003102669351
1005003339111439
4001015899493
32855687440
1005003307738805
33023611414
1005002715710223
33043564726
1005001758440672
1005002846164627
1005003093138198
1005001586442766
1005002459373915
1005001921432834
1005002927657986
32955974525
1005002695923827
1005002848988338
1005002232349678
1005003118243623
1005001770394615
1005002130721505
1005002536236052
1005002870543668
32812644489
1005002750349167
1005003291490885
1005001332843566
1005003146307937
1005003322585610
4001296051058
32831273298
33041287610
1005003316252978
1005003233461736
1005001844594609
4001018525539
1005002301264678
4000996508497
32853774377
1005003145185142
1005002908251452
1005002084322984
4000039684386
4000184684418
1005002196660680
1005001287013337
32349617413
1005002180431328
1005002990198773
32607560472
1005003196769227
1005002068292509
1005002595465959
1005003200053491
1005003107299234
1005003152846147
1005002171606130
1005002122434407
4001315128010
1005003330919518
1005002267937487
33012875906
1005001471261608
1005002988874563
1005003128909292
1005003019956629
1005002259861892
1005002558785643
4001157311123
1005003381097264
1005003069874375
1005003358993319
1005003026979342
4000683044118
1005003164307061
1005003300648021
1005002651969160
4001152182487
1005001411582891
4000698871462
1005002305084640
1005003020990743
1005003149295164
32962022518
1005003210763448
4000856589620
1005003351130080
1005002907616623
1005002882743306
1005002673356113
33007059265
1005003198180643
32976126667
32789699191
1005002323637988
1005001431272099
1005002951370303
1005001857901970
32953409290
4001021478950
1005003019139934
32908713178
1005003241247478
1005002530300671
32961592759
1005002716424858
1005002622779750
1005002233864066
1005002665395274
1005002035255719
1005002490841771
1005002227871114
1005002635051561
1005002695256197
1005002877615929
1005002547959579
1005002790155569
1005003323702355
1005001477986351
4001290211843
1005001953915722
32793980522
32882731387
1005002711503105
1005003156873922
1005002926896259
1005002271299323
1005003002595284
4001166501187
32993729181
4000071579804
1005003006368404
32843447703
32671495276
1005002739263267
1005002701330951
1005003292110175
4001214386001
1005003015568592
1005001429178965
1005003052078429
1005001309068697
32884871277
1005003117351951
1005003184461283
1005002162406031
1005003095342273
1005003065024180
10000004171357
1005001391944663
1005001593655957
1005001413761425
1005001430679021
1005002740726597
32807099478
4000497693641
1005001651401298
1005003024197409
1005002510542632
1005003384113806
4001243691989
1005002449900415
32824555905
1005002467493132
1005003361489171
1005002537932335
4001005218546
1005002638729141
1005002985425921
32664822984
1005002499490018
32881068635
1005002346349011
1569522486
32817581002
1005003050930418
1005003246061504
4001115674215
4000226246229
32858640287
1005003086816565
4000836219903
1005002390193160
1005002568809248
33014060196
1005002159570282
32917170318
1005002462799125
1005001412429956
1005002876791627
1005002554813065
1005003270945777
32797047133
1005003347440246
1005002711203431
1005003240618335
1005002394482749
1005003261275593
1005002744984365
1005002395629156
32968806502
1005001264812110
1005002103160224
4001354961772
1005003239242136
1005002310939593
1005002557841616
1005003132092652
4001241431997
32790789816
1005003181189477
1005003200851349
1005003292838803
1005002563921306
1005003264847960
1005003347545215
1005003032543415
32697247057
32869333005
1005002967437863
1005003145815215
1005002918397239
1005001298145769
1005003105898092
1005002440127189
1005002322436083
1005003324129008
33039383735
4001098045632
1005001901575051
1005002312933245
1005002554146264
1005003133915634
1005002994131365
1005002972004314
1005001391645675
1005002369373931
32834042725
1005003181702991
1005001997757452
4000900410681
1005003147391816
1005003016341208
1005003080517130
33018617420
1005002276452130
1005002908204546
4000224622785
4000865361741
1005003157352157
1005002132487895
1005001303219571
1005002925029144
1005003172272774
1005003124324534
4001154679157
1005003180866611
32977981798
1005003276717315
1005002742754477
33020084828
1005002524653151
4001144568082
1005002970393088
1005003017334770
1005001865914269
32841628214
1005002109685161
1005002796334037
1005002879593560
1005003087510376
32860823036
1005002925460360
32833449078
4001334982893
1005003160342940
4001138794349
1005002460317450
32989260459
1005002628042011
32887748574
1005001883455008
1005001520950633
1005003339738148
32659654129
4000192419179
1005002504580759
4001098459675
1005001344159796
1005001913687515
1005002270573853
1005002136914380
1005002608844953
1005003016102682
1005002270299819
1005003249434779
4000960597475
1005003019295666
32945123844
1005002439665911
1005002245285611
1005002990916542
32852779530
32800673325
4001152319620
1005003057107520
1005002398457689
1005003352983733
32933568926
1005002293922309
1005002409972482
1005003331445524
1005002300978157
1005001552223465
1005002995919726
1005002187844780
4000966240799
33013779671
1005001586102566
1005003198966331
4001224851018
1005003352755964
4000249785754
1005002362198119
1005002897701585
1005003109806790
1005003059100716
1005001297079519
4001048297121
1005003208950929
1005002755579440
1005003152656916
33030663077
32973172206
1005001564895776
1005003367469643
1005003018192743
33000432388
1005001298297502
4001204211981
4000986742409
1005002839037473
1005002522299853
1005003294708870
1005002674322376
32452377565
1005003241540959
1005002755170151
1005003287309150
1005002345677254
1005003099205997
4001001024168
1005001420819137
1005002268180095
32809516935
4001247557092
1005002059799988
1005002974436348
1005002594140973
4000727343188
1005001736323684
1005003087891876
1005002977979119
32769774656
1005001605368014
1005003367760268
1005002936099102
1005002593189415
1005002968806632
32953390304
1005002258468827
1005002558506001
1005002011788293
1005002718690477
1005003327889082
1005002866698311
4000433102182
4001122569928
1005003368670404
1005003186295621
10000395933808
1005002840886395
1005003271548766
1005002608760872
1005002313845123
1005002954622138
1005003127846524
1005002577787216
1005002191469267
4001150141453
1005001869476531
1005003017167428
1005003323992894
4001351214259
4000320421594
1005002237506699
32958881591
1005001844200429
10000410236627
1005002905149522
1005003144662118
1005002140836398
1005002964402240
32952553958
1005002924358363
1005003281857579
1005003152060962
1005002220835087
1005003172873735
32351119335
1005002688667563
4001028937591
1005002008822711
1005001430447429
1005001667617034
4000479752977
1005002277105271
1005003107305054
1005002675605876
4000055963497
1005003196178278
33018270749
1005002730546179
32948776653
1005002861415025
32810330661
4000121187312
1005003011619489
1005002066141662
1005001793841821
32845691901
4001365182491
32845788222
1005003231336837
4001085748637
1005001448099282
1005002379015436
1005003239149662
1005002000109466
1005002872851860
32868173080
32924074947
4000033617090
1005001302113003
1005001924822256
1005003319949073
4000262058743
1005001692269836
4000710376062
1005002413512682
1005001339250175
1005002978427798
1005002618575458
1005003202586651
1005003261366176
1005002144016774
1005002083864340
1005001731221330
1005003020297354
1005002706969480
1005002159537847
1005001411573929
33027823806
1005001597961523
32741387292
2009524623
1005003255081083
4000802199281
1005001721214455
1005003250920618
1005001460258685
1005003210524675
1005003387862088
1005001462519588
1005002046728093
1005003136292147
1005002303484650
1005002984349803
4000809249057
1005003347060244
4000919398443
32368178678
1005001526678534
1005002512434016
1005002657335221
1005001710707310
1005003185989802
4000197284804
32846354420
1005002531394490
1005002794442707
10000343872947
1005002125799257
4000302307549
1005003135435830
1005003309347578
1005001531620630
4001185666560
1005003384850937
1005001852490338
1005002598360972
1005003358182949
1005003206432373
1005002672697781
1005003255341151
1005002372044400
1005003234634617
4000076648259
1005003363968467
1005002956788787
1005002938890709
32794809989
1005003072118680
1005003328019031
1005001659781536
1005003269354872
33006626154
1005002954482608
4000172252848
1005003036739101
1005002829810866
1005002880404544
1005002326807090
1005003008550489
32886858908
1005003323664739
1005002110025399
1005003318903155
32841508556
1005002618417758
1005002660958935
1005001300244983
1005002721587771
10000201449214
1005002403992523
4001231152569
1005003141656486
1005002345156732
32960674535
32960504443
1005002851385953
1005002185785245
1005001995026888
1005002275504804
1005003371386835
1005003381282933
1005003182210115
1005003250805761
1005001511331360
1005002855358629
1005003342250610
1005003277410009
1005003029230120
1005002389249294
1005001747395835
1005001586260055
1005003223939865
1005002717387671
1005003295271550
1005002282202954
1005002731098799
1005003336281132
1005002822070920
1005002871667550
1005002073161142
1005002276256711
1005002339520206
1005003066140238
1005003087286341
1005001520599418
1005002770659386
1005003309876008
4001245737179
4001285244221
1005002965657319
4000592528402
1005002722894494
32961242096
1005001382096948
4001198465822
1005001984536530
1005002971276571
1005003219390170
1005001567260591
1005002347402806
1005002613299920
1005003327171358
1005003062003999
1005001309119191
1005002084324586
1005002461570782
1005002996938107
32847954352
1005002663567113
1005002899301189
1005002359673463
4001313312502
1005002258694049
4000056958387
1005001553483402
1005002889720001
1005003166528519
1005002751233895
10000084852629
1005002541671647
1005003232397143
33021098372
1005003133811091
1005003139830046
1005001829678577
1005003236267768
1005003026166360
32998575375
1005003059973606
4000070179558
4000588720241
1005003285071499
32823768192
4001058307125
1005002610221583
4000936301208
1005001942872480
1005003209409148
32840437842
32852804300
1005002730395777
1005002672401281
1005003205043164
1005001406034068
1005001842950518
1005001793038265
1005002779985247
1005003085380271
1005001877513731
1005001864870329
4001166353411
1005002394547967
1005002008026289
1005002265269838
1005001980637082
4000151801894
1005002531489383
1005002776299745
1005003318971070
4000114660291
1005001571640125
32646341097
4001231858230
4000263465803
1005001732606732
1005002862096336
4000982553384
1005003358458620
1005002519512125
1005003276476355
1005002406765371
32906907103
4001172089146
32581479771
32888003177
1005002398862921
1005002418233599
1005001757592759
1005001585001160
1005002713314135
4001293234828
1005002584351972
32963047588
1005002092436711
1005003175795388
1005002564246462
4001316508268
1005002516458232
1005002907493928
1005002519642609
1005002876207042
32949386151
1005002003322438
32846887589
1005002559460123
1005002558296336
1005002459275391
1005002663916590
32846818879
1005003159784704
1005002004922851
1005001451397826
1005002252593681
32557328526
1005001629126542
32505873085
1005003280832456
1005002912929606
1005001731937085
1005001818065371
1005003349483348
1005002140480810
4000786252863
1005003283514613
1005001913654328
1005002357870097
32965404429
4001275491851
1005002066218933
32698962660
32847882032
1005002931853213
1005003171186419
1005002979468875
1005003257293086
1005001793182296
1005001495775547
4000341377080
32996695625
4000829718017
4000505360240
1005001474774964
32857309631
32824552085
1005003290121157
32922534894
1005003037430971
1005002937689881
32854123967
1005002978953272
32797609246
1005001373591193
1005001596900294
4000375544623
1005001918603831
4000658635001
1005003275427209
32751041275
4001043227318
1005003258750561
1005003249196922
33040267793
1005002756634958
4000077785020
4001139105209
1005002334944851
32892264778
1005002604349141
1005003240307201
1005002622562530
1005003190884285
1005003238962166
4001094571923
1005003346436411
32907142034
1005002229744287
1005002389420132
1005002709697466
4001000486563
1005002824425971
32810180497
1005003111540150
1005003103636354
1005001793089050
1005002761320756
32847276226
4001332821809
1005003017738064
1005002868923412
4000052264569
1005003208860329
1005001665020599
32865335818
4001098217716
1005002519497177
1005003275709143
32836885182
32862881596
1005003156635017
4000315626330
32973781336
1005002425804733
1005003169626462
32869985723
4000759433834
1005002303691354
1005002796245392
1005002314066499
1005001779603334
1005002668700161
32904743432
1005002755816936
1005001807478633
1005003108225660
4000693989471
1005003349878163
32948493850
1005003064974296
1005002320972697
4000760522609
1005002919300775
33006014472
1005001676701129
1005003134770557
1005003351107445
4000368884255
1005002508202589
1005003222949557
1005002668692052
1005002130428212
32302917263
1005002245957407
1005002946556477
1005003334821784
1005002433034059
1005002398738410
1005001599905104
32968857698
4000409858506
1005002393876241
1005002637446122
1005003137611953
4000509274617
1005002523387520
1005002454319219
4001030318213
1005003150647810
4001150123834
1005002952372152
1005002682287938
1005002693790731
32810272367
1005003172610866
1005003155051482
4000721934543
1005003072489021
1005002878076664
1005001354264172
1005003294401806
1005002260944432
1005002049674239
1005002979612996
1005001985876223
33018800115
4000778166352
1005001603637063
1005003218345474
1005003303053096
1005002439893125
1005002716259125
1005002571289127
1005003250082350
1005002759232374
1005003212529372
1005002689229399
1005002812555788
4000200892924
1005001939633606
1005003300313108
1005003020075743
1005002187749140
4000277299865
1005002259517954
4001248343513
1005003186383768
1005003209322048
1005003109405273
32888219993
1005002548711029
1005001995527000
32961636705
4001275414245
4001316124623
32982516400
1005003380174301
1005001942277898
1005002837371070
1005002071453560
32966633480
4001263618440
1005001882359581
1005002142503178
1005003336629848
1005003146429174
32707207806
1005003049319018
1005003387709886
32876023423
32796580290
33038366415
4000125523990
1005002248208302
32849446247
4000689720919
1005003259841625
1005003156584069
4001139765596
1005002839658063
32978525016
1005001538728505
4001046365293
1005002528147619
1005002755315075
1005003293818882
1005002978772648
1005003201872801
1005002141450034
1005002030039073
1005002834197993
32893618878
1005003065451081
1005003293065284
4000853082915
1005001898814797
1005002460798939
1005002388566086
1066122202
1005003269711445
4000467298138
32966037221
1005002939756177
1005001820826327
1005002635317317
1005001271547768
1005002512726380
32888003244
1005002309870415
1005002314264707
1005002991424640
1005002575555402
33063154143
1005003380505381
1005001355366014
32608847903
1005002693169164
4001278911758
1005001669973231
4001339345274
32856426388
1005002481368833
4000238791521
1005002672405618
1005003234894060
1005002327752467
1005002055946525
1005003351908746
1005001750756489
32265971413
1005003092246880
1005003105721720
1005001677497778
1005002806101110
1005003228716535
1005002952025248
4001359491618
4000245974687
1005002363719876
1005003006263963
1005002599829911
1005003034174962
4001137726931
1005003367250845
4001015039116
1005003086874918
32907715824
1005001748958083
1005002473485570
1005003336903987
4001271890760
1005003216065446
1005001884261554
1005001285975523
1005002416038154
4000844393443
32981752856
1005002597261537
1005001781266234
1005003391614420
32928235290
32979540133
1005002814977847
4000967167167
1005003179145975
33007647972
1005003316612660
4001225235488
1005002133323943
32844149577
32976114671
1005003338990235
1005003193999314
1005003255829244
1005002024966472
1005001456654031
1005003325580495
1005003076459378
4000826612235
1005002647267248
1005001786217243
33000806490
1005003091851860
32880690841
1005002871754395
32792142594
4001178494195
1005001598061976
1005002953762577
1005002703209174
1005002894425007
1005003262731246
1005001823538634
1005002447795034
1005002623313985
4001034520934
4000932464310
1005001853492358
1005003281734852
1005003107711134
1005003008012839
32827110147
1005002211975665
32801385923
1005001354351784
1005002964249314
32848903615
1005003159926822
4001170048025
1005003336542054
1005001575198777
1005002241487111
1005002235385978
32950969017
1005003124265485
10000386167734
1005003319733171
1005003385160567
1005003186189913
32971363406
1005002717427144
1005003354188340
1005002951877348
1005001580691414
1005002668335902
4000206762582
1005002897586583
1005002056744313
1005003359812694
4000320863184
1005003388499290
1005003087336422
33009224989
4000546525585
1005002090623090
4000419634951
32888413781
1005002913958857
1005002091709562
4000163745063
32980361789
1005002350829197
32879940192
1005003212542393
1005001567025238
1005003356336871
1005003382148928
32965342294
1005002139027314
1005002728628135
1005002485436857
32857801458
1005003007986900
4000761349590
1005002253767886
1005003332710035
1005002137289712
1005003185533323
32817269927
1005003305725696
4000506841484
1005003312399516
1005003103391926
32892637063
1005002378835367
4001111885900
1005001851507870
1005003300553956
1005001627669847
1005002993802739
1005001448277248
32975240015
1005002592559241
1005002376489977
1005003032234791
1005002673876773
1005002033393197
4000592946774
1005003265211866
1005002568837201
4001365582157
1005002583516850
1005003221833753
10000400048621
1005002650018581
1005002259591383
1005003359079291
1005003097870203
32702517720
1005001596382523
1005001701232204
1005002618062847
1005003196095022
1005002362997593
32972429686
1005002786500902
32611134958
4000227817205
32459274871
1005002049807163
1005003032137706
10000344108187
1005003347173892
32367929542
4001242821109
4000261960117
4000641223277
4000734356905
1441456738
1005003332371676
32829088952
1005003374044604
1005003126805327
1005003373392739
1005003120359279
4000270396111
1005003110939744
1005003376105050
1005002883838759
1005003283918595
1005002597983157
1005003304426618
4000935425967
1005002630548371
1005002949173004
1005002363203412
32570939125
32850196041
1005002414004608
1005003063600526
1005002959693006
1005001930900030
32847104814
1005002919611056
1005003236717540
1005002623815827
1005001649272600
32691131592
1005003324536745
1005003056674613
1005001569336035
1005002792181111
1005002524712461
4001218356110
32513229254
1005002377718960
1005001977770239
32975724583
1005002583666162
32815574652
1005002468420325
1005002695773012
1005002314253119
1005002574609805
1005001614942384
1005003205686825
1005003141175863
1005002575142030
32901122266
1005003337738529
4000967149043
4001322213212
1005003303159083
1005002650043771
1005003273185626
1005002591036972
1005002612722697
32603199465
1005003202887995
1005003050988263
1005001882179480
1005003314872516
1005001678980144
1005003223475827
1005002122295726
1005002320008487
1005003178880429
1005002918146428
1005002122412465
1005003091129535
1005003330817182
32747414715
1005002673703416
1005003134644364
4001124509632
4000029259507
1005003203756448
32983767232
1005003027878108
1005002885139363
1005003177913773
1005003285075969
1005002307523203
1005002987406737
4000314862571
1005002583389735
1005002417380952
1005002766776459
4000756570481
32849194473
1005001823309707
1005002985432006
4000405595732
1005002964481957
32846602676
1005002888060342
1005003069337929
1005003201029275
4000373307381
1005003021058402
32876939433
4001207765022
1005003097279103
1005003387806296
1005002339710196
1005001451628483
4000039211962
4001036595328
1005001989006329
1005002573414898
10000371844690
1005001776596773
32908433364
1005003033147723
1005003268413707
1005003183591098
32681636874
1005002386865130
1005002571502060
1005003064248417
4001118335595
4000252988270
1005002990480688
1005002608020113
32807480189
4001145276663
1005002658195736
1005003387614148
1005003029071012
4001133949144
1005003179176397
4001247555342
1005002653158268
1005002080945544
32817072676
33053454534
1005003259980848
1005003087406986
1005001561541536
1005003322142004
1005003193674246
1005003280673595
1005002386059987
1318314792
1005001913636860
1005002877371657
1005003385431816
32812263732
1005003146303832
1005003016728030
1005003221651491
1005003344699706
1005002652600079
4000333569139
1005003273491000
1005001935675048
1005002095572780
1005001867870179
1005002869580726
1005003306840871
1005001665179247
1005002609956438
4000749129790
1005003299031295
32692892330
1005003014059633
4000239186818
1005002761096687
1005002841159462
32761548292
1005003325666644
1005002224703711
1005002087478885
1005002328181898
1005002414711552
32767286993
1005003020133644
1005002931521146
32570344296
32555981218
1005003119568130
1005002232178297
1005001835149261
1005002211921919
32890554302
1005001593105599
1005003092291357
32966455275
1005002398593929
1005002957062065
1005002702115945
1005003301484856
1005001341299814
1005002898408979
1005002842834762
1005001890278031
1005001505677346
1005002761015066
4001005209053
4000631988448
1005002662073183
1005001829697108
1005002977714730
4000539302582
1005002475871387
1005003263853128
1005003272018474
1005003382366875
1005003141384012
33046198399
4001042463206
1005001343299441
1005002958546893
1005003244030195
32997804804
4000038681994
1005003344501952
1005002767697040
4000163200232
4000637026042
1005003128174482
4001138403139
1005002947352293
1005002744019067
1005003083195480
4000970590205
32803710529
32867151713
1005001716364956
4000314922218
32969174538
1005001698558586
1005003100968941
1005003148850188
32913054260
1005003293242581
1005001961766238
1005001530390828
32950953773
1005002076320841
1005003324310818
32807968711
4000286986080
1005003157903250
1005001308867563
1005002357985845
32893916672
1005002859818541
4000401710696
1005002389962768
1005002776226803
1005002319780139
1005003032559155
1005001589397549
32823573303
1005002328587696
1005001886059832
4001061396001
1005003215839303
1005003029050644
1005001998755865
1005003285746535
1005001457294642
32894460501
1005001573830494
1005002517904578
1005003010479676
32879635231
4000986745333
32808833195
1005002761662430
1005001419593056
1005003212751435
4000285918681
1005003380022029
1005002598116097
1005001588096657
1005002252383995
1005002580494758
1005003036174806
32891475588
1005001496890286
1005001682800093
1005003268407944
1005002971282047
32839807303
1005003281987730
4001036026580
1005001878188657
1005002868433032
1005001885442185
1005001788923537
32920388882
1005001717312745
4001174633584
1005002618809372
1005002801916746
1005002558356122
1005003196013531
1005003026651152
1005003334781155
1005003318052177
1005002244060017
1005001699348483
1005002809762830
1005003295291205
33014029434
1005002601984511
32839749675
32815545070
1005002024297751
1005003270426106
1005002778254567
4000096542301
1005003173072136
1005002313387492
1005003047875351
1005003217962858
1005003218083420
1005002963084263
1005002942054133
1005001915842823
1005001613109294
4000230910323
4000039674506
1005002414244404
32990492353
1005003142629830
1005003388696660
32854517169
1005001380681970
4000047316360
1005002090975788
1005003147769678
1005002608938514
1005002312853760
1005002950734951
33010416431
1005003387852141
1005002924459478
32787296514
1005001935124013
1005003337575299
1005003298571691
1005002038935496
1005001960858783
1005001965987378
1005003286267201
1005002701127690
1005001437090120
1005003176097334
4000642302403
4001309614617
1005002042183744
1005002623633697
32853166285
32891010311
1005002401407691
4001164431096
1005002636247423
1005001993996676
4000401589272
1005002214565853
1005002554381177
1005001659458675
1005002960423129
1005002618193235
1005002991001036
1005001418107880
1005003263587858
1005001576798755
32999970485
1005003097308834
1005002676260485
1005003262922842
1005003033017241
1005001869590871
1005001821888280
1005002739497887
32998836434
1005003292412066
1005003273220716
1005003250392882
1005003262640110
1005001790607300
1005002861582222
4001179532836
1005002755757016
4001147561818
1005003129605000
4000854517974
1005002733817373
1005002809996909
4000403072250
1005002858089719
1005001288081105
1005001996814145
1005002887092439
1005002971003712
32456460236
1005003304398855
1005002698560603
1005002781263287
1005002833888791