33015324902
32951536748
1005003370157179
1005003265204566
4000546570613
1005002589094334
1005003067094384
1005002956980495
32910201026
1005003237688490
1005002711919406
4001085629451
32983987592
1005002963528783
32987813388
1005003001148196
1005001481971958
1005001567176901
1005001916428654
1005002719221969
32830438491
32798173725
1005002496113085
32914637904
1005003277582529
1005002770620028
1005003070986428
1758574388
1005003108959050
4001039332188
32957893196
4000167181191
1005003358481801
1005002599486924
1005003298993136
4001025345758
1005001841695073
1005003283843092
4000888960354
1005003066080949
1005002564831799
1005003385026800
4000626105935
4000043938574
1005002134590856
1005003270613081
4001218766848
1005002298913497
1005002489970386
1005001866922119
1005002943983524
32752624003
4000336908110
1005003245873479
1005003082224791
1005001698681057
1005002612777995
1005001619716867
1005003245281044
1005003321512812
1005002228294684
32947924833
4000177831152
1005003228540073
1005002618537706
1005002631434910
1005002627285997
33048046036
32972728369
1005001822022210
1005002554061227
1005003259051736
1005003356938983
1005002046608065
1005003175795506
32929401961
1005002105478271
1917395110
1005003186668045
32986361131
1005003305970551
1005003189069262
4000149685135
1005003239999821
32780757942
4000972002569
4001017801149
1005003332959499
4000190292020
1005002121782257
4001230968998
32979894747
1005002072291453
32998471967
1005003166414966
1005001840960714
4000413862158
1005002791315502
4000583057744
1005002453234038
1005003116455675
1005002901312349
4001259726638
1005001832580252
4000811005378
1005002079001300
1005003082354575
33033337358
1005001742135252
32995317038
1005001464543259
33012128324
1005001665623448
1005003255494437
32858797909
4000393591106
1005003385423463
1005002753311340
4001066841540
1005001516318314
1005003041034401
1005003165554159
1005002953887704
1005001717866462
1005001633008970
1005003039139153
1005001947592307
4001155611787
32992134329
1005002603173692
1005001446641761
1005002593396070
4001091684428
33009854065
1005003219554834
4001072313552
4001349722255
4001149735776
1005002739442163
4000324692022
10000364367109
1005003014207269
1005003093704608
32676178372
1005002654434487
1005003330272999
1005002837754941
1005003107073499
1005001410890260
4001264828899
32993395703
1005002176624322
1005001457724097
1005001977367811
1005002982033703
1005002055173389
1005003291907048
1005003224275577
4001124262165
4000659135006
1005003192260136
1005003278438991
1005001913674243
1005003171856406
32878538319
1005002920206838
4001220160217
1005003250408911
4000273057655
1005003133898795
1005003379942994
1005002095819699
32919789469
1005003081098301
1005003367970520
1005002879443249
4000749809857
32821270225
4000583253470
32834495750
32521440491
33007517902
1005002617676463
1005001877131791
1005003098501986
1005003124681877
32919135874
33029497218
1005002235205091
1005002317379777
1005003082338163
1005003207120542
4000766095467
1005003317373271
1005001941796224
1005003121955138
1005002701651000
4000682846930
1005001854531450
1005003322873834
1005003129600864
1005002260723200
1005001626204825
1005002316524720
32854708310
4000240536124
1005003111169793
1005002650820233
32882762121
1005003125859863
1005002600056013
1005003245750787
32950433060
1005003134483411
1005002622038575
32895902754
1005003117452040
1005003310997867
32883517805
32961606424
1005002775638143
1005003307118070
32971348874
1005003129496656
4000316855072
4000765740994
1005001713170980
10000395858542
32900589566
1005003277759206
1005003044209213
1005003103119652
1005003105794395
1005001284461504
4000788887537
4000441930810
1005003091043006
1005003333627781
1005002694607466
32932919870
1005003048145395
4000340912963
4001070660170
1005003184377984
4000232072152
32879197816
1005002376241359
32975534769
1005002698183646
1005003156402837
4001224252030
1005003326297874
1005002862670567
1005003173027393
4001090260890
1005002978522452
32919569948
1005002023834531
1005003386225999
33021261401
1005002327394757
1005003294682075
1005002974146190
1005002340829511
1005002400658573
1005002490008130
1005001456573290
1005003021041581
1005002630079590
1005001956601429
1005001585884741
1005003367049795
1005001516627483
1005001850576681
1005002758205794
1005003337098249
1005002311766334
1005003131302644
32813872228
1005003336159830
1005003001478186
4000084540377
1005003267391799
32863470810
1005002818560471
1005003216181386
1005003276071336
1005001971617013
1005002835205371
1005002857595457
1005003271962960
32981243599
32863268931
1005002490571756
4000500212411
1005002981913751
1005002182281604
33055420350
1005003255742051
1005002924578203
33058828213
1005003093069434
1005001507620992
32847335786
1005002829023199
4000618563102
1005003365553322
1005003035757409
32409181153
1005002430070160
1005003332409175
1005003300339142
4001094733001
4001031032007
4000242546006
1005002495559377
1005002879726314
1005003264384340
1005003022110314
1005001863417661
1005003080963820
1005002873275489
1005003373380461
32818090972
1005002727048974
1005003294532797
1005002606085398
1005002751898905
1005003192426274
1005003326888450
1005003318730757
32958475275
1005003380744299
1005002699546944
1005002862895224
1005002661752492
1005002857983648
1005003159519936
1005002960943334
1005002967028753
1005002834142154
1005003387946868
1005002816800487
32972702951
4000375302055
1005001650960539
1005001305468495
1005003069596533
1005003368757228
1005002373041697
32814195085
1005002940637166
32949901011
1005003373793378
32961804173
1005002468479688
1005001434043044
4001110853598
1005003178966621
1005003255323205
4000211594176
1005003341853964
1005001301806728
32865867717
1005002650753023
1005001409275752
1005002210953486
4001042839131
4000077870444
1005001884140926
1005001775276920
32965107783
1005002482078222
1005002647281684
1005002912337954
1005002181161969
1005003146798077
1005003076476791
1005002307754054
1005002823976881
1005002020776240
4000670188495
1005003304145587
1005003207360627
1005002237725858
33005421035
1005003239933325
1005003251480292
1005003092883327
1005003066052725
33061463832
1005003205099142
1005003269640635
1005003302185962
32870041844
1005001927541273
33035472335
33049114738
1005002023866528
4000076759963
1005002829635180
4001058363910
32996913089
1005003227829113
4000563688514
32855246732
1005001773107779
1005003095366620
1005002767187990
1005003324060997
1005002418586732
1005001763950190
1005003167686198
32846510330
1005003033297269
1005003250314652
1005002882445765
1005002544966616
32992355254
1005001666356756
4000447787903
1005002641047524
1005003051339316
1005003017000296
32844520766
32899677710
1005003076420350
33061211608
1005003334605669
1005002428035000
1005001529898976
1005002489105811
1005003294923226
1005002924620216
32986555318
1005003082798802
1005002646073622
4001267183667
1005002979816259
1005003374606412
1005002979470053
1005003379323387
1005003311677506
1005002611473472
4000268767659
1000005535022
1000008186020
32852261960
1005001822551029
1005002531149626
1005002090401987
1005002728168963
1005003135011827
1005002791855131
1005002363653964
1005003294791488
1005002327743185
1005002878255149
1005002974212527
1005002991684003
1005001915284514
1005003100860348
1005002732037753
32833934672
32999401295
1005002630465409
1005001952190934
1005003279652224
4000855849238
1005001559898890
4001238766620
1005003197936666
1005002210153596
1005002083955195
1005003322820090
1005002652006918
4000307873912
32918526122
1005001379845283
1005003243390183
1005002775486814
1005001485264966
1005002937962521
4000132526567
1005003292532495
1005002761998680
1005002672352029
1005002294121095
1005002050576134
1005002948933027
1005002490118488
1005003081030194
1005002997805642
1005001913751063
4000366197083
32867512308
1005002938167476
1005002496207460
1005003081981920
1005003164061248
1005003084959849
1005001598695420
1005001976862395
1005002324182087
32869358674
1005003170081927
1005002801974980
1005001722278103
1005003008766019
32599313870
1005003014336605
10000094518242
1005001441829549
1005001964979955
1005002657007714
1005003244766519
1005002973688060
1005002919326294
1005003000223797
1005003129242858
10000002473237
32812004035
1005002687752627
1005003194368305
1005003001044318
32647330588
1005002766716150
1005002569897440
32880615787
1005001412231785
1005002397113333
1005002865161081
1005002770617388
1005002706949639
1005003033390448
32601736110
1005001652526529
32827977082
32852219700
1005002668623393
1005003183172755
1005003385316393
1005002369599814
1005003256149237
1005002873288004
1005003009700650
1005003387830313
1005001729297250
1005002651282699
1005002000875406
32533075084
1005003112691299
1005001362344785
1005003176914014
1005002433788706
1005003074110002
1005003257752019
1005003281525620
4001128480540
4000804695277
4000220336224
1005002989420108
1005002377706505
33064483766
4000108019672
1005001504805014
32847540905
4001008271940
1005002851435322
33039938290
1005002904422428
4001263572581
1005003386371029
4001006897785
1005003164634331
32989318353
32858293864
4000124050448
32321317776
1000007951208
1005003296562961
10000401520267
4000425255047
1005002611566214
1005002621724484
1005003325925243
1005003155675678
32299483578
4001056081937
32890123273
1005002889600936
32971810387
1005002238071795
1005001588162091
1005003380132479
1005003356093959
1005003212467072
1005002783854190
1005003319271942
1005001370388936
10000319803141
4000869306268
32808425296
1005002836726205
32856693911
1005002608464821
1005002613263366
1005001381500897
1005003198881708
1005003076609038
1005003188314056
1005002252174403
4001273373203
1005002558478709
4000116334143
1005002900165515
4000082371689
33057432761
1005001835093628
1005003327836324
1005003100601219
32833930368
1005003108600331
1005003336061115
1005002958525990
1005002878460423
1005002413380661
32372381041
32943274093
1005003303596011
4001136233615
1005002868367156
1005003328101091
1005003194408498
1005002182168342
1005003076226611
32850718847
1005001942216386
4000025515564
1005003035418683
1005003281466501
32961182259
32918031782
1005002900064246
1005002011840470
1005001646133610
4000808742066
1005001355323773
33006524491
4001063532070
1005003040985874
1005003092842986
32887318066
1005001997343078
1005002749421540
1005002655256436
4001085726098
1005003170862824
1005002648686933
4000820534648
1005002573033384
1005002718023613
1005002533316482
32928199724
1005001743358089
4000236428314
1005002818437031
1005002824478479
1005002420027440
33000296931
32821766551
4001098567035
1005002795712759
1005002652049256
1005002562517397
1005002984394427
4000562144676
1005003095922388
1005002605431851
1005001836188689
1005001775348448
32880763254
1005002612202661
1005003357320704
4001247529714
1005002303909767
1005003313167941
1005003005052329
1005002315474902
1005002754369071
1005003247601107
1005002311517480
1005002851379185
1005002974053823
4000336678026
1005003103316112
1005002447714250
1005002994903235
32799028383
4000004557440
1005003333903295
1005002753985763
1005001780613935
1005002998622192
4001233969973
1005003281179332
4000772043937
1005002614024384
1005002624603366
1005002340306816
1005001530927489
1005001376033567
1005003130024000
1005003182036714
1005001381816337
1005003284288539
4000032515264
1005001356246917
1005002939428548
1005002583218480
1005001669157695
1005002271905447
1005002279080539
1005002395411652
32906594654
1005003172686457
1005003109259927
4001271105383
1005001736773387
1005003160472059
1005002608901633
4000506486320
32972399006
1005002553007370
1005001337576731
1005003157324452
32982294302
1005002575677260
1005002918407553
1005003008468620
1005003381855759
4000249977731
1005003167421816
4000987362793
1005002450213945
32833184648
1005003134502314
1005003251702444
1005002413338779
1005003082296192
1005002569263101
1005002913445612
1005003282562200
32869235770
4000851049605
32862709567
10000117254474
4000756694619
1005002673969185
4001256643320
1005003129476603
1005001320546310
33011837017
1005003074756998
1005003359817228
1005002007665600
1005003224145279
1005002518521553
1005002795221485
32911717220
1005003341427537
1005001658193833
1005002618423474
1005002328870344
4001066957597
1005002504372851
32725180346
1005003041498793
32898713733
1005001557097935
32887127811
1005001667696375
1005002404221393
1005002605244431
1005002305207801
4001222004175
1005002894389592
1005003223861228
1005003208511505
1000001710062
1005002281141953
1005003303220173
1005003113897251
1005002814007984
1005002313805185
1005002946519445
1005002151685112
1005002927488232
4000215999096
1005003329984973
32931308381
1005001977314743
32617680049
1005003083797983
1005002039055935
1005002771271623
1005002608906499
32977634973
32955536546
1005003222310466
1005003025462070
1005003077952756
1005003124949181
1005002315689616
4000242004616
4001078721979
1005002979995607
4000258108922
32693051577
32947578740
33035312563
1005003385024545
32985944456
1005002253656896
32958884092
2049858236
1005002746240555
1005002758459738
1005003112567966
1005002775465012
1005002840730798
32910789886
4000709296805
1005002007535624
1005002584392902
1005001496653988
32828104419
1005003170436044
529487612
4001140496910
1005002982753278
1005003141751987
1005003149195838
1005003062042700
32886083413
1005002431147999
1005002656002033
1005003337823664
1005003080105187
4001243991404
33026499691
1005002058651301
1005002860210156
1005002122487495
1005002826462923
1005001882790966
1005002338946632
4000115095204
1005001551687616
1005001960637477
1005002599307546
32859525489
32881332928
1005003109280872
32682835788
1005002607713320
1005002428083814
1005003042007199
1005003152530119
32251246029
1005002649272392
4000960664177
1005002000318725
1005002600241036
1005002879096200
4001194381717
4000960632543
1005002001307708
32443317957
1005001270499449
1005002121782257
33021819281
1005003009885420
32884398931
4000834327113
2002261517
1005002684171548
1005002447168450
1005002399080171
1005003310775812
1005003074106918
1005003367677888
1005001374027198
4001062875552
1005003166957220
1005001446948374
32780323031
1005003292602687
32970887268
1005002453538248
1005003275851980
32796140218
1005002370238247
1005003334881229
1005001757547368
32811773217
1005003254849131
1005002782089985
32956193288
1005003189151777
32783174000
4001214227618
4000581582543
32943479500
1005003165885512
32835869106
1005002810636885
1005003321212962
1005001992646419
1005003100088693
1005002780487678
1005002018779495
1005002133870599
1005001941721962
1005002703533379
1005002989553963
1005002333056190
1005002012689157
1005003028157375
1005003144608538
1005003356068231
1005002001693061
4000381883674
1005002614057230
32980253832
1005001340339478
32911787671
4000467457340
1005002331702913
1005002882923195
1005002997326734
1005003342651032
1005001368610198
1005002389902013
1005002095939620
4000932644712
1005002254917351
4001359270716
32851417165
1005002105143569
1005003109857981
1005002916775568
1005002468758915
1005002087362258
1005002262088781
1005002978363580
1005002928188962
1005003224215285
1005002966782349
1005002976032050
1005001704414868
1005001344541739
1005001265239845
1005002534846100
1005002340716841
32817959931
1005002482168047
1005002872933146
4000025229202
1005001926583053
1005002547639360
1005003228904034
1005002907889337
1005001805086071
33026005381
32945578751
4000639977299
1005002920386454
1005002924060041
32822275933
1005002632355486
1005003337929877
1005002316939492
1005001586291493
32858784279
32902401458
1005002356156204
1005003192407022
1005002912032043
1005003102628234
4000957827916
1005003153126140
32995458485
1005001964088716
1005002989318603
1005003290831565
1005002400179073
1005002389540935
4000910612166
1005001907497826
1005001940081379
32393060732
32954442278
1005001573318115
1005002316913879
1005003134900484
1005001989284380
32830440182
1005002250345108
1005003287417668
4000078158351
32884780264
32409420711
4001284389575
1005002991223033
1005001470149982
1005001472003195
1005003037819584
1005002950008840
1005003348321363
4000399338673
1005002984404104
10000142584792
32822298189
10000026381375
1005002639292009
1005002872875667
1005003129493824
4001350754581
4000148357097
4000246638970
32917023606
32873549857
1005002254042707
4001207642153
1847872588
4000960466596
1005001406716368
1005003169880083
1005003029725523
1005002065086582
1005002613962740
4001066935646
4000602642103
1005003275187237
32984198731
33039395105
1005003133976927
1005002359027773
4000648601432
1005002965660330
1005001565594641
1005002306355458
1005003337182143
32998570838
1005003037792495
1005002878004932
1005002286382040
1005002710418014
1005001967788956
1005001325853194
1005002197819517
1005003216891450
1005002095397539
1005003304411987
1005002966702995
1005002959643968
4001134506886
1005003333703772
1005002942076577
1005001912652651
1005002979162801
32889285880
4000944294953
32765482784
1005003167981561
1005001439589562
1005002049895707
1005003271923221
1005003364897493
1005002490883487
1005001789405605
1005001386727514
1005003318866357
1005003299741597
1005003292281040
32947088770
1005003285030727
4001296966234
1005002388001819
1005003384346744
1005001877995722
1005002695902724
1005002377119148
1005002139708860
1005002564536123
1005002128427366
1005001994351895
1005003323770770
1005002925950417
4001137608673
1005002021382519
1005001515951749
1005002787463992
1005002638014994
1005003058538930
4000384557453
1005003264212206
4000198844371
1005002630240589
1005002043644611
1005002524699028
4001135581043
1005001693735941
1005002547804613
2045980479
1005002963739428
4000117059761
32981270149
32933074596
1005002643313447
1005003199442624
33026056841
1005001989294523
1005002886363632
1005002642154301
1005002240477054
1005003177401864
1005001417775820
1005001466376063
1005001315403580
1005001616215341
4000340857693
1005001609229119
1005003129907543
1005002967660587
1005003130089446
1005001573029187
1005002821596174
1005001683248780
1005001834262990
1005002252258926
1005003327312781
33005141050
1005003180506752
1005002612983122
1005002177204031
32851359328
1005002950133030
1005001868198029
33015270039
1005001680095162
1005003031625996
1005001764618407
1005002805732661
1005001441374232
4001065936701
1005003183501183
1005002293123467
1005002776880991
1005003180659768
1005001615908998
4000548362682
32815577313
1005001860770448
4000015398632
1005002287773040
1005002593738810
1005003387716889
1005003075827036
32946068833
1005001386237296
1005001976195900
4000626003973
1005002820840045
1005002394186102
1005003139405938
32606384830
1005002493723060
1005003083527654
32798386920
32888397070
1005003337184895
4000175893015
1005003276158252
32961028640
1005003015570147
4000119038727
1005001501707102
1005003324748929
32994526532
1005003330938157
32858165141
1005003262842399
33013186756
32813697861
1005002924068415
1005001338323890
1005002465811689
4000429690134
1005003088833768
1005003341536262
1005003209422820
1005001468937264
1005003346753186
1005002297864964
1005003102756146
1005003176032316
1005003239269578
4000191660862
32626109074
1005003379969943
1005002210576619
1005001458756794
4001253605622
1005003338137496
1005003069961091
33021029590
4000972655682
1005003193619934
1005003251092429
4001064871157
32882105070
4000891735074
1005002949331562
1005001442586201
4001080135667
4000610029902
1005002950215016
4000786569379
1005002747243738
4000192925381
33003486552
1005003312441447
1005002984191146
32844234627
1005002996261386
1005003219358227
1005003086625355
1005003305978436
33001245118
1005003298663811
32976522826
1005002190083068
32846566078
1005003136708878
1005002241019257
1005003224223403
1005003175461066
1005002271584972
4001145511234
1005003085615323
4000336911866
1005003296989615
1005003355023665
1005003036561417
1005003065568447
4001291296019
33049927151
32890129614
1005001843198911
1005002369063166
4000466131724
1005003165649361
1005002390225738
1005002681200486
4000817379932
32825454544
1005001852349218
1005001521964562
1005003290266206
32899697391
1005001824229069
32897317511
1005002184925616
4001139615878
1005001412445855
1005001971534984
1005003144419340
1005003323487095
33012606069
32989655513
1005002679167082
1005002790364637
1005001386143196
1005003293933243
33052623655
1005003276321581
4000233559990
1005003102350731
4001175387773
32779461361
33003931727
1005002907865917
1005002347901389
1005003023610874
1005003328865209
1005003282764989
1005001909061884
1005002719047861
1005002332905506
1005003158778745
1005002388730356
4000777914008
32773195763
1005003272207922
1005002984581627
1005003221783797
1005002494954731
32841956656
1005002264791014
32820047760
32728838008
1005001392808554
1005002318343773
1005001592690511
32560475279
1005001884778868
1005003374554663
4000829692186
1005002562740404
1005002858287754
32921426149
4000971538104
4000537367008
1005002007168641
1005002776414046
1005001975964345
1005002695106695
1005002393832651
1005003099490394
4000594620560
2029229518
1005003270886595
1005003331629576
32995596266
4001015799278
32236242106
1005003197179399
32870438620
32887473968
2034195952
1005001704511128
1005002506866444
33056707564
1005002504348195
4001248623704
1005001729216294
32344100261
4001286563882
32717902962
4000394099338
1005002505085506
1005002588520473
1005003183479603
1005003135756288
1824300553
1005003228601213
1005002028325783
32757946676
32977633076
1005002949345176
1005002977616197
33039414713
4000709552998
1005002671786200
1005003264585664
1005002756401039
32911285247
1005002646432156
1005003384240251
1005003360218554
1005002295372341
1005003333419571
1005003267694110
1005002348189750
1005003376338259
1005001913791307
1005001572510772
1005003037632234
1005003182432204
1005001616908739
1005003214360701
1005001483159488
4000592225141
1005003069660640
1005002782907975
1005003044765305
1005002425879019
1005002939152700
1005002939596880
1005002941422067
1005001443312458
1005003020072055
1005002775696225
32848364315
1005003346736638
1005002423790713
1005002907254523
4001110063469
1005001986070908
4001295053530
32575833612
4000090396718
1005003304218350
1005002565261039
32831474467
1005001446302066
32967580407
1005001604002765
1005003286302033
4001052969405
1005003136799745
1005003314228452
1005001547820094
1005003070050332
4001139099118
32799824521
4000844641220
1005003193672449
1005002956834394
1005001792355275
32792411661
4000832738993
1005003189454837
1005002533935310
1005002602245793
1005002108385517
10000004429817
1005003297888238
4001248797599
1005002552637195
1005002885990435
1005001964135551
1005001840026948
1005001793116570
32787849005
1005002794378481
4000371959170
4000922954518
1005001988813385
1005002064497219
1005001413247712
1005002570816920
1005003206012595
1005001344438303
1005001714167194
32982000537
1005001669990941
1005001469322671
1005002468620529
1005002770744198
1005002870395366
1005002911314136
1005003219642512
1005003145545562
1005002904347656
1005003338137496
1005002173587081
1005003263369960
10000003750036
32802363382
1005002841960435
1005002233665612
1005003155345185
1005002907840321
1005002992243715
1005002066623873
1005003247569374
1005002857426023
1005003171667690
1005002322180003
1005003354012471
32812160963
4001034627613
1005002419655557
1005001493310400
1005002740774474
1005003134353576
1005001993570710
33000931385
1005002572279961
1005003081799523
32915858761
1005002870556973
32282308346
1005002642494544
1005003263700082
1005001471960378
1005003014590443
32870586893
4000265398073
32794896937
1005001872881883
1005002992840545
1005002323121695
1005002731016258
1005002460414132
1005002986714814
1005002870076851
1005003156854001
33040667129
1005002739917705
1005003224964583
1005003239293700
1005003217526083
1005003109572122
1005001914152323
1005003151119048
32951335481
1005002732272616
33004090685
32814593240
1005003223022563
1005002841614229
4001135976957
32900770073
33039872588
1005002481826259
1005002674936638
1005001338737319
1005003255901942
1005003183029833
1005003156430387
1005002673084465
1005002460947622
1005002836680269
1005003139355282
32756581929
4000800566881
1005003368649772
32827825912
32873307003
1005002876259100
32860464725
1005002005842965
1005003209699367
1005001831247672
32895241075
4001230401160
1005003108974284
32954416119
32841671342
1005002258304505
1005003163859155
32847429303
32841409116
4000806009443
1005003195525571
1005002862959541
1005002995689351
32855920762
32908194281
1005003030829985
1005003291966331
1005002932656609
1005002007526178
1005001633868127
1005002220518085
1005001525404752
1005003290907223
1005003260198396
1005003071060614
1005002767337665
1005002787651829
32955494481
1005002393718790
1005003329175905
1005003178182618
1005002759502240
1005003325819486
32832482111
32828531338
32948570051
1005003028556366
1005001625605729
1005002751316068
1005003065430454
1005002939796866
1005002862053776
1005002381071729
1005003260326087
1005003268795395
4001216091897
1005001839253510
1005001638880679
1005003391426069
1005003265202778
1005002511687866
1005002879020718
4000182465161
1005003337032343
4001227857117
32972302024
32718486368
32792245110
1005003062552960
1005002741225533
10000383869788
4001208719782
1005002578190816
1005002987810212
33011519072
1005003368898055
1005001992099555
1005003168270030
1005001305910823
32689170927
1005003323775937
1005003364761592
4001225335686
1005001935401965
1005002932418297
1005002863248924
1005003150466735
4001272844027
33062747770
1005001356362809
1005001750665914
1005002672388370
32989940649
1005003012566832
1005002702290748
1005002754595814
1005002568753670
32972629014
1005003230364175
1005003114704156
1005001538544735
1005003336928302
32868437558
1005001756572088
32904132054
1005003380587596
1005002848184514
1005002814934947
4001237247564
1005002529491539
1005003188198637
1005002905455553
1005003155931605
1005001361052029
1005003019487021
1005002046913824
1005002328457890
1005003113553858
4000199044429
1005001359397557
32859936502
1005003241468966
32813375234
1005003086375906
32857631283
1005003247502783
1005002353348399
1005003102667362
1005001520452077
4000784576394
1005002321236667
1005002347161326
4000095441977
33036050334
1005003391682496
1005002420488193
1005002911314136
32833213617
1005001352818480
1005003298466585
1005003177932729
1005002702669440
4000731899828
1005001577566598
32966594885
4001280447921
1005001638379928
1005003097596107
32858401906
32976422907
1005003221870167
1005003167448299
1005003129477423
10000333194602
1005003290273158
32962088173
1005003273911994
32819214658
1005003287487998
1005003031625269
1005001968388873
1005002782620274
1005002027628821
1005001869933737
1005001745022206
1005003147716026
1005002375697030
1005001266040606
1005001633352191
1005003330153143
1005001493827411
1005002731705057
1005002293625502
32683504906
1005003383999081
1005001326060815
1005002967996948
1005003164024578
1005002011018454
32994002070
1005002870109869
1005003236635188
1005001320015451
1005003334609112
1005001825699772
1005002459783732
32825125304
1005002919709670
1005003234437847
1005003327689544
1005003016598764
1005003187119528
1005002891199238
1005003385065301
1005001588817668
1005003129326670
4000521666240
1005001741659479
1005001741713704
1005001723450436
1005002343094765
1005003214373602
1005003339594680
33052936255
1005003303037359
1005002264546457
4001203477880
1005002511375333
1005002624614024
1005002305267612
1005001562620710
1005003311086387
1005002560431758
1005002774315188
4000882886670
1005002702814549
32878428424
4001356316421
1005003111256133
1005002879254652
1005002771060155
1005002339686023
1005003171337683
1005002948983364
1005002349628337
1005002985159949
1005002947896556
1005002686960080
1005003068584707
4000302619553
1005003134779095
1005003354997950
1005003095916243
4001350125187
1005001621413996
32880452221
4001072255920
1005003227384152
1005002655109631
32894091390
1005003027306209
1005002488493700
1005002328178073
4001248288083
1005003282022936
1005002897463017
1005001629115143
1005003000735218
1005003340671523
1005002897569535
4001185077359
1005001732311982
1005003290900827
1005003117446228
1005002828690125
1005002918917219
1005003282530447
1005003370384028
32950682201
1005002882670518
1005003274484294
1005001320369363
1005002863844489
4001156421878
4000985755610
1005002516531163
1005002122392596
1005003103260789
1005001493497658
1005003197130921
32864630789
1005003309097895
1005002069368223
32981709099
1005002884867121
32797895024
4000318159724
1005001408334669
32954011490
1005002342354816
32972145735
1005001580268310
32988041203
1005003387793546
4000040810402
1005003299065198
1005003021957773
1005003272679494
4000165335894
32885328881
1005001561629340
1005003038224639
1005002538258773
1005003262605196
32847032392
32648505980
32727815432
1005002246630207
1005002818080016
1005001450099880
33043655419
1005003041106370
1005002309462643
1005003298411224
1005002192978888
1005003057507428
32963638480
1005001645739777
1005002939051573
1005001976182534
1005001451667672
1005002617121989
33036597057
32490288664
4001352197913
1005003111084409
1005001441497131
1005003196080108
1005003386310251
1005002717094856
4000800323430
1005003206061905
1005002329577002
1005003128639218
33007099430
1005003219856299
32741566344
1005003029052796
4001074836719
1005002722784115
1005002997577691
1005002231771361
4000470593439
4000982217186
1005001524307652
1005002423258098
1005003073817986
1005003243723748
1005002598690625
1005001846273720
1005002387941867
4001003185267
1005001651103453
1005003224258063
1005003228088010
1005003387212510
1005001975441472
1005002570204385
4001237614543
1005002913658741
1005002944299842
4001214435389
1005003048010012
1005002877314157
1005002869404399
1005001458152949
1005002284540976
32919829372
1005002345008412
1005001378198128
1005002882494121
1005002833582878
1005003052109089
4000542406674
1005002799435947
1005003322482077
1005002526116580
1005003289750331
1005003019848038
1005001583342858
1005001859839162
1005002603818715
1005001803958189
4001226653222
1005002866677547
1005003076802442
1005001495075964
4001203677375
1005002926867481
1005003310454555
1005002459707843
1005002690183521
1005003281354407
1005002580914514
32828245076
1005001798679463
33050738766
32741317867
1005003276826925
1005002440988469
1005001520754776
4000220947080
32888302159
1005003171403036
1005002599363751
1005003356904477
1005003133868184
1005001708280912
32945176253
1005003081518844
1005002876082464
1005002317866399
1005003017832479
1005003113019933
1005003230456217
32794743229
1005003235791342
1005002861754826
1005002712839307
4000424394467
1005003391053376
1005002206062459
1005003382461269
1005001597872109
1005002984281765
1005001849346363
1005002598869293
1005002616140734
32953002665
1005002964972071
1005003012027162
1005001537931842
32922065525
32856504581
1005003256335879
1005002264693575
1005002611122476
33010256749
1005003256270832
1005003163752866
1005001823011821
1005003237941871
1005002328880835
1005001429382772
32825921140
1005003287729737
1005003150994238
1005001961352680
1005003108493619
1005002810066256
1005003302074907
1005001421062930
1005003067550149
1005002842920576
4001027413215
1005003281125287
1005003226433234
1005003244081312
1005002953679908
1005003247535322
1005003329309255
32813202774
32833340692
4000205956504
32569509827
1005001516033511
4000898915193
1005003183091142
1005002719313971
4000852689793
1005002592864795
1005002016579899
32342350076
1005002250380197
1005003329871031
1005002408741290
1005002731603738
1005002663367686
1005003175630726
1005002346382761
1005002725670798
4000698376115