1005002963673004
32998226184
32815357300
1005003221369697
1005002617050465
1005002946036369
1005002803115148
1005002050839677
1005002122518089
33055558605
32817728064
33039125860
1005001329845137
1005003166378201
4000571107292
1005001405589823
1005002247442223
32974890880
1005002250052606
1005003270832715
4000960589910
1005002885570502
1005003386389435
1005003290359493
1005002950767639
1005001759542630
1005002379036086
1005003087782177
4000268662126
1005002686789279
1005003017334770
1005002496388033
1005001285997588
33003474496
899926492
1005003017546850
1005002960881696
4000018977959
1005002782545677
1005002622165686
1005003223605577
1005003300174764
4001060028935
1005003111173288
1005002345923196
1005003212944967
1005002809014331
1005002529462480
4001064209622
1005002388936719
1005003299485843
1005003180640351
4000672305144
1005003208279730
1005002171152674
32824215887
1005003332330931
1005003117897465
4000343987290
4001246201262
4001263557674
32998737323
1005003329480154
32588320413
1005003219608935
1005002673032031
1005003017859104
1005002063852131
1005003308766546
1005002329843126
1005003263631052
32828636311
1005002832822854
32635821777
1005002708308162
1005003034214996
4000297233389
32863005613
1005002991194709
1005001890744222
1005002300642122
1005002611444354
1005002880711776
1005002482723944
4000630323369
4001266056386
4001080645128
32995823472
32952948392
1005001406409191
32982178942
32755470491
32765570271
1005002208207060
1005003214383319
1005003356520807
4001111961565
1005002410952041
1005003244627527
1005002915508688
1005002457519379
1005003376901704
1005003298994288
1005002453134478
10000012575813
1005003128051597
32699346983
1005002619371122
1005002292769373
1005001709283803
1875641779
1005003149864872
32710807392
1005002986176320
1005002953977068
32991940388
32997417939
32888164027
4001321498572
32798166691
32668552695
1005003134473453
1005002585378873
1005003390079289
32782270664
1005001704879653
1005003305164268
1005002598135389
4000960621462
1005003311486545
1005003171844070
1005002196589943
1005002194001071
1005002287334622
4001139243876
1005003207665648
32989168682
1005003232453572
32836625433
1005003197490321
4000071597987
1005002617700135
1005003270468720
32230978514
1005003005130310
1005003314201214
32949645437
1005003278705768
32793101139
1005003251147262
32907818416
32332177796
1005001835542999
1005002780942316
1005003252505691
1005002619135972
4001151398505
32984150008
32554696853
32915124913
4000333611622
1005002467284238
32852638350
32884454472
32847488103
1005001536713753
1005002927568845
1005001392566176
1005002798653577
1005003242274833
359193072
1005002325231698
1005003180754006
10000059522674
1005001509826772
1005002407796567
1005003291599621
4000225512582
1005002935446200
1005003146188928
1005002678131801
1005003170695022
1005001985496054
1005001709685155
1005002314825167
1005002369592699
1005002313804275
32963990648
1005002964807208
1005001986448096
1005003268658490
4000844089746
4001020426588
33045068941
1005002942254302
1005003202563148
4001289903338
4001099308314
1005002260273739
1005003301102866
1005003325577907
1005003294018725
32523496234
1005002454303189
1005002648897631
4000167075262
1005002532168131
32430486689
33026331366
1005002746212113
1005002738340344
1005003325784698
1005003093414402
1005002101730417
1005001737029931
1005002849170926
4001080253797
1005003325502021
1005001568671230
1005003002015163
1005002268463576
1005003166587263
1005002308993292
1000008304481
1005001885245583
4000603610901
1005001888380581
1005002916934529
1005002868487275
1005001586438005
4000263340113
1005002310983004
1005001789454396
1005002448024097
32722088522
1005001469220466
32979397621
1005003300440280
1005002970179227
1005002723622500
33032513997
4001175549696
32847011932
1005002630513398
10000399948395
32976633523
1005002210626089
1005003016381751
1005002744519809
1005002669722494
1005003026421984
1005001275443835
1005002073726071
1005002809742509
1005003111889944
1005003123301746
4001175894808
4000311843007
1005003066378911
32864032900
1005001540103064
1005003342556020
1005002374947077
1005003152182450
1005003205376460
1005002210668690
32837562259
4001243625510
1005001997207708
32867272241
32957199651
4001133758888
1005003117186893
4001119322830
1005002970190690
32977777482
1005002562506893
4001151240515
32998044161
1005003266517613
1005003023925662
32889224087
32984362856
1005002841034286
1005001985459734
1005003326687450
1005002359722165
1005003276505215
4000778459038
32699989003
1005003324050355
1005002571064783
4001065597561
1005001940876892
1005002883960289
1005002746072179
1005001715319190
1005001385758944
4001230629786
1005003290274273
32864520804
1005003120991272
1005002363767862
1005002383232889
32977674159
1005003083445542
10000347425321
4000789263740
1005003001761667
1005003066714260
1005002711318241
1005003342642410
1005002348082981
1005003360185701
1005003276878621
1005003123107342
1005002316114948
4001229796838
1005003246690674
1005003223230695
1005003146087271
4000088842678
33015019274
1005003178259925
1005002687414784
1005003140039738
32947053347
1005002759059420
4000174254560
1005002543416276
1005003056662455
1005001489223362
1005002710580839
32897344378
1005003346155805
32983823053
32949105782
1005002752280609
1005002737944663
1005003309049427
1005003309804500
1005002322085136
32992852911
1005002073401965
1005003092952682
4000054116373
4000240130186
1005003322093987
1005002949384911
1005002662107908
1005002957613137
33031207145
1005001634222245
1005002212904333
1005002334992866
1005003372724902
1005003288981727
1005001417502365
1005001515522140
1005002373107474
1005002307488533
4001231139669
1005003392960332
1005002862823454
4001193122873
1005002342262924
1005002484005120
1005003103522005
1005002533704361
1005003358097501
1005003018146329
1005003019962376
4000246569160
4001172903560
1005002663137069
1005003176543716
1005002842461250
32935015761
1005003147073827
4000258033026
4000695341239
32811595960
32910095552
1005001524498261
1005002710310118
1005002608908458
1005002939148090
1005002944366237
32959488001
33005115747
4000082120436
1005003161029778
1005003359533573
1005003337054200
32693021982
1005002494254696
1005001296156477
1005003263649241
1005003044966094
4001230398218
1005002960348556
32839057215
1005003003209096
4000575381797
1005003226532706
32730786166
1005003223183925
4000649025235
1005002311113080
33025652184
4000280691453
1005003072657204
1005002938162228
32568922529
4001198167836
1005003094638046
1005002622978952
1005003050019009
1005003318798714
1005002992679650
1005001975302142
1005002650345349
4000833784380
1005002723001832
1005001324766307
1779185604
1005003336141844
1005003250666401
4000090105430
1005003277961705
1005002818156496
32896646261
1005003380480701
1005001882304584
1005003368731401
32834016799
1005002470300348
32842555112
1005003275996417
1005003233602148
1005002269121822
1005002136149827
1005002502090163
33002693458
1005003106267551
1005002611778344
1005002613084466
32966339373
1005001714425312
1005003252686303
1005003095030125
1005002513327355
1005003172854306
1005003380189078
1005002477858285
1005002409737885
1005003148830264
32887543263
32671370876
1005002837206401
1005003118072179
1005002530556995
1005002398820339
4000789665599
1005002751649105
1005001341969718
1005003039627424
1005003240463683
1005002564485218
1005001438118325
1005002969566010
1005001592371860
1005001529885963
1005003140416686
1005003379289320
1005003185349022
1005002662369539
1005002734972119
1005003371249048
4000028928462
4000624734739
32848324981
32954398138
33007339090
1005003088664493
1005002995032349
4000076456344
1005001631016282
32818349528
1005003069502250
1005003229965594
1005003180656865
1005002441220375
1005003309375145
32752655709
1005003011814530
1005003288809757
1005001985007567
1005003362198358
1005002910898390
1005002742632182
1005002090969944
4001100815237
1005003096259994
32974350260
1005003113764367
1005002673295038
1005002841697798
4001278841998
4000136202130
1005002608428326
1005002650529945
1005003019277589
33011201144
1005003292848188
1005002947413932
32984910457
1005001429005918
1005002917958674
1005002716940918
1005002937556438
32844733831
1005003349769413
1005002423894223
1005003183518297
1005002721490875
1005003041122011
1005002381303486
1005001923805494
1005002175274566
4000101747038
1005003134385318
33012695607
1005003236651188
1005002666318778
32966567844
1005002346564856
1005001900483426
32978211500
32821493956
32879067164
1005003323892454
32906566392
1005002704999042
4000334320649
1005002749718231
1005003350659755
1005002515481839
4000017450636
1005003386417634
1005003389235209
1005003236337602
1005003006358464
32888027100
1005002033063156
1005002130423211
1005002252578642
1005002949893550
1005002246589139
4001104056915
1005002647262459
1005002139512080
1005003242745413
4001062519071
32971148195
33014334270
1005002578699335
1005002618432416
32900127782
1005001453153275
1005001890751486
4001082161398
4000015731911
4000905834020
32832626017
1005003197881829
1005003155040377
4001092445370
4000457013913
1005002028602289
1005003064726456
1005002281273344
1005003096233335
1005002114222995
1005002718791666
1005003347288516
1005002588262713
1005002219667750
1005002483275095
1005003390410863
1005002318017634
32830611318
1005003188567324
4001270415712
4001052789580
4000219582206
1005002958166887
4000606633185
1005003346369680
1005002018884675
32954315312
1005002572390558
32816964010
1005002053291597
1005002527684997
1005003255328263
32805054254
1005001898775639
4000167583704
4001229372169
1005003301536538
32995664115
1005003115524410
1005002607928167
1005003307018626
1005003138777160
1005001355304844
4000340753242
1005002566171721
1005002360001550
4000522896133
1005003336463477
1005001730974877
1005002341638397
1005002233574380
1005002924004202
1005002375495206
4000926604355
1005002364440750
1005003104879729
1005002317001392
32828961561
1005002068735071
1005002050615686
1005002008287063
1005003049749429
1005002399283072
1005002019004745
1005003001373934
1005001411964360
4001069197455
1005002780762190
32856450778
32920817007
1005003162464031
1005003120972500
1005003291594331
1005002604511763
1005002668275103
1005003379417698
4000207072843
32976498400
1005001914018708
4001308273766
1005003367724781
32866303387
1005003185880848
1005001793147323
1005002913452563
1005002388916848
32933338646
1005003123783173
1005003223056459
1005002931186082
32749171451
1005001785826901
1005003223519387
1005002866162153
1005002223723068
1005003042230880
1005003288118676
32696696329
1005002940677592
1005003383679204
1005003195964191
32917228914
1005001804276960
1005002666725021
32888584406
1005002989230901
1005002835115645
1005003050991301
1005002798095376
32690713797
4000779838114
1005002418591777
1005002703562065
32992502157
1005003223986309
1005003265738085
32899807916
1005003294336856
32877891885
32981747864
1005001387680650
1005003308702261
1005003263246550
1005002397008903
1005002557945332
32861971188
32843463859
1005003147124497
1005003298390198
33013753006
1005001775265991
1005002297682609
1005002187987258
1005002617164120
1005002416229015
1005002617652440
32570200208
1005002595613550
1005002959139167
32863357379
1005003163142369
1005001936101870
1005002281154203
1005003337954969
1005001479053283
1005003208468199
1005003309505305
1005001300672973
4001119395988
1005001618255789
1005003032824091
4000083834082
1005003098472188
32902277434
1005001829591558
1005003333911118
1005003330378863
4000012127310
1005002154791792
1005001859397567
4000428033436
33047712276
1005002326191908
1005003084245879
1005002906563513
1005003146435230
1005003286020360
1005002388353283
1005002604771812
1005002793463951
1005002281633822
4000227186780
1005001850891583
32869408230
4000740023759
32854554612
4000854489697
32734263953
4000820210846
4000838743655
1005003068974653
1005002520104883
1005003312234435
1005002568595522
1005002717769961
1005003157606753
1005002600690855
1005003072426080
1005003226750755
1005003327975678
1005002905199875
1005001458543957
32814717405
4001237185966
1005003217065875
1005002964002534
1005003004405837
33005830629
1005003383039389
1005003336255947
1005003343811128
1005001286087535
32874364213
1005003307015885
1005002966965235
1005001507045301
1000007422936
1005003158633548
1005002956616773
1005003208525619
1005003292981851
4000922531840
1005003220864366
1005001640264463
1005002508880904
1005001905161649
1005003139394834
1005002427310012
1005003220599431
1005002658711779
4000832091269
1005003337471634
1005001700655544
4001163015456
4001220893455
1005001900463248
1005002631362050
1005002749715582
1005001381775510
1005002037731070
1005002722270007
1005002259705513
1005003218604410
1005003115077386
1005003219228557
4000390307060
1005002513393135
1131346009
1005003289025986
1005001405826549
1005003202598131
1005002997223073
32221024065
32870029907
4000559844678
1005001750090802
1005001682975603
1005003047778424
32778190643
1005002669614052
1005002872002039
1005001990414299
1005002704830539
1005002399090625
1005003122449554
1005003251982933
4001160983605
4000626063127
1005003366143367
4000401129299
1005002201075682
1005001702843074
1005001849523166
32964468225
1005001754142726
1005003349285572
1005003281239021
1005003386368885
1005001316454228
1005002224491293
1005001636429076
1005002897546333
1005003197975444
1005002423709481
4001120219394
4001215357046
4000986760108
4000780015039
4000144685326
1005002911031138
1005001730853225
4000497732605
1005003337814427
1005002918567787
1005003129573139
1005001671224298
1005003165278818
1005003158372216
1005001287338033
1005002286591317
1005002787248183
32830760736
1005003097695872
1005001900177832
1005002074025257
1005002907568427
1005002442335072
1005002388392041
1005002218815561
1005001833789973
1005001812279654
1005002917436276
4000206803587
1005002542363671
33018961049
4001300427465
1005002836677808
4000854846046
4000995554454
1005002256939958
1005003316549711
1005002769071742
1005003336176731
4000465911395
4000696446319
1005002434023913
1005001279932791
1005003219668870
32676359066
1005001774849080
4000449638833
1005003268585600
4000689783322
1005003285523038
1005003147803546
32612651988
1005003172411316
1005002804624982
1005003286261297
4001249642548
4001005350124
4000869137679
1005003139311640
32808495049
4001248846064
33049786805
1005003227377130
4000832569750
1005002463004049
32270672236
1005003355129764
32953919597
32944648510
32925727685
1005003283892246
4000323150187
32989794350
1005001839054221
1005002011444036
1005002822826554
1005002447411189
1005003152213685
4001240225687
1005002790165197
1005002461949798
32835301444
1005002140196359
33052205935
1005002785697203
1005003386844904
32962802707
1005002814318554
1005003112232452
1005001356050535
1005002309350188
4001060722808
1005002918976736
1005003243583128
1005002309978672
1005003290506434
32767778146
1005002512202391
1005003103770003
4001039286566
1005002275382632
1005002788033139
1005003152481505
1005003191478753
1005002605587019
1005003304798150
1005002912617290
1005002758578060
32861342328
1005002759502240
1005003013606623
4001173978789
1005003166416407
1005001566319056
1005003389991523
32966418582
4000856643681
4001295831652
1005001572783110
33002708939
1005002284658700
4000225753770
1005003269557999
1005002722346889
32823189343
1005001893033901
1005002977612113
1005002622651793
4000746179942
33038422327
4000025774844
1005001566889211
1005001682105034
1005002244083849
32994899531
4001276142292
32812622705
32845297158
1005002835269783
1005003213061595
1005001912948608
1005003054075596
1005002771300784
1005003070358638
32841150597
33015188803
1005003207840835
1005002752016762
1005003368546170
4001365212970
1005002989858837
1005002611422619
1005003378473130
1005003111496815
33012084235
4000698210917
1005002519009484
32834811731
1005002136767795
32796687477
1005002682647582
32807106344
1005002352125542
1005001720785658
1005003300011476
1005002327311316
1005002965870136
1005002964517250
1005002392554797
1005002990541438
1005002608964019
32961559724
4001133204990
33033842126
1005001874360379
32955770319
1005002252365045
4000074539569
1005002335007850
32806829603
1005002731796810
1005003360262457
1005001999131350
1005002766722664
1005003167640823
1005001738547397
32955082860
1005002577781690
32983096528
1005003358373606
33032360145
32972920488
1005002091766147
32235087135
1005003311088827
33006961911
1005002607887701
4001184478066
4001185711632
1005002415820119
4001022666737
1005002425697224
1005001967202805
1005003070561116
1005002199182431
1005002255143172
1005002767447734
1005003035111576
1005002074023886
1005002636563861
1005002650614822
4000785167222
1005003077498764
1005002983705108
1005002593193427
1005003366249055
1005001789036643
4000990526852
1005002621158951
1005002925549267
1005001441392734
1005002785018489
1005002885762858
1005002496901580
1005002638226628
32997122829
1005001315604662
32872234579
1005003191520604
1005001286156437
1005002697564092
1005002989230129
1005002476714707
4000799257129
1005003387468235
1005002177255975
32506531223
1005001596415846
1005003250713283
1005003282925599
32814284023
4000926736869
1005003114398109
1005003038887796
1005002426434539
4000801600080
1005002814818191
1005003258563652
32991916271
1005003268780012
1005003034170411
4000218919417
4000584924911
1005003031621558
10000030511822
1005003337689785
32661562435
1005001515791888
1005003193204823
1005002802944468
1005002648798859
4000976678933
1005002299357145
1005002480689139
1005003152861975
32889105140
1005002502778781
32883756769
32391586239
1005001285147612
1005002712686061
1005003264872168
1005002428470670
32952258743
1005002766089780
4001111903499
32621840417
1005002288097211
1005003280458509
32545907790
1005002344151636
4001200164914
4001008975017
32854681510
1005002287518231
1005002900293818
4000049758437
1005003284525202
1005003157483770
1005002508721254
1005002612192597
1005002716812419
32873648698
1005003232186026
4000415671425
4001228476684
1005003278321167
4001241802234
1005001942487334
32983190093
4001176088169
4000815128358
4000708964541
32817288149
32951509305
32814421484
1005002554777567
1005002885675867
1559645073
1005002033146526
1005003060300152
1005002128575534
1005001350966414
32794805055
1005003343255996
32922510315
1005002510910134
1005001998054581
1005002064872803
1005002615971979
1005002117002938
1005003161260216
1005002176723259
4001053981862
1005001975598776
32812211739
1005002268526143
1005001917232637
1005003341505617
32964863197
1005002050576134
1005003370444075
4000937681229
1005003367334293
1005003297848279
1005002983966013
1005001973849433
1005003171844070
1005002710932569
1005003337534227
1005002132402011
1005003266093098
1005003299880352
1005003222008225
32897766276
1005001802867377
1005003178320325
32856848659
1005003388163633
1005001447590269
4001084949357
4000224648324
1005001656411141
1005002330544562
1005003195582261
32735220350
32899385338
1005003312350891
1005002702329783
1005003379384820
1005002888301545
1005001894081181
1005003325588989
1005002672528758
1005003282552941
32903228003
1005002925686899
1005002279101665
1005002393627696
32909404273
1005003134402091
4001165791628
32949430984
1005002796276288
1005003288332039
1005002489075333
1005002589256032
4000638118134
1005003056986030
1005003306900404
1005002805498267
1005001580674799
1005002357585631
1005003002013634
1005002130901855
32724284879
1005003274423766
1005002658933719
1005003197412791
33059622324
32846228286
1005001883446002
1005001895235013
32740492337
1005002320108954
32839194547
1005001914324344
1005001494794331
1005002540888903
1005001585293777
1005003266796378
4000982818665
1005001709627687
1005002862680315
1005002831941195
1005002016631608
33047625482
4001108644252
4000039202667
1005002911797981
32965791092
1005003074381380
1005002938695720
1005002704040010
1005001370851883
1005003125021567
1005002801928476
32852986067
4000720660259
4000136400007
1005003058752639
1005002073880200
1005002814964682
1005002485846114
1005003352091459
4001078054386
1005003272949500
1005002668914866
1005003367975422
1005001344825739
32844547704
1005002524084739
1005002904743598
32963056115
1005001477957337
1005001270574767
1005002837856171
1005002508501430
1005003068507672
4001226024364
1005003213111275
1005003259222778
1005002602634626
1005002954413821
1005003195663563
1005002622716518
4000039405584
33054296567
1005002688168526
1005002773963805
1005002992401867
1005002564516127
32963412702
4000108556809
32962348392
33009593326
1005003265044709
1005002787878011
4000708754146
1005003326428231
4001115033661
33015331804
1000001044385
1005002702337367
32671629419
1005002895564119
1005003350800818
1005002798363460
1005002979522709
32839031682
1005002886382512
4001225264430
1005001621447288
1005002275414113
1005003109689019
1005003290310465
1005002632236674
1005003135395781
1005002716450657
4001076585316
1005001956657522
1005002314173654
1005002079675712
4000714943966
1005002493878206
1005001454369414
1005002559786157
32798528828
1005002409966993
1005003095369537
1005002864152571
1005003378273340
4000279405238
4000763864030
1005001830356043
4000040145708
32949807424
1005002542077641
1005002450732358
1005003299753170
4000074466549
1005003393518945
32437982977
4001347971842
1005003055463016
4000475039079
32823375474
1005002052124600
33048267270
1005003029984573
1005002453514767
1005001446553991
1005001307797967
1005002245855304
1005003255299449
1005002604134411
1005002242053141
1005003298964071
32880302844
1005001683192858
1005002552820816
1005002442692173
4001241919679
4000111748373
1005003208247491
1005003155863315
1005003095405017
1005003098800194
32966283430
4000801097292
1005002796377493
1005001800931480
1000002046722
1005003101015483
10000306364385
4000012282614
33020658972
1005003103287246
4001282543268
32330109013
4000850536446
1976883052
32900162677
4000194520824
1005001614853266
32845390791
1005003264831780
32941538021
32974802925
1005003207863657
1005003149263918
1005002840258458
1005002876727902
1005003226418823
1005001520034937
1005002543344617
1005001963123318
1005001605753720
1005001731994228
33039448498
1005002394907309
4000128476243
1005001860759834
1005001705589240
1005002970429110
1005003279731925
1005003226195258
1005003109398832
1005002551679209
32983502929
4001112170377
1005002656562873
1005003151034722
1005003349677305
1005002368546684
1005003337511953
1005002298377573
1005002723810719
1005002763704474
1005003070327315
32751067123
4001264558430
1005002594097143
1005003198889620
33053039138
1005003069703030
1005003060889685
33033172618
1005003387797188
32851725798
1005001656274736
32948113618
1005003098631456
4000113706603
1005003261372434
1005002991924381
1005003379141177
4000691763155
32833982647
1005002638978310
1005001417463700
1005003233078346
1005002619697856
1005002258898591
1005003246353311
1005001860514559
1005002228039938
1005002804983925
1005001936489889
1005003337007106
1005002018964360
1005002130069050
1005002260954363
4000782941004
4000842722080
1005002399543322
1005003116096410
32742047799
1270887335
1005003305363116
1005001593904394
33016403660
1005003287419728
32712248780
1005002728117873
33023819194
1005002224018615
4000368624434
1005003180288728
1005001479071027
1005003196645807
1005003307344023
4001131555603
4000622712158
1005002677257651
1005002497382817
1005002624187472
4001151838634
4000256934850
1005003284694405
1005002947284930
1005002078927497
1005001495306411
1005001413292248
1005002554706772
32810766505
1005001271715598
1005003091841873
1005003221808228
1005003309772131
1005003071757629
1005003047779039
1005002100439593
1005003387925855
1005002997301752
1005002953504908
1005002555432823
1005003304330594
1005002038157584
32899797764
32891507262
1005002986440608
1005003335828076
1005003196148734
1005002344318819
32966375649
4001062214479
4000186439858
1005002128950926
1005002946612825
1005002506321146
1005003106964830
32972152869
1005003101734417
1005002320151802
1005002504921171
1005002991797598
1005002357183877
1005003138389712
1005002417222095
1005002957089995
1005003066934208
1005003192903793
1005003150469916
1005002525351634
914814581
4001345184886
1005003090353441
1005002287758734
1005002732937020
1005002314042272
32925511629
4001159781822
4000090458903
1005003101338504
32676778317
4001083975125
1000006123516
1005003008871065
1005002885405785
1005001380266736
1005002263989382
4000760745127
1005003283280053
1005001273143992
33001952542
4001271831016
1005002666656682
1005002311703432
1005003252445209
1005002759883543
1005003351918155
1005001606164500
1005002309256623
1005003288596334
1005001561031955
32805514048
4000857177345
1005003349969649
1005003354023431
1005002951922188
1005002122360703
1005001385726973
4001271204650
1005002986486248
32915070122
1005002211476302
32625863523
32839229752
10000172275091
1005003371898642
1005003160366595
1005003240200062
1005002747327942
1005002766480649
4001116134112
4000387634520
1005003206453073
32913044766
1005003301259292
1005003137991919
1005002262197820
1005003311041414
1005002504123264
1005003276848484
1005002061952535
1005001972057589
1005002963506397
1005002193951155
4000753624177
1005001640698209
33057296387
32848629864
32956043165
1005002205473924
1005003306779193
4000191313405
1005003232126298
1005001879587888
4000038960322
32821072887
1005003240254086
1005003263172840
1005002396170944
4001280336916
1005001775006922
10000166609856
1005003063200549
1005003088715263
1005002923861684
1005002240544503
1005003296974868
32888858043
4000116735391
1005002109838721
1005003277239883
32728495219
1005002350777694
1005001905216621
1005003189791343
1005003342006175
1005002295465779
32722889920
1005001757563233
1005002019393845
1005002199388472
1005003241785221
4001197923113
1005002050784308
4000089272780
1005002622551613
1005003251700933
1005001394925920
1005001917324499
4001091831674
1005003225014939
1005001553468468
1005002864566445
1005002930674639
1005001499019012
1005002314424460
1005003302499366
33000338432
1005003264172504
1005002581117004
1005002568729476
1005002822894150
32912079300
1005003328564008
1005002427720893
1005001953710538
1005003093378647
1005002588684782
1005002549696188
4000941672792
1005001903017182
1005002932618057
1005003311245229
1005003160384502
1005003268411378
1005001464452602
1005003109802693
1005003099876577
1005002799506433
1005001860868380
1005003032610176
1005002974041803
4000234901575
1005003142118127
33055243489
1005003163367300
32864482511
1005002649976403
1005002647216987
1005002761717061
1005001920477729
1005001816981170
1005001531046447
1005002913776338
4000982450933
1005001863354049
4000795050799
32953971084
32821077308
32831630080
1005001811013287
32492034732
1005002388445022
1005001648632428
1005001748561845
1005003138173569
4001021690873
1005003123588762
32881767588
4000392747085
1005002602508102
1005003360218377
1005002266427540
1005003337765935
1005002982107863
1005003316211569
1005003157710716
1005002850067892
1005002541433358
1005003187173604
4000523824021
1005003263701684
1005003088211911
1005002926079052
33050486861
1005002683807474
33029058596
1005001385673339
1005003064602221
1005003092764212
32897604542
1005003271915072
32983877245
1005002930190946
1005002015279127
1005001599965201
1005002949588515
4001312938528
1005002948440163
1005002768617952
1005002068985001
1005002037624391
4001061055108
1005003027744091
1005001878162861
1005003086390028
1005001364950126
1005002733576109
1005002017531491
1005001845588614
33002810347
32826538665
1005002735046687
32650390521
1005003168999904
1005002265204276
1005003319282852
32808495049
4000025548613
1005002225197471
1005002732413465
1005002820316813
1005002974043758
1005003143948876
1005002376279709
1005002571233097
1005002303933872
1005002938069433
1005001927054939
1005003296290425
4000802043163
1005002995548384
32959684894
1005003298518540
32803136052
1005003125659832
1005001748797329
4001220740708
1005001470744990
1005003385119242
32864959669
1005002738619085
1005003309909911
4000805276536
4001299424171
1005002704660155
1005002297394234
1005003299611109
1005002244832746
32683336091
1005002949404657
1005003305509744
32848807209
1005003105792584
1005003145994092
1005003183130611
1005002895149960
1005002314982533
1005001871950267
1005002503250146
1005003342115588
1005002853216248
1005002998727489
4001314485448
32825158629
1005002382557715
1005003092580504
1005003092592338
1005002717459952
1005001621450165
4000164538542
1005003092382868
1005002753827631
1005003004069422
4000464309302
1005003083125496
1005002426773090
1005002559279261
1005001278316107
4001256086001
1005003152339048
1005002615732334
32864794061
1005003225219002
1005002210896866
1005003247493443
1005002657581460
1005003137527805
4000037852810
1005002368545574
1005002182300022
1005003262801955
1005003345974317
1005002395510345
1005002558472954
4000271570284
1005002917682312
4001192849879
1005001829202228
1005003369810537
1005002388759099
1005002272238302
1005002210827596
1005003006359245
1005003081989642
1005001995134024
32854277410
1005001452817200
4000941884494
32971020184
1005003192811256
1005002254053735
32842650315
4000926810457
1005001843215480
1005002320997879
1005001894832713
1005001993394203
4000838461167
1005002393763125
32297057994
1005003319204241
1005003094229774
33020924828
1005001572297460
1005003147699083
1005002862622459
32970214779
1005002369234070
1005003167271026
1005001270618150
32969777078
1005002083731610
4001223806456
1005001886042687
1005002835715025
1005002685601767
1005001886153025
1005002559270865
33024916181
1005003208533320
1005001397098160
1005003361661776
32945352253
1005001762331696
1005003031847180
1005003286905352
1005003250732241
1005003325162361
1005001761835586
1005002247905503
32868093939
1005002869757774
1005003141700000
1005002355203727
1005002571031881
1005003368853595
1005002292036658
32901248018
4000709367436
1005003287126702
1405657726
1005002619043156
32867262210
4000237232440
1005003214437353
1005002702831115
4001290684462
1005003233214990
4000295687074
1005003390091528
1005001788755625
1005002091433166
1005002996465676
4000195515776
1005002562003941
1005002940969723
32836470583
32997733779
1005003215119168
1005002235138842
1005002466276372
1005002837816348
2012693303
4001287080588
1005002949579811
1005002823981030
32985617058
1005002687761574
4000926560704
1005001593538678
1005002597362687
1005002869632088
1005003027646424
1005001284805796
1005001316584128
32896614253
1005001268800089
32813254133
1005002314741308
4001192614298
1005003276381609
32936639901
32926719735
32698635095
32246921264
2045898749
1005003276297970
1005002865076573
1005003115041136
1005003056906243
1005003111392587
32952573934
1005003095697120
32846486878
1005002641082788
1005002913701376
4000116138123
1005003104418949
1005001843369124
1005002696729196
32734596656
1005003337754250
1005002855526646
1005001883433561
1005002652050614
1005003027089370
33057718495
1005003122961176
1005002602500873
4000503806465
32910286259
1005002767106049
4000431790423
1005002792025785
4000891186385
4000332704561
32874325692
4000764897052
4001115556910
1005001381482953
1005003048552962
1005002390220765
1005003195376027
1005003226235712
1142087652
4000370927407
4000603612516
1005003074800667
1005002780696737
1005001507026141
1005002758892585
1005002966052291
4001019119349
1005003351955623
4001294329870
32973783238
1005002524180409
1005002033473251
1005002973301828
1005001433845264
1005003269554660
1005002083783763
1005002220148352
1005003368986973
1005001516714782
1005002926773824