4000064170217
1005002133227802
1005001977004183
1005002345264999
32808023397
1005003126990385
1005002105489385
1005003081284299
4001220323705
1005002055593375
1005002909983088
1005002632598506
1005001700115532
1005001686158450
1005002642296299
1005002862022204
1005002339854604
1005002739800705
33006415077
1005002392924709
32905944504
1005001976374028
4000098807572
1005003004230647
1005002360233550
4001075475826
1005003365282678
32710422722
4001021663724
1005001859761022
1005001445559815
1005003153059218
1005003391334609
1005003175924550
1005003308196845
33042870951
1005001482687062
4001080606614
1005002785161551
1005002739040232
32990429134
4001195933558
1005001837874531
32991730460
32375884182
33003769836
1005001571492870
1005003360849439
1005002857467161
1005003247234126
1005002426833743
1005002613435167
1005002087226415
32725981323
1005003134016100
1005002287942938
1005002957537336
32848036500
1005002786548968
1005003275669931
4000160482377
1005002865364985
1005002002815281
1005002530666908
1005002373601246
33056871923
32882999597
1005002957982670
1005003129514479
1005003227028996
1005003355798734
1005003127221103
4000010515370
1005001722962353
32588849306
4001153424280
1005002879375416
1005001784363332
33038343456
1005003342936990
1005003258270555
1005003265544179
1005002003976652
1005002511123466
1005002965435142
1005002811205197
1005003069220946
4000748126791
4001169016712
1005001893201623
1005003133748534
1005001914914456
1005003187086944
1005002811442731
1005003215587610
1005003066271712
32719087444
1005003112261571
1005002068037527
1005002912220517
1005002795793424
1005003272071405
32845124932
4000346289383
1005003307698560
32834910777
1005003330086061
1005002018797339
1005001808441979
1005002645975001
1005002498826635
1005002011428749
1005002820537493
1005001600694441
1005003007948948
1005001822272796
1005003222643587
1005003381229468
33044311546
32974598118
1005001317566751
1005003387419743
1005001607964515
1005002906321671
1005001836237588
32856999856
1005001659213186
1005002848470550
1005002636930984
1005002622729302
1005003149448816
1005002304527329
1917395110
1005001939796764
1005002784794725
1005003121602400
32877164341
4000928548114
4001114833701
1005002132531429
4001115776310
1005003126096511
1005002958600483
1005002668794478
32925888444
32988745801
32934187939
32917017739
32285947722
1005002517453767
1005003150923192
1005003022864711
1005003298649215
1005002198632271
1005003051270687
1005002538090677
1005003290213800
1005002824209380
4000189397454
4000241767315
1005001562365284
32326432916
1005001356397109
1005003025735015
1005001884459319
4000061193941
32799193126
1005003353900909
1005002662142735
1005002992708372
1005002134470471
1005003239000731
4001191697132
1005003125853658
1005003390736427
1005002834915690
4001248288083
32433475386
1005001941016958
1005002998886305
4000231934501
32913175762
1005003117695277
1005003278469099
1005001762349936
1005001845652003
1005002842698836
1005002657738401
1005002246953807
1005003193109058
1005003161849798
32421946419
1005002435924534
1005002755550759
32842951296
1005003091101234
1005003278384415
1005003278396296
1005001614651015
1005001993524333
1005002767433707
1005003155512988
1005002932440921
32822980353
1005002732836422
1005002755932951
1005003310621208
1005003231904897
1005003157396414
32785904360
4000035479043
1005003260229933
4000758473407
32707963545
4000546664863
32785501530
1005003081323198
1005003322545558
4000743103712
1005003106139062
32991418489
1005003261538061
1005002314338233
4001310538352
4000214805749
1005002799561951
1005001810259847
1005002666552466
1005001917591083
1005002395881253
1005003080207713
1005003058253753
1005001515758286
32793767719
1005001441456555
1005001356743287
1005003136282025
1005002645928953
1005002534476872
1005003037297596
1005002420444982
1005003047482704
1005002864444451
4000253897465
4001137718041
1005003248613200
1005002363339905
1005002133798943
4001170402954
32829967148
4000077369894
1005003303287098
33040248093
1005001902640995
1005002030118465
32830684473
32540453011
1005003007996819
1005001967254271
32824944761
1005002392674461
1005003072488728
32975787468
1005001332365632
33030677052
33015045834
1005002287728892
1005003213037041
1005002907677311
33015270039
1005003115242929
1005001414898478
1005002235296415
1005001679095989
4000960916319
32839852405
32723898400
1005003192404090
32992361566
1005003325670506
1005003006541670
32727835601
1005001327158865
1005002856575865
1005001747098306
1005003010597363
1005001506925156
1005001859417489
32965644330
1005002205564530
1005002315389316
1005001526184086
1005003161112354
1005003308532367
32830301578
32828669189
1005003178551497
1005002888796986
32699018013
4001135186441
1005002931315002
1005001905433748
1005002037857761
32967045705
1005003105890529
4000147324460
1005003174616569
1005002911856147
1005002302733432
1005002574806702
1005003031592070
4001347301407
1005002882781650
32811284148
33050070758
1005002709985221
1005002969495395
1005002413418182
1005002536686051
4000385071877
32960502199
4000233229769
1005002702544487
1005002820793378
1005003368598271
1005002382004727
1005002462330020
1005002695495469
1005001521574589
1005002682680942
4000695673516
32853540676
1005002198544589
4001340262600
4001262281976
32878925420
1005002313791233
1005002976083971
1005002490092160
1005002727420067
1005001599091352
1005003169862796
1005002739361232
4000456024993
1005002866674068
1005003062678390
1005001493111952
1005003205996260
4000052907042
1005002305967108
33010849897
1005002552950290
4001201837422
1005003250896825
4000196143857
4001042541630
1005002858096488
1005003276842504
1005003163628838
32959844198
32999441256
1005002834981832
1005002241053117
1005002618440572
1005003153092904
1005001905130571
32763503441
1005003259514494
1005003002184331
1005003228161232
1005003281088659
1005002805870902
1005001698565976
4000782878140
4000448837252
1005001620926843
32889273327
32792603379
1005002803118857
1005001314971118
1005002919357423
1005003337727866
1005002553469413
32416349464
32973818469
1005003106501499
32947622265
1005002541373764
1005003299196693
1005002031580944
1005002412935339
1005001705502945
4001121984737
1005003283755494
4001037550350
1005002978805643
4001200928979
1005003339711087
1005003297570017
1005002799475811
1005002577958232
4000740071008
1005002473368270
1005003390021537
1005001448444735
1005002491710972
1005001882804029
1005001789602200
1005001762510610
1005002081524253
1005001421506277
1005003336048371
33048204186
1005002804716172
32925995200
33034737129
1005002649032101
1005003376993403
1005003376880390
1005002421992876
32994002041
4001034041330
1005003129891612
1005002608854884
1005003280910330
1005003158462251
1005001705064040
1005002963224730
1005001626299578
1005002938629026
1005002369929091
1005002624883064
4000831220004
33062327963
1005003152058708
1005003035196023
1005003021263401
1005002101162136
1005002097115170
1005002754817813
1005002133792131
32859665323
1005002101352831
1000001760779
1005003003489466
1005001335958259
1005003091406429
1005003160324137
1005002689216398
1005002171402777
1005001688513845
1005003125959088
32857736297
1005002567028083
4001110894163
1005002514795627
32911049199
1005002890956642
1005002658719574
4001208839274
1005002930905517
1005003025383870
1005003186563722
4000727014783
32991577371
33033836805
1005003005103189
32790039707
1005001704737283
4000501202815
1005002663703591
1005002494341393
32792643152
1005003106964644
1005001465388512
1005001704776970
4000174218871
1005002630573254
1005003387236410
1005003337359389
10000395952457
1005003107018062
32905966640
1005002210691647
1005003019323405
4001235479905
1005003319038716
1005003158853642
1005003260818658
33034025894
1005001567562564
1005003297318938
1005002001902721
1005002907968465
32882317392
1005003390071434
32789645842
1005003123746788
1005002564119361
1005002452749539
1005002811264231
1005003309999065
1005001779277266
32678543320
1005002394301271
1005002958455726
1005002481477417
32859255425
1005003093787140
10000061261280
33036744945
1005003327047354
32949782300
1005003381894896
1005003287397121
1005003145118147
1005002419098231
4000927141212
1005003201797886
32997311314
1005002823547038
1005003268421532
1005002571122635
32962155693
1005001588728637
1005002314368381
1005002359681669
4001044686770
4000791863912
1005001929823920
1005003069989926
1005003238483636
1005003320975073
32758699857
1005003205043164
1005002475740805
4001032304226
1005002466997373
32835939028
1005001423887697
32819940355
4000104533213
1005001793221604
4000411505395
32888180999
1005002336403969
32890351756
4000067642246
1005003337456044
1005003111830681
1005002243723626
1005003269267642
1005003291937224
1005002509177649
1005003102259721
1005001741362813
1005003119308182
1005003150385541
1005003063924503
32842916952
32918760480
1005002612551959
1005001671022135
1005001839616176
1005001314891690
1005003135494276
1005003019186605
1005003273752522
1005001418457939
4000854257477
1005001960145718
1005002378184016
1005003224998600
1005002364479812
1005002816050534
1005003223984159
1005002579294836
1005003287557271
1005002863297654
1005003018345051
1005001970311620
1005002399547346
1005002837797689
4000178063387
1005003092283717
4001229270502
1005002552524798
1005002762559260
1005002309740789
1005002868348918
1005001768336689
1005001953513622
32947002725
1005002010290256
1005002358518104
1005002984546993
1005003334186041
1005001996633953
1005002513261609
32721811124
1005002018356422
1005003336682426
1005002689117995
1005002732365436
1005002937579200
4000238733752
1005002637097954
1005003136007697
1005002612920844
1005001389144192
1005001476496982
1005002957991093
1005003322144227
1005002530791770
1005002564947831
1005002973858285
1005001946533243
4001197012794
32957953332
1005001809049205
1005003309074889
4000789515231
1005002542334415
4000816463631
33033219550
1005002012399822
32561193078
1005003025689062
1005002014745520
1005002717963051
1005002518448272
1005003355567564
10000343892737
1005003001012241
1005003197254529
1005003265174872
4001365231982
1005002857576149
1005002245280470
32688962213
33007182265
1005002398386904
32719328330
1005003239596429
1005003308696476
1005002269176630
33042998581
1005001419236440
1005003118721186
1005003287624420
1005002929869201
1433015392
4000405756702
4000047850593
4000680587841
1005002637220695
4000465872592
1005002665844403
4001242455210
1005002841593202
4000210206395
1005002634809065
1005002246496464
4000576367540
4000803028977
1005001855375922
1005002018801419
32852381269
1005003001385518
1005002266587596
1005003387524028
1005001637560354
1005001591990837
1005003385000113
1005001960494962
1005003037227227
1005002949644479
32924797494
4000984358939
1005002500776371
1005002409443094
1005003136313265
1005003362903024
4000098612822
1005002813630675
32921368961
4000067729699
1005003324257757
1005001678318520
1005003388240301
32800076224
1005001495187820
32821405839
4000833962852
1005003238644043
1005003365527436
1005002150871340
1005001840013397
1005002689327962
1005002949063931
1005002908161843
1005002711420710
1005002313781948
1005002688313382
33020709034
1005003268629079
1005002400170796
32938149665
4000143943320
1005002483737551
1000007995104
1005002861335471
1005002928645204
32888944321
1005002700189979
1005002313608006
1005001556802221
32917893248
1005003128763939
1005003009596047
1005002513555641
1005003283405944
1005003043510253
1005002389643607
1005002583192420
1005003299221864
1005002861806386
32870418014
1005001640725110
1005003005176734
4000625998918
623747667
1005003193519365
33011104330
1005001670084252
32707530351
1005002003874624
1005002907582803
1005001369041263
1005002335246511
1005003106704690
1005002871044917
1005002603881343
4001156166046
1005003293268677
4000204763116
4000459205359
1005001600751900
33005105576
10000261171165
4000867312458
1005003080535122
4000465029122
1005003076675035
1005002952284122
1005003183201310
32497030808
1005002843317921
1005003307408863
1005002877873076
32814189802
4000341856492
1005002709329483
4000210268962
1005002297972170
32848600489
1005003042158897
1005001364601078
4001163858553
1005003384969450
32964786977
1005003348982503
1005001612155060
32842828371
1005003219351809
1005003042127776
1005002668424301
4000167094713
1005002622311301
1005002954324597
32819433472
1005002414207928
33016580408
1005002571507094
4001116829919
4000013235798
1005002110063233
1005003114415894
4000200311624
4001121758998
1005003110107376
1005003370475017
32977098648
10000033748780
1005003276581774
1005003090221834
1005002862105354
4000388106920
1005003103686640
32734750272
32699358136
1005002025383728
1005002571644553
1005002927855952
1005001900397938
4001066241606
1005003365901514
1005002714609260
1005003047291392
1005002317227432
32870576620
4000133516256
4001199852746
1005002762509425
1005002192919354
1005002371608296
1005002889230500
1005001386735716
1005002368516837
1005002950679406
1005003181104861
4000194049428
32853390243
1005002782080265
1005003323926822
1005003211817466
33041405387
4000717543916
32770458413
1005003300228146
1005002168824195
10000098666358
1005002624886798
1005002629810916
32946658355
32915393573
1005002241017246
4000127357241
32844627764
1005003162955340
1005003292874233
1005003303353028
1005002746440919
1005003299759792
1005003167809974
4000503129503
1005003300720655
1005003161064338
1005002185269141
1005002890124029
1005003009788543
4000828678849
4000238296386
1005002833571321
1005003221962858
1005001710391812
1005003334199833
1005003027454891
4000727305886
1005003298004758
4000011185994
33051620431
1005001927667975
32830695408
1005002965076533
1005003027741928
1005002204425780
4000246067230
32839194547
1005002498912825
32706784998
1005002991084354
2021053904
4001138586238
1005003158691927
4000515791525
1005002714537351
4001022088439
32838143204
1005003329899325
1005003091985011
1005003205454826
4000130500545
32271818187
1005002212800304
1005003128301269
1005003101017398
1005001435587896
1005002615050575
32783951914
4000902943480
4001281354880
32864180988
1005003029586732
1005002390864602
1005003314139318
1005002663397329
32835484971
1005003262922731
1005003034457397
1005002897247959
4001199035913
32911623765
32684318653
4001313357565
1005003000322548
1005002609007006
33053267861
1005003352215238
4000445015914
32694139496
1005001775551878
1005001670600472
1005002687263164
4000183717053
1005003086254576
32955210143
4000531993413
1005002622836273
4001065597561
1005003246917011
1005003328791869
4000986767563
1005002920433990
1005003264889187
1005002006456654
1005002901427635
1005002500509495
1005003238871938
1005002781653941
4001282931653
1005002126704622
1005003358072912
32403093877
1005001794547672
1005002300963362
1005002401072415
1005003070873186
1005001830406812
1005003272090911
1005002060891662
1005002363145431
1005002357793637
1005003133395388
1005002329621040
1005003335678104
4001056122308
1005002828210586
32959339866
4000841802864
4000215352946
1005003344723416
4001308855211
33059356192
1005002439740970
1005002944371166
4000012353927
4000906996316
1005002287346213
1005002003709059
32785137051
1005003129850595
1005002656947216
1005003337776671
1005002050113822
1005001411437348
1005003286793227
1005003098652783
1005003381439609
32866925223
33051237484
1005002044531647
1005002952524401
1005001708580046
1005003222188763
1005003298073549
32844130685
1005001894500906
1005003156039341
1464621909
1005002950734032
1005002994839629
1005003140271868
4001094716482
1005003125960175
1005002297176427
1005003064508572
1005003299274260
1005003388460526
1005002947103591
1005003020742938
1005001782539461
1005003172243773
1005003083501023
1005003286828461
32863310306
1005003051042464
1005003343301643
1005003300893287
1005003219712582
32707363527
1005002313803852
1005003342884801
4000060649350
1005003026264242
1005002180740814
1005003338987956
1005001633262030
32987106446
1005003133883700
1005002084857925
4000357652935
4001232146325
1005002595337537
1005003303750099
4000233368312
32860875028
1005001882293406
4001197231803
1005002809771028
1005003084978514
4001057648038
4001006638758
1005001857094192
1005003251727402
32963156165
32960320434
1005003161743207
1005003016321295
1005002506941811
1005001468263613
1005003384346744
1005003179160155
1005003168783256
1005003385544843
1005003241829925
1005002593038850
1005002937785219
1005001381148484
4001178316007
1005003331650032
1005001431699195
32871756204
1005002871986194
1005003137581171
1005002395035740
1005003282546930
1005002341243285
1005002125620858
32826539057
1005002340530769
4000733134754
1005002840194750
1005003380065946
1005002327903379
1005003333138292
1005002618780638
1005003353394905
1979011698
33010721788
4000930129723
32805733073
32815806276
1005002964813833
1005003246597300
1005002853154826
1005003279191524
1005003037719203
4000509730921
1005003032302386
1005003193441509
1005003138834416
4000505507834
1005003035396026
1005001887373292
1005003207571561
1643199858
1005003303106832
32834843416
4000336806791
32811223781
32859813984
1005001626164261
1005003236155541
4000335589198
1890751173
1005002363582306
1005002717139281
4000902315854
4000147999625
1005002472907341
1005003049088031
1005001864552635
1005002721625161
1005003353778408
699871593
1005003318690674
1005003311735942
32858536713
1005001441468505
1005003069436427
1005003319290488
4001230389829
4000150622091
32881159575
1005002989265165
32862731226
1005002653073114
1005002837289632
1005002939174542
1005002697482728
32843490952
1005002788856349
1005002694851512
1005003070676663
1005002990687081
1005002561357353
1005002798388703
32979143162
1005003241814180
1005003369109196
1005003179412115
1005003364680952
1005002873644226
1005003363788198
1005003270392890
1005001793056183
1005002255924775
1005002983172646
1005002647237986
32982562847
1005003330080296
1005003095650324
4000349777790
1005002460624680
1005002297648435
1005002901839620
4001195909822
1005003159710069
1005002393582464
1005002871254107
1005002022553055
1005002669608915
1005003236517591
32924259248
1005002727000596
1005003357974934
32974212385
4000148245113
4001101455530
4000111747274
4001365501893
4000935632153
1005002399980094
1005002489533350
1005002485671490
1005002973768753
1005002491837017
1005003269231611
32946412852
1005003087887146
4000080830130
32860332876
1005001682456869
1005002865649279
4001127960896
1005001406611912
1005002963976476
1005001497194421
4000287620433
1005001407901104
1005002907527503
32878598025
1005002276693331
32875126714
4000002432263
32346360215
1005002747246931
1005001506524850
32860016575
32875981411
4000622747647
1005002748930125
1005003127359096
1005001313806774
33052091560
1005002879268748
1005003151175693
33008965666
33002698936
32953849729
10000343890735
1005003217742925
1005003051459550
4000131129929
1005001678678498
4001009131483
4000392698513
4001314109550
32888852808
1005003197782407
1005001809201554
1005002814496201
1005001468872592
1005002443494497
1005001382476033
1005003276742967
1005003241897630
1005003219664773
1005003187322058
1005002821456269
1005003385044361
1005002438718907
1005003391408166
32260098070
1005002033541316
4000120916456
4001241921737
1005003173170253
32588626127
1005003337541716
1005002387155359
1005003095342959
1005001977457002
1005002348413264
1005001573841455
33017953385
1005002649641498
1005003045558572
1005003201947005
1005002829685289
1005003313011282
1005003076289330
1005003338012030
1005003232116853
1005002012326391
4001143332673
4000916520876
1005003134314951
1005001603603541
1005003095255376
1005002790403374
1005003110920660
1005003308632633
1005002995861680
1005002763567226
1005003170525017
1005003102501561
32836346318
1005001351664241
1005003111835826
1005001625017883
4000975524542
1005003128160063
33032147981
1005002632499192
32990339050
1005003281912263
4000057497760
1005002709885044
1005002880372027
32951867867
1005002973663067
1005003376106672
1005003247494708
4001017461855
1005001730709764
1005003292750385
1005002133918326
1005002913789843
1005002076646634
1005003211999546
1005003305714276
1005003033032304
1005003106861844
1005002716824890
1005002926711327
32251847374
1005002122424864
1005003150610838
1005003391486353
4000790807822
1005002613945720
1005003146344869
1005001415332330
1005002575100394
1005003204344391
1005002362823311
1005002484392322
4001093377531
32854857076
1005002546432035
1005002074738391
1005003279988159
1005001367730004
1005001422658103
1005002642240202
4000470806021
1005002933772446
33001629474
10000240081102
1005003131878557
32882244458
1005002054123071
1005002617201259
1005002634928242
1005002942042896
1005002538282364
1005002351565796
1005003140944328
32617517981
1005003222682417
1005002625176684
10000395860063
1005003295760827
1005002111281173
1005003333501721
1005002727045327
1005003079694992
1005001997523772
4000200089095
4001158719914
1005003131718957
1005002920308603
1005001321586115
32891297718
1005001426380186
1005001994263912
1005003200539716
1005002947789261
1005002746749785
1005002646804109
1005003319830725
4001127785601
1005002314130618
32957403967
1005003310979236
4001230371830
1005002970848258
1005001823932631
1005002965191793
33055685894
1005001468743101
1005003048816735
32890194862
1005003083940775
4000571642555
1005002755971463
1005002760405677
1005002074663083
1005002351936513
1005001367877922
1005002843491737
1005002960105115
1005003326208698
32880628283
1005003174107291
1005003335208472
33035990083
4000780019392
1005001466742236
1005002085153331
33033863137
32802654016
1005002835372595
1005003117106766
1005002854866987
4000979345749
1005002271758640
1005002877602647
32877805316
4001288176597
1005002180704521
1005001585208997
1005002947511075
4001030377629
1005002974397734
1005002728231578
1005002979104296
4000155377336
1005001676801528
1005002559480506
1005003025135450
1005002885504407
1005003134897323
1005002985461180
1005001667699439
1005001680624109
1005003360423360
32849329250
1005001531209734
1005002554507178
32858189390
1005002076748026
32961441441
1005002824273658
1005002799528115
1005002841697646
1005002935427535
32893459400
1005002484926725
1005003259283283
1005002928709623
1005003052571253
33031963288
4001309196596
1005002702531060
32941941802
4000225723101
1005002574948648
1005002886770689
1005002387910376
1005002503641843
1005001536685649
1005001691213132
1005003308860437
32819455765
1005002502268664
32962889643
1005002348073307
1005003391245991
1005002958641377
1005003196618404
32879269832
1005003209505863
32882138904
1005003195941303
1005003294336856
1005003310564836
1005002618145217
4000921628838
1005003326235202
1005001992405411
1005002710836132
4001046088703
1005002794096736
1005002326489044
1005002287382735
1005003223969007
1005001530217682
1005003337657592
32810062306
1005003181806616
1005002513240471
1005002401326049
32908456978
1005003218766488
1005003113752139
4000890611073
1005003007894082
1005003202792465
1005003325799108
1000001829725
1005002675013212
1005003194907547
1005002778388817
1005002484844662
1005003369013905
4000933365586
1005003082913389
1005002767444012
1005003239855061
1005003340553237
33057856533
1005003055346085
1005001481814971
1005001683718608
1005003103778802
1005003145543670
1005003235121936
1005002940814945
4001219438691
4001115317651
32948575005
1005002495583456
1005002639100483
1005003165350789
1005003108492381
1005003297711175
33017426166
1005003146372658
1005003083395873
1005001592983774
1005001506347394
1005003147408712
1005003360170926
1005002559860304
1005003224559500
4000643916285
1005003117733999
1005002938283988
4000233561063
1005003345433580
1005002878496007
1005001468975785
1005003058522909
1005003148797384
1005003146437089
1005001516315752
1005003091161957
1005002177403599
1005002794342552
32874417153
1005001480420178
1005002956826302
32993344272
32814113574
1005003044283148
1005003198367401
1005003313010440
1005002963167309
4000168951514
32429106865
1005002316435586
1005002956472536
1005003180488576
32589528138
32794664764
1005002956764138
32910629381
1005002448731227
1005003392156307
1005002447896065
1005001387897900
4001305934441
32865533519
4000190670086
1005002988794317
1005002951377743
1005003148114067
4001222704160
1005002327675627
1005001280919879
1005003271894346
4000284272377
1005001896953294
4000747595460
1005002678789944
1005002905704914
1005003211786996
4001159898471
1005002780445485
1005001567869933
1005001906230877
32959389135
1005001676931905
4001056127150
1005002979987811
1005003035499621
1005003066683477
32717409939
1468494279
1005002746714951
1005003265400045
1005001501664077
1005003153901659
1005001419151111
33011370229
1005003062837623
1005003146191665
1005003356737372
1005002863382219
1005003387475621
1005003110110081
4000810717397
32823998768
1005003213168088
32233079702
1005002714850431
1005003287815546
32848280985
1005003364914448
1005001680506634
2021942100
1005002218420030
4000090156466
33000822926
1005002921894478
4000144455258
1005002988396010
1005002614028244
1005003179294877
1005002745052085
1005002782751712
1005001639409723
32850485694
1005002334586257
1005003031733664
33012560778
1005002532371624
1005002949328931
33036025169
1005001913634019
1005003214592066
1005003213351460
1005003197365302
32720309313
1005002636498990
1005003167551957
1005003140258489
1005002918357347
1005001835634986
1005002476085023
32811574315
1005002460848662
1005002571701136
1005001864974608
32902033024
4001289739975
1005003277801280
1005003124978747
1005002311208536
1005001758389170
32839178381
1005003315926427
32982693680
32961453125
1005002530745009
4001218263633
1005001698743611
1005003035054742
1005003351299440
1005002920827070
32968288876
32985290577
1005001683952987
33009913270
32905369114
1005002073516339
1005002467034544
1005001920835591
4000545896593
1005003299047489
1005003031908894
1005003112875138
33016130788
1005002942064504
1005001748694918
4000986736885
1005002637285970
1005002459587325
1005002247089997
1005002397042134
1005002908237367
32967108439
32867764718
1005003020369003
1005003309790768
1005003372740817
1005002898738778
32897883418
33014410451
1005001891855130
1000001359545
1005003202815618
1005003183629660
1005001867267741
1005003025969272
4000330233219
1005002701027498
32967780591
1005002056730297
1005003313844572
1005001838030902
4000764661781
1005003324883421
1005003309968359
1005003069926541
1005003189819071
1005002517683965
1005002828205326
1005001509901508
4000589629770
1005003184466538
1005002668536450
1005002293588604
1005001320461023
1005003272237969
10000397323784
1005001472373403
1005003019167865
33060166221
1005002011035715
1005003240572989
1005002505184135
4000917391424
1005002940267095
1005002952336850
1005003083839528
1005001871255055
1005002639073975
1005002655818096
4001035735018
1005002473474396
4000922746795
1005002604475239
32881563526
32956479411
1005002496829249
1005003174150359
4001015045821
1005002829601544
1005003272409282
1005003117308438
1005001678091504
4001058247427
4001138815384
1000007931461
1005002992009568
1005003194319646
1005002110025399
1005002807212253
4001324971397
1005003147630688
1005003194809370
32978696148
32953790424
1005003066185612
1005003219589602
33007098409
1005001502030938
1005002313787309
1005002053967302
1005002232162432
1005003325085039
1005003327917526
32882911773
1005003316026334
1005001927672145
1005003108777588
1005002753676509
1005001705477755
32967174469
1005002878409452
1005002674802791
1005003388463476
32816457901
1005002028604459
1005002492261003
1005003177087934
1005001695580207
1005002320654649
4000960090658
1005003006110505
1005003365659015
1005002979453928
1005003314744898
1005002475611599
1005003025943408
1005003370195010
1005002487807361
1005002125124336
1005003283411144
1005001914653365
1005003042171085
1005002641907280
1005002261141163
1005002132940482
1005002726119993
1879440386
1005003172891271
1005003005356385
1005003290338343
1005002025580762
1005003002000676
1005002842377123
1005003218083420
1005003390994952
1005003149782246
1005002206843037
4001133827982
1005001671121302
1005002605663331
32830219889
1005002570143768
4001339315393
1005003055241702
4000758806675
1005002510295152
32886286586
1005003300618944
32858121453
1005003280369977
1005002983782925
33025157655
1005002835562761
1005002133856589
1005001655575734
33056419188
1005001780160118
1005003382190736
1005002755180351
4001305770000
1005001445174113
1005002776382368
32835813142
1005002566145658
1005001292583683
4000227003099
1005001948786884
1005002054784974
1005001340568625
1005003307780465
1005001771233114
1005001381021814
1005001287267828
1005002682009531
4000672585970
1005003340160378
1005002586418028
1005002935730512
4000186207818
1005002876801490
32866705489
1005001882695273
4001194519224
1005002907084024
1005001728195212
1005003376533495
1005002722675961
1005003159916622
1005002954034637
4001055214723
1005002944999699
1005003149445672
32810318563
4000755360495
1005001977443627
1005003371154449
32962560250
1005002863564034
1005002487725187
1005003239214382
1005002834384141
1005003253219792
1005002882855813
1005002669132315
1005001599117395
4001202784293
1005001529062346
1005002625753846
1005003345430639
32623455402
1005002076360513
4000313821913
1005003221776171
1005003147340929
1005002205961137
1005001851437990
1005002784639513
1005002315770056
1005003342850110
1005001750931164
1005003209375545
1005002864043887
1005002337244876
4000048874783
1005002931862193
1005003350988647
4000850171903
1005003037567534
1005003318717784
1005002892166356
32912337769
1005002688094346
1005002613745933
4000848875005
1005003242034634
1005001901613123
1005002861754826
1005003098132046
1005003008491765
4000509698487
4000378457157
10000356681407
1005002685730026
1005003211782732
1804737875
1005002842438909
1005002971020822
1005003386822003
1005003175840971
4000652414462
32889742462
1005003271938591
33052445933
1005003274497083
1005003152828880
1005002723483091
32834311550
1005003186008844
1005003142236739
1005001981704074
10000127161821
1005003058996322
1005002920617296
32628690014
1005002638698566
33005126070
1005003370161011
32887649508
1005003387863162
1005002352552001
32827825300
1005001696325243
33006904484
1005003186656540
1005003146046674
1005003158231795
1005003378225476
1005002330734464
32847750196
1005002622877067
1005003341833251
1005002357162144
32861424721
1005002164884497
1005003118168220
1005001703285285
1005002718426709
1005003098790097
32952870489
32902252545
32823600360
1005003088324574
1005003363735809
1005003274155925
4000642212789
1005002012738340
1005001360449406
1005002768920443
1005001717606431
1005002782106987
1005003228007063
1005001594901636
1005001541759928
4000154937423
1005002171798683
4000222587607
1005001846536346
1005003248235982
1005003356624294
1005003082147716
1005001387381025
1005003022425724
32987320760
1005002883225127
1005002405943670
1005003126344564
1005002965514326
1005002412996340
1005003062478921
32857116938
1005002287982418
1005003334639699
1005002462377290
1005003324178306
4000023733639
1005001365762372
1005002776212606
32995650732
1005002321678836
1000007372573
32810243867
4000689814640
1005002710305325
1005002484289213
1005001782308639
1005002977946229
1005001954959050
1005003280530217
1005003188544203
1005001833428053
32794871599
1005002796158842
1005001504912838
4000960394919
4000465964022
4000898721190
1005003032375443
1005001987316241
1005002428389793
32963995108
1005001475443082
1005002443567625
1005002347990346
32773607693
1005002350834240
1005003016281397
1005001923537270
1005003211916415
1005001773940276
1005002927043056
32945737486
1005002952165000
1005002574672407
4001317004182
32860760613
4000205887919
1005003207319200