33013017727
4001278901333
1005003297533309
1005003096243962
32976411272
4001338365897
1005002765110783
1005003152384956
1005002244909155
1005001521636639
1005003386229828
1005001917591021
1005003197851328
32957707941
1005002668744122
10000402394482
4000222571826
4000038439794
32682405959
1005003356088495
4000735854812
32965689879
1005003034197526
33004565405
1005002478933280
32834416196
1005002378938734
1005003382372499
1005002559270333
1005002559565254
32952949531
1005001896007400
1005003296805655
1005002346409637
1005002894527107
1005003252405826
1005002931908495
1005003077435381
32920888459
1005001976182534
1005003144473853
1005002865513899
32931165413
32323447041
1005002357414214
4000987395838
4000378074265
33018853004
1005002567759664
4000302581229
4000222356376
1005002660627665
1005003199018329
4000039809983
1005003267162322
1005003183208957
1005002960040130
32804940399
1005002646717331
1005002690318013
1005002291805672
1005002551669957
1005003316366186
4001172107791
4000971300607
1005003156318734
1005001873540905
1005001436559289
1005003339219942
1005001972645704
1005003197889249
1005001703305574
1005003048635465
1005002721305732
1000008235185
1005002483023715
1005002387510953
1005002798282416
1005002875633058
1005002714960927
1005003387452504
1005002487988441
1005002548055110
1005002631238011
1005002488093716
4000025037656
4000350170297
32833953798
1005002841368572
1005003359886561
1005002578217298
1005003327021487
1005001349568060
1005002670000278
1005001922591087
1005002801092371
1005002698311530
1005002966751807
1005002448169783
32842154967
1005002979167236
1005003148013876
1005001452689264
32841292301
32662263305
1005003292242256
1005003340273922
1005003101678743
1005002937475295
1005001856447470
32668063881
1005001822287900
4000627901846
1005003180967740
1005003308581131
1005002273313540
1005001614098208
4001094607500
1005002716888318
1005002129760973
1005002900203248
1005002992401867
4000859675213
1005002645427828
1005003356902357
4000804819886
1005001670937325
1005003371727387
4000047993593
1005003071514146
4001163619388
1005002783799882
1005002965141895
1005003126698631
1005003337571935
32902981240
1005003195921346
1005003052345663
1005002883767927
1005002975632531
1005003372750766
1005001905539690
1005003041587307
1005003385941170
1005002488961228
4000043287331
1005002765301122
1005002991802110
1005001871746828
1005003306571333
1005003109578185
1005002836878283
1005003292444845
4000525300542
1005002475895794
1005002607678874
4000083428162
4000114705968
32973541585
1005002192003984
1005001552703891
1005003064085587
1005003196818763
4001287913646
1005002951570861
4000919791246
1005002853567160
1005002643600193
1005001929127967
1005002815939886
1005003064823236
1005002934723280
4001158822486
1005002522999954
1005002242543435
1005002536086368
1005002701815961
1005001299835016
1005002316768592
1005002458872351
1005002931642727
1005001906331937
1005003323971474
1005002577475608
4001062589820
1005002264224194
1005003243703458
4000829992704
1005003021772241
33006211672
1005002760981012
32641289497
32322315164
1005002944903887
1005003065489019
1005003252153155
1005003123934514
1005003142696317
32534554601
1005001702580619
32885501243
1005001287717433
1005003137368747
1005003055328349
1005001652096841
32395942836
1005002259791890
33061186472
1005002912703876
1005001767872790
1005002547050216
1005003099739082
32439766842
1005002946727528
1005002378947611
1005001327293475
32858575056
1005003350965435
1005002620296149
1005003335978132
1005003294722346
4000253134995
1005003277224555
1005002635104055
1005002897676957
1005003217350122
4001235275082
1005002589471644
33057351529
32965908704
32885016345
1005003167143595
1005002108633292
1005003003893845
32843844766
1005003016009905
1005002133178399
4000321307678
4000058318118
4000252299420
1005003116571278
1005002707950025
1005002732798650
10000401719808
32926283407
1005001380862467
32810454597
32821494923
32869102686
1005003181732788
1005003222882691
1005002612914193
1005002721915766
1005002952390837
1005003133127539
32926098043
33040634313
1005002682840869
1005002996622220
32835015330
1005002939915427
1005002012303988
1005002701072964
1005002352360171
1005003239826708
1005002485253998
1005003151546617
1005002220070290
1005002870768465
1005002560055029
1005003044506687
1005003049402348
1005003340461943
4000728042348
1005002658697739
32979973385
1005003314507118
1005002591719820
1005001350030218
1005003365539256
1005003059018254
4000174955791
1005003125616549
1005002956779044
32792086583
1005003002000720
1005003325629327
1005002804110353
1005003146345824
1005003108585026
1005003192149941
1005001354378773
4000067754262
32627454517
4000175242875
32963604824
4000744393959
1005003261948504
1005003057585059
1005002207995085
1005002906529847
1005002687762501
1005003329246081
1005001544276825
32859233715
1005002146684019
1005002974088808
1005002856749517
33043611722
1005002771310584
4001071572615
1005002323843889
4000403329046
1005003001898082
1005001579241610
1005003069000361
1005002297152710
1005002833755590
1005001730989935
1005003273279195
1005001799009950
10000125702300
4001098425579
32879753714
1005001291488627
1000004669107
4001066863426
1005002567511259
1005002931979962
1005003129063722
1005002723436578
1005002313528994
4000790448182
1005003286973267
1005002622138378
1005002635899448
1005002946679531
1005003252078643
1005003066188841
1005003080530045
1005002863217726
1005003284848945
1005002327044464
1005003175123303
1005002419680508
1005002710708377
4000044731545
4001172768276
10000300785846
4000532670214
1005003092117061
1005002783116488
32968954189
1005003049863379
1005003330878535
1005003123681771
1005002618134119
1005003194392770
1005003330361817
1005002774262744
1005002265261652
1005002914539441
4001293564335
33059909892
1005003256690213
1005003265186600
1005001829555281
1005002460495350
1005002651506255
1005003015594005
1005003177006340
1005001989872369
4001278479876
1005003123557008
1005001929029337
1005003268301534
32831868951
1005003142782455
1005003133932341
1005002341952155
1005003286064252
1005002965867582
1005003372235644
1005002765373821
1005003113481033
1005003082997594
4000509349082
1005002802999182
32954955034
1005003322987927
32708697641
1005001465185593
33041024521
1005003264600168
1005002520387627
1005001729057650
1005003309596566
1005002612718273
32921614084
1005003145667508
1005001594895929
32998127358
10000289596633
33032397713
4000682875472
1005003019250929
4000864624599
1005003066094896
1005002765349152
1005001998851391
1005001407897712
1005002604588459
4001141800637
33021122840
1005001571690555
1005003192132321
4000144584722
32812989733
1005002583623263
32718497411
32964623775
1005002477184906
4001149023547
32992323502
32817433117
1005003278822688
1005003036555942
1005002389467925
1005002857460053
1005003027367267
32983251961
1005001670969051
1005002942278067
4001058420108
1005003363582728
1005003176426194
1005002871282908
1005002943757222
4001230941087
1005002490516502
1005002200598621
1005001482390240
4001119091446
32857276468
33042005995
1005003126795213
4000682543465
32854620239
32856453582
1005001798813168
4001160715136
1005002650813894
1005003072502284
1005003365336278
4001364094560
1005002438191879
32923899384
32982568331
4000003088837
1005002084063057
32717930675
4000899206944
1005003151770547
1005001361141526
1005003135157698
1005003233596166
4000306731549
4001365329232
32851491360
1005001689162466
1005003144397017
1005001408576653
1005001660029876
1005002322766216
1005002518604182
1005001312930777
1005003213096845
1005003351049828
1005003019852620
1005001816723320
32996086404
32930736051
4000472106749
1005002325357235
1005002060892521
1005003154628264
1005003120471527
1005003094525801
1005003021747745
1005002920645965
1005002364420880
1005003186983337
1005003196080076
1005002827453328
1005001962016721
4000346273523
4001028774143
1005002898654412
1005003014589422
1005003284859265
1005003304417264
32960253472
1005003155587600
1005002808297889
1005002728218160
4000882820742
32856745862
1005001678046843
1005002470446701
1005003244105423
4000986758128
1005001810078997
1005003325353134
1005003386310296
1005002626613361
1005002843267569
1005001793112146
1005001901655680
1005003036995887
1005003083338632
1005001748265004
4000580539762
1005002018982219
1005001512991294
1005002594600979
1005003099183309
1005003088234871
1005003269976435
1005003113261566
1005002913146048
1005002547121549
1005002051693959
1005002690516240
4000197911014
4001333587742
4001112801302
1005002907605634
1005003151138765
33012702112
4000093234790
4000480611677
1005002404506980
4001323555164
1005003227215618
1005002903773206
4001286166677
1005002234937545
1005002705374753
1005003035373032
4001136249248
32763205689
4000778939049
1005002027321137
1005002558977751
32463832793
1005002588417165
1005001537108547
1005001876914307
1005003049969950
1005003175694295
1005002352831311
4001157569798
1005001666607226
1005002872569289
1005001865377015
1005001827078510
1005002624081302
1005001864825591
1005002390870420
1005002932842833
1005003050000122
1005001360242488
1005001841567997
1005001293761552
1005003351981751
1005001619895493
32882200116
1005002328259253
1005001839975046
1005003113848336
1005003177456500
32856710192
4000626632404
32846633973
33039287767
1005001501729026
4001061323127
1005003072434111
33009415500
1005002965583402
32243664861
32982332004
4000973578440
4000935817633
4000739279691
4001065002947
1005001882703258
1005003021567665
1005001666298082
4000778012689
1005002534859328
32835190533
1005001281481786
1005003086092127
1005002382897042
1005002927751679
32460716185
1005003106169395
1005002730574187
1005002553068991
1005003292973862
1005001949036448
4000906079198
1005002310288790
1005001977394468
1005002365516070
32836091238
4000807459094
1005003287924406
4001190402346
1005003285465730
1005003016076735
1005003219381069
4000826890656
1005002824223587
32974099188
4001230282920
1005003384870782
1005003020335416
32817689049
1005002399067799
1005001804969571
1005001355575875
32970215411
1005003095399754
1005003306613610
1005003031650260
4000029067811
1005001540087210
1005001757291245
4001134505438
1005003180009410
32821678502
4001147729562
1005003161307685
1005003151028400
1005002949340080
32805327388
1005003262410737
32822513049
4001245521294
33039588853
1005003283910714
33043644962
1005002228699119
1005003180651530
1005003287824614
4000584409599
1005003044713775
1005002481428813
1005001895021320
4000411618596
1005001989055818
32790536721
32842535393
1005001576493746
1005002066294125
4001197942189
1005002176361359
32819219098
1005003385997618
1005003190169769
1005002425721541
1005002957345370
1005002968889852
4000410256830
4001215552118
4000933805511
1005002323218643
1005001639366777
1005002918456734
1005003239812776
1005003340376653
32948911578
1005001605813657
1005003058366592
4000227117818
1005001551381964
1005003269043694
4001142995039
1005003261974584
1005002907576728
32950494858
1005001645428472
4000143482718
1005002521238426
1005002863976517
1005001349510924
32793739248
1005003383375247
1005002688555461
32744015412
32692820501
33059130010
4000251862525
4000613276977
1005002109795882
1005003323188912
1005002315190819
1005003373700438
1005003365612198
1005002524151397
1005002608868894
32953191203
4001024946390
1005002872285429
32871330998
1005002259468202
32949844904
1005002810214027
1005003291935583
1005003000555953
1005002811753975
4000459747470
33022647443
1005002631214570
1005003269586059
1005002967657290
1005002984181535
33057282268
32297354481
32969230661
1005002941164634
4001208518251
1005003249346491
4001229458268
1005003071064826
1005002076502803
1005002326269755
1005002038324131
1005002172279354
1005001792866869
1005003371124180
32907231788
4001234149520
1005003342432836
1005002433275823
1005003196919412
1005002436153412
1005003213435524
1005002754450644
32917336938
32956936767
1005002552709065
1005002709886022
1005002582343302
1005002946570207
1005002255027251
1005002133833002
4000942884022
32873308921
1005003262889631
1005002511311608
1005003380936626
1005003076979446
4000571804810
1005002498640451
1005003151254875
1005002754425228
1005003067064835
1005003329220938
1005003079521536
4000221003384
1005002492041082
1005001927741306
32965746183
1005002129393328
32918765481
1005002895220710
32895030664
1005003123714291
1005003155078316
1005002286400282
1005003330912899
4000005776060
1005002932856244
4000767507250
1005003125218047
33010150969
32807637822
1005002789538332
32989138805
1005003088522025
1005001274961201
1005003362970345
33012556446
1005002755969320
1005002642335315
1005002017609743
4000064523061
1005003146525194
1005002982754260
32649300994
32901565122
4000672961519
1005003163407569
1005001571584969
1005003194626811
32957413787
1005002129617320
1005003136576719
1005003290843995
1005002415935969
1005001480169035
1005002142820445
4001360424637
4000146924657
1005003133963129
1005002732371438
33025430305
1005002863248552
1005002617249458
1005002425832532
1005003385331385
1005003108701606
1005003256473905
1005001756329994
1005001392936789
1005001621521132
1005002171405636
32852468190
1005003036234430
32896549683
32716769494
32915920049
1005003374822404
1005003029659050
1005003069477078
4000615506837
1005002996812202
1005002784308243
1005002781493508
1005002885460684
1005003071864894
1005002990306660
1005002642023289
1005002372446152
1005002333655230
32678781165
1005001441344541
1005003106239542
1005001458135711
1005002351636653
1005001770000626
1005002605435930
1768109334
1005002723830003
1005003241280996
33030393314
4000891562682
1005003044075672
32892518331
1005002921289915
1005002861723918
1005002128575534
32973206175
1005003382131700
1005002638713498
1005001292671110
1005002171433163
1005001914520574
32839548875
1005003059950805
1005002954265348
32843337516
10000395874338
32839393890
1005003009769317
1005002398970913
4001334264704
1005003286276440
32215009611
1005002727000596
1005003115662981
1005001850717919
33056734851
32698894574
4001352194353
33042175822
1005003271012568
1005003276841513
1005002281155003
1005002985429888
1005002939856568
1005003062609545
1005002427035418
1005003144891939
1005002231779815
1005002288657401
1005002023686991
1005002998488391
4000848634724
1005002810244352
1005002990959423
1005003023457372
1005001943933927
32978013925
1005003365075227
1005002442887719
4000836912647
1005002350220587
1005003355224207
1005001830766495
1005003258335224
1005003341631293
1005002950399167
1005002906983806
1005003038130340
1005001604234449
1005003166340753
32608758295
4000843580135
1005002950269576
33002706264
1005002661032363
4000808457964
32995746929
32919813779
1005003385042246
32905710334
4001156192074
1005002682562213
1005002457729095
4001156018791
1005002761958882
1005002656018762
1005003133686573
4001263968914
1005003299499010
1005001379987176
1005001698879350
1005003307475298
33038015664
1005002748270225
1005001458717275
32330317271
1005002562286473
4000061197527
1005002246120012
1005003218457080
1005002389006684
1005002525319425
1005001977136370
1005003033365668
1005003131240391
1005003048409858
1005001468423416
4001112375068
4000762144218
4000774198958
1005002971968347
1005002605088789
1005003156482834
1005002872324189
1005003013917559
1005002245882768
1005002249925999
1005003220890066
1005003209682086
1005002557598570
1005001406408561
33052853678
1005002740236887
1005002370079014
1005002661615930
1005003234414799
1005002379119556
1005002516015864
32961871496
4001272923582
4001276765565
1005003223303544
1005003080131242
1005003316322122
1005001448777673
32809493554
1005001472216300
1005002617617089
1005003286985670
1005002895764258
1005001419482787
1005001280668321
1005003058326217
32882233605
1005001489623219
1005002775650969
1005003133788651
1005002796322212
4001263080637
1005003280822245
32911469420
1005001501310993
32820625227
1005003129874716
1005002683932365
1005003360330769
1005002937230082
1005002861227674
32949332311
1005003359867605
1005002579914090
1005002687498993
32888884862
1005002679651047
4001219204457
1005001339563059
1005002323676400
32917804387
4001149734624
32911020749
1005003050880244
32703406704
1005001363267502
1005002242541746
1005002510789141
4001339265899
1005002900507889
1005003187177035
1005002390088506
33020591633
1005002513602890
1005003372117283
1005002431119101
1005002388107579
1005003374733492
1005003383832053
1005002990212558
1005003376600413
1005001292767758
4001308632108
1005003020858737
1005003157912362
1005003282790395
1005002053587847
1005002278353259
1005001505588001
33012091881
1005003117436853
1005003377211826
32857215508
4000388983787
1005003330618825
1005003265511580
1005002120379119
1005002608439585
1005003124658220
1005002940502166
1005002419088504
1005003222195029
1005002616011439
32874802010
10000038311832
1005002186160042
1005003384455383
1005002342890510
1005002311021945
4000110506097
32976835740
32243785473
1005001865377043
1005003178018858
1005003069165034
4000767530885
1005001631860143
32898214339
4001175531157
1005002937592845
1005003363271340
1005002658832790
1005003123742934
1005002603196195
1005002244238615
1005003103023466
1005003162312092
4000373449629
32995450385
1005003317428517
32958014303
1005001780735596
4000402485073
1005001825533604
1005001935895124
1005002925397859
33005317035
1005003264471987
1005002947260771
1005002439715416
1005002474818102
4000766132938
1005003093413829
4001271832947
1005002369420400
33025049018
1005003353341137
1005002953965237
1005001786125949
1005001913087866
1005003367979201
1005002294809963
1005003378245009
1005002268133404
1005002965142457
1005002686307540
32810761386
1005003374634037
32801097688
4000495052343
1005001562409054
4000191984099
1005002418214846
1005003297850689
1005002975140223
1005001626880256
32873160240
1005003282063335
1005003019247126
4001139165015
32958665245
1005001824222442
1005002578312156
33036514910
1005003072139088
32873015190
1005001860819938
1005003241600233
1005003256927084
32574567825
1005002260003387
32835902113
4000777538328
1005002416021303
4000790423458
1005002409911797
1005002905333521
1005003383507102
32951522192
1005003316003372
4000258670427
1005002884833317
1005002224940871
1005001698051847
1005001386786421
32954636139
1005001963224902
1005003186110968
1005002293398499
1005003072296365
32881021077
4000053070348
1005003235266771
1005001577581578
1005003331695902
1005002538903094
1005002311846854
1005001730888053
1005002882134083
32849674621
32968051627
1005001916393783
1005003299048099
33024436519
32981693613
32790227211
1005002855900802
1005003335977513
1005002763836320
1005002567730594
1005003276423983
32503590942
32680689189
1005001642613405
1005003321403285
1005002074407879
1005003078014831
1005002932401778
850200440
33056391893
1005001819359353
1005002802628608
1005003103891607
32952928762
1005003336561502
1005002307932712
1005003135470569
1005002558243487
4000567294519
32845603258
1005001451373664
1005002959944515
1005002059331547
1005003001017850
1005001705701218
1005002488872277
1005001552658034
1005003199263012
4000339975571
1005003329530020
32913957233
1005002635012246
1005001607498579
1005003015922797
32796495294
1005003278820078
1005001521764823
33049776709
1005003281079450
1005003019478233
32948196811
1005002607841546
1005003068129310
1005002834586146
1005003281886204
1005001844163437
1005002030024055
32797646749
32922845547
1005001666421053
1005002381737821
1005002957683388
1005002826962553
1005003282892739
1005003203290251
1005001483360386
1005003345983017
1005001524900833
1005003050771022
1005002296583250
32748242696
1005003136012462
4000299048184
4000860020921
32870048478
1593699373
4001355357844
1005003369769383
1005003164016662
4001158200587
1005003377463072
1005002241046141
1005002386875418
4000907338129
1005001453134908
1005003349510051
1005002356497409
1005003302970923
1005001948892507
4000966983058
4001344230824
32964331600
4001011020283
32918343405
1005002272248314
1005002891150125
4000262751955
33003802604
32514210002
1005002346228074
1005002861948819
1005002474934541
4000387438016
1005003289065058
32806495320
4001267494395
1005001782817257
32997274757
33025832298
4000799969806
4000077702909
1005003313122109
32848677350
1005003304091050
1005002761954152
1005002029097391
32960712749
1005001320534766
1005003192898540
10000196868318
1005002512256257
33024983214
4000571693503
1005003238642534
1005003219094694
1005002824323612
1005002984907704
4001066784380
1005003337760178
1005003263990155
1005001489750755
1005003340935229
32864351421
4000399346839
33006660893
32956373479
1005003329675705
1005001835293674
1005001582215530
1005003285415222
1005002233094331
1005003091031446
10000340323128
32893439672
1005003284827676
4000146127338
1005002739455005
1005003019427540
32700100367
1005001557379211
32830782681
32975030196
1005003384936635
1005003225455205
32882656252
1005002204996554
1005001652279391
33016322731
1005002955290776
32978482039
1005001592528915
32876510544
4001122549545
1005002664532833
32856491483
1005003208618433
1005003328924956
1005003339597213
1005001779510987
33025373472
4000131353543
4000176291463
1005003388389817
1005003273113948
32908614637
1005002762820764
32896387659
1005003341681388
1005003077417714
4000797796424
1005001819860294
1005002862917483
32823765765
4000307415085
1005001889327273
1005002806310707
1005002085410344
1005002732482663
1005003357564008
1005001802270857
1005003347267157
1005002567638762
1005002083952541
1005002340577028
33001140852
1005003021950389
1005002870435629
4000826410895
1005003308275722
1005003032464040
1005003076521344
1005002842727330
4001046459869
1005002884020466
4001076264027
1005003022283898
1005003336633156
32979047867
1005003352021248
1005003235663219
32973900633
4000263879420
1005003323673181
1005003082958465
1005001441277069
1005003038183962
1005003143463793
32723853188
32947431578
4000982510262
32996527210
1005002001603961
1005003129157414
1005001314497185
32984228181
1005002753296667
4001193927317
4001066848904
1005002042744962
32829591350
4000918143877
4000221027407
1005001429469456
1005003186946466
32841441559
1005001988111630
32776953090
32890651772
1005002772241065
32959765861
1005003136788670
1005003363015172
4001066479721
1005002112711696
1005002657698539
1005002538851916
1005002830203612
4000080584316
32996196003
1005003163610627
1005002235657076
1005003250274080
4001257271858
1005002746845176
4000768225718
1005002529869226
32924393317
1005003380885553
32975283953
33058424072
32852672227
1005001658882262
1005001548046852
1005002654609712
33035272895
4000748921613
1005003198656221
1005002319941888
1005002842117522
4000143715275
1005003263350403
4000626823872
1005003272010899
1005002865845401
4000843318952
4000274704254
1005001501898766
32855274203
1005002923729847
1005002834444542
1005002270686830
1005002827657009
1005003337104299
1005002647229848
1005002238975063
1005002554235159
4001036004206
32639607452
32914276118
1005002452980510
1005003019389125
1005002244052527
1005002454345699
1005002657717191
1005001805525175
32536259152
1005002779925134
32703333116
1005002926351783
1005002495894820
1005003392338751
4001160300576
1005001732065035
4000887184739
1005002530818022
1005002870274238
33000069014
1005001268164151
1005002675886453
32890347159
1005002601104788
1005002647234791
1005002960127704
1005002511476397
1005002253645499
1005001977556804
1005002314328591
4001117274491
4000465011658
1005001565280864
1005003062404323
1005003184161422
32950310695
1005002649958229
1005003374234330
1005003031924511
32999525918
4000120056044
1005002464961246
1005002868816864
1005002484578585
4000622732952
1005002250207967
1005003245018692
32857085350
1005001977428621
1005002586890248
32797408375
1005002039838032
1005003104143644
33016047091
4000463876851
1005002052652024
32796747485
1005002638393473
1005002791587080
1005003331508819
32761594088
1005002179724494
1005002055843383
1005001377814208
1005001698464291
4000212256190
1005003278718920
1005002642478522
1005002937502590
33044800278
32881761181
1005002897368699
1005002554016014
32825537853
1005002425646864
1005003041353176
1005003097344924
1005002254226535
4000037170792
32902777042
4001175707684
4001366556749
1005001406674208
1005002375797914
1005003191118193
32969438493
32857771768
1005002838439866
1005002297216207
1005003226234614
1005003229830229
1005002259182866
1005003129820986
32841219436
1005002848298288
1005003197202200
1005001279123458
1005002726197888
1005003342108859
1005003233468926
1005002941163188
1005003134028619
1005003360117775
1005003273262235
4001145660856
1005003175300309
1005002872201008
4000956211033
1005001572954376
1005001750774566
32916209540
1005003384281716
4000470593439
1005002717873245
33027336546
32965048594
1005003050876857
4000271656687
1005002977849130
1005003325620810
1005003367467934
1005003290663742
1005003224793361
1005002790146516
1005003367675791
1005003183262333
1005002485942814
1005002793550349
1005002726962695
1005002876049486
1005003308969863
1005003368100548
1005003164015650
33005155776
4001208218632
1005003150492241
32697651612
1005003273518963
1005002642738469
1005001526198577
1005002542832891
1005003146339579
1005002247922067
33020624797
4001351449183
1005002802160335
32618980557
1005002835703105
1005002926210784
32885005433
1005002289401706
32910973817
1005002928272442
32912039521
1005001525396792
1005001380293131
1005003111974520
1005003063777454
1005003371459069
4000790455107
1005002877182519
4000301096444
1005002938284922
1005002113080728
1005002618572952
1005003375409079
1005002613480615
1005003086940293
1005003141903481
4000026812148
32974564523
4001056755238
1005002528101324
1005002621385848
1005002383480707
1005003208613794
32926298203
4000662631141
4001119604699
1005003193129868
32907182025
33009232966
32846828115
10000396920703
4000160408074
4000114496701
1005002822290259
1005002990933926
1005002655369247
1005003298982803
1005002321984899
1005001604182290
1005003102357850
32854039705
1005003076553101
1005002315575697
1005001915168129
1005003120603936
1005003179457509
1005002624818929
1005002817280514
1005003340227972
33026511483
1005002784746591
1005002080657354
1005002480711397
32725992441
1005003233305166
1005001638015546
1005003003010424
1005001389345564
32966946763
1005002683895225
1005003285106318
1005002865255338
32855065917
4001170688264
1005003368384634
1005002264697220
1005002050821179
1005002710625954
1005001448915815
33052461632
1005003367240060
1005002967763926
1005001321804441
1005002465026738
33016122090
1005003337308313
1005001512373730
4000768616609
1005002034231922
1005002055742256
1005003234155441
1005002648584808
4000850726725
32941674138
4001058831692
1005003069655290
1005003278771420
1005003364795835
32983523399
1005002570985420
32820786721
1005002816043234
1005003087983951
4000336823905
4000052970625
1005001371949882
1005001474121122
1005001524198498
33035705057
1005003331261178
1005003371098038
1005002880970898
1005002783842424
1005002271822465
1005001856830173
1005003041946817
4000921601581
1005003342115001
1005003136299191
1005003110081466
1005002276502464
1005003189519961
4000805649693
4001158960802
1005003179347624
1005003060207656
32980875275
4000769490620
1005003110538926
1005001361024510
1005003019339500
1005003066814310
33013006820
1005002265559337
1005003336571797
32948951475
32855433217
1588150287
1005003201821484
1005002952716406
1005002669845210
1005002476563870
1005002482207913
1005002978611753
1005003298757613
1005002132520184
1005002717855538
1005002721298656
32897245156
10000343883281
1005002363248436
4001084123479
1005002783439281
4000341367207
32966988190
32901208993
4001015645045
1005002921002276
1005002876321954
1005003305181638
1005002751858617
32638651650
1005001709758278
1005003392366636
4000545898896
33010628580
1005002105651894
1005002914601480
1005003347071300
1005002830085104
1005003205027795
1005002649030193
1005002833741061
1005003097427965
1005002652563263
32959676779
1005001884248043
1005003174392811
1005002566175432
1005002849977185
1005003294397403
1005001625331045
1005003176714414
1005003206170328
33052409293
1005002012409273
1005001905112660
1005003348330085
1005003288170284
1005001516942494
4000673434857
4001274128489
33005592224
1005001998697103
1005002287894497
4000688649701
1005001297159367
1005003305407150
32912315330
1005003101514681
32899794689
4000041205571
1005003137370025
1005003276251310
1005001531173211
1005003307392378
32953250111
1005003056730661
33034623213
1005003191175008
1005003219557215
32854831770
1005002431486638
1005002566975666
1005002882319222
32530096735
4001244251596
1005001659784280
32888210357
1005003210924412
32615061911
4000112372058
32954260536
1005002781286996
1005001415053744
4000239729337
1005002204920667
32981149708
4001068440067
1005002443078858
1005002533610443
1005003028880874
1005003308217115
1005002616617016
4000153700524
4000107598237
4000706235125
1005003300223409
1005003076155503
1005003000477999
1005003147973680
32883269607
1005003338795151
1005003223546463
1005003189715011
4000010059600
1005002796566682
1005002664057442
1005003150831016
1005002350663732
1005001890026880
1005001286527074
1005002856140861
32851718165
1005002238708848
1005001489711744
1005002948227371
1005003206874727
1005001657502878
1005002863675927
1005002074201013
1005002873590462
1005002599373176
1005001999133429
1005003222079071
4000793475755
1005002740798813
1005002549255676
1005002974040933
1005002531646869
32968326988
1005003180410157
1005003209594081
4000452081161
1005001501543373
10000002738605
1005003275035336
32637454880
1005003182961641
1005002319518050
1005001659807549
1005003189122435
1005002794298478
4001231292430
1005003210902208
1005002613176510
1005003262265175
1005002905153047
1005003211615965
1005003336091836
1005002438891483
4001138367956
1005002516137408
1005002773735911
4000022432328
1005002748159063
1005002198827212
1005002979797203
1005002321943736
1005003325155392
1005002453551311
32932736596
1005003346581650
1005001645320951
4000590710785
1005003387950522
1005001914637763
32861638671
1005002505207006
4000166878449
1005003150414671
32806245002
1005001905875457
1005002089364004
32464837541
1005002074250464
1005003094252681
1005002740321017
1005002776541355
1005002977042565
4000945207182
1005003349158381
1005003155391832
1005003328996031
1005002658474850
4001214154814
32849034294
1005003192935775
4000188964847
32798256239
1005003051056725
1005003080701901
1005002959738881
1005003269796307
1005002457366231
1005001381854259
1005003123906144
1005001493490327
1005001329390106
1005002122411236
4000489909830
1005003302966281
1005002573252552
1005003027704706
1005002813282859
1005002985156229
4001039104186
1005002367331260
1005002513602890
1005002266474416
32889191057
1005003382165928
1005002722718642
1005002765728004
2052853813
1005002928962488
1005002954896957
1005003069767190
1005003128055545
4000539913958
1005002863536472
1005003374579016
1005002732163055
32823644490
1005002871366515
1005001867282737
4000128128427
1005003233516884
4000357975316
4000770192496
1005002775694007
1005002309025140
1005002924993119
1005003264201562
1005003251744008
1005003285938167
4000314885685
1005003344337704
1005003346922451
1005003185140525
32846049778
1005003016280565
1005003175650490
1005001997964122
1005002558898690
1005003207192757
4001175350909
4001124262165
32961691789
32805952800
1005001525258992
32868927062
4000260789511
1005002666251430
1005002872502828
1005002976126527
1005001773642846
33039453049
32972217793
1005002919775750
32832153289
4001315956424
4000036610135