1005002656936268
4001142249516
32887979586
32887823679
1005003368701177
1005002184832412
32897732638
32999123618
4000364432453
32288912327
1005002068387038
1005002515292616
4000722790271
1005002212271281
1005003194788679
1005003211851391
32996998624
10000423510310
1005001457842441
1005002780547864
32695388246
1005002791696126
1005002105889458
4000953753676
1005002290132862
1005001908260610
10000343970636
1005001389063775
1005001633163008
32897210736
1005002293988066
32795038455
1005003367902494
1005002605988341
1005002604323437
1005003357052035
1005002608872709
1005003160328807
32969035361
1005003309876008
1005002002497315
32986479327
1005003381141194
1005001921542645
1005003085813229
32973961492
1066106283
1005001923253992
1005003277751769
1005002292709791
33061582488
1005002362156856
1005002506546220
1005003250384026
1005002918821378
1005003283371731
1005002996840663
1005003208973727
1005003140916800
32231403910
1005003278370675
1005003133923614
4000080639446
1005001509522944
1005002849042707
1005001629793111
32853891373
1005001983118804
1005003123859265
1005003006912589
4000125489209
1005003354033305
4000902803488
32961055917
32985563407
32397642339
1005002753690689
1005003112808701
4001197182963
32847664771
1005003080478687
4000991493821
33062434928
4001025079943
1005001741674411
1005002702443274
4000122697135
4000333558732
1005002423535062
1005001415831875
32872815780
33000789058
1005002274076777
4000708983996
1005002023064713
1005003225650121
1005001833946534
1005002731217150
1005002974289576
1005003109162045
1005003274476358
1005003383076627
32782658485
1005001753002729
4000310583121
1005002034558221
1005003353566482
1005002337219830
1005001457994987
1005002940365555
1005002697721799
1005003281769350
1005002702954932
4001057036237
4001195686649
1005003326523511
4000677553829
1005002905930856
32946854656
1005003190822323
1005001315685261
1005002132458448
1005003357445452
4001192019098
1005003117466676
1005002680529768
1005002708865706
4001125314767
1005001886115468
1005001561433213
1005002630404841
1005002801709392
32869303656
1005002696917764
1005003039130378
33025763345
1005002624061199
1005002071171872
1005002531945559
1005001671115344
1005002568777677
1005003072270892
1005003113069430
32821792323
1005003311476223
1005001562012201
1005003078477481
1005002754696291
1005001616648344
4001134233302
32817698292
32834506604
1005003072378020
1005003067627396
1005002967815513
1005001906402460
1005003058176126
4000864026610
32970911207
1005003197284577
4000866637172
1005002650930361
1005002300691232
1005002115635766
32755067190
1005002085891709
4000291420998
4000575024878
4001305934441
1005001840260560
1005003388454384
32912429726
4001202432217
1005001968070035
1005001626541515
32697677510
1005002688401384
1005003370704728
4000078608049
1005003351032331
4001356539550
1005001379604213
1005003150686004
1005003375656303
33029498137
1005002700473647
4001280353048
4000772098304
1005003101761127
32369969822
1005003124401397
4001248709595
1005002638014069
1005001482489937
1005001747957259
4000230823156
33049077292
1005001773653297
1005003135718957
4000300931013
10000036880454
1005001477281306
4000315793559
1005001965612057
1005003239296944
4001183593180
4001262630682
1005003340609307
1005001454180760
33005714998
4000106619095
4001308149653
1005001528972759
32850855761
32869468686
1005002954016152
1005002392112389
4000219614539
32975576508
1005003218103328
1005002861520970
1000007236796
1005003183542140
32994925321
32788297328
1005003279923684
1005002776666328
4000258961021
1005001971338401
4001125032107
1005003050942424
33019009064
1005002886819115
1005003275636520
1005003134446937
1005002605706746
4001296948366
32996655936
1005002292242560
1005003158944270
1005003303788219
1005001571947480
32963086502
32863004689
1005002547295611
1005002475765880
1005002652647220
1005002097483709
1005001742286167
1005003209714204
33049446482
4000561930121
4001205160704
4001125515514
32932516003
1005003240976331
1005002776027457
1005001658829965
1005003387349827
32885640402
1005002060764391
1005002295165565
32897232401
1005003210631626
1005002612736120
4001321930176
33009504341
4000459555695
32888851384
32921306818
1005001639779544
1005003311875752
1005001354758716
1005003162464469
1005002212762630
4000462588482
1005003059593545
493771838
1005003171994278
1005002253316722
1005002666919274
1005003391197523
1005003320984490
1005003153459241
1005002003145789
1005001844849196
32994883312
1005003290206927
1005003101248057
32916240222
2027493396
32729584652
1005003294641715
1005003293767130
1005002940635404
4001268845375
1005001468643839
32623455402
1005003127911885
32901941264
1005002376377297
1005002000421065
1005001296529981
4001274525001
1005001441387107
1005002705834632
1005002363339905
4000594812355
4001063798799
1005001785767713
1005002835917643
4000983419752
4001248258849
1005003235585166
32985267072
1005002946974517
33026502881
1005001882396437
1005003327245402
1005003050899119
1005002986422188
1005001638880679
1005003168046503
32965811681
1005002846554895
4001252414497
32976000111
1005002353071049
1005001988320311
1005002091267712
1005003380802712
1005003257169949
4000050192146
1005001988972264
1005003172336543
1005003093304851
1005002958025174
1005003082438306
1005002923170298
1005002565014753
4001220818925
33045723464
1005003339735807
32976427187
1005002967763631
32637601332
1005003290100919
1005002852983460
32649287288
1005003384122587
1005003009525222
1005003262838465
4000777693230
1005003233535455
4001174808311
33018333233
33009779694
32894189552
1005001710474203
1005003257239563
1005003065981314
1005003337515249
1005002377774107
1005001639579477
1005002560266395
32830662700
32827586354
1005003342214616
1005002746348528
1005003239175621
1005002276207824
1005003337763325
1005002632527099
1005002675948703
32974034053
1005002709872291
1005001642497808
1005001880657817
1005002280702873
1005003266843602
32794792590
1005002180848559
1005002360776323
1005003129017506
1005002080651279
1005002950618922
1005002555428047
1005002443482004
4000823699353
1005003329667083
1005003268622554
1005002617262926
1005003098561374
32834206170
33032275684
1005003116905421
1005003097381168
1005002765842156
1005002197896742
4001081374199
1005001525406561
1005002370024433
1005002012829811
1005002919684757
1005001518618902
1005002562223252
1005001302210259
32876254761
32979999523
1005003287163952
33019230791
1005002368359168
1005002807710838
1005002399286212
1005002426886180
1005003022680177
1005002043409256
1005003336719076
1005002756083278
1005003223340893
4000529778555
1005003346841386
4001147706878
1005002662072862
1005002549675707
1005003208503567
32982143835
1005002689031813
1005003336302357
1005002726711549
1005003384804850
1005003099910848
1005001555698132
4000001660604
1005002882882113
32895790737
1005002454019741
1005002894304509
1005003300558275
1005002703643744
4001173102083
1005002279111432
1005001626905302
1005002965670070
1005003328325759
1005002473283304
1005003199052062
4001344936620
1005002752092909
4000089620823
1005002317632809
4001119265925
1005002345891613
33031969711
1005002717844286
1005003329896373
1005003289362525
1005003257402134
4001078883202
1005002991401240
1005001336091058
1005002598780373
1005002952975241
32313440068
4001237042204
1005002997307872
1005003217155010
1005002701462845
1005003162876582
1005003072900435
1005003162271070
1005003349324052
1005001572140489
32691666603
1005003095674485
1005002834452712
1005002150128682
4001297302441
1005001525251886
1005003174002179
4000708553307
1005003385291195
1005002208154534
1005002320120905
1005002641974532
1005002937575871
1005002686876841
1005001761872922
4001196860068
4000087686810
10000190370957
1005003204637639
1005001774527890
1005001658144106
1005003371319428
33055272482
1005001520780995
1005002946519748
1005001594622623
1005003303834972
32975729778
1005002460175554
1005002392850726
32970547898
32301050648
1005002264622444
1005003135124266
32934722321
4000325160936
4000251437643
1005002912338906
4001049596535
1005001475229730
1005003204095236
1005003135865045
1005001603644574
32870459617
32899585509
1005001808315107
1005002935206673
4001223943863
32962940371
32964166715
1005002919608572
1005002855336122
4000926281516
32599720407
1005002670257781
1005002993052907
1005002886296517
1005001952289603
1005003039210789
1005002989930645
32812506606
1005002538390237
1005003063500012
1005002631711478
1005003111123136
32997787406
4000559408872
1005003151956267
32843437679
1005001942911965
4000593496507
1005003330261300
1005003333680828
1005002614190820
32794195666
1005001727522220
1005002613121115
1005003062804073
1005001347090496
33053423696
1005002503641741
1005001617428015
32855193143
1005002738642600
1005002673871495
1005003097870335
32954558523
1005003296384849
33043326549
32887090072
32567743985
1005003022189459
4001118270412
1005002073091434
1005001577522665
32926322600
1005003214518421
4000853169753
1005002912467920
1005002930348135
1005002663912492
1005003168907820
4001315949568
4000351092618
1005003002112968
1005001927797468
1005001279053771
1005001791717449
1005003031965562
1005003077887771
32858645156
1005002543517238
4001307950222
1005002465630114
10000397724467
1005002795889029
1005003332467367
1005003229483500
4000203291565
1005002843136817
1005001381790802
1005003361358215
32832604963
1005003296093860
1005002662461459
1005003337916556
1005002358355022
1005003155942791
4001054328706
10000369169615
32789098402
1005003033603275
32698873660
4000028360928
1005003059122303
1005003366226233
1005003030481499
1005002287980413
1005002000820192
1005003299996898
1005003137773366
1005001792209584
1005002642275973
1005002194252713
32990565323
1005003352914692
1005003197910338
1005002398509240
1005003141152349
1005001803655724
1005002038456340
1005002287707990
4001078086948
1005003380934552
32955355456
1005001833188729
4001272886555
1005001441496278
1005002487520147
1005002808437883
1005001839837574
32913933471
1005003244607460
33045415524
1005002601510459
1005002567182674
1005002562185400
1005001818075056
1005002306169718
1005001424830983
1005002917346313
1005001591007096
1005002363889841
1005002649033476
4000353165763
1005001923520497
32841306730
1005002944614454
32959502810
4000015381854
1005001387651356
1005003109250858
1005003072418167
1005003114382153
1005002413613777
1005002936170652
4001141437178
1005003319247833
1005002734959790
33041412957
1005003313192867
1005001552792768
1005001471917625
1005002908745084
1005002961883517
1005001711162135
1005002363439711
1005002702722947
1005003256816387
32945874796
1005003086916467
1005002342829344
32993581607
1005003119984941
1005003027742030
1005001430126120
1005001639145646
32760961135
4000453080212
1005003254873555
1005002911510435
1005003048433209
1005003329110999
1005001705205446
32863905039
4000697027082
10000061765823
32878598568
1005003138541186
1005003125193616
32974221956
1005003251474693
4001344750914
1005003356182037
33000497391
1005003102230832
1005003304073234
1005001748055031
1005001854943438
32999172831
32683534497
4000554895718
1005002976019170
1005003313573273
4000602367846
1005003031115435
4001187110654
32685422625
1005002122483102
1005003258812337
32884945904
1005002519785384
1005001441578759
1005002314217394
10000343964859
1005001646031410
33046622781
1005002782272832
1005003019237178
4000016901344
32815451568
1005001638846440
1005002666962123
1892222613
1005002339175821
4001015418720
1005002727141172
1005002569765274
1005002133782260
32846339119
1005002723345795
1005001723595452
1005003067869371
1005002294360624
1005003149607271
4001180007455
1005002553328984
4001239914641
1005003180612890
1005002685383666
1005002210447821
32855213569
1005003050871605
4000879979229
1005002957003944
4000686063253
1005002409706701
32991542056
1005001524023919
1005002180890368
1005002746986620
1005002776292397
1005002240267800
32704737350
1005002912701251
1005002509992349
4000789631259
1005003196371028
32982158900
32960256725
32945876157
32890506569
1005002973423162
1005002399457669
1005003114600098
1005002549750010
1005001278804806
1005003247723561
1005001344715859
4001138024727
4001294830934
1005003369905051
1005002261147110
1005003065781723
1005002527451609
1005003070897246
1005002741084627
1005001627662635
1005003146893172
1005003288920182
1005002991162283
32977555128
1005002526845529
1005002018989365
32884839422
1005003378153822
1005002548313627
33009278500
1005002600946558
32815796810
1005001575679110
1005002793232000
32904580315
1005002886273939
1005002419092593
32888540919
1005003038372192
1005003335089428
1005002509808780
1005001921647737
33028465040
1005001864440466
1005002476603516
4000489210253
1005003175997370
1005001617752227
1005002786391538
1005002579722928
10000395904403
1005003387855303
1005001475131050
1005001901184344
32838070276
4001224496741
33046167568
1005002353631131
1005002641938638
1005003357386849
1005002254962480
4000957686364
1005002386128090
32974497064
4001247721327
1005003043910064
1005002449821074
4001052214292
32978106647
1005002804575026
4001050929968
1005002873833621
32909828236
1005003004852616
1005002937962274
4000430712257
1005002666201550
1005003158979312
1005002978505009
1005003157143948
4000631993367
1005002791728605
32891458260
4001189115416
4000895009159
1005003162780907
32975185512
1005002683625884
1005002150425354
32971803798
1965012714
4001239267362
4000857498144
33014970736
1005002346807438
1005003370664372
33004616387
1005002032385749
1005002827894388
1005001730649517
1005003234123347
1005003133936470
1005003346932705
1005001431003117
1005001829801398
1005003257749005
32999897157
1005002883646125
1005002124995517
32848086838
1005003380264840
1005002722732543
1005001420170014
1005003027384862
1005003140269836
1005001463977500
4001038940468
1005002864599215
1005003016078272
1005003330011495
1005003132978648
1005003200436831
33030562095
32631213352
1005001605945000
1005002947712099
4001224457508
32799360194
4000415090929
4001327333805
4000623696195
32968050781
1005002347066323
1005002783467924
4001321626057
1005001361317302
1005001602593158
32885863467
1005003173453423
4000228975312
32826966662
1005003130632601
1005003245425333
4001350792333
1005003213914070
4000811134249
1005002229588776
4001335466558
1005003012705962
1005002459977909
1005002309968561
4000166535584
32985299540
1005002282591562
1005003164640937
1005003048606459
1005002362253931
1005002460914985
1005002700227094
1005001997681186
32728157501
1005002066852404
1005002857361103
1005001844396104
32800603339
1005003025865140
1005002549249362
1005002738934660
1005001339863862
1005001961259257
1005003281716968
1005002833680379
1005003142927554
1005002439033725
1005002342993507
32875738307
1005003336252381
1005003086823587
1005003058190648
32978717946
1005002873767026
1005001475202687
1005003372184624
1005002653088427
1005003307521774
1005002837786307
32897945690
1005002698430617
1005003262170945
32955059092
1005003212027113
1005002979044000
1005002623665766
1005003158189851
1005003261132156
1005003015156019
1005002009254326
1005003263758170
1005003384983787
1005003109233363
1005002028458725
33000544623
1005003107950243
1005003365285828
1005001929175391
1005002540562147
1005002642565900
1005002636682625
32794106517
1005001788511035
1005002659342592
1005003116654264
1005002155583702
1005002583592715
1005002097403844
1005002784859591
33051423926
1005002271502025
1005002828180440
1005002350777654
1005003217920629
4001003752869
1005003341345278
1005002090163238
32917462026
4000865426885
1005003004835360
32861823139
1005002059839013
1005003070923996
1005003220782563
1005001514355224
1005003333556790
1005003077811958
1005002139715448
4000874774965
1005002812852117
4000156084411
1005003303587079
1005003091735403
32860874465
1005002003188745
1005002557752990
1005001645397493
4000392078098
1005002922011878
1005002313762551
1005002364584870
1005001371175411
1005002388705617
1005003336725103
1005001781043082
4000408132700
1005002312640778
1005003145627021
4000751673131
4000651922670
1005002980639520
1005002586507804
1005003037861316
1005002840590252
1005003231684972
1005002665290624
1005002974215347
1005003119845027
32830795707
32591121668
1005002708476069
1005001265882408
4000868114027
1005003210101919
1005003299041770
1005003079342534
1005002502629413
1005002066712809
32627838321
1005002442883268
4000268544559
1005001695441380
1005002309025326
4000672111753
32957637464
1005001457979833
1005002972043408
1005001292489441
1005002877461638
4001316111233
1005002783140035
32869596470
1005002859016686
1005002794190317
1005001901732055
1005002949603691
4000842389931
1005002861563643
1005003354815135
1005002489668264
1005003092748865
1005002991088352
1005003256732289
1005002129996304
1005003362597704
32953380258
33059607801
4001008018134
1005002906633216
1005002745606428
1005003388477387
1005003090341872
33043134593
33031612609
4000337326245
1005002066320043
4000203292726
1005002122411404
1005002314454171
1005003209274957
1005002568258293
1005002723948026
1005003301268255
1005003032110057
1005002480888218
1005001984951859
1005001349578528
1005002709669655
33026681469
4000895945581
32535922632
32968254385
1005001782914504
1005003287815689
1005001773201818
1005002462029652
4000266778600
4000075570770
4001106094882
1005002032489674
32946157623
1005001579235874
1005003270102939
4000031804554
1005002686307938
4000393433786
1005001525284965
1005002766631610
1005003317407293
32858801795
1005003250928000
4000548426807
1005003342660914
32809381692
4001078930249
32714860213
32813946039
32747771755
1005002499641811
1005003387391047
4000329047332
32904300206
1005002426726473
10000395809000
1005002780703075
1005002275391975
1005003001477143
1005002428090369
1005003156765938
1005002799682840
1005002509948503
1005003219994232
10000118042543
4000318943798
1005001540092808
1005002843456497
4000507475388
1005003350616352
1005001285280796
1005002732339379
1005002945938792
1005002973483640
32813994974
1005002891047730
1005002858653104
1005003131826909
1005001850079266
1005003280179046
1005003262406648
1005003101530438
1005003032101175
4000562064129
1005001863091356
1005002447918443
1005003327594289
1005002939540069
1005001490098093
1005003188109133
1005001572380227
1005001692519471
33045270320
1005003310551378
1005002320844337
4001244084944
1005003276556738
32976386775
1005001905044916
4001022634915
32970574715
1005002593189324
4001198184753
1005003168023633
1005003218328675
1005002060284867
1005002454367281
33005877064
1005002859247126
1005003176862618
1005002954163575
1005002528469245
1005002755718598
4000986419901
1005001748377744
1005003354823143
1005001917520873
1005001622252040
1005002851829652
32898652958
1005002281986465
1005002984640324
1005001657022503
1005002139882745
1005003172710254
32956824428
1005002837653121
1005002878763969
32828383147
1005002264306018
32859324924
1005001525471191
1005002661989540
1005003294988464
1005002794832930
1005001824065009
1005002898777322
32861663655
1005003336458817
1005003105658373
32852250859
1005002748265379
4001062148458
32816722607
1005002636503206
33021515990
1005002955057861
1005002897706492
1005002030654504
4001351769561
1005002297327150
1005002701378088
1005003310762145
32832508910
4000077253174
4001238461319
1005003146190416
1005002447019293
1005001670089566
1005003030697475
4001084836695
32983318117
1005001500687702
1005003360843609
1005002995098809
32951168888
1005003376733992
32968063161
1005003292962436
4000287978611
1005001677534044
1005003136992969
1005003037299748
32727527848
1005002723403712
1005002329646981
1005002525292497
1005002951349914
1005002791548185
1005002966585550
1005003219750139
1005002389717006
1005001606818007
32983938078
32810720945
1005002674138689
4000959962812
1005002848313497
4000727023195
1005003261920080
1005002828236793
32825020763
1005002907669402
1005002949077234
1005003286863733
32824305407
1005003195541099
1005003346373059
1005003286889831
1005001718488703
1005003066761256
1005002287758433
1005003294400120
1005003224193674
33051352479
1005002212940530
1005003212084277
1005003148094241
1005001873834243
1005002580158822
1005002722198847
1005003226397551
1005002987921569
4000937379993
1005001935403554
4000879638830
4000490468683
1005003004560137
1005003208496235
1005003164628221
1005002051707800
32871023639
1005002809986043
1005003078293306
4000171909469
1005002824322036
32817100420
1005001323788584
1005003221358139
33007466249
1005002746483021
1005003205696987
1005002788418420
1005003036376884
1005003269289697
1005003280498964
1005003155105090
1005003247711036
32954721546
1005003264789163
1005003251014972
1005001596132163
1005003152369447
1005003105636981
1005003070831056
1005001682460739
1005003026554040
1005002994887116
4001232617782
1005001694330106
4000067407752
1005003111605934
1005002755958627
1005001708940913
1005003336594613
1005001881924543
1005002912879321
32866633910
1005003309992835
32817517441
1005001680500864
1005001940895895
1005003226788620
4000175804268
1005002128905968
4001278809857
1005003361281474
1005003205685164
1005002773736945
1005002228839028
1005001834402932
1005001286596991
4000415032978
1005003218463083
32898596570
1005002008286129
32860426993
4000311272304
1005001539143944
1005002795088677
1005002034659243
1005003299803548
1005003129867944
1005002443297354
1005001841781176
1005003245683848
4001286508704
1005001664126999
1005003378307605
33034569226
1005002640998265
1005003174605815
4001291970227
1005002319511105
1005002883881760
1005002598179300
1005001880789664
1005002618859505
32873083687
1005002309238181
32861651849
32418650001
1005002433939273
4001222479593
4001156704992
1005002967423584
1005002219299392
32832743037
32657894355
32971032803
1005001824045549
1005001683092346
4001241192365
1005002907698043
1005003229729400
4001096025952
4001076378484
1005002618025350
32807204631
32889276859
1005003201658991
4000307987352
32841672814
33040021240
1005003057306973
1005002309378950
4001284186107
1005001475146033
1005002323593103
1005002789510508
1005002959422202
1005002714615166
32957864466
1005001292523779
1005003208518338
1005002890903445
1000004531138
1005001703604972
1005002698489517
1005003022231015
1005002315597946
1005001779475882
32911623627
4000730853816
1005001725477583
1005002122473535
1005002488123508
1005002935607375
1005001484947168
4000757724391
1005003369007322
1005002264991251
1005002281045430
1005003293620807
4000863974749
1005003140658394
1005002832622883
1005001894622669
1005002961766241
1005003292803324
32649475045
1005002755934532
1005002593971964
4000986789959
33059384745
1005003004242859
4001285487228
1005003130257763
33003175796
1005001580788332
4000432889653
1005001614568474
1005003281969457
1005003181967762
1005002126244806
4001273309262
1005001813942966
1005003365820768
4000385123350
1005003080789148
1005003194758558
1005002121242532
1005003198168403
1005003122504694
32976810333
1005003001562914
1005002705463360
1005002673271271
4001052670989
4001230369498
1005003018111870
1005002421333660
1005002097458877
4000483633208
1005002074200359
1005001935567925
1005001373827587
1005003082806244
1005002510050153
1005002095828886
1005002843662554
1005001467910254
1005003310366879
1005002888505197
32970627793
32854833973
1005001478492727
1005002531381735
4001174652371
1005002454422665
32886978552
1005003307838366
4000887580722
1005002387741898
33011432939
1005001836897364
1005002050821179
33005863246
1005002450421689
1005003223289379
4000575551067
1005001689064447
1005002128155389
32919389344
1005003308916110
32832977220
1005001684849558
1005003034548453
32835902113
1005002572112733
32818418484
1005002586756410
32797703225
614239098
4000959017014
1005001940899010
1005003224610120
32818756701
4001165953277
4001038442511
1005002982387338
32716730653
32316684446
1005003028408466
4001143283783
4001274567388
1005003267235873
1005003385907589
1005003361151958
4000283974006
1005001429859489
4001241775904
33056433519
1005001721770884
4001192241938
1005001498822225
32725900695
1005002588149154
1005003097626193
1005002748138791
32971431640
1005002787536558
1005002828833882
1005002976371354
1005001800571056
32805860750
1005003106636700
1005003356089833
1005002065485419
1005003129781382
32859664382
32946615960
33027355991
4000710368852
4001280421560
1005002381903329
1005003369278206
1005003344073566
1005002871605267
1005002978854592
1005003219364490
1005002766499716
4000295899166
1005002671526199
4001072044449
1005002757680327
4000626044826
4001108235061
1005003161455413
1005002567689843
1005002381616610
1005003375473746
1005002789155804
1005003148351271
1005003020100839
4000498751810
1005003124519880
1005003264477885
32762214391
32851857859
4000207441430
1005002074296107
1005001345725419
1005003348275634
1005001492936332
1005002616675745
4000064424348
32453974834
1005003211744612
1005002450161199
1005002752857390
1005003186950913
1005001788744480
1005003259028906
1005002428462917
1005002741522669
1005002767148803
32960523296
1005003232656310
32958333086
1005002505771620
1005003369081955
4000040247893
1005002790594835
1005001633210821
1005002756210545
4000014773210
1005001639753604
1005003215897831
32916505486
1005002938754703
32823038755
1005002639106617
1005001458122885
1005002712468233
1005003283145757
1005002797850383
1005002783520694
4000849722775
1005002336598366
33023396334
4000883192925
1005002981546586
1005002752695240
1005002064766207
32710220383
1005001942404491
1005002258208773
1005002221179098
1005001315892475
1005003332861900
33027066269
1005002208441680
1005002517411068
1005003180650748
1005002722384846
1005003372041998
1005002435893873
1005002679484290
1005002697109296
1005001992515503
1005002977699694
1005003019244126
1005003108316412
1005003332616242
4001140323652
33053759255
1005002906190947
1005003335104734
1000008239044
1005003008841074
32985509563
4000039303916
1005002970073036
10000326929028
1005002774829252
1005002548247671
4000217175167
1005001903089158
1005002126147478
1005002008665241
1005003019908971
4000024789110
32985588939
1005002492637525
1005003183548195
1005003151932726
1005002775255277
1005002511846466
1005003298690388
1005001958781990
4001122642312
1005001882308601
32856964265
4001065447162
1005002461842806
32740470368
1005003247156736
1005003194301106
1005002668247905
1005002490067117
4000164414408
4000698781905
1005002363715680
1005001962207786
1005003009356529
1005002577710774
1005002555775642
1005001616741151
1005003278661583
4001322030850
32594034537
1005002700726564
4000011682873
4000628724573
1005002940222168
1005003196289702
4000404679735
1005002517873560
1005003276621141
1005003147005086
4000695154647
1005002085973972
1005003167007929
1005002718360389
1005002510048518
4000802027104
32319362965
1005002239989405
1005001952088659
1005003129090824
1005003199590699
1005003327144579
32917171262
1005002351673165
1005002610664612
1005002883325574
32956881459
1005003201875070
32828599136
4000506619564
33048715415
32812379199
1005002717110840
1005002941426433
4000313419401
1005003022536321
4000102951873
1005003270157599
1005003279908469
1005002264917582
1005001652085687
1005002632218267
1005003292314362
1005002351551555
1005002949619559
33007043657
1005002879588929
32949779180
1005003374909247
1005003001795009
1005002192491068
1005003334884505
1005002716856617
1005002313710564
1005003086799708
1005003148005692
1005002365894949
1005002099168025
4001156746535
1005001737309921
1005003082140422
1005001758846792
1005003226848693
1005002894926227
32986580800
32996535948
1005003158399864
1005003250677599
4000348900208
4000425080425
32897709631
1005003276581774
1005002031699641
1005002958973892
1005003140978550
1005002890923974
1005003384943587
32943228682
1005003254790934
1005002250083834
1005003205526901
32557720350
4000346311842
32700183026
32791070367
1005002495220701
1005001963130705
1005002808373758
32802137774
32990403465
1005003042229227
1005003017481197
1005001350310702
32977645707
1005003072129251
1005002453134024
1005001596707229
4000873710335
1005002297811129
32943873957
1005003380531133
32690593323
32858392316
1005003299664727
4000340933373
1005001650913299
1005002624253780
1005002957899079
1005003149948780
1005003384588704
4001068011500
1005001903085419
1005001593593747
1005003290270179
1005003383716438
4001313694710
1005003197602818
1005002069752781
1005001875334688
32793023860
10000279448611
1005003296998635
32869921862
1005001291670203
1005003374765249
1005002970875689
1005003384168589
1005003106897559
4001121594138
1005003347291201
1005001961283187
1005001930339008
4000860170130
33056625987
4001066071806
1005003342545127
1005001515358634
1005003319138760
1005002995093746
1005002665307805
1005003118556293
1005001609727610
32912614497
1005003167029488
1005001922635128
1005003298904962
4000534524422
1005003004226476
1005001439633393
1005002085163916
1005003282976352
1005003104476598
1005003172258521
1005003014585889
1005003095232555
1005003050911284
1005003030124854
1005003273933566
1005002079918270
1005001518140900
1005001667272734
1005002061914414
1005003160808474
32819641811
1005002762483167
1005003212470902
1005003359022393
1005002448605877
1005002460985568
1005002967322693
1005001399777992
32998475592
1005002540959516
1005003387788357
1005002940991773
1005003387287133
33027257405
1005002652953749
1005002045182363
1005002709371216
1005002116020370
1005003222185367
1005003160000822
1005002677661285
4000355907219
1005003281362899
1005003337710243
1005002731008149
32867020907
4001202148296
1005001315644480
4000640914245
1005003272721663
33011151703
1005001736481012
4001287169934
1005003141862917
32882223644
4001177694833
1005003313195934
1005001907060413
1005002716717447
4000791881832
1005001997372025
4000230943891
1005003134585152
33013330373
32813514096
32871635031
1005002246605951
1005001286972894
1005002998332876
1005003233589092
1005003025675329
33025722511
1005003385868452
1005003337699692
1005003244350431
32977411203
1005003264597890
32784155482
4001081500234
1005003185901069
32842903374
1005002995282348
32792543904
1005003367955120
1005002953024400
1005003028270406
4001212224798
1005002051255279
1005003124359372
1005002941047860
1005002413448208
1005002667071350
1005001810500065
1005003322372474
1005001298578104
1005003364686375
1005002275471569
1005002907364629
1005001702581496
32948944939
1005002742107360
4000278272541
4000127479063
1005002454239663
1005003290643319
1005001286049465
32975092765
1005002774092639
1005002738943691
1005002228681463
1005002342257484
1005003334532943
1005001909747488
4001227626514
1005002766508282
1005002797037780
1005002852192555
1005001596333274
1005002660782769
33027066269
32669327105
1005003293054065
4000574095592
1005003243933370
1005002587164155
1005002780373116
1005002945578307
1005003214073503
1005002674691797
1005002193908312
1005001439034946
1005001792324517
32921439612
1005001342604841
32825669380
4000224644551
1005001993474160
1005002515183352
10000406023353
4000715070466
1005001651941021
1005002597795259
4001059004601
1005002804763012
1005002933895461
1005002557379786
32355667243
1005002837793238
1005001612017908
1005002333972751
32848477975
32859893288
1005003390688711
1005002813758139
33061238860
1005003016307295
1005003154071785
1005001315632688
33062606237
1005001893220560
1005003205721685
1005002857268358
1005002963746062
1005002622801852
4001223899439
1005003342485625
32975052067
1005003028403221
1005003062534370
4001129150586
1005003240925718
1005003114350890
853088537
1005002778537137
1005003171121521
1005001823952788
1005002235910868
1005002369003663
1005001304426578
1005002963511207