32769460081
1005003328090784
1005002485679475
1005002396702058
1005002389256771
1005002400771551
1005003041802144
1005002418521778
4001322328079
1005003380789929
1005002757766041
1005002761714472
4000922120127
1005001414300579
32601438474
1005002625352178
4001207223787
4000339800213
1005002330001055
1005003085126239
4001178426260
1005002113260290
1005003314870279
1005003328603902
1005002473511276
1005002991092717
1005002907670183
1005003032047094
1005002809543803
1005001628115049
1005002631248209
1005001812905421
1005002953891488
1005001981794153
1005001629645014
4000333149110
1005003337245101
1005003138826134
348950323
1005001456608939
1005003112125768
1005003294784283
1005002297626997
1005002499821749
1005001392693807
32617750399
4001276893578
1005003168442588
33012717902
4000817635597
32910332092
32945993424
4000126436593
1005002566624474
4000402110118
1005003369216635
1005003098984837
1005002630131293
1005002879823200
4000970464333
1005002520181434
1005002542174292
32724179595
1005003386030510
4000893885245
1005003173774393
1005003143856376
1005001627770154
1005003008041839
33039087087
1872061036
1005003337039806
1005002926742371
1005003127625532
1005003332858190
32747441486
1005003353750880
1005003384980864
1005002287149728
1005002688192760
1005002482961778
4000544231844
1005001830988968
1005002425693200
1005003390177641
1005001750690914
4001174414785
32811173225
4001080280145
1005003365071661
1005002795162118
1005002035067791
1005003356587984
4001205008441
1005002938429952
32668312411
32663447500
1005003160314600
1005001694054685
1005001378024708
1005002681011918
1005003309581484
4001013237900
1005003145897288
1005003041778482
1005002527116833
1005003201671349
1005003300642712
1005003365838400
1005002841601776
1005002723341627
1005002680979511
1005003276085404
1005003327852301
4001101237917
1005002870348938
1005002083541922
1005002425277966
4001241130619
1005003157744136
1005003313748215
1005003007948559
4001181257973
32839629697
1005002543204658
1005003208522708
33028620262
1005002961486252
4000230560961
32641515226
4001137655009
1005002730815273
4000528352020
1005002801357876
4000236491951
4001296975283
32800810579
32983382697
1005001398931733
1005003070718181
4001030025428
1005002054040056
1005001890608617
1005002667416375
1005001320148220
1005002602289233
1005001511286586
1005003338122468
1005002134517339
1005001921985048
1005003019866566
1005003370611173
1005003336026111
1005002024817187
1005002935321255
10000125891557
1005002592494393
1005002165092083
1005003163608768
32961009738
1005003276621141
1005002683771864
1005001812563703
1005003337645945
4001003502880
1005002857136685
32920313245
1005001699672253
1005001381090659
1005002684325174
32827077421
1005002821770504
32887107187
4000673551302
33030868132
1005001935300456
1005003178366584
1005002448172653
1005003026156763
1005003249481012
4000002251299
1005003026063755
1005003020200076
1005002253747708
1005002879784900
1005003110583899
4000894906093
1005002400037742
1005001412752183
1005002559390984
33057711425
1005003311673807
32771602433
1005002767274693
1005003246125900
1005003360323228
1005003162778228
1005001591999292
1005002002882411
4000199052363
1005002554372053
4001138280445
4000739112350
1005001907666994
1005003049721655
1005003303447257
1005002693540429
32995050662
33002319633
10000069057215
32823765848
1005003136058405
1005002900299780
32885266959
32790533241
32860711992
1005002542597840
32981270149
1005003282283458
1005001680607126
1005002880263515
1005003142691977
1005002647247188
1005002729684870
4000445755137
32946334706
1005001570563395
4001275230312
33055446284
1005003217183882
4001038612048
4000498367770
1005001585176347
1005001500894211
4001040066546
1005001676501076
1005003086366272
1005002770473128
1005002146360937
1005003367746870
1005002084135941
4000853812247
1005002833485689
1005003117564749
4000552327655
1005003277494260
1005003214214530
1005003227307558
1005003161808392
32809804247
1005002329211012
1005002253669159
4001293393899
1005002348132872
32882696815
1005002870481618
4000394504243
1005003281247204
1005003357734441
1005002166164356
1005003205590297
1005002971147238
1005002268972315
4001127931135
1005003201015035
1005003224925523
4000070996160
1005002991397107
32679503515
32747924823
1005003102778305
4000392040010
1005002519689748
4000722573231
1005002982686282
1005001705734775
4001233349258
1005003218005920
4001294669984
1005001504169146
1005003280016418
1005003331171683
1005003348000117
1005002207836313
1005003197051093
1005002347697107
1005003143215928
4000736527722
4001113030131
4000065915376
1005002996209796
1005003132050348
4000887343640
1005003377282052
1005002302102445
1005002939730311
1005003262372863
1005002767306508
1005002681978978
1005002947899119
4001323710852
33051651120
1005003279850535
1005003248578186
1005003274389256
4000414689702
1005001632341731
1005001721792604
1005001466270531
4001272743352
1005002177051043
1005003110825359
1005001579000537
1005003366922297
32888936261
4000817684390
4001276022069
1005003391797280
1005002938023659
1005003385205609
1005002621270193
1005003135332040
1005002939866455
1005002995826935
1005003340697350
1005002177305642
32939809743
4000264798211
1005003044503796
1005002258808935
1005002194230815
1005002125237887
4001165485902
32899168573
32849714306
4000854032392
1005003008081142
1005003342067818
1005003304094166
32863739608
33015823517
1005003090551575
1005002371437339
1005002676590185
1005003088422294
4000867802870
1005003052119837
32968077463
1005003137492341
1005001604574256
1005003311878889
1005003204387545
1005002834252120
1005003372948489
1005002970569430
1005001901345400
1005002388427112
1005001851402463
1005003027402033
1005003188571927
1005001829983198
1005001993281275
1005003155684937
32890607779
1005003258242048
1005002314552855
1005003001194385
1005002777341196
1005002322615346
4000262116110
1005002605787091
32916103699
1005002346119241
1005002904242265
4000466146106
1005002971098100
4000640917921
1005003309273222
1005001406620214
32889892083
1005003306308500
1005001452114414
32956070823
1005002252694199
1005001850743981
1005003324977604
1005001429567881
1005001651194118
32972056769
32796795563
1005002443439998
1005002906953052
1005002971337057
1005002721211729
4001100394283
32975320195
32954552958
1005003077978588
1005002164342636
1005002107567377
1005002095068265
1005003188507636
32872347431
1005002124983033
1005002843049892
1005003146415390
4000547782388
1005002017107648
1005001349912290
32969933181
1005003035705779
32841141081
1005002175258920
1005002366225070
1005003387757258
32379532658
1005002569704760
33029642813
1005003353768663
1005001470019976
1005003262354553
1005003047374125
32878264038
1005003313433562
1005003171407742
1005002423999657
1005002500095727
1005003318832334
1005002970597777
1005001581658426
1005002587836357
1005002881756939
1005002034045816
4000971888989
1005003291777970
1005002759468425
1005003229565411
1005003113150146
1005002289932712
1193851101
1005003218699039
1005003109348005
1005001859073909
1005003019203178
32974027079
1005003213651026
1005003221749280
1005003070201533
1005002863066069
1005003141306022
1005003077630374
33054535887
32745451867
1005001704498605
1005002495273360
32914812112
1005002990902416
1005002794387534
1005002974542765
4000231841243
1005002630494522
32786092459
1005002450304125
1005002315074085
1005002917324070
1005003023806505
4000931803066
1005002282411253
4000229057443
1005001653307149
1005001355781140
1005003343550091
1005001962440711
1005002760314513
1005002182722872
4000185217042
32980302133
1005003241200661
1005003239558887
1005002964970900
1005002939721293
1005002857119782
1005002589491885
1005003355384620
1005002003394979
1005003290406692
4000186578918
1005002938291869
10000292891719
32919811897
1005002877589863
4000093344758
1005003067771655
1005002288004783
1005003025681084
4001170008526
32908474939
1005002529426014
1005002087784648
1005001929707566
1005003377266031
32976100612
33039685318
32995385787
32973364784
33032969908
32960510486
1005002828898411
1005002268039413
1005001860953037
1005002925383371
1005003346328841
32906454233
32893689374
4000218009199
1005002017082397
32785005861
1005003184219840
1005003391613740
1005001338327377
4000424302572
4000625588530
1005003367410854
1005003239509898
1005003364086125
33019843956
1005001880945845
1005001709181018
32895531611
1005002882212367
1005003332653712
10000402433380
4001149872130
4000989937467
1005001694116882
32807822684
32975320967
631424461
1005003077044304
1005002289691820
4001251989094
1005003159051931
32896907102
1005003151816766
1005002798760863
4001139383462
32796086297
32850946311
4001186876869
1005002775796658
32853670965
32727546114
1005003158834669
1005002361552274
4000179602240
1005001797075187
32916209413
32832674245
1005001797846273
32951790033
1005001952854624
4000300963770
1005002740578229
1005002848131147
1005003323344115
1005001680537467
1005001568617967
1005002991269783
4000114245250
1005002579912870
10000173531388
1005002224689225
32792779942
1005002348458039
32782463934
1005003312638473
1005002730820594
4000921414551
1005003296867866
32834255432
1005003217715950
1005002827233929
1005001779831679
1005003392839576
4001287372158
1005002171649462
33013297004
1005002317361021
1005002486978013
33022014296
32377052221
1005002165406218
1005003043079240
1005003336332153
1005002732445200
4001132547848
1005002914008191
1005001419186689
1005002827662039
4001315394403
4000632584421
1005002914178629
33054853589
1005003249602766
1005002471449163
32888640550
32887462450
1005003241318466
4001290328931
4000929571765
1005001914304570
1005002049674239
1005002711070426
1005002932324018
4000990982131
1005003387684993
1005003356045606
1005002755854786
1005002094562124
32558673347
33048438278
1005001853834163
1005002315209646
1005002734643370
1005002799526370
1005001452764820
1005003249111868
32802211356
1005002394027956
4001066241391
4000934655392
1005002822925563
1005003181958510
4000263667566
1005003272426381
32584048838
1005002240172589
1005003256596322
1005003306468213
4001121573872
4000884363530
4001077856754
1005003091861512
1005003370046914
4001126461888
1005002595532515
1005003293170999
32789985339
1005003133681975
32993152977
10000247490529
4000723081092
1005003310387763
32982214899
4000941166599
4001022963088
1005002180294348
1005001606417106
1005003217113571
1005003389560385
1005003300170366
1005002097308879
1005001490667998
1005002176883499
1005002810953392
32822514160
32897637675
1005003019840386
1005002428426120
1005001481986284
4001159992543
32803774541
1005001815065466
1005001405471957
1005001325215031
4000628518754
4000042234509
1005003108772320
4000558636668
4000294635479
32803561620
1005003309918703
1005002758179396
1005002262070420
1005002975979862
32900659761
1005003334085549
4000475998920
1005003349852266
1005002611739545
1005001703637917
32962085638
1005003278313367
1005003184811344
1005003224768325
1005002742519433
1005003178002680
4000332817111
1005002562113015
1005003008251980
1005002400529628
1005002073900614
1005002396436348
1005002959294744
1005002435679742
1005003226151189
4000288178770
1005002876507996
4000909609329
1005003311209467
1005001489230157
1005001657172398
1005003077031954
32859114714
4000090441171
4000990517924
1005003316117632
1005002711475166
1005003315953057
1005002917235665
4001133954265
4000783306342
1005003112338052
1005001789744129
32856358217
1005003086045224
1005003296044299
1005003155439768
1005003239808486
1005001998100933
32852310647
1005002589561488
32997667591
1005003240377499
1005002508644260
33030557019
1005003148871115
1005003151061632
4000979248242
1005003107417958
33041270086
32975334952
4000659461861
1005002127258020
1005001842997806
1005003207579856
1005002184528250
1005002011068237
1005003321104977
32985863290
4001284791525
1005002060606237
1005002371597080
1005003227086081
1005003133821002
4001080035278
1005002298907895
1005002044390176
4001132856369
1005001307746451
1005002396584472
10000138093092
1005003285843433
1005002788956015
1005003361866521
1005003119616776
32857248129
1005002570491224
1005002571931373
1005003380652591
1005003317621976
4000930395995
1005003371426510
1005003391336927
1005001577455439
1005001599313826
1005002232222015
1005001675610539
1005003123655570
32881715698
1005003190530373
32963232493
4000253223066
1005002137138410
1005002971545192
1005003342670994
1005001922681778
1005002346760428
32758064692
1005002818245797
4000029872556
4000228220975
32723904618
1005002594936759
1005001483228918
4000187217141
1005003037801591
1005003037588426
1005002993312433
1005002859283432
32959582122
4000266374445
1005002559897204
1005002854554361
4000126454122
1005001756094002
33048716919
1005002827827885
1005003113183696
33029100231
4000002509356
32990584392
1005003158119239
32913153067
4001078490496
1005002313713362
1005002704802709
4000731393086
4000849571645
32966571047
1005002314963578
1005003305478496
1005003100620837
4000212692437
4001186181507
1005003160217358
1005003293398580
1005002851543116
1005001422921463
1005002568722830
1005002206178737
1005003283908202
1005003120970138
1005003275521907
1005003001070858
32819716885
1005001859623164
1005003129907737
1005002519612182
1005002967368139
1005003285757987
4000792512501
1005002558937104
4000780880207
1005002440994220
33004304517
4000017179066
1005001670916603
1005001464678886
1005001961585519
1005001483332465
1005001638192906
1005003309009851
32515147955
32839817943
1005002323475119
1005001942239375
10000002746015
1005001493416700
1005002412410945
1005002643507616
32980926450
1005002949065595
1005002223950619
1005002172498938
1005002954528753
1005003183376265
1005002853264422
1005002899066838
1005002074590905
1005001315155660
1005002739830186
1005001393530105
4000013038700
1005002988324699
1005002897677815
1005002608505295
1005002776360644
1005002688260750
32849025559
4001207680115
32996486481
1005002577411077
1005001787322969
1005001764031683
33027951181
1005003205367573
1005003176263121
1005003123490278
1750050173
1005002949238936
1005001913210985
1005002191964494
1005001998008018
1005002615774621
33016187179
1005002527856136
1005003372107462
4000861356687
32981801246
1005001581587446
1005003267486448
1005001552388529
1005003275062020
1005002932204457
1005002462289744
32685808928
1005002313795176
4000747249601
1005002906766305
4001333213106
1005002643926904
4000078381936
1005003101274602
4000776485519
1005003309863406
1005002357013325
1005003247431668
1005002178028972
1005002921393805
1005001804480186
1005002898360907
1005003116274312
32937448884
32623994365
1005002732417136
1005001998300732
1005003268113431
32830251429
1005003218204238
1005003285517476
33005021560
1005003008100131
1005002840530636
1005003205862779
1005002112147004
33004382863
1005001682047827
1005003262406648
4001249017781
1005002471046076
1005003210763448
1005003336149734
1923527098
1005003070028204
1005002810772604
32958101536
1005002794284501
4001291745966
1005003066413901
4000694261424
4001225254678
1005003278937607
1005002810920708
1005002109907138
1005002959223480
32708261152
32981108936
1005002854554506
1005003303785585
1005001406819972
32868628495
4000934268956
1005003133995514
1005003025342523
1005002348768055
1005002510188034
33034128923
1005002340235406
32705066386
4000308394039
10000062859343
1005003201759886
32782512427
4001039801233
1005002947379393
1005002605080908
1005002085082322
1005001506852508
1005002953522573
1005003256769213
4001115648392
1005002927668209
1005003305800200
1005002552737153
1005002115440907
1005003287707729
4001197415601
4001075156546
1005002235732053
1005003136497147
1005002470758550
4000551986576
1005002479661330
1005002337185131
4001217432582
1005002877992060
1005001598301486
1005003226110956
1005003207078728
1005002640969578
1005002952591196
1005002540925889
32720695584
1005002028027608
1005002351841554
1005002930317329
1005002254824927
4000836461470
32861496090
1005002927966946
4001234511936
32722414997
1005002987428949
4001286355248
1005001464992372
1005002931036843
1005003363066717
1005003242564737
1005001361018503
32862349994
1005001901927052
1005002061871907
1005002259891138
1005003204551989
33020818234
32851413140
1005002813589894
1005002352434006
1005003324800320
1005003386377100
4000391591891
1005003263729081
32630994112
1005003240315789
1005002509159907
1005002841960435
1005002064091226
1005002612757593
1005002746599403
32831735118
1005003134823075
32857915496
4001198090904
1005003303362238
4001183493023
1005002147354135
32859400471
1005002674790900
1005001868615135
1005001650484637
1005002793659926
1005003303151390
1005002192171261
1005003026682617
32934731811
1005002079764145
1005003019335393
1005003331263713
1005003133644354
4000590248550
1005002663554834
32882618116
10000400065521
33050931672
4000995590045
1005002299569669
1005003122311323
1005003008008775
1005002602864373
1005003318199321
1005002752003002
1005003150178507
1005002697332057
4000085419542
4001100893272
32852784473
1005002427992913
1005002111302863
1005003109048541
1005002260966987
1005002678471080
1005001614427062
1005002437963539
4000330820001
1005001667896711
1005002877511133
1005003032058321
1005001853430035
1005002901920012
1005003227975159
1005001942277898
33005714998
4000940943210
1005002991793381
1005002238205358
32410525138
1005001831183260
1005002843251482
4000096849203
1005003224935769
1005002588933964
1005002439803862
1005002875871752
1005002992915938
1005002321822392
1005003245917437
4001200138439
1005002939419711
4001287726110
1005001507250956
1005003023427506
1005003275730975
1005002237671960
1005003197242094
1005003197202680
1005002976352994
4000252731932
32852499846
32954079285
1005002604543792
1005002990863358
1005002833451328
1005001769373376
4000186615340
1005002827661143
1005003246988182
32958550324
32870363782
32961353988
1005002774617532
32882071678
32904542488
1005002356327843
1005003042341751
1005002950715550
32828158521
1005003350381159
1005001451761859
1005002756771000
1005001644614716
1005002754757772
1005002283488602
32923832808
1005003247482991
1005003038129797
32822392992
1005003310377779
1005001872650067
1005002571096308
32737291236
1005002113204567
1005002562286094
32987230944
1005002862110912
1005002547025923
1005001874440773
4001190103010
1005002380454165
1005002697589187
1005003247472260
32616588082
1005002552139071
1005001413484685
4000844738067
1005002386174460
32842170201
1005003135796002
33004484924
1005001309363449
1005002878416422
1005003141350040
32800699016
4001265414556
1005001530692102
1005002856874930
1005003299861887
1005003384346793
1005002884954295
2012345667
1005002801295487
1005001370077054
1005002814395152
1005003208822553
1005002600400448
1005002932030593
1005003082115539
33014695083
1005001818348976
1005002765605992
1005002310935498
1005003163376758
1005002857572490
1005001732651197
32844683845
1005002783583315
32946801048
4000908251705
1005002875794910
1005001658610197
1005003191310834
1005003182987503
4001050549042
1005002137083130
4000817975079
1005003369051104
32844473219
1005003184375459
1005003364394658
1005002153657888
4000699363315
1005002855121014
1005003309693186
1005003282018562
1005001723120666
1005003107422602
1005001834508766
1005002397654876
4000029616112
1005003193438030
1005002646940236
4001294688279
1005001575405443
1005003158911754
1005003304571284
32860121387
1005003312320105
4000354576162
32553999765
32590983549
32978723573
32865222634
4000197483114
1005003199945327
1005002043350894
1005003208917614
1005003027844983
1005003308533300
1005001616143665
1005003131229793
1005002142484339
1005002654666843
1005003091938295
1005002846827536
1005002254268099
1005001394484847
1005003025780244
1005002775306105
1005003328072186
1005003124928928
1005003161118025
1005002016624402
1005001966917436
32981865060
1005002375290065
1005002353808174
1005003294770247
1005002848879169
1005002612659960
32574415387
32999107089
4000712829942
1005003022142805
4000630717777
32858297195
1005002793672142
1005002689246209
1005003064035319
32768484325
10000401573025
4000707539799
1005003136151214
1005002292203937
1005002560935815
1005002636534512
32313816909
1005001321241453
1005002759240125
1005002313676898
4000773890817
1005002771239048
1005003174939559
1005002314355012
33039723226
4001152066949
1005001703337944
1005003258778908
1005002849124366
1005003130304617
1005002835755857
1005002910135652
4000245545907
1005003305573472
4001024509274
1005003144486965
32820236256
1005002756147896
1005003056409395
1005002438568993
32986667845
1005003019246799
1005002755973505
4001171895117
1005001776122827
4000976204817
1005003282821737
1005002577791479
1005001802681626
4000052765509
1005003251655559
33054229141
32992571932
1005002999171331
1005002674724427
1005002755703232
4001057579211
4000115893749
1005002798035965
4000543088963
1005002066172540
1005003362521717
1005002873148929
1005002737835796
1005003300382755
1005003389299872
751047948
32850217835
1005002717201777
1005003100164429
1005003344350992
1005002898216701
1005001997637468
1005003323923680
1005003107842992
1005002607431603
4000438982974
1005002768091036
32512647031
32983875187
1005002641895208
1005001484039155
1005003041252550
1005001634485062
1005003080715068
1713339314
33016777564
1005001345541335
1005002742899962
1005002689328118
1005003201626560
1005003259743644
32864882549
1005002972151032
1005002860142570
32909060817
4001360315210
1005002675540051
1005002738708522
32995967855
1005002539220998
4001240816985
1005003343012847
32819516031
1005002813175862
32869525782
1005001274853691
1005003244377576
4001322998908
1005001965813273
4000847827202
32958284590
1005002471161295
1005001631331207
32875042546
1005003297676130
1005002066343163
1005001715887090
1005002734421399
1005002668648011
1005002487849004
4000201774880
1005002813315862
33001966649
1005003273705040
1005002061377043
1005002945331047
1005001878993875
1005002768981890
1005003372092372
1005001850503930
1005002682378707
1005002848311810
1005002389387968
1005003244676580
4001260211767
32798583470
1005002982321283
1005001525399020
1005002352119202
1005003309289232
1005001313928020
1005002255417140
1005003168149099
1005002652081450
32989011449
1005002275909711
1005003151660142
33008283450
1005003197765926
4000839802396
1005002991561509
1005002496038668
10000002886301
1005001523910813
33044322324
1005003120630312
32898821109
1005001610417683
32989095861
1005002984039082
1005001841092652
32871666640
4000222564785
1005001718552075
4000553061734
32838021178
1005001444283150
1005001304990195
1005001907318941
1005002749520763
4000905481424
1005001595978131
1005002516869961
1005003029752729
1005003269889095
1005002253776691
1005002572218560
32922551997
1005002546644723
1005003134631051
4001207520212
32864257124
4001294793189
1005003150942247
1005002475301388
1005002821919581
1005001586847000
4000495991247
1005002275630295
1005003354776903
1005002338803157
1005002092590340
1005002634798034
32691582655
1005002751666204
1005001460944992
32960939883
1005002547121549
1005002434567631
32862907711
1005002527143731
1005002565474406
1005003384963705
1005001793094148
4000663603556
1005002292283891
4000927465994
1005002918485111
4000650350542
1005003300527112
4001365268156
4000185659130
1005002971182790
1005001362512711
1005002806711287
1005002662420169
4000706350668
1005001925128049
1005003072010712
1005002782905223
32837899258
4001271308149
1005001593351721
4000206303737
1005002949523931
1005001497156412
4000045337582
32672174101
1005002705428960
1005002355422863
1005002476247248
1005002794291905
1005003182476465
1005003302753477
32827444366
32920702619
1005002505070376
32794983297
4000867548760
1005003149775264
1005003236369216
1005002870012356
1005003314920339
1005003268354415
1005002655105842
1005002571195191
33004067508
32262664266
1005002467751935
32819252177
4000902325410
1005003081110475
1005002811796934
1005003070776299
1005002899377924
1005003298659591
1005002395707750
1005002777651515
1005003208596954
4000372855918
1005002949328451
1005002870503642
1005003082981987
1005001412216320
1005003014641067
1005002876272968
1005002907689581
1005003092558993
1005003108869084
1005003173686510
1005001941034698
1005002891877003
1005002843993657
1005002014649708
1005003275123796
1005003354910321
32792805939
32820739195
1005002579240836
32932140982
1005001475422010
1005002778214533
1005003367234377
1005003135941860
1005002799042334
1005003329480576
32900947365
32712341458
1005001418004509
1005003182425344
32968505252
1005002298197270
4000371032517
1005003264140923
4000280911514
1005002950826194
32817439035
1005002487932940
1005002437819696
1005003269479657
32531236564
1005002524448221
32950439358
33012921628
1005003245834364
32954198530
1005002932132740
4001157295400
1005002221285881
1005003387612968
1005003115964796
32992636805
1005002622021880
1005001782344111
1005002502742045
4000979055192
1005002212820107
1350432952
1005003300118507
32789793919
32923656470
4000945182623
4000874146953
1005001365915298
1005002259395976
1005003259073665
1005001802422195
1005003212466307
4001169341121
4000419142586
1005002615376292
1005001947840974
1005003340265681
4000126436593
4000338396793
1005003156783084
33026688713
1005003109531555
1005003087609175
1005001749981315
1005002052673409
1005003013989035
1005002259790894
1005003308651104
1005001439150499
4000088826940
1005002565695051
10000344007244
1005002164663296
1005003197851328
1005003329047080
32958355888
1005001888613526
1005002937771733
32919361867
4001157117195
1005003335660966
1005002735046165
1005003035433616
1005001602616001
32844129196
1005003381864599
33028116380
1005003136401782
1005003179506352
1005002702008928
4001191474716
1005001572833948
1005002907873537
1005003347188258
1005002893852239
1005003081123710
1005002538011280
1005001899364888
1005002483473207
1005002630034375
1005001863576637
32956371345
1005003280806672
1005002884929834
1005003071132645
1005001847439987
33056704821
4001363945439
1005003332914582
1005001859228124
1005002326302426
32839417115
4001305053054
32857894698
1005002212755889
32827995682
1233360910
1005002259623926
32962398838
1005002443425815
1005001859118256
4000028012559
1005003177426559
32647154146
1005001549070374
1005003315355007
1005002863340920
33042834139
1005002530920483
4000199658115
4000484732204
4001019470190
4000677499164
1005002234340147
1005001903361235
1005003310767209
4000097384424
1005003062787331
32660642402
1005003317972930
1005002553248132
1005003164021552
32983815838
32792555344
1005003086644091
1005003263299715
1005003029922820
1005002312252516
4000843543818
10000404558720
1005001374326359
1005002995802385
1005001728689466
1005001321492178
1005002715979538
4001355357880
1005003169893589
1005001731272111
1005001419131788
1005001444595815
4000004892621
1005003014531377
4000786606073
1005003019169368
33009430397
32887983660
1005001805647359
1005002878474289
1005003106315057
4000148492385
1005003359595053
1005002376802093
32856445004
1005003252691354
4001236683639
1005001439062923
1005003118323519
1005002754487566
32554262240
1005003341482446
33002087103
4001111871845
32847657300
4000255631391
1005003080088983
32958093794
33013936645
1005003021540983
1005002947016610
1005003265695880
32742058939
1005003339743297
1005001608498316
32920630669
32976373406
32958189457
33050322577
1005001524335760
1005002902627282
32828451023
33032074925
1005002293740069
1005001709691509
1005002938761569
4000265628964
32999990056
1005003256745170
1005001456263287
1005003351014279
1005002271168739
33003895500
1005002328868357
1005003161048589
1005002317662054
1005002930722143
1005002829085447
1005003235633459
1005002628052713
1005002344754540
1005001664964409
32966149675
1005002283352673
1005001570411527
32705927142
4000297435104
1005003241242111
1005002820376651
1005001572647242
1005002760678019
1005001860550098
1005002672462476
1005003300770418
1005003228186084
1005002647325386
1005002935321856
4000185916947
1005002838682279
32814345985
1005003278601046
1005002671850939
1005001518815500
1005003121856195
1005001932942997
1184127486
1005002891625863
1005003166461992
32862835987
1005001640135260
1005002450474020
1005002847945945
1005002546506358
1005002105456941
32832958736
32963109018
1005002055770985
32995450864
1005001354250354
1005001962063743
33014860477
1005001286013093
1005001593687489
1005002810731027
1005001313276799
1005002924842271
1005003237772188
1005003387704914
4000092328706
1005002766792127
4001266945775
33045226802
1005003136503387
1005003111051804
1005001411573929
32960188097
32999421163
1005003288139432
32972533375
1005003095640023
4001080653464
32863894251
1005003388549077
1005003077782977
1005003178317607
32922434162
32235551378
1005003145178360
1005003363522799
1005002965889095
1005002676295115
1005002128846092
32800039891
1005002339947714
1005003145913658
4000816634892
1005001585976283
33004060719
1005001671486184
1005002175001230
1005003018280682
4001089750714
32651165053
4001324158428
1005001582580361
1005002341775601
1005003174729761
1005003289742536
1005003337766984
1005002161574974
1005002609956438
4001042606429
1005002524326033
1005003373520551
1005002983769113
1005002930528810
32882113694
4001285708322
1005003066175928
4001126205811
1005003121115614
1005002757595977
1005003328270292
1005003338056086
1005002695384896
4000426972410
1005002937923244
33006192289
1005002869737759
4001119014290
1005003210915472
32885397110
1005002112809345
1005002944666449
33036765803
1005002077197884
1005003106060345
1005002299163313
4001037027467
1005003275838096
1005003108325186
1005002086099129
1005002749890309
1005002221104424
1005002448096695
1005003323855208
4001111578460
4000206151818
1005003018058945
1005002871419714
1005001876850224
4000956068169
1005003038757088
1005002421613038
32805541443
1005003387185580
1005003299287631
33003674102
1005003374452244
1005002370148087
1005001405320412
4001050171945
1005002022892374
1005003382544295
32545646126
32946658265
1005003090161349
1005003340211390
1005002833164994
1005003210635113
1005002540981686
32501812684
1005002888828685
32782346460
32816079488
32978514190
4000425039867
1005002949506417
1005001274313638
1005003367743584
1005002990013262
32869949533
1005003081851772
1005001617019944
1005001597482340
1005002272454262
1005003242320788
4000668180563
4000158969737
1005003348199775
32994256026
1005003140233956
1005003276276089
1005002311949054
32892898505
1005002996040134
1005002245395257
1005003004436600
4000433278760
1005003338302158
1005003032574006
1005003202943865
1005001529037731
1005002136722359
1005001748261085
4001132201359
1005003032213167
1005001699617668
1005002647254752
1005002055454093
32898672305
1005003096378462
32968088090
1005001560966261
4000247752699
1005003297751816
1005001920698976
32900887545
4000040836822
1005002991569701
1005001835137117
1005002957763036
32912381014
33057702805
32857322508
1005003130133891
32946666873
4001248138926
1005003309599166
1005003232070968
1005002560481934
1005002732984312
1005002765695294
1005002571289127
1005001948660007
1005002983733366
1005002846555764
32823877030
1005002454306339
4000095296388
1005002339614431
32957865749
1005002125056339
4001046159600
32342350076
1005001465469165
1005001354719239
1005003371588128
1005002674812341
32819440517
1005002753253275
32343801708
1005002269853861
1005003283079950
4001152269505
1005002567306566
1005002313937009
1005002600387952
4000286932033
4000955310000
1005003241436120
32894487465
1005003357254955
32772442176
1005001776211723
1005002375424282