1005002986582847
1005001692327749
1005002852681926
543612219
1005002979508818
1005001352678890
1005003004542138
1000007993168
1005003102547101
4000298415344
1005002710464102
1005002218102571
32993154088
1005003370532840
1005002351857677
4001095653449
4000223370507
1005002637695949
32917525381
1005003368063124
1005003047384848
32856495705
1005002102397359
1005003056712230
32674377271
32923311305
1005003194603292
1005001698637181
4000993970368
1005002740802232
1005002571388263
1005002357637703
4000817626935
1005002657037850
1005003151038980
1005002080930644
1005002990762109
1005002666623257
4001198431512
4000603543376
1005003043412856
32479025528
32840345817
32940710573
1005002317709975
32975728713
1005003308614205
1005002834579098
1005003180977273
4000188873116
32662235753
1005001525261972
32940694738
1005003302310121
4000945403127
1005003305581280
1005003021952013
1005002561113694
32916928725
1005003276935531
4001021688501
4001052135568
1005001869069079
4000012561098
1005003065551416
1005003093822057
1005002386975975
1005002431069481
1005002510039891
32914652952
1005002233512397
4001337853511
1005002960881856
1005003086092127
1005002438622689
1005002878881891
1005003048647448
1005002611545402
1005002823102349
1005001683272917
32975509435
1005003083901009
1005002640758425
32702993788
1005003124556082
1005003282491277
1005002957986089
1005002649055118
1005003256697747
1005002965683332
4000084693789
1005001997019512
1005002032952200
1005003331760472
1005003288075033
1005002327618598
4001069222169
1005003233538378
1005003208421805
1005002986192522
1005002851996958
1005003203385349
1005003019933417
1005001937696482
1005002277531924
1005002604732093
1005003149240487
4000970691585
4000996388308
1005003102164258
1005001824973236
1005003290250590
1005003247438512
32875651945
1005002944857984
4000284908115
32815952931
1005003374347365
33020500009
1005003276842504
1005002899070800
1005003383730980
4001321287789
1005001381817141
1005003120571562
4000448975407
4000857861799
1005003264167053
1005002681977050
4000419793199
1005003304753146
1005002493911779
32957146302
33057468234
1005001763573957
1005003362685210
1005002971008434
1005002565561244
1005003303217157
1005001622239365
1005002565832674
1005003106022783
1005003351328074
4001264985980
1005002841393985
4001256744142
1005003163988579
1005003220330375
1005002703560763
1005003062321506
1005001493802504
1005003168641255
32981958272
1005002654770801
1005002277723827
1005003147789713
1005003241263229
4001036602042
1005002203511189
1005003328191373
1005001881091053
32982172328
4000818142848
1005002965987281
1005002330206307
1005002564854943
1005003371361420
1005002985371533
32978663090
1005002543332586
1005002826876172
1005002346251185
4000597447955
4000183828284
1005001375231650
1005002776282369
1005002696429679
4000189848951
1005002939979028
1005003296914108
1005002657420981
1005003097573229
1005003156142502
1005003208751642
4000065328445
32957061943
1005001464132207
1005001664342188
1005003393079808
4001147828017
1005001595150797
4000222570383
4000315556266
1005001506948162
1005002121546973
4000817787792
1005002856852488
4001233765570
10000011709489
1005002792083229
32673602488
1005001441379298
32868145134
1005003355352256
1005003145867678
32895330888
4000526471207
1005002652633751
4000898897326
4001085590196
1005001759293529
1005002441128370
1005001508196649
1005003297788515
32994720192
1005002618890005
1005002682939881
4001307367611
1005002234161115
1005003337545330
1005002747078757
1005003342115701
1005003323402541
1005001749217548
1005003032232919
1005003328611657
1005002777248764
1005003156432007
1005002068545254
1005001829418982
1005002218696377
1005003313751014
4000307206767
1005001309662099
1005002872964749
1005001880684704
1005001592947822
1005002826067086
32915922267
1005002926959762
10000002753084
32809841295
1005002599290234
4001309052785
4000117980284
1005001453223536
4000337321433
1005002575506121
1005003337328179
1005003102013936
1005002396058474
1005002921707128
1005002003321970
1005002561994093
4000922605637
1005003228636415
32534903412
4000891937008
32799612323
33014149434
1005003187818148
1005003208517008
1005002882862548
4000580856003
1005002755978635
1005002959632283
1005003076931301
4000360792158
1005003288636861
1005002029172211
1005001393128618
32962635370
33056513132
1005001833725620
1005002799265106
4000959175973
4000625452341
1005002655348959
1005001698409266
1005002726982754
4000730531969
1005001839390455
1005001280437479
1005002694666728
32921383483
33035105831
1005003004388976
1005003282519477
32987582897
4000191388860
1005003321650717
1005002417970669
1005002753409087
1005003235684111
1005003050807911
32739206416
1005003337071124
1005002434103437
4000384549439
1005001439137614
1005002748304004
1005001641069133
1005003290209988
1005003030329575
4000307614271
4000122183753
1005002960164778
1005001799396211
4000793471876
1005003330262333
4000264534208
1005003065358027
1005002945241770
1005003309928295
4000773416803
1005003031697541
1005003031782676
1005002973744646
1005003193114405
1005001591057448
4000093988184
1005003340235110
4000990236263
1005002321319220
4001208119903
1005003124575169
1005003159002592
1005003254529170
1005001786543312
4000084557293
1005002190984748
1005002997851400
1005001695331722
1005002805236755
4001225251511
1005003130060030
1000008705159
1005001310759601
1005002398864290
1005002978247951
1005002603351893
1005001882582737
1005001625432566
1005002537727057
1005003384776615
32887682056
1005002485419682
1005001757644525
1005002344693640
4001180411614
1005001722870572
1005002531209628
1005002025157974
4000111024382
1005003143073623
33058964468
4001008135504
1005002857282159
904290383
4001003950112
4000197286475
1005003383291164
33024775063
1005003308907320
1005003262845183
32922740188
1005003202837130
1005002536545250
1005002857692195
32816987973
1005002848312852
1005002026818954
1005001645273979
32361279616
1005003123586871
1005001558046100
1005003281354407
32346590579
1005002046128737
1005003070530309
1005002808380425
1005002902103009
1005003269542191
4001283206731
4001351433140
1005003299679307
1005002754200150
32911730766
1005001638853432
1005003065084920
1005002233673062
1005002617408721
1005002371643806
1005002344893911
1005001349835045
4000480554633
32959135745
1005002804901217
1005003276037817
1005001404998301
1005002773967190
1005001699448416
1005002079236462
1005002770998595
1005003062697085
1005003152136874
1005002612330050
1005001368907371
1005001753828898
32855253355
1005002048704678
32860830819
32958323801
1005002062995589
1005001976104172
32998503109
1005003227633407
4000044743247
1005003229779744
1005003032061229
1000006874717
32796742726
1005002771212281
1005001905578044
10000012728845
1005001286418935
32879093343
1005002193685319
1005003255865340
1005002687393927
1005003338348293
32986763895
32967629588
1005002237557371
1005002180829009
1005003219788426
1005002945882045
4000170968442
1005003103121577
32842746252
4000626261528
1005002809218714
1005002050504172
1005003342903507
32853973864
1005003209555137
1005002097130335
1005002725557673
4000852837324
32968911865
1005002679352221
32973577307
1005002460140044
1005001765722318
1005001445080225
1005003287957618
4000370056366
32934375040
4000661129295
1005003390125985
1005002497839055
1005001851472041
1005002973650517
4000833047130
1005002292286193
1005003330950391
1005003252102236
1005001582340726
1005003385179929
1005002259525416
1005002876901004
32996665672
1005003161590464
32795450012
4001215893825
4001364955374
1005003105778035
1005002712542065
1005002681139123
1005002513644190
32914673691
1005002746065633
1005003273619982
1005003280654861
1005003027530800
4001211850012
1005003170032677
4000335691768
1005003191606535
1005003352483907
1005003329790150
1005002503475965
1005002827280652
1005001465862247
1005001722290290
4001068433138
4001159305499
1005002315377096
4001266828577
4001024781852
1005001326306743
1005003332749761
1005003277824086
4001201373878
32962841607
1005003129226116
1005002322929332
1005003337832906
1005002958625610
32918464631
4000156575715
1005001916577202
1005003218066103
32905850339
1005003056889573
1005003183863630
4001098474199
1005002027683298
4000265477689
1005002604488638
1005002868980964
1005002934562112
1005003239570379
1005003305492334
32951322712
1005003184020806
1005002735774844
1005003385245520
1005002897097397
1005001275589754
4000715975456
1005002837782584
1005002567446026
1005002550091220
1005003372875297
1005003169783542
1005002320872905
1005003327310446
1005001645854322
1005002518413318
32945672337
32838964819
4001256107025
1005003029879743
4001031190557
1005001896442379
1005003312391353
1005003331278394
1005003305560743
4001297487402
32950779735
1005002986434489
1005003166056270
1102875530
32967793230
4001164192801
1005002686084938
1005003383971261
32977411814
1005001460366767
4000158197314
4000754137091
1005003316300979
1005003123762363
4000862855041
1005003332913068
1005003180757314
1005001389007710
4000403453846
4001067859044
1005002722880344
1005002604849740
4000541060029
1005002754559873
1005003339468228
1005002801820432
32933033377
1005002919687759
4000415816984
1005003342136348
32996248607
1005002579933051
1005003097526751
4000222700677
1005002746270390
1005002870748745
1005002541283875
1005002755552486
1005003304375725
1005001803579874
1005003310533048
1005003050142114
32835844776
4000481413135
1005002841463505
32756706992
1005003342360874
1005001688228763
1005003204380538
1005003130637122
1005003277765230
1005002700647130
1005001402372476
1005002582788792
32712874179
1005002788585717
1005002511336046
4000571214935
1005001761849158
1005002653053586
1005001798408426
1005002711763544
1005003104629147
1005001919016390
4000333522313
4001148133423
1005003244080181
1005001441415578
1476966366
1005003309938072
1005002498586474
1005003201209047
1005003298946414
1005003223972329
32904049427
1005002924452021
1005002585190704
1005002365967757
1005002802177892
4000238190883
1005003227879791
1005002710266013
1005002937737283
1005001777578993
1005001965814214
33041770109
1005002244513085
4001006658250
32643824119
1005003098490421
1005003356843060
1005002680451177
4000209972921
1005002515635242
1005002314303745
1005003391321481
1005002075408959
1005003081257482
1005002281535574
1005003201283235
1005002967786130
1005002056409249
32964819611
4000264828458
1005002027430259
1005002930697397
1005002228648768
1005002957723582
32861432225
1005002836788008
4000903477911
1005002647301175
1005002133226967
1005002876357335
1005003356028767
4000979841058
1005002132692894
1005003329302161
1005002797512108
33032328950
4000917868642
4001327830395
4001124064923
10000002740349
4000414055676
32592275552
1005002656788745
1005001482035263
1005003235930560
1005003021232298
1005002237709107
4001321829160
1005003290456209
1005003288956464
1005003246697382
1005001451880249
32647142207
32884513128
1005002326734028
32294293498
1005003092212641
4001179576598
1005003063917048
4001005542600
1005002809386381
1005001781608167
32914517975
1768109334
1005003276960827
32622642957
4000698780941
1005002224922346
4001159123686
1005003144684912
4000764287272
32836317496
32751825103
1005002876491080
1005002381488448
1005003353092114
1005003192684732
1005003087316055
1005001979882703
1005003095345406
1005002671758431
1005003134758231
1005002122474641
32980940626
4000636259450
4000045780698
1005003386217876
1005002549018228
32902402454
1005003210736521
1005003003679328
1005003179392543
4001360827160
1005001441380836
1005002406356749
1005001895309595
4000504370720
1005002495008800
4000182860392
1005001291723034
4001131508586
1005002122393463
4000143942378
1005003288227582
1005002721475512
32870688826
1005001333483205
1005001560572910
4001193010614
1005002971694262
1005002065108396
1005002009424138
1005002783796844
32625540515
1005002492005270
1005003015768066
1005003163390222
32814354020
1005002532196509
32916185083
1005002568176286
1005001339325452
1005003366629591
1005003276586707
1005002836761499
1005002745658043
1005001604565478
1005002758543379
4000137413612
1005001414979116
1005002245053355
1005001863157084
1005002517677470
4000028668974
32809663887
1005003374306929
1005002594099690
1005003188675373
1005002970584807
32950289501
1005002492036663
1005002524998936
1005003236590509
4001118281452
4001078322317
1005003351596121
32829717775
4000632782621
1005002981538297
1005001361872438
1005002205438081
32802986684
1005002516692794
1005003254025339
1005003123281420
1005003140585605
1005002795240147
1005002745081467
1005001587470174
4000545710248
1005003214362514
32855061703
32661122042
1005003121802711
1005003176447857
33009587184
1005001602402549
32966636454
32922843959
1005003188283318
1005003173171165
4000903658738
1005002224285181
1005003244891380
4000829771538
32896576200
1005002711299057
4001187410961
1005002739208614
4000475610714
4000084211301
1005003356666208
33048885610
4000546579151
1005002271683747
1005003296465185
32876253535
1005002795416207
1005003149179883
4001263539155
32505222431
1005003387414388
1005001705764234
1005003221511873
1005002122251941
1005003000921737
1005002834148322
4001230321802
1005002028823410
1005003239045220
4001351191103
1005003310205663
1005003313139123
32871660342
32921652172
1005002281046752
1005003345411713
32905156467
1005003008360877
1005003208372668
1005001304945468
1005002214814105
1005001865042186
1005003320427390
1005002991132228
1005002945156577
1005002712839281
1005003303295154
1005003147034331
1005003106907316
32900883539
32864915692
1005002505811950
1005003269488098
4000970538041
1005003193666867
1005001952888870
1005002709573701
33005496052
1005002435591721
1005002844876144
4000764853333
32974405993
1005002389391349
1005002952811023
1005002344964564
32962085537
1005003210675570
1005002583175484
1005002976252357
1005002465897998
1005003000982080
4000974281869
1005003204198007
1005002322674994
32985251379
1005002068913000
32666427838
32989069271
1005003209669698
1005001922757902
4000905719073
1005002515999655
1005002701844806
1005003239265104
33003509895
1005003051261923
1005002523003951
4000626089881
1005001824549240
32944753184
1005001512099634
1005003110969403
32791721841
1005001494471493
32817155529
1005003240477161
1005003051796760
4000128073124
1000007613096
1502023063
33045193006
1005002301712542
1005003382187199
1005001290384859
1005003060366286
32847130281
1005003007628315
1005002680076216
1005002242007635
32601496042
1005001305402070
1005003036326033
1005003133769640
1005002357103226
4000369537069
1005002804368037
1005002352813715
1005001345538526
4000022174432
1005002839495519
32955134137
1005003083057130
1005003276421477
1005002656795510
1005002824118197
1005002210687720
1005002944156702
1005002132527073
1005002803844895
1005001868628102
1005003024607471
32961281901
1005002839430190
1005003281163780
4000312035436
1005003263624951
1005002738831857
1005003097001907
1005001286118961
1005002564052893
32785880320
1005003309582038
32914692630
32880561999
4001207273106
1005003045773751
1005002813169929
32810271767
1005002857104842
1005002787133596
1005003212628646
32794900901
1005003308092891
1005003278873947
1005003246229045
32814889347
1005002964265649
1005002616633933
1005001632800322
1005001977714635
1005002224312805
1005002413174816
1005003157519715
1005003270999281
4000866805896
1005003030970461
1005001653975408
1005003088091914
1005003338185744
1005003289568018
32815678248
1005003342001320
1005002218023580
33040787145
32916094002
1005003166267839
1005003108101318
1005001864482943
1005001580667130
1005003340701167
1005002324100362
1005003388736857
1005001425317450
32838047010
1005003040787821
32735950666
1005002573347412
1005003275659916
1005003109876880
1005002651195294
32824520661
4000104253803
1005003193052483
1005003027277979
1005002869354892
1005002913347572
1005001704176872
1005002413682142
1005003122968658
4000295680971
33001465611
1005002688580307
1005003278554091
4000037556219
4000691431131
33034110046
4000595811400
32525683025
1005003196852423
1005003239553618
4000108600238
1005001470824486
1005002091379809
1005003353700905
1005003167041149
1005002122371489
32961644246
32999464138
1005003016292529
1005003334940398
1005001349600749
4001032640732
1005002573217894
4001296804352
32811216423
1005002496312764
32752829503
1005002349852837
1005001926872064
1005002953232352
1005003173998893
32961606015
1005002567332690
1005001698673154
4000054825791
4000042068900
1005002668627937
1005003074396453
4000236019270
1005001326339865
1005001793026737
1005001293207546
33045474535
1005001902514153
4001160031694
32846306420
4001163112163
32881562822
4000266639261
1005003325217711
33001433956
4001227499493
1005003106056051
32872671158
1005001928805044
2027982013
1005001709149175
1005003315926430
4000032786850
1005002745522276
1005002857421509
1005002821440180
1005001736526019
1005002837396673
1005001862430602
1005002947504332
1005002288896707
1005003082728905
4000853022583
1005002648646035
1005001861548081
4000990407820
4000475521701
1005003001994715
1005002907821132
1005001999774499
1005002516944764
4000818780342
1005001623531266
1005001896655873
1005003050845591
1005002234870866
1005001935095722
1005001831805140
1005001388097735
1005003022107195
1005002330063190
1005001594494321
1005002732350566
32729626995
1005001308910608
1005003346321525
4000264581324
4000111625191
33002520288
32794410019
1005003034513022
1005003304607788
4000136259205
1005003275892642
1005002336232634
4001017200958
4000916887892
1005003258871417
1005002397033717
33053894577
1005003262949223
1005003308733844
33000197843
4001235712355
1005003193223627
1005002708815318
1005003136256346
1005002854410388
32822410827
32657397316
1005001423144399
1005003022302520
1005001861198821
1005003247534324
1005002516312081
1005003167018713
33031119553
1005003373693282
1005003359393519
1005002092743671
1005001518325578
1005001360936194
32976832794
4001244588682
1005002663241815
4000281510932
1005003275229940
1005003219702260
32858611294
1005001577628416
32895055746
4001264757967
1005001822188975
1005003051337891
32990947686
1005003368607097
1005002107668723
1005003246299594
1005003022374075
1005002856208764
1005002467640551
4001282610026
1005002877666398
1005001659533281
1005002024270119
1005003037451184
1005002586277977
4001153724040
1005003164811670
1005001344346183
1005002207042661
32889810509
1005002945628548
1005002600964068
1005002344950949
1005002279416348
1005003262411376
1005001803834353
4000907542866
1005002557890331
1005002267549397
1005003042073691
1005001541561867
1005002553391144
1005003213891807
4001077051595
1005002688121215
32839149103
1005002986328297
10000360961971
1005001274735930
1005002358289560
1015252678
1005003195856895
33048899025
4001250812386
1005002616238632
1005002717730813
1005002107489889
1005002668261343
1005002907604663
32767131572
32920377817
1005003183239029
4000122857633
1005003283079950
4001227729049
1005003262664985
1005003385216628
1005003307343484
4000061204290
1005003282685500
1005002363788561
4000065806438
1005003372189919
32974299696
1005002014312266
32999506040
32986491871
4001010227566
1005001873530019
4001039413294
1005003129824725
1005002864336678
1005003283603994
1005002068179875
1005001538102168
1005001402175012
1005002708790204
4001009721453
1005002642478043
1005003345130671
33048130119
1005002671417315
1005002742022528
1005003004234465
1005003259049316
1005002193727667
1005002327597744
1005001998776881
32818681500
1005001733095767
1005002022180350
1005001493387228
1005003278035516
1005003304052471
1005003345930116
4000404625779
1005003006334595
1005002388479413
4000986545284
1005002975047706
1005003245356872
1005001890873436
4000341024870
1005002172424514
1005003233693899
1005001466123936
33042122849
1005002557133471
1005003168393468
4000252492975
1005003016694726
1005002619523535
1005003221947316
32956801902
1005003160694309
1005002224473433
1005002580787957
1005003261844567
1005003014282403
1005003022322630
4000988611729
1005002872032817
1005002342643365
1005001790048142
1005002650460812
1005002907372826
4000400556100
32888935696
1005003019839100
32967674556
1005002613246570
32600150690
1005002413378521
1005002605220847
1005003218929089
1005002991850173
32959972603
1005002060381074
1005003026010938
4000180444446
1005001466163321
1005003194633833
1005002602234721
1005002941392961
1005002348649349
1005003092622668
32843135103
1005003218020314
1005001883928099
1005001875815745
1005003277466981
4000578806340
1005002273790741
1005002089369578
1005003239874382
1005002467454687
1005003324792887
1005003229846340
4000851848829
4000262553825
4000966901386
10000344943928
1005002669057919
32960751376
32812756433
32810354889
1005003211165920
1005003010082250
32965976691
1005003114073516
4000141641102
4001232814143
32868011633
1005003138861358
4001233027234
32982104469
1005002537155275
1005002264103951
1737911776
33023245848
1005002824138200
4001110506065
1005003019219129
1005003228774587
33018163749
32764901248
1005001957255568
4001229718710
4000769989406
1005003115004299
32717736341
1005001786855851
1005003330223757
32976325389
1005003322977143
1005001899355542
1005002503381785
4000326368859
1005002144511332
4000879222391
1005003361408118
1005002755707364
1005001853345752
1005001613210653
1005001928703760
1005002565416610
1005001481392718
1005003075424767
1005002414655328
32785834532
1005001280995878
4001186022925
1005002130330749
1005002587149137
1005003206623470
4001071914729
4000973721601
4000903680032
32959947151
1005002092648109
1005001901157207
32915981494
4000863698538
1005003145788956
32971270492
32815788406
1005003381112047
1005001790368597
1005001600200564
1005003321665708
1005002220372075
1005002920760226
1005002345133495
1005002253647343
32815029305
1005003208200259
10000285577784
1005002324875129
1005002897390883
1005001321825989
1005002272238302
1005001530829211
1005001284971658
1005003223580186
1005002600748345
1005003114309101
1005002884459319
1005002100830135
1005003088378379
32996693490
1005003293204175
1005002911449151
1005002453298925
1005002919938739
32847845804
1005002095916428
1005002647182274
1005002974039746
1005002428465923
1005002898422485
32747206882
1005003339329171
1005003210490826
1005002883129247
4001165374539
1005001936493283
1005003293029732
1005002790751508
32887740819
4000128673801
1005001767926399
1005003304749042
1005002959520711
1005002061813792
1005003183297369
4000069607316
1005003353757497
4000682748544
4001007418464
1005003177221970
1005002304822382
1005001780565923
1005001716798118
1005003305082016
1005001413339704
1005002597078715
4000890979578
1005003134069488
4001111612856
1005002612196041
4001038454450
4000828714448
33062022403
1005002406124795
1005003296909280
1005003211588841
1005001903085360
1005001989944602
1005003313653845
1005002844995064
1005003076752286
1005002910561168
1005002388156777
1005002349720246
4001029302993
1005002997252027
1005002438076148
1005002172706219
1005002626110652
4001252681962
1005003123307444
1005002854733307
1005003145867937
1005002988661259
1005003308288035
1005003092063187
4001039436126
1005002853236531
1005002549050425
32817786169
1005003327917526
1005002931238062
1005003300267268
1005003333918011
4001196878261
1005002286753163
1005001810706757
10000344959232
32998483655
1005001801030959
4001293427424
4000082967887
1005003300979152
1005002157079699
4000072328980
1005002960372133
4001269059594
1005001993584917
4001037712640
4000409988126
1005002272015814
1005002537688876
1005001619811728
1005001517998935
1005003329141494
4000755287675
1005002260877658
32584140676
1005003364040051
1005001584257729
4001130734826
32534192007
1005002984314410
1005002656699116
32789514746
1005003105116669
4000989067166
32838369293
32895812161
1005003193218707
33056591798
1005003246904984
1005003139565428
1005002740794683
1005002382863935
1005002558051245
1005002895199924
1005003336150498
32831585812
4000304199025
1005003031943196
1005003387541555
1005001349533226
1005002237583922
4001157684895
1005003219630891
1005003130099070
1005002699679838
1005003239209437
1005001541324917
32782069826
1005002738442962
1005003374754474
1005002938834536
1005001525347790
1005003137018135
1005002405729761
32770379066
1005002957003944
1005002323520973
1005002629779934
1005003207328593
1005002761665205
4001190050565
1005002244586864
1005003303679665
4001053646088
1005001439220972
1005002656847297
32793479955
1005002205774046
1005002400095576
1005003092602964
1005003300320979
1005003330295982
1005003328637816
32964965616
4000626215134
1005002930212442
4000079446889
4001062768816
4000663110486
1005002285136041
1005002868829983
1005003361837504
32342145845
1005002043260150
1005001620595902
1005001844846856
4000367353877
32984314313
1005003342176195
1005003050913556
1005003077590819
1005002198005014
32826324552
1005002622910146
32771764660
32913740848
1005002012448221
1005001999187411
33061114083
1005003245682595
1005002926631547
10000395809000
1005002662294176
1005003021741723
1005003296617814
1005001731268304
1005002330788287
1005003060992904
1005002975823567
1005002057662783
1005002312981647
33012035420
1005002954310243
1005001685328444
4001194575927
1005003103851739
4000340745849
1005001364940077
1005002094657794
1005002233877391
1005001958200815
32974540213
32880906998
1005003334889657
1005002280898587
33012381286
1005002630784104
4001037423281
1005002441962883
32859467915
1005002291197792
1005003151937620
1005002553483749
1005003255543244
32480981202
1005001676782105
32992100156
1005002900352727
32965918832
32992351982
33044625755
1005002790822845
1005003240623785
4000289366248
32582611352
1005002588467298
1005002624630198
1005002232103542
1005001962507237
1005002553653607
1005002787418743
1005003327878086
32806671493
32391089095
1005002908735270
4000365928253
1005002401567717
1005002644307453
4001257552710
32784865111
1005003202174627
33011338307
32924283357
1005003149268076
1005003264787300
4001358429530
1005003377774491
1005003387455290
1005002416570656
4001067107647
1005002599534344
1005003119752794
4000650402607
1005003029671455
4000114960083
1005002979721510
1005003319502712
1005003341847466
32885304956
1005002313209063
1005003282726198
4000276217340
1005003369701441
32804408181
1005002991559119
1005002390808361
1005002139636892
4001065300950
1005001329581460
32799269364
1005001352059972
1005002885694608
1005003244567138
1005003149932552
4001272701615
32964518960
1005002549461900
32956499905
1005002698302072
1005003281150584
1005002967681552
4001223796989
1005003323902064
32945195799
1005002588224039
32952738906
4000771227913
32858306461
1005002821844923
1005002753416234
4000192262454
1005002957605870
1005003058713575
1005003156537845
1005002374654776
1005003351249117
4001133074602
1005002927284978
4000836974840
32864067207
1005002852424159
1005002066290194
1005002864100109
32921307264
1005003276416880
1005003360524074
1005003050119311
4001279118392
1005001868595727
32412012973
1005003233017764
32966685569
33022505835
33057599425
1005002966419187
32588177772
4000273562365
1005003308641787
1005002253704140
1005003117263027
4000068371250
4001290274487
1005003274155925
1005001382389203
1005002359984407
1005002382110463
1005001617278008
1005002703295548
1005003247945230
1005003312425121
1005001610188979
1005003329675263
1005002642402277
1005002134276151
1005002649003519
32919138668
1005001906777035
1005002523031946
32773916028
1005003166419722
1005002225921283
1005001308121938
1005001522065822
1005003325706274
1005003341350285
1005002686054613
32825649198
1005002835158866
4000789323055
4001048807417
4000460584887
4001139106581
1005002340678234
1005002303851279
4001066644151
33054459765
1005002855410069
4000474594519
1005002227831980
1005001793709654
1005001494293091
4001237063730
1005001592185588
1005003110572285
1005001495839142
1005003165153244
1005002123468056
1005002367996900
1005003286843522
1005002956522052
4001041764985
1005003272486163
1005003052220000
1005003015438444
1005001599992502
33053282540
1005003380899134
1005003234553018
1005002886367552
4001111846996
32793645215
4001351092085
1005002862124903
1005002466722639
33005758427
1000001780079
33057717584
32844751961
1005001798511422
1005002506820258
1005002797107587
4001065329840
1005002467022214
1005001614421993
33030656046
1005003207186409
1005003111452923
1005002124627639
4001235233877
1005003144542260
1005001631576645
1005002245605755
1005003094782223
32694757301
1005003391454269
1005003108106062
32825487714
1005003284105512
1005002546456329
1005001694028797
1005002357968145
1005001658092363
1005003156856969
1005001423013302
4000112739155
1005002966078389
1005002475198611
4000507368409
10000351707988
1005003082262343
1005001902906159
1005003077357817
1005002752200140
10000395859732
32851073956
33009271708
1005002570190809
1005002498910350
1005003330042456
4000049829027
1005001428889332
1005001315553539
32965737183
1000007323102
1005002953326114
32851790331
1005002346960231
1005003171429055
4000923638454
1005003329720443
1005003105485934
1005003180611124
4001241894850
1005001912453709
1005002702816095
1005001917288661
32962874965
1005003092643190
1005002716800553
32549160310
32949758326
1005002316964112
1005002587965609
1005002656511745
4000008226820
1005003205743450
1005003188520003
1005003124007111
1005002034017909
4000302289321
783063194
1005003249810713
4000194568148
1588150287
1005003191301915
1005001632172678
32828011698
32907196971
4000608468564
1005002208634409
1005003379563243
1005003386917336
1005002564512997
1005002917554046
1005001608257067
1005003349793380
4000066350976
32946064849
1005002375409618
1005002313592986
1005003288491623
1005002618314736
1005002337552159
1005002917803074
1005002546417543
1005003163101815
1005001928568794
1005001933339857
1005002320656913
1005002774268626
1005003066000108
1005002777167639
1005003034152709
1005003206923271
4001231074812
32838817273
1480290015
1005003178328480
4001160761497
1005002883814822
1005002559279261
1005003329394985
1005001416933365
33048502684
1005003090574716
1005001752863465
1005001490075523
1005002511302353
1005001278999315
1005003090287857
1005002327071276
32767734918
1005003329957837
4000525598830
32985086540
1005003349998400
1005003337693665
1005002762223440
32979644837
4000206579428
4000100517877
4001035099895
1005002924577173
1005003110163097
32596501233
1005002611173753
1005002330818081
1005003282800338
1005002879259682
1005002776999753
1005002973415490
1005003279055735
1005001280773525
1005003155453790
4000095290168
4000384965398
1005002456814624
1005003287254953
1005003200291871
1005001838842024
32949929825
1005003384366311
4001205995265
1005002604014962
1005003151129521
32689791322
1005002853100065
1005003031152383
1005002396514868
1005003287629100
32859558970
1005003269844285
33005136501
1005002968599941
4000466568224
1005002400437955
1005001850626513
1005002710512112
1005002120547687
1005002945306109
1005002940567626
32830635598
1005003140632318
1005003284717305
32970165621
4000001267558
1005003320884385
1005002115150581
1005002301793628
1005003061910166
1005002693253544
1005002745135157
1005001274489653
1005003295074675
1005003152236034
32962083268
1005003275236775
4001291867037
1005003139620931
32914695242
1005002858736724
1005001736852048
33030366110
1005002466529982
1005003197963485
1005002034283746
4000306593230
4000235797256
1005001385474456
4000650598160
1005002576975224
32667472139
1005002774404531
1005002542861078
4000670643751
1005002386781104
1005003129002958
1005001731070213
32958421360
1005002702831115
1005002099074908
1005003390056417
1005002615969938
1005003287354043