33050980230
32840041370
32868453648
4000271009807
4001224975982
1005003115927031
1005002656060739
33006341055
1005003327644266
1005003072501376
32968141462
1005002973659784
32869146165
1005002933937317
1005003007837004
1005001501515173
32895866178
1005001825229697
1005002870850317
1005002997203178
4000961852857
1005003076529906
1005001758686135
1005003301814658
1005003089608532
1005002753790288
1005002072342239
1005003314711133
32698425190
1005002194084355
4001143368098
1005002229737217
1005003187548649
1005003172551265
1005002629193796
1005002293020581
1005003389479105
1005002357535563
4000955703152
1005002315358524
1005003335282128
32951378894
1005001571939144
4000183888736
4000843301385
4000815128358
1005002793521753
4000145005274
4001080003768
1005003315051651
1005001813561003
1005001415766538
1005003113649708
32842345095
1005002742508060
32826635980
4000466015901
1005003227230279
1005002634590320
1005003245421297
1005002719401802
1005002635241386
1005003044026887
4000448188291
1005001920979784
1005003234493286
32962936999
1005001779726943
1005002215037633
1005001853773053
1005002907726390
1005003354605793
1005003017983631
1005001836649434
1005002461899247
1005002875914959
1005002242177004
1005002117174807
4001020230391
1005002862714045
1005002645926181
1005002527484952
1005002100387540
1005003094752588
32870261420
1005001559791243
1005002381630291
1005002260876305
1005002662688096
1005003277783249
1005003081179227
1005002112837354
1005003120978089
1005002994120688
1005003219448537
1005001899228154
1005001368044079
1005001963260017
1005002693467461
1005002996419062
1005002559148503
1005003077073015
32827551197
1005003311381451
1005003068644752
1005002460997582
1005003030713893
32869778462
1005003347140051
1005002810518939
1005002877096210
1005002495785841
1005003309614598
1005003019013252
4000155047604
1005001614098208
1005003073737510
1005002663561099
1005002630597835
4000074856710
1005001647997892
1005002027121773
1005001599770308
4000114307248
1005003064399250
32904776672
33016795219
1005002775953690
1005002347276414
1005002643056878
1005002344965619
10000002732757
1005002982336408
32807923167
1005002746674620
4001153137727
1005003391273943
32952343860
1005002966172538
1005003326406853
33031630843
1005001535289612
4000116346675
1005002050589410
1005003342447853
1005003180715556
33055245624
4001007190653
1005001780721288
4001066849749
1005002089196315
4001270422416
1005002604380279
1005003313254128
4000263236540
32809185439
1005003336700735
1005003290276864
32793962316
1005002269121819
1005001555532903
32959693757
1005001531684889
4000575841924
1005003360281440
4001104502808
1005002740235018
1005003091078449
1005003290589033
1005001452752090
1005002940622389
1005003345580624
1005002070039800
1005001584735581
1005003022184453
1005003077768864
1005002103156332
1005002023503784
1005003187482102
1005002939447124
1005003052279521
32813272173
4000994466978
1005002964491479
4000143575858
1005003211844083
32960772558
1005003321059721
1005002037437359
1005003277725071
1005002518829216
1005002864648835
1005002914388414
1005003308248500
4001244708535
1005002341218998
1005003316498122
1005001571907703
1005002950581940
32837901147
1005002305358411
1005001905244240
1005002712979519
1005002043097123
1005002770047839
1005003001044318
1005003259014395
33050912509
1005002617214538
32998743683
1005001626753237
1005003338186109
1005002577327078
1005003175692598
1005002955187708
1005002990099537
32819592164
1005001464990417
32946093721
4000822254132
1005002317776112
32894369792
1005003331042587
1005002100458212
1005001397126832
1005003290323039
32697429172
1005003355020623
1005003127996814
1005002080531241
1005002204903789
1005001448715537
1005002650255321
1005002844355724
1005002090070062
1005003344017836
1005002570445796
1005001793514051
1005002988099146
1005002612711376
1005002532797111
1005002420496120
1005002312735713
32822509699
32906738320
1005003203195757
4000040125810
1005001325471706
1005002727092529
4000581400719
1005002715664511
32783433569
32722298436
1005001525427891
4000766962056
1005003304433638
1005003252870441
1005002073294766
1005001429305885
1005001973253857
1005002523575570
1005002804104415
1005002474631525
4001203364080
1005002646902876
32852661838
1005002062014662
1005002315320847
1005001835418736
32954076389
1005003145726693
1005003276728564
1005002599431400
1005003384354190
33011476085
1005002377067500
32925159966
1005002900236582
32822976982
1005001389063775
1005002598880372
32814887033
1005001359648282
4000625995895
1005001920508752
1005001382438183
1005001487718112
1005003013899266
1005003239446450
32895596162
1005003267381497
4000183186324
1005002251794984
32792659057
1005002754279591
33000502731
1005002205171677
1005002756298969
1005003064708409
1005002254850934
1005003069839127
1005002431498316
1005003136857011
1005003351093199
1005003321208520
1005003363237432
1005001464872551
1005003371446796
1005003371431954
1005003151298643
32695457626
1005003383451031
32977058777
1005001906931429
1005001540817227
1005001965052345
1005003332639442
32719573658
1005001585349154
32857057874
4000767599681
1005001536566622
1005002685071328
32918317467
1005002784113787
1005002937741191
1005003298695921
4000976645313
1005002854549346
1005003196577503
4001020426588
1005003243756350
4001128187428
1005003312467329
4000051090867
1005003014883734
1005003000484474
4000829703833
32988570818
1005002247809570
1005002787597080
32879715618
32954487298
1005001864788860
4000521058309
4000648632481
1005002405593237
1005003038348611
1005003274254413
1005003082104635
1005002482274027
1005003276408884
33031962352
1005003160942957
32974505943
1005003171444157
1005001894907188
1005002129752391
1005003387415816
4000997018346
1005003156567752
1005003357279188
32283869812
32919077712
4001262507844
32937439911
4001173650769
4000369599165
4000307738991
1005002022554988
10000402350514
1005003384311812
1005003297817313
1005002423609624
1005002625244193
32980955714
4001229952303
1005003129535077
1005002313216140
1005001431243244
1005002198645737
1005003249155770
32965473966
32922178419
32921930019
32861359655
1005002064650406
32908052711
1005003208472445
1005001844127839
1005002811239872
1005002925616417
4000386232991
1005002280708653
32759784449
1005003179407495
1005002836439147
1005003036821986
1005003352623592
1005002547937987
1005002296344782
4000122264372
1005001733161287
1005003322387213
4001173042982
4001271839174
4000009833333
1005002342668805
1005003215916570
1005003305017439
1005002830584775
1005003263113661
1005003198766548
4000982672773
1005003213821797
1005003351588372
1005003139175050
32249753558
1005001968871609
33036625860
1005003250744284
4000468921040
1005001474085979
32914705677
1005002976074081
1005001657095802
1005002692326152
1005002912981143
1005002722910216
1005003092364434
1005003090479376
1005001851352941
1005002857999301
10000332240931
1005001733996651
32922135874
1005002655058526
4001271550045
1005003044152543
1005003241438867
4000543357391
4000089686953
1005002784732261
1005003146287889
32658155522
1005001977643636
1005002393010338
1005003360414586
1005002905668727
10000057081672
1005002136372619
1005003130311040
32908330984
32982289832
1005002631128074
1005003092398682
1005002459746411
32904101843
1005003020986226
33001318552
1005003350133741
1005001440798978
1005002885211209
1005002596549858
1005001393014811
1005002474010113
1005003089777974
1005002737441389
1005001910529562
1005002989486935
1005003292050775
32589251243
1005003083619504
32816211728
1005003263654931
1005001431608878
1005001763904388
1005003226365810
1005001640402908
1005002674310348
1005001405993527
1005003329497756
1005003265459833
1005003089387098
1005002776658680
1005003188290972
1005002932798865
4001053891196
1005001555458814
1005003224620190
1005002667326988
1005001731764852
1005001286885992
1005002328163219
1005003365903534
1005002878909809
1005002190668062
1005003216885687
1005003202370877
1005003028233319
1005002991486522
32847109532
1005003345621998
1005002335223084
1005003162647787
32847686157
1005002383221538
1005002701378531
32698881781
33036932527
1005003251057609
1005002996271498
1005002756047124
1005002975137273
4001163233477
1005003040363200
1005003293322354
1005002658355284
1005002618565304
1005002982298856
1005001857191568
4001018661290
1005001425330401
32420088256
1005003363040237
1005001604447363
1005002857880326
10000111630874
1005002867331334
4001275127007
1005001695576185
4001054334651
1005003256211831
1005003335810554
32889240370
1005003171279219
32850693300
1005002023467451
1005003081844564
1005002304319203
1005001449693192
32484708391
1005001978248503
1005002177986340
4001228054325
32963952930
1005001855513769
1005001572932448
1005003112715462
1005002556060630
1005003300396696
1005002966928271
4000385872720
1005003118235345
1005003081412203
1005002400048325
1005002287224735
1005002432602847
1005002995877375
1005003328029546
1005003030652253
1005003330270300
4001126881063
1005002151356299
4000183619985
33007029963
1005001655222621
1005002904226653
4001139383462
1005003173489377
1005003275463984
1005003040819880
1005003009407564
4000803179842
32804620495
1005003192069994
1005003328578041
4000284576355
1005002065672748
4001090118931
1005002299787325
4001091943425
1005002468165621
32907595894
1005003206896670
1005001408536946
1005002613284412
32862561290
1005003183140330
32976930853
1005002388595211
1005002872906103
1005003296374852
1005003109661413
1005002854959146
32996048666
1005003147327925
1005003107065711
1005001367710169
32762665234
1005002721961096
1005003033216631
1005002646055799
1005002958816549
1005002339085051
1005001825114255
1005002282603062
718293593
32696551681
1005003177068534
4001228201516
1005002972857776
1005003367454899
1005003232811738
1005003086921839
33050748843
1005003078524729
1005001901810906
1005003294293037
32945732686
32850917500
1005002986089026
4000192961413
32972761384
1005001332575231
1005003287519780
1005002857136685
1005001414162310
1005003059893848
1005002949754851
1005003092306406
1005002883761610
1005002964983518
1005002847985213
1005003038353569
1005002952276452
1005002862825040
1005001731249941
32388960043
1005002545608950
1005001591996386
32868676934
32944672831
4000361572849
1005003217792770
32815819914
1005002459707081
1005003167117667
4000680326309
1005003128587294
1005002645968831
1005002842892895
32975963485
1005002827872060
1005002810102183
32270501129
1005002979317115
1005001364632438
1005001469078310
1005002431228786
1005002484844662
1005002676883657
4000611229474
1005003325669939
1005002035766951
1005001616287307
1005003245146977
1005002446878888
1005002420008631
1005003062022981
4000691907451
1005002738705251
1005001721976022
33040133017
1005003268707907
4000900009237
1005002693473793
33017591860
4000020734975
1005002905333521
32820356351
32889132242
1005003280835370
32850164214
33007194447
32809700227
1005002841745329
1005003324264884
1005001907752376
4000638267643
1005002824487961
1005003120319628
1005002227944814
1005002862125743
1005001789009393
1005003105962318
4000817415777
1005002745753135
1005002663114956
1005002337661447
1005003037594098
1005002935019713
32957619655
32778903743
1005003209262372
1005002859315832
1005003069016766
32815791468
1005002225271190
33000705313
32856467513
1005001817685118
32730568533
1005002991110135
1005001392491532
32916647032
4000469248768
1005002822195981
4000196600690
4001254328870
1005001546938309
1005002340528264
1005003154534050
1005003086301839
1005002730764242
4000346217337
4000945182729
33015146096
1005003095481122
32273973846
1005003309616131
1005001990920334
4001045993958
1005003386284756
1005002483082772
1005001360156980
1005002075275155
1005002495200123
4000447986109
1005002995970201
32919141457
1005002895721973
1005001457875387
1005001350869683
1005001430589067
1005003283034841
4000242200419
1005003082409233
1005003243984477
1005001888747569
1005002331989638
1005003275752443
1005002776296144
1005002823092276
1005002401526901
1005002136478800
1005002278015960
1005003171992395
1005002387223944
32855778399
1005002974175065
1005002965167120
1005002631771611
4001175493245
1005001694463598
32815475164
1005001393178343
1005002133924407
1005003356868186
4001150895367
1005001812016512
1005001744383231
1005003193218362
32915575933
1005003172552806
1005003195940286
1005003035761566
1005001883982228
1005002260160093
32932268124
1005003227940726
1005003250027046
1005003229355776
1005003386959872
33009562803
1005003313654317
1005003310506848
4001250035061
10000069468414
1005003109827749
32822244392
1005002877688226
2024355738
1005001568760789
32957535860
1005002912559801
1005003194764707
4001155323522
1005002308839564
1005003252080127
1005002336180310
32959471956
1005003098751432
4000424365375
1005003291991456
1005001849658245
1005002404155641
1005002737172613
1005002957334623
1005003069559937
1005002201720879
1005002968105976
1005003390019562
1005003370145268
1005003266089635
1005002311468288
1005003158741978
1005002129916525
1005003391227006
1005002490694890
1005001843462134
1005003330962953
1005001863569548
1005003258257922
32990403465
1005001804098428
1005001968935497
4000848218777
1005001321394805
1005002483089629
4000166083495
1005002705219936
33001689011
33016403350
32344484417
32972003873
1005003269559303
1005001473816402
4001050426392
1005002724503165
1005002985425414
33042515909
1005003070012178
32887437626
32956425768
1005002497121036
1005001757762317
1005001299310663
1005002547634793
32971783904
1005002943428997
1005003337494432
1005003362166172
1005003179360450
1005002978752151
1005001671464505
32759647702
1005001364637060
4000403240027
4001227230217
1005002352776922
1005003122453956
1005003122797516
1005003341544877
1005002384790856
1005003197916363
32931625091
4000795295990
1005003372782504
1005002001462598
1005001393666361
1005002670354654
4000168015712
32934986017
33000906863
32972264297
32957070949
33005649480
1005003340822714
32908345695
1005001868373852
1005002828258134
1005002086036547
1005002773945501
4000268410791
1000001414563
4001208999691
1005001749735629
1005002566651342
1005001576531615
1005002275386575
1005003128381458
4001121561854
1005003191911188
1005003372055188
1005002412171376
4001001220896
1005001971012493
1005003086606894
32991997594
1005002657523120
1005003148634341
4000158209738
4001204485874
1005002919333324
1005001304063112
4000130620647
1005001675433562
1005002947961932
1005003150665466
1005002825943367
32773315311
1005002292745992
32923793445
1005001818767543
1005001510474969
1005003019226938
1005002823825866
1005002866261289
1005001879319434
4000556883003
32818023020
1005002855082402
1005002651125872
1909062415
1005003160695293
1005003179468930
1005003269574551
1005003213180316
1005001391303348
32984204327
32968584637
1005002722423659
1005002280635955
1005003020597826
4000038328772
1005002289446777
1005002500316031
1005003245548727
1005002064342352
1005003348372020
1005002417643643
1005003152590873
32315481818
4001155805113
1005003276992578
1005002984288531
33021278737
4000631069791
4000512571143
1005003126209159
32330061919
32817908476
1005001562755176
1005002857960715
1005002356334105
1005003307298248
1005003310633310
1005001284819375
1005002446470168
1005002488677645
32956962692
32863995232
1005001883069746
1005002995510038
32995669732
1005003029547510
4000771410571
4000192337113
4000945998261
32889034700
1005002272767148
1005002674193304
1005001619762293
1005002247856299
1005002298410007
32704112725
32994126217
1005002310761679
32906790737
32696401976
4000026851137
1005002752747269
1005002783431467
10000351650423
1005003296663044
1005002307678174
1005003165879416
1005002115577855
4000899088081
1005002755107836
32867655574
1005002636887374
1005002449406205
1005002885755995
33039409121
10000216784089
4000781282649
1005001856733129
1005001489363218
32801030198
1005002347834618
1005003088473049
1005003035784763
1005002902158984
1005002856491670
1005002432573786
33045877483
1005003065941958
1005002015464606
1005003253870595
1005003162394138
1005003360373466
1005002908878177
1005001591440265
32393951910
1005003380019302
1005003266362236
1005002066319765
32971211532
1005002659240379
1005003244880922
1005003219908067
32854614143
1005002368725444
1005002799503527
1005002755897742
1005003133985567
4000597801085
1005002559670898
1005002470466927
1005003014518685
4001250972399
1005003230584912
1005003128085078
33037378516
1005001858469852
1005002523527773
1005002370573222
1005003311225179
1005002755797614
1005003025458337
1005003211656519
1005003385386772
1005003332519879
32890524373
32838456787
32990501619
4001224477563
32892493157
1005001844851765
4001148796434
32885508223
1005001339990172
1005002559248599
1005002959576868
1005002485943823
1005001883909893
1005003180961190
1005003001569745
1005003277366382
1005003160706077
32830524323
32990936531
32954121424
1005001692446462
1005002990377667
1005002732763078
1005003257474593
1005002698423198
1005002706983667
1005001996937157
1005003349824420
1005001599173699
1005002245104736
1005001694109078
1005003290420729
1005002998787260
1005003312296131
4000076889458
1005003047375235
1005002253652036
1005001556387524
1005003181865714
32885813637
1005002482870861
1005003345521534
32910134516
32911987044
1005002642612448
4001045950964
4000751324481
1005003314514487
32907572421
1005001802871366
4000111269031
1005002798946624
1005002998142287
1005003096233145
1005002484743056
4000982929723
10000081614417
1005002281509984
32859191907
1005003352281490
1005001369025431
33006350976
1005003241562505
32964129311
1005001568141220
33000593860
33014559596
1005003331234357
32877056898
4001178393275
1005002803844895
33062094907
1005003367161977
4000532494138
1005003218840895
1005003241729783
1005001869582654
1005003127600979
4000543373190
1005003044075672
1005001830562474
1005002576794389
1005003239983713
1005001825114255
1005003271796334
1005001822280350
1005002199936518
33027382876
1005002672469360
4000220487980
32974262794
1005002211376143
32875665550
1005002917976241
1005002017354345
1005001845443593
1005003148340507
1005003277897927
1005002866174744
1005002175765832
1005002329810797
1005001809257653
32916640289
32830585580
1005003105315347
1005003204176582
4001125301000
1005002824312043
1005002508920629
1005003088415155
1005001761881449
1005003280053194
1005002322715837
32882592937
1005001275671432
32903833130
1005003190530373
32879075439
1005003135666653
1005002795183124
32779334299
1005002652771447
1005002320299742
1005001437549402
4001021690763
33060602876
1005002001711091
1005001447260479
1005003136354310
1005001329721537
4000879368369
1005001594538942
1005003226625547
1005003310041019
32961879012
4000728005921
1005002124449302
1005003214345872
4001320792758
1005002289107134
4001205510884
1005002389620397
32965303522
1005003094790902
4001238149378
32968076610
1005002134192368
1005003151736576
1005003322080964
1005002869375789
1005002164289970
32886096266
1005001402757533
1005002425759477
4000945185821
1005003361934217
4000912889685
1005002896748314
4000861103781
1005002750047086
32890679929
1005002836584382
1005003030517215
4000133705115
4001035211016
32908234994
1005003057560970
1005002394462281
32655824471
1005002506456069
1005003224153261
32987713152
32807601288
1005002418828638
1005003197202735
1005003337670828
4000089865622
1005002592678148
1005002541035400
1005002908129401
1005003019834225
32696022734
1005003335615731
1005003339924796
1005001305197358
1005001967835507
1005003057998932
1005001900075322
1005002110703262
1005002347123549
1005003064881759
1005002156138405
1005001941019150
1005003271492554
1005003235718143
32830991501
1005003334109750
1005003222351773
33046955724
4001058407799
1005003032659495
4001083387619
1005001746670111
32963184713
1005002755818640
1005002295063945
1005003142641624
4000377599919
1005003277410318
4000077432977
4000715170012
1005002254805975
1005003101828908
4001237718132
1005001779422344
1005002132458956
4000261958764
4001218218267
1005003116853777
1005002877024190
1005002748684700
1005003148581305
1005003281975843
1005003305746558
1005001581501132
32867439819
32805291482
33045134353
1000001715009
1005002042691135
4000187570673
4000437498645
1005002588524755
33008096164
1005003292740601
1005003280716138
1005003348165247
32856079322
32973060245
1005003037753753
1005002990322605
1005001700873230
1005001315898841
1005003218359007
1005002440899258
4000675986289
1005002433607468
1005001344838500
1005003274020636
1005003299201707
1005003342110575
32853568319
1005002803578977
1005001270249534
1005003165896466
1005003124359372
1005002834845657
1005002515899027
1005002879803420
4000311367811
4001214738964
1005003156479721
32823122728
1005002097355896
1005002243983224
1005002723692537
4000510026148
1005002363527195
1005002591328159
1005003387776702
32804660975
1005003287611901
4000306553638
1005002656871994
33019882265
1005002920001294
1005002434857413
1005001605463685
1005003357914966
1005003219577638
1005001797313599
1005002263613819
1005001572702569
1005002814142447
1005001810684293
4001142205591
32858143092
1005001393142600
1005003166275970
4000781760789
4001274388798
1005003288628266
4000846373059
1005003251707990
4000262234680
1005003293396881
1005003383221712
1005002497486635
1005003096988252
32649286351
1005003069702940
4000201785003
32432690644
1005002110062214
4000286365522
1005002986190888
4000480195825
1005002319780892
1005003226956600
4001343929352
1005002333309907
1005003387734977
32860974378
4001108001839
4001025034720
1005002649201342
4001057974674
1005003131621798
1005002959197200
4001240905839
1005003162183064
32913814777
1005002667757713
1005002048993614
1005002899334808
1005003093243975
4001040670205
1005002926800138
1005002340193766
1005002883745901
1005002319302599
4000935189853
1005002940675524
32864493460
1005003280482372
1005003115177288
1005002857991840
1005003194744880
4000111858592
1005003190832316
1005002275886548
1005001971672422
1005002991844746
1005003130425363
1005003284289527
1005002546220366
4000202342607
1005001275525537
1005002362460365
10000184913643
1005002113670149
1005001625200711
1005001814729339
4001042389796
1005002438915633
4001105531056
1005002271716735
32860766195
32974797089
1005002301417305
1000001687245
1005002176568640
1005003163782859
1005003120877941
1005001503877660
4000898586676
1005002798553223
4001278924412
4000663554571
1005002372442007
4000613723377
4000879656902
1005003285791827
32880756444
1005003292189894
1005002666685126
33044557036
1005003003376910
32976835571
1005002878783499
1005003117956909
4001036618624
1005003162821562
1005002543204281
1005003088639334
1005002757272332
1005001329675993
1005002951085377
1005003063869026
1005003379940871
1005003367823223
1005001807996973
1005002878713049
1005003038700222
1005002901593316
1005002589451708
32860488319
1005002376075064
1005001694299229
1005003041681324
1005002210714032
4001284278960
32910863528
1005001657096949
1005002749324279
1005003191482739
1005002159386708
4000615983457
4001216304021
1005001961299647
1005003271172067
1005003069256675
1005003336989446
1005002686685210
1005002032348959
1005003164005900
33043782784
1005002913860442
1005002998018232
1005002935623234
1005002884904529
1005003334154947
1005002922392345
1005002989107043
1005003245676167
1005001890323190
1005002509156979
32914276459
1005003177027815
1005002584100460
4000206576576
4001170636395
1005002390323960
1005003337265946
32846792582
1005002695849982
4000357573531
32863572963
1005003102384422
1005003278317997
4000996780887
1005003066005234
1005002317485408
1005001397377690
1005001427399305
1005001513285219
32480056928
1005003134598360
1005001552054220
1005002960483856
1005001313960265
1005002925076007
1005002053994021
4000350449425
32978382507
1005001457636191
1005003081869501
1005002924588212
4000954809282
1005002288627586
4000060319157
1005003197232491
4000388841720
1005002179671191
32825029484
1005002345070023
1005001586072313
1005002056494696
32980073656
1005003375922591
1005002353409828
1005001381782348
1005002649280087
33005152995
1005002635524941
1005001590182795
4000945003676
32240044805
1005001794784590
1005003273844617
4000518835648
1005002746278138
1005003298018398
32990695965
1005002423640891
1005002762886263
1005001898883162
4000902563118
32876857083
32795198224
33051316636
1005003188419218
4000816096792
33040704307
1005003375954864
1005003149312134
1005003044265121
32948952886
32842712653
4000994312668
32909610512
1005002638924699
1005003363288505
1005002546985784
1005001593115079
1005002659916074
1005003193374893
1005001310806372
32945665941
1005002756105170
4000713742868
1005001380449903
1005003131657421
1005002232818289
1005003154885699
1005002904164154
1005002986523450
1005003042153150
4000409048115
4000602399238
4000074437114
1005003146360524
1005002715494635
32859237659
1005002996107982
32831144851
1005003368203319
1005002940147241
1005003113013558
1005003370822634
1005001431460699
4001338375549
1005003292795948
1005002803027751
1005003160555015
1005003175924769
32795213315
1005001429676018
32296505519
1005002623839015
1005003171256376
1005003243593206
32522579062
1005001838770009
1005003008084010
1005003355319014
1005002007855586
1005003026790781
1005002571504348
1005003072494589
32817960514
32654948654
1005002573269670
1005002395671748
1005003033116304
1005002347208041
32905085548
32893269880
1005003390184625
1005002780537589
32960675146
1005003322022951
1005003318854412
1005002922622943
33011659639
1005003315394992
1005002219667750
1005002488973551
4000236016313
32960552352
4000662438847
1005003143266046
1005003285961373
1005002003164378
1005002344218016
4000701670359
1005001818073221
4001340605840
1005001475031328
1005003200753846
1005001307989261
1005002821359761
33010988307
1005003019275246
1005002866620939
1005002547804426
1005002996949096
4001323046515
1005002957474144
4001158996327
1005002417015241
1005001348045458
1005003380415250
1005002930493231
1005002830735653
1005002418831457
1005003068576965
1005002294759287
1005002079946140
1005003046785465
1005002834029775
32664116385
1005003124649247
4001035063748
32784021252
32982675063
1005003035127551
32917079604
4000985967838
1005002218270286
1005002695248754
1005001646102946
1005001997318738
1005002255098243
1005003311426813
4001244398181
1005001266860035
1005001966658668
1005003111016956
1005002802635691
4000780468318
1005002822368730
1005002990769029
4000045466109
32684068654
1005002258839039
32811391805
1005002883943500
1005001452541330
1005003292223563
10000395852239
1005002642671370
1005001733800000
1005003278084110
32893201755
1005002927526929
1005003063657465
1005003115804820
4000058645067
1005002745612202
32804200573
1005002077371729
1005002946468699
1005003272359170
4001351449183
1005003081054388
1005002289828572
1005002826782383
4001245145803
1005003145657794
1005002855295327
1005002990515766
1005003309762490
1005003222188864
1005002863880996
1005003128968325
1005003220642376
1005003375239627
1005001564932426
1005002317359098
1005002310989605
1005001731370556
1005002438689555
1005003380219411
32917839767
1005002539678498
4000040486881
1005001869369349
1005003154657559
1005003241945260
1005002344710462
1005002456940563
1005002348666016
1005003077275214
1005002833544332
1005003324338317
1005002854872282
1005002761873657
1005003165375958
1005003361937759
33010054785
1005003227096287
1005003328315068
1005002003653995
1005003255998867
1005003336647383
32815282410
1005003321074821
1005003083955251
33001942319
1005002754847716
1005001297238897
1005002467555631
1005002384015285
32810481388
32804765571
1005002518942912
4000262693701
1005003118087755
1005003208348752
4000756736605
32976250058
1005002645742708
1005002488913952
32611061137
4001086090393
1005002596265926
1005002424020135
1005001525479265
4000466387254
1005001438909078
1005002054686866
32617072863
33002997009
4000143927817
1005003185549067
32966250981
1000007001548
1005003371501656
32840206862
1005003305765429
32849446774
1005001321693727
1005003311423470
1005003018268436
33053999620
1005003223447678
1005002316267589
1005002658135962
32641206165
32235943056
1005003076214098
1005003337062543
1005002495925607
1005003249527690
4000772785238
1005001592266435
1005002139728890
1005003292390819
1005003077844271
1005001572120310
10000035026872
1005001982152990
4000762210711
32957904422
1005002622782991
32686830865
1005001742115860
1005002278056437
1005002539199581
32879945864
1005003253230883
1005002995659130
33047948033
1005002268140205
4000445312343
1005002986114379
1005003379204577
33045221102
1005002495289217
33020787438
1005002258587013
32946433527
1005002640648547
1005002238721474
1005002094546568
1005002949064040
1005001438771934
1005003043662407
1005001671116875
1005002254509262
1005001705032235
4001153311354
1005002026959900
1005003273200515
1005003129751994
1005002883071991
1005002327463618
33044066695
33020561942
32947654194
1005002613005281
1005002952680228
1005003304326873
32922550535
32856202594
1005002978920454
1005002857091046
4001213732645
1005003385023140
1005002097858021
1005003064415071
4001190680135
32877944852
1005003303020399
32984910457
1005002451211233
1005003374600025
1005003083776940
4000804473967
33048102293
1005001928918831
1005003167805947
1005003008156884
4000053550677
33008001798
33052717215
1005001587199976
1005003384946443
1005002979844871
1005002861735876
4000744827245
1005003133917628
1005002003016213
1005002974042792
1005003119744443
1005002971103898
1005003380148865
4000199831681
1005003337914365
1005002401947839
4000630004605
1005003030938522
1648169083
1005003146760569
32740086728
1005003210948831
1005002611605704
1005002814994810
1005003270353048
4001245078725
1052401892
1005003236576741
1005001500072422
1005002513667642
1005002399159037
4001143113587
33018821824
32787012477
1005003360162277
1005001284426214
1005001450553840
1005003162870335
1005003168626259
1005002315634038
1005002545314182
4000630630721
1005003271896460
1005003021510440
1005003241200699
1005003031544444
33019165359
1005003255855115
33046022460
1005001670598133
1005002559971363
1005001708717015
1005002260516476
32995712969
1005001928041678
1005003386237618
1005003111946978
32915956036
32992209108
1005003304046005
1005003371475729
1005003351696798
4000095495128
1005003016061557
1005003247257760
4001341646640
1005002914388249
1005002497457315
4000883280594
1005001530379179
1005001680329923
1005003332726275
1005003272151394
1005001620555688
32676387274
4001044675126
1005002998770136
1005002828137496
1005002552574928
1005002790672416
1005001848103926
33040736862
1005002959635744
1005002711767321
1005003114631435
1005003135060828
1005003366007590
4000218992538
32924091306
4001187290460
1005002733713930
32855199016
4000843978703
4000933856007
1005003333719503
33046259327
1005003218318087
1005002588011615
1005003345973756
1005002052541423
4001146858700
1005002821527911
1005002568339046
1005002813240486
1005002022884707
1005001644013839
1005002363860307
1005003130532774
1005001833412566
1626264848
823795313
4000154859672
4000863076321
4001320420521
32912384829
4000857961309
4001021251518
4000311288471
4000527963531
32779912561
1005003015948343
1005003347069281
4000829839060
1005001608355192
4000990247662
1005003147948873
1005001344876226
1005003258928011
1005003308326037
32243386495
4001190681914
1005001287924985
33040498086
1005002686663171
1005003186306136
1005002747469129
1005002570487686
4000052458875
4001061857440
33019347320
1005002673997097
1005003213016189
1005003083883228
1005003060064065
1005003076128423
1005002695020017
4000047263486
4000147979293
1005002107657267
32540454296