1005002912661476
1005002948731643
1005002516813994
1005002675163002
1005003173203360
1005002338738406
1005001332193976
32966452399
4000808290277
4001031658525
4001125179841
1005003022750078
1005003375162149
1005003309522968
1005002835756179
1005002647298287
32836951368
4001117937511
1005003364879852
1005002015622446
32834818272
32933913329
1005003083866274
1005002662465538
1005002388266815
1005001365079992
1005002499864259
1005003341204657
1005002402013031
4000116739023
1000001671680
1005002109862345
1005003305344596
10000270234962
1005002694425705
33028556214
1005003280455172
32710836998
32950736913
4001217400288
1005003345758775
1005002977003905
1005002944380159
1005001476803775
1005003297655232
1005001594719220
1005001923670391
1005002111069797
4001294458981
4000146970031
1005001803325440
1005001705940328
1005002268478090
4001061196394
1005003212433734
1005003166016613
1005002836725243
1005003128121019
1005002536366663
1005001417301551
32823638806
4001099946747
1005002594125598
1005002613410160
32912305095
1005002754026562
1005002643886976
4000403118948
4000110954865
32829500285
4000805200659
1005003391233413
33024830898
1005002833553830
1005002925684222
1005001860740175
1005001635629293
1005001821907496
631481671
4001093673198
1005003148546167
1005001367836756
32929238476
1005002392592827
1005002340813384
32968727145
1005003204287409
4001029372037
1005003321138267
1005002965737638
4000686907559
32760547032
1005002612085287
1005002571284145
1005002562529882
1005003347678245
1005003090438867
1005003150217019
1005002652033303
1005001408578115
1005001896133820
4000755504854
1005002256136999
1005002854514639
10000343872947
1005003322182945
32845278798
1005002861988154
4000311814124
1005002810640395
1005002954123299
1005002655369247
4000310493036
1005002248064311
32922639758
32969548495
1005003327334935
1005002318596966
1005001290244449
1005003056011806
1005003258568439
4001244660116
1005002810623651
1005002439804745
1005003071343954
4000019352181
4000154937423
1005002310906996
1005001329333517
1005002042429028
32826494351
1005002769028560
32792126311
1005003263742521
1005001593495345
4000989606097
1005002297993044
1005003047020738
1005002740530093
1005001799301937
1005001769696620
4001111295267
1005001439899943
1005001697650444
1005002964496022
1005002362929458
1005003277725071
1005002679101027
32900349893
1005003386184837
1005002309540940
1005003170669495
1005001921762458
1005003130202431
32919085087
1005003078444338
1005003106425260
1005002404709133
1005003384992729
1005002377421194
1005002158689058
1005002970654720
32447473593
4000159947904
1005003015634756
32987554889
1005003337658098
1005002918338590
1005002132809085
4001183561308
1005002931725934
1005003238617298
1005003367022628
1005002751316068
1005003270999211
4001168237080
1005003337520862
1005003185560883
32814251945
32884434698
1005003034150257
1005002484280033
1005002854872401
1005002093451029
1005001579722582
1005002625426891
1005001739338154
1005003382027750
33025446417
1005003293392857
1005003321490956
4001083337962
1005003076529906
32275203580
1005002865195708
4000133449783
1005002820229858
4001077596401
4001223368685
1005002721422461
1005003042410689
1005001587756592
32847980135
2027321468
1005003105508737
32669627428
4000893138039
32788005747
4000687097769
1005002878399652
1005001824201673
4000806200056
4001315995231
32710641941
1005003202759905
1005003260187641
1005002120043534
32610394678
1005002758868834
1005001614732535
33008053899
32808551298
4001142585438
1005003323917340
1005003148727959
1005002935453152
1005002762515622
1005002684688483
1005003286139171
1005001864001514
32710956691
32968540937
1005003258415029
1005002312311563
1005001648663469
1005002284187931
1005002023045833
1005002308512826
1005002985741513
1005003115446088
1005001287811315
1005002363484566
1005003021564819
1005002598686731
1005002593746409
4001250707700
1005002316839882
32844356866
1005002856800845
4001270570699
1005003072390750
1005003048891711
1005003379832832
1005002960017032
1005002914143408
1005002045846834
1005003029162380
1005002132984751
1005002097511671
1005003084571568
1005002211600193
1005003227393869
1005002095998843
1005002716372822
1005003126148486
33027921128
4001222932381
4001257046476
1005003290216822
1005001658193833
1005002820173057
1005002884144815
1005001859806722
32851187569
1005002682799756
32992323749
1005002440782325
1005001946583630
4001178922969
1005003297064649
1005002298299096
1005001305516559
1005002694963351
1005003172027720
1005001414572141
1005002441137361
1005003340463023
1005003169020841
1005002107984036
1005002598518564
1005002475898579
1005003331119515
1005002700528348
33003399298
32950100451
1005003161531887
1005001666391920
1005002468806090
1005001297480512
4000511286764
1005003345758848
1005002333243459
1005001671122103
1005002976609074
1005002700980222
32968282150
1005002564968789
1005002990682058
33014763594
1005003101440609
1005003128912407
32822427069
4000670859904
1005002377710402
1005003199558143
32809763495
4000265639452
4000233655002
1005003290242814
1005003006348317
1005003314038143
32873493059
1005003106036899
4001147417286
1005003342769090
1005003268983675
1005002701575344
32645945079
1005003079361360
1005003349376793
1005001638823343
1005002055736766
33028616706
4000018150391
4000640481869
32967621135
4000662511166
1005003186270051
1005001851472041
4001090682132
1005001355639849
1005001494543292
1005002702747414
4000145207804
1005001780545608
1005002618017821
32353842416
1005002159527041
4000779151882
1005001759860036
1005003048050771
1005002027674445
1005001840654747
1005003343961692
1005002764880934
4001364913459
1005003181936494
1005003296108573
1005003228085228
1005002694892115
1005002053254753
1005001896119447
4000747604741
1005003156114939
1005002648545795
4001346558743
1005003323122796
1005002327951800
1005002276078822
32910106231
1005003212671179
4000731227851
1005003041310647
1005001367697360
32980726142
4001153184966
1005003078775000
1005002827650320
1005002669642962
1005001867352476
32885047835
1005002984184156
1005003092332252
1005001288244102
4000925512035
32512603742
1005003123700656
1005002335245278
33008702767
1005002265178273
1005002363199830
1005003232258038
1005003336095877
1005002350101616
1005002225689031
1005001905578044
4001252307080
4000615208923
4000081223506
1005001397390064
1005002605695830
1005002991094964
4000782769909
1005001507024987
1005002624855556
1005003290402156
32862509648
32953904405
1005002186199525
33011801039
1005002751141498
1005001705855380
1005001993507702
33029599926
4000627287999
32987614878
1005002830786982
1005002265958951
32886948478
1005003238437991
1005003277138721
4000299922491
1005002840617243
1005003074493504
1005003307447217
1005003066783240
1005003066149511
1005003118098593
1005003080944165
1005002662380383
1005003391317706
33003707426
1005003156023193
1005002519009166
1005002358404530
1005001826200759
1005002895876808
1005002762567203
4000437867969
1005002944254708
1005003329808789
1005003242718583
10000343863959
33054476038
1005002703143626
4000641009175
1005002617988226
1005002952188544
4001285713091
1005002689980335
32874544211
1005002666602582
4000547793072
33049903864
32833742736
32970973943
1005003208588330
32951989088
1005002260827283
32963485076
1005003286349842
4001183763967
1005001632972262
1005003302930512
33023448370
1005002761002994
1005002672478480
1005003363360655
32977813682
1005003203823722
1005002615882218
4001355590577
4000129290539
1005003120628366
1005002866711294
1005001804098428
1005002863199824
1005001515660070
32863627887
1005003245705509
1005003331232519
1005003188066373
1005002948529355
1005002817953962
1005003384915443
4000926979847
1005003336182023
1005003135974720
1005003256913302
1005001771589155
4000522337958
32442602014
1005002281604368
1005002656861424
1005002567707359
4001222525116
1005003154862573
1005002616136957
1005003178840360
4000057744677
1005003270036026
1005003321089337
1005002813232250
1005002603342776
1005001914326808
1005001749041532
4000992172346
1005003135555826
1005003125650712
1005001872183858
4001259987104
1005002753722326
1005002834123190
1005003039184304
1005002734969758
1005003319159149
1005002631307789
1005002841904447
33041629899
1005003311248335
33037418292
1005003215971629
1005001688278229
1005002333822726
1005002080570202
1005001737388947
4000283824760
1005002716824369
1005002509640680
1005003364979887
1005001533937076
1005001441814215
4000960673548
1005002727152964
10000062069188
32731223104
1005003104072706
32818299426
1005003333045316
1005003194533321
32994061905
1005002015256349
1005003235616379
4000313401601
1005002567703860
32720457064
32810041839
1886812300
1005002666271472
1005001879829209
1005003284555608
4000240796061
33022831927
1005001494927347
1005001743956974
4001035714657
1005002028602289
4001286862912
32836291201
1005003091427772
1005001789702356
1005002476102861
1005003251766126
1005002861832162
1005003326481638
32975200642
4001004297581
1005002132799319
4000824445928
1005003096535664
4000116161266
32821351667
1005003017422900
1005002275604643
1005003065991504
32927851770
32976807847
4001012211940
1005003062685396
1005003281054601
1005003350083358
1005003097871897
1005002213294815
1005001279794839
1005002700171214
1005003200923304
33055739715
1005003019244867
1005003098274568
1005002759918209
1005002457972450
1005002964596768
32563276466
1005002771003580
4000830515112
1005003279740521
1005003038378065
1005002853445571
1005003028197908
1005001788778436
1005002012826829
1005002552213437
1005003038376462
1005003322247087
4001295814723
32950607918
1005002784357209
1005002937413216
1005001580082316
32803983383
1005002565978169
1005002908327977
1005002255736441
1005003280757909
1005003072123659
1005003309860376
32813249173
1005002225957940
1005002953606371
32881941873
4000199794155
32879160259
1005002336851307
1005003064665093
1005002947457450
4000575348818
1005002649058348
1005002695259087
32810103397
4001340413603
1005003244362327
1005002350298563
4001265746109
1005001616687635
1005002981995931
1005003269783779
1005002949343477
4000258108922
1005002389577380
1005003236283625
1005003387504355
1005003298407723
4000136661064
1005001809756450
1005002773694783
1005001901326007
32920155385
1005002688430441
32396643381
1005002409831342
1005003001565831
4000291065362
1005002440207974
1005001698919469
1005002567177978
1005002033345496
1005002897953217
32821779784
4000382144008
32834255409
1005001495778569
1005002191756397
4000922955756
1005003280865070
1005001802282666
33041002297
32865010040
1005002984633620
4000219543975
1005003066715149
4000041096800
1005003342136295
1005001596550038
33008095247
1005002939802220
1005003385046841
1005002667470869
32952148904
1005002003682885
1005002453174657
33064495243
1005001355634225
1005001637390579
1005001901847481
1005003052099178
1005003320231085
4000157720020
1005002960955760
614992803
1005002826176003
1005001914264248
1005003328530703
4001159939348
1005002953114021
1005003144271236
1005002636585268
1005002625495800
33016583256
1005003221360779
4000570161700
1005001582822076
1005003286361412
1005002702315693
1005002469733244
1005002580223491
4001193920480
32819634461
1005003245175977
1005002606542765
4000510913368
1005002418914843
1005001917589104
32755645917
1005001964170546
1005002395307578
1005002975783843
4001018233460
32954246038
1005002719894426
4001153367898
1005003292628412
1005003253692888
4001210080975
1005002467218822
1005002894805569
1005002414432827
32985327192
1005002951004659
1005002996082508
1005002033059114
4000690569442
1005002670402083
1005002943855358
1005003302591001
1005002837583862
1005001666177412
4001066541876
1005002827596525
1005003193018685
4001285815740
1005001622430335
1005002805209638
32858102754
1005003162361849
1005001899967472
1005001672530114
1005001753329759
33029560966
1005002281014918
32846312728
1005002762959329
1005002083803858
1005003164950853
1005002607649388
1005002573509967
1005003182436825
1005002787223837
33012362237
1005002830469445
32965394391
1005002252467932
1005003226514783
4001309800691
4001313508944
1005001888573994
1005002602384627
1005002971061920
32757532755
1005001927090407
1005003285935334
1005003144520204
1005002624587100
4000217526187
1005002460819377
1005001427656034
1005002864182024
1005002549051430
1005002291539822
1005002291805672
1005003105753115
32908484327
1005001976133601
32955111385
1005003006324873
32921799048
1005001338250122
1005002652018230
1005003333731876
1005003281585124
32992217211
1005002154762531
1005002567282876
4000589326453
4001129245602
1005003074996871
33031201299
1005003020236933
1005001908378393
1005002700791010
1005002568319884
32960717970
33005097535
1005002993872320
1005002469888369
1005002793586418
1005002264436292
1005003273745538
4001194073505
1005002626466053
32393345066
1005003344491036
4000703403931
1005003143057721
1005002973562598
4001315156692
1005003117293982
1005002369612804
32701432114
1005003302790213
1005002576596668
32444632746
1005002587542937
1005003141096308
32864789493
32795046761
1005003198533544
1005002270493408
32963888015
1005003390315077
1005001446215180
4001206177506
4001105754429
1005003238467474
32813562712
1005003109013891
1005002905358652
1005003309308222
4001212340124
1005002264246659
1005001686284743
1005002852713113
1005001659537518
1005003096587940
1005002676297563
1005003096745127
4000194256855
1005001626074176
4001275004631
1005001965327804
1005002567915160
1005002779650354
1005001664170953
4001285244386
1005003175998432
1005003094228792
1005001564908608
1005001560085702
1005003125701930
1005003039123125
1005002241665486
4000832996208
1005001977831643
1005003305740540
32504015809
1005002843405316
1005002346119524
850199887
1005003006901828
1005003197690692
33054064182
1005003252336008
1005002716516451
1005001500171622
4000364196679
1005002089589272
1005002919609889
1005002696136492
32982395313
32801203460
32834832612
1005003211872413
4000240081469
1005002292433946
1005003136930411
1005002494569797
4000599126139
1005001500698890
1005002253147865
1005002578137742
32917073342
1005001466097917
1005002799473821
4000353112682
1005002016649770
33041844371
4001256225264
1005002834189059
1005002787042051
1005002667415538
33006512579
1005003069874673
1005001868971829
32894277160
1005003013583850
1005003056974445
1005002899826043
1005001797861422
1005001521321032
4000921922820
4000837543559
4001117891454
4000442170580
4001209891901
4000740229623
33024615339
1005001488919212
1005002982732926
1005003145305925
32806623019
1005002985119152
1005003089085247
1005001571795129
1005002480294965
1005001275904742
1005002134484519
1005001677378152
1005001454736120
4000249281266
1005002823855561
1005003005379590
1005002550236728
1005003167266424
1005003200998170
1005003301665287
32899771733
32953575913
1005002883937835
32945688571
1005002985159034
32785342362
1005002091818177
1005002885205203
1005003261618218
33011893467
4001198872484
32859831945
32815566202
32830041944
32904510399
1005002984024737
4001276859044
1005001521764823
32739714819
1005002191307789
33047250349
1005003102961496
1005002926526284
4000544579161
1005003298401337
1005003096321882
32897479693
1005001279411638
32882787747
1005002971619200
1005002530737133
1005001382703931
1005001961295847
33053163124
1005002583831968
1005003123419620
1005002577325927
1005003240747118
1005001829580750
4000788566559
32962746531
1005002730798133
32914861595
1005003221024303
1005002530698661
1005001591681753
1005002957960530
32698890158
1005002546279731
1005002466875912
1005003019297737
1005001304362243
1005001494621351
10000397730086
1005001447244449
1005002789316509
1005002838879547
1005003132973699
1005003318713171
1005003282477194
1005001949344066
4000314842687
32824901336
32826861399
1005003175795506
4001334817650
1005002885835580
1005002906126414
4000407661916
4001284332046
1005002855107921
32806098788
1005003209407118
1005002615947429
1005003095409228
1233360910
1005002526318313
1005002227743544
32871350418
32955923151
1005002943924629
32791802430
1005003316154974
1005003207034643
1005002882884694
32880556511
4000599249244
32962739314
1005003229798453
1005002051945236
1005001909703612
4001350188978
1005002058768784
1005002932085880
1005002524387303
1005002712373494
1005002350776625
1005003271409627
1005002650623059
1005002620070282
4001304726638
4001233718624
32862382091
1005002879878864
1005002543298988
1005003319247833
4000186964296
1005003219246578
4000097520862
32811400847
4000265022304
32726951155
1005002777569720
4000136641973
1005002935306632
1005001464563894
1005003017556157
1005002155976521
4001174871703
4000130130592
1005001676701129
1005002897363484
1005003050820010
1005003221719990
1005003112217490
1005003296010799
32998165978
4001243405814
4000618486451
1005002828144233
32857201220
1005003376652002
1005001495865498
32727376339
1005003278361670
1005003387283187
4000181134143
1005003072924692
1005001834453248
32968005616
1005001359901147
1005003135981699
1005003314839706
32867296568
1005003349665475
1005003328020284
1005002626412281
1005003366457052
1005002846837647
1005002884765085
32820679673
1005003172451838
32890848349
1005001388214089
32842580129
1005001289518946
32997379925
1005003230476706
1005001619160827
32978115039
1005003169994069
1005002347869326
1005001720378688
1005002552823483
1005002971522174
1005002608403417
1005001594098144
1005002605578431
1005003319697490
1005003126237060
4001009327482
1005003219701669
1005003021327162
1005002727123806
32863825200
1005002637200303
1005002569405058
1005003020073018
4000890568422
1005003133745946
1005003161796299
1005003269789997
1005003224723228
32950067294
4001160311339
1005003305784361
33017855969
1005002740970690
1005001924426090
1005002740837616
32892209183
1005001462309871
1005001452374221
1005001999062045
32813510895
1005003350651895
32973798712
32903357923
1005003325488080
1005002823909896
4001201890344
1005002015670485
1005003371444227
1005003229679090
32950351019
1005003147066948
1005003107334432
32932918834
1005003325764156
1005002790000928
1005001971633934
1005003365553322
1005002752139305
1005001373808387
1005003145721652
1005003234931803
1005002406390519
1005002973404472
1005002252534856
1005002884525317
1005001616546726
32809456419
1005001439173281
1005003172242463
1005003019093872
1005003068375648
32973304701
1005002231771205
1005002949131481
1005002693508418
33003068494
1005002866590390
1005003341078152
1005003316039238
1005003209106346
1005001882238943
1005003135642062
1005002864021413
1005003249067063
4000902290901
1005002276781231
33001815988
4000807829591
1005003246697671
1000001310564
1005003126091598
1005002964658002
1005002647214737
1005002080099069
32949302127
1005003151116935
1005003150069229
1005003311400619
1005002940510613
1005003247274680
1005002766872581
4001188379313
4000108057430
1005003386274800
1005002353843880
1005003188182165
1005003347048612
4000551520209
1005002458795588
1005001556519247
4000233504577
1005003236358414
1005003030428027
4000519638892
1005002557826051
32954196687
1005003165047187
1005003253716406
32976740335
1005002996306006
4001350462746
1005002115372889
1005001998194924
1005002425483367
1005003157014574
1005003180620078
1005003097575945
1005002745759209
1005003327980867
1005003382727097
4000749702829
33030688208
1005003122024607
1005002751490778
1005002988648530
1005003159447104
4000977788134
4001309184176
1005001681976447
1005002284644028
1005003308600215
32992192822
32799924774
4001313170629
1005003342616454
2002134691
1005002994622832
1005003167172957
1005003358458620
4000894480394
1005003103349650
1005001731035914
32970669847
1005002576460001
1005002485518343
1005002128859748
1005001484954489
10000055555208
1005001639701744
1005003026848245
1005002706867523
32834456157
4000797967617
32860022837
32820464604
32539996856
1005002838052319
1005003344058621
1005003013762014
1005002879069221
1005002957243209
1005003301386443
1005002925384529
1005002401991163
32626490194
4001275068315
1005002559117119
1005003140851436
1005003236524755
1005003051123699
10000002736666
1005002934883795
32810679009
32845963926
1005003025345347
4000468389453
4001284076573
1005002368438619
1005001374888626
32786686330
4000227086218
1005002438403226
33042713175
32769252465
1005002907561816
1005003325440044
1005003371437463
1005002917443023
1005002264695361
1005002990116782
1005003336239286
32984694079
1005003338064136
1005002367823570
32934389974
4000774009920
1005001841369699
4000178492682
33008712219
32842897660
1005001876676889
32875709270
1005001622803745
1005002862755221
1005003225187446
4000986700913
1005003114716701
1005002358181097
1005003358456669
1005002001544459
1005002358296130
1005002947866618
1005002739205481
4000457994506
1005002105033864
32898047202
1005002997911370
1005003065027322
1005002976508648
1005002558755311
1005002776351267
4000393166263
1005002540884657
1005002570554986
1005002635004864
1005003198792255
1005002705810434
1005003330483341
1005002753688389
1005003136666153
1005002482959875
1005002656359843
1005003271172946
1005001585410785
32822199890
1005003152363796
1005002842214700
1005002747710966
32869645143
33060229189
4000547733219
1005003199855031
32824101114
4000068382741
1005003184283892
1005001415503762
1005002726092498
4000524849032
1005001419146320
1005002213267144
1005003153310066
1005003174925510
1005003078487146
1005001873673628
1005003303415075
1005002569591169
1005002643080395
1005003277332579
1005002949729454
4001307469771
4001083931901
1005002386738602
1005002600699080
1005003242534962
1005003165045061
1005002636556889
32959874824
1005003261377941
1005003019991642
32883401451
1005003251857525
33010537075
1005002033884567
10000004626733
1005003194640286
1005001585757902
1005001992405529
1005002814933827
1005002646040464
32795591632
1005003214373610
1005002891107336
32648878203
32824004971
4000745662770
1005002614851701
1005002313175840
1005003190613249
1005003110111083
1005003340111952
1005002219678470
1005003188389789
1005002517373579
1005002739864312
32727567662
32846534004
1005003229359379
1005002993937405
33003880550
1005003050956399
1005002150972068
1005003203439011
1005002635573791
4000170569580
1005003164727231
1005003309903915
1005001661424210
32280934898
1005002855250758
4000510736718
1005003292949794
32674498783
4001073044285
4001172211217
4001038841156
1005003144502131
32961961591
32881241811
4001038801857
1005002613367231
1005002677661285
32996178092
1005003387455290
1005001992697121
4001333587742
1005003281203748
1005003028736186
4000493029664
1005002092292541
1005002814952881
1005002223629293
1005001946090774
1005002696809314
1005003222284214
1005002143631424
1005002820525783
1005002891182941
1005001285011622
1005001881002051
1753129688
1005002872257665
1005003123623723
1005002719190695
33022593870
1005001738146542
4000349427369
1005002908059023
1005002324188738
32638832165
1005002296957948
1005002909121080
1005002738889812
1005003029971042
1005003008033392
1005003274268549
32583520848
1005003218283914
4001069575384
1005002593228014
1005002695643450
1005002870472161
32970225655
1005001669933961
1005001325355073
1005002633543303
1005003337843108
4001107318211
1005002191651645
1005003200868649
1005003180365882
1005001398501825
1005003134285375
32835802681
1005002710900605
1005002781069389
1005002739649021
1005003361778722
4000885008307
1005001793059406
32826953270
1005003358462034
1005002383909987
4000310675619
32611824649
1005003344108243
32833866569
4000641048517
1005002656749923
1005002454363726
32822882506
32948088050
4001333176514
4001346480498
1005003276341333
1005003267673420
33043671662
1005002895696627
1005003107092926
1005003280001524
1005003389776247
1005003110812504
32809993855
1005003384042369
32978495213
32378491068
1005003294268232
1005002509992349
1005003112814263
32739089543
1005002171663005
4000341467141
1005003337062396
1005002685587047
32810693552
1005002836637665
1005003224563901
33007084487
1005003063448558
32837516401
1005003313947246
1005003352358235
1005001715050089
1005001469344909
1005002971060452
1005002622640712
1005003217837815
4001024933514
1005003325885076
1005003026952668
32716769494
32942074070
4001292600238
1005003197065389
4001187662052
4000181238117
1005001447242409
1005003229764843
4000124200349
4000087569684
1005002046511958
4001106334937
1005002091400821
1005002443162165
1005003096908744
1005002487767909
1005002977341314
33042835521
1005002564646878
1005002448921458
1005003166891330
1005001865908666
4000987024514
1005001544020152
1005002771139726
1005003128953541
1005003116830003
1005003379417865
1005002755150878
1005003167920304
1005002312233811
32879552906
1005002747290306
1005003164021552
1005002647245539
4000755955113
1005003058426578
1005003069508174
1005002271588761
1005001446296049
1005001723552433
1005001278745304
1005002304709679
1005002904780559
1005003280642162
1005003257806626
1005001943411539
1005002612045906
1005003321092464
1005003091197928
1005002966231541
1005003181411734
1005002496715275
1005003107308258
1005001445020918
32814358964
1005003385060059
4001186084145
1005002920640322
1005002767554783
1005003049383361
32510626542
1005003232911847
1005003343676901
1005001459096031
1005003118738124
1005001402828820
1005002964940128
1005002619274143
1005001549209952
1005002206812991
4000197930942
1005003384065559
1005001998865025
1005001864418820
1005002448380305
1005002967427417
4001272253794
1005002844959620
32989751754
4001028362196
1005002959979159
1005001949289482
1005003308633038
1005003379056202
4000990681020
1005001853225918
33047296243
1005003310887803
1005003277885616
4000023660621
1005002856742295
4000760188772
1005003262466816
1005003281397958
1005003107119558
4001134879678
1005002949315825
1005001851854750
4000274297966
1005002949435256
1005001387174617
1005002848828326
1005003158552898
4001314317028
1005002053641312
32956654697
4001150104405
1005002762135797
4000726636779
1005003071159231
32828084198
1005003104963697
4000974307637
1005001871136117
32958486221
1005003392429035
32965665996
1005002732151924
1005002950296822
1005003139914981
1005001900408769
1000008413564
1005002748730617
1005001488841230
1005003003793497
1005003219484199
4000672161683
1005003143062600
4000677999685
1005002989553161
1005003320407020
1005002905713849
1005003365712347
1005003183334668
1005002530872198
1005002073566190
32964101774
4000991886552
1005002835021384
1005002989792028
1005003037934708
1005003301020562
1005002513034265
1005001553424498
4000042281229
1005003182424753
1005002861975512
1005002381324091
1005003240243979
33045313502
1005003283662118
1005001368708165
1005002532463813
1005002305238687
4000298957147
4001037102417
1005003145742614
1005002322783012
1005003062916843
1005003295042331
1005003346083678
1005003192106283
1005001968419190
1005002665415320
1005003362020604
1005001948136282
1005001884471754
1005003251814769
1005001517382611
1005003181346964
1005003328903582
32981414294
32973615420
1005002578968887
1005002425693212
32599676895
32853146784
1005001853312083
32945834251
1005003238550550
4000987314337
33064151808
1005002685372546
1005003337683558
4000105818807
1005002926690635
1005002281032476
1005002637487019
1005003122309765
1005002877208070
32911891867
1005002755875899
1005001603672885
1005002746725056
1005001567354411
4001032407674
1005002281141541
1005002848725209
1005002055564878
1005002541975439
1005002965806596
1005002405038410
1005002198406649
1005002622583065
4001037921550
1005003307289932
1005001882602872
1005001937719177
1005001759045288
1005002954588868
33006455026
1005002065245254
1005001285774867
1005002315405235
1005002340553211
1005003004007564
1005003215581357
1005003113330611
1005002775821900
33004878256
32863013601
1005002321279575
1005002187322355
32922490450
1005001534117460
32717362933
1005003020490358
1005003001291393
1005003297921903
4000889265894
1005002898447788
1005003058639536
1005003246081500
32908384943
1005002805151795
1005001842709330
1005002344763652
1005003166614644
1005003103264335
1005002059746465
1005002937846304
1005003017235736
1005002612469171
1005002467636241
1005003257756902
32853356650
1005002979065720
1005003292770199
1005002991266647
4001115374095
1005003059121175
32997466319
1005002647198949
4000916056150
1005001748417796
1005003202694885
1005002466320079
1005002991399171
1005003304496116
1005003104143644
1005002760197296
1005002673005190
1005002907641411
10000144693492
1005003291443489
1005002288896722
4001133921965
1005003323195605
1005003130124330
4000832746924
4000520251915
1005002176740899
1005001556487217
1005003387239431
4000517367500
1005002258586036
4000032839253
32986005338
1005001407041280
1005003156098355
32850186780
1005003258543287
1005002823947652
1005003056848574
4000444115223
1005002421632503
1005002899257346
1005002642262704
1005002898923417
32928323322
1005002487477478
1005002608858811
1005002988621676
1005002857309569
1005002963726400
2049506872
32986527482
1005002685158093
1005002959593514
1005003095176653
1005002110565527
1005003193040175
1005002994393561
1005002799677269
4001365444736
1005002949608337
32705410122
1005003274777163
1005003329512295
1005002301899533
4001230338654
32429796632
1005003277857612
1005002018356422
1005002978788052
4000869067806
1005003113044586
1005003272163067
1005002958629236
4001017043044
1005002224159058
1005003097336660
1005002567152757
32973686673
1005001853593109
4000624744210
1005002985364507
1005003107159369
4001038972098
1005001519769999
1005002705218429
32898629931
1005002637211985
32854712989
1005002310574115
1005002517156353
1005002873392507
4001351013422
1005003094478764
33009579759
1005002657700203
1005002603630057
10000399074373
1005003110180835
32856045521
1005002941903858
1005003014300717
1005002070785625
1005002992819925
1005001604494427
4000045337400
32920216816
4001291797282
1005001940121623
1005003067822096
4000346173840
1005002977828357
1005002935297332
4001057380886
1005002588230989
10000061979460
32934995036
1005003065293706
1005002003363004
1005003169921590
1005002264721415
32924274041
1005003380768532
1005002966061078
1005002239864537
32959647525
10000360454012
1005003119281652
4000761434479
1005001658414690
1005002345114579
32598417563
1005002974049792
1005003299770615
1005002345106646
1005003062686446
1005003318879370
1005001381105355
1005002723913337
33031582258
4000689061097
1005001783459054
1005003198976306
1005002276055624
1005002719445346
33009269329
1005002278052730
1005002744984365
1005001865532216
1005002277561061
32972503891
33018011059
1005001805157391
1005003151800857
1005002869713771
32820464604
1005002927648950
4000284050836
1005003152829446
1005001704474845
1005003289812269
33039700972
1005001525736421
32999844434
1005002185916938
1005003036168327
1005001916469743
4000654621891
4000188689832
1005002823961858
32691255399
4000028577373
1005002489674191
32820158587
1005003228868747
1005002611216196
1005003157696142
1005002948912532
4000925604423
32703338986
1005003105583548
1005001647355452
1005002994879345
1005003112036415
1005003222966519
1005001521346743
32788037348
1005002872719768
1005002742779823
1005002010997435
1005001932861768
4000835241528
1005003099878733
1005001275650074
1005003250993133
325463435
32983822366
32968795364
32668620796
1005002696395307
4000828880777
1005001506435923
1005003182221709
1005003136785842
32762111776
4001137726931
1005002971484613
1005002863268664
1005003311830850
1005002646468486
1005002060816979
1005003210425860
1005001665082292
10000343895520
1005003274761984
1005002081187280
1005003384290746
1005002953032644
1005003095056733
1005002079871657
32908041504
1005002320974200
1005003221874760
1005003376703184
1005003288057821
32409374178