1005003340167013
1005001645548026
4000430194001
4000975675415
4001220502124
1005002656218461
32840642579
10000395871604
4000760233634
1005002159483720
1005003243756119
33050558562
4000036805885
1005002737306236
1005003370589010
1005002493729406
1000001887137
1005003272732279
4000589853106
1005003310237423
1005002551361555
4000780916659
4000087084820
1005003359770854
1005002737275416
1005002636982207
1005003363566231
1005001914242368
4000811966571
33028312976
1005001311543327
32870378191
1005002732956340
1005002926771798
32932636169
1005003150103090
4001115951789
1005002008144928
32825957524
32996976621
1005002925136469
1005001652473622
1005003320393542
1005003077224311
1005002500715616
1005001873022565
1005002631000848
1005003286784678
1005003005172416
4000388405678
4000036020961
1005003309678441
1005002979374756
1005003225673231
1005002837130210
4001264350956
32856344631
1005003277876143
1005002583795833
1005003303570602
1005002055750266
32882302140
1005001319781842
4000558259557
1005003219535261
1005003211466815
1005003368554738
1005002592870067
1005003296181679
1005003000980969
32913382400
32837887086
4001230282920
1005002971093996
1005002346430770
1005003302642259
1005002259577177
1005003337179647
32359406666
1005003283086206
1005003236357200
1005002264639577
4001161921035
4001287027449
1005002511955552
1005001794947073
4000831318401
32828927745
1005001465976548
1005003387217907
33056528693
1005002996798988
1005002717204747
1005001508383469
1005002793643210
1005002390671758
1005003337528952
1005001692519471
4000160344638
1005002120333384
1005003160708883
1005003356930425
1005002991402920
1005002834293327
1005002589827721
1005001285982594
32886224003
4000180468084
32959944927
1005001957309248
1005003256461883
32789671787
1005002636255240
1005001626116547
1005003391684077
1005003148507407
1005001316928421
32885536067
1005003285051567
1005003336846501
1005002794142840
33037310486
644430944
1005002095576126
4000058264838
1005003260015274
1005001265415414
32976707117
1005002819726399
1005001304164072
1005003342616129
4000430139438
1005002586715453
1005001670453923
4000215479797
1005002059703529
32349054677
32951799309
32828478069
1005003313247407
1005002900043120
1005003283431140
1005002608902480
1005003147240751
32847178039
1005002504521184
32638065458
1005003019267310
1005002754327441
1005002921758949
1005001813162338
32806877147
1005003338842398
33058328032
1005001661550232
1005001952423647
1005001884320190
1005002984042153
1005001525424474
1005001682077836
1005003259000458
1005003083849916
1005003273431142
1005002657804250
4000941981018
4000995961958
1005003380521296
1005003017322132
32918692868
1005002389217477
1005002109964404
1005001893617403
1005003220952440
1005002260492952
1005003025135450
4000990472702
1005003387737863
1005002643853015
1005003269002179
1005003305363519
1005002757288482
1005003123757357
33004014695
1005002728226344
1005003365855687
1005002647330010
1005002967789242
32884341193
1005001861284889
1005002382339199
1005002073534839
1005002313112114
1005003123802479
4000413870417
1005002463524963
32919616079
1005002612990208
4000818075739
1005002842227301
1005002922048834
1005002940442091
1005001364591901
1005003032122554
1005002572512029
1005002996101732
1005002067676038
1005001852288138
4000464823045
1005001579305735
1005002925946918
32946537611
1005002358648640
1005001845803992
4000984206740
1005002966359108
32858418668
1005001447402996
1005002488462447
1005002548299909
1005003304701510
32856515804
4000574472025
33007862197
1005003299989534
1005002907412644
1005003199806592
32917387489
1005003333773685
1005002969606166
1005002639550774
1005001586141553
1005003319558034
1005002333338691
1005001628283123
1005002363993272
1005001835777888
1005001899822245
1005001880210913
1005003276076790
1005002953521792
1005002938137136
32854569097
1005001551650127
32861558229
1005002552600372
1005003042996519
32949341401
1005003050468435
1005003137351762
1005003296782665
1005002323645224
1005002990470460
32830604222
1005003194341011
1005003313628997
1005003147789713
1005003116779207
1005002935558640
33021160438
1005003359601951
4000393557847
1005003104343582
4001138749729
1005002951458241
1005003155905435
4000583776177
4001050285782
1005001580191895
1005002571343644
1005003227872681
1005002261166387
32955342770
1005002988957653
1005003113434511
32869010162
1005001992459574
32842489658
1005002583124236
1005003222046946
1005002902732165
1005002206412329
1005001873749371
1005003256738411
33030872688
1005003359532732
1005003022276962
1005003053861311
1005003224655989
1005003119244604
1005003191056873
1005002787446752
4001060033469
1005002836301532
1005002988916244
1005003135748376
1005002392911640
1005002008178468
1005002781983488
1005003283882253
1005002388605404
1005003128568927
1005001852486091
1005002499762074
1005001622549002
1005002821474456
1005002357455158
4001276759936
1005002796127649
32786980684
1005001335686615
1005003275852759
1005002949963059
1005003379854750
1005002529857433
4001283698518
1005002635950503
1005001537189467
1005001274000240
1005002507098470
1005002820392562
1005002289168128
4000715159367
1005002858366617
1005003255472020
1005002286255184
32870882499
1005002726652624
1005002907045515
1005003161991026
4000126478789
1005002357951528
4000744293311
1005001972654730
4000930329252
1005002312970841
1005002781813014
1005002821532010
32830069409
32862834801
1005003098502062
1005002253691824
1005003153033298
1005003357145146
1005003066755934
1005002950108149
1005002912543981
4001331375164
4001039309312
1005002446638374
32397707440
1005002017175456
4001243321940
1005002389263202
32843383415
1005002181373123
1005002363697622
1005001538357039
1005003306348811
4000212129818
1005001469249205
4000755988009
1005002022737055
1005001798604904
1005002488236977
1005002846717660
1015180004
1005001901953971
4000982996151
4001290170622
1005002358944080
1005003220361797
32309841986
33025074071
32931382402
1005002907620547
1005002613306963
1005003195466826
1005002814224980
1005002580101355
1005003078008743
1005002716815324
1005003176723404
1005003197841948
32956889302
32664704714
1005002488306946
1005002306484556
4000146920868
33055830676
1005003115178081
1005002293197855
1005003270510888
1005002630869213
32836911366
1005003006353839
1005001585200210
1005002619831689
1005002717264292
1005002834155185
1005003323467535
1005003337358475
1005002858275753
1005003381416972
1005003101036060
1005002953440209
1005002786665900
1005003326176970
4001169943231
32884997620
1005003221463297
1005002846205679
4001352983411
1005001915246498
1005003378663346
1005001872932409
1005001834652796
4001078060680
1005002600047814
33059302006
1005001912663799
1005001505350558
4000944633844
1005002129472493
33038366415
1005003387821382
1000001315401
1005003307751076
1005002652961401
32817246849
1005002608884654
1005002011658782
1005001353974501
32949734851
1005003359505024
32437296583
1005001619390297
1005003081614580
32962441681
32853739459
1005002844951104
32846525667
32816219110
1005003197302785
32842685980
2045980479
1005002799041886
32973295232
1005003367104165
32947929609
32897797666
4000277448019
4001077087959
1005003327701046
1005002745502002
1005003161431844
1005003214325651
1005002986331823
1005001607888615
1005002014719357
1005003074949530
1005002900510408
4001205100317
1005003309272373
4001286264079
10000286520631
1005003309559120
1005003089663012
1005003120505514
1005001608715697
1005003103227426
1005002932106609
1005002944336559
1005003347695183
32913591702
1005003113080101
32939392702
4000581737921
1005003032749266
1005003319311767
1005003012681732
1005002615965102
1005003302853580
1005003282686116
1005002978618354
1005002754084189
32970511829
1005002869762213
32679744985
1005001501419166
1005002774762607
1005003289042062
4000187556514
1005002266172400
1005003276015682
32572577694
4000727019415
1005002193957299
1005001365384559
579919029
4000927461172
32990943606
32884616677
1005003205226160
1005003142705776
662656659
1005002117185397
1005002564952450
32808456350
1005001637671836
32250684535
1005001351095637
1005002872274509
4001278878356
4000052912808
32934983857
1005002683030446
1005002795417458
1005001803954003
32822812690
4000182331091
1005002650948473
1005003101718781
32859907138
33041916165
4000737864499
1005002571766626
1005003066143402
1005003379524305
1005002657898333
1005001682043252
1005003210554445
1005003117432175
1005002753430805
1005002900946134
1005001325019723
4000901365297
1005003270568068
4001116979809
1005003347561249
32959446126
1005002465331832
1005002709810479
1005003376630694
4000911556016
1005002404314231
32818862116
1005003235274863
1005002553854292
32862471793
32720162800
1005003242493231
1005002253829342
1005002661864927
1005003068364622
1005002775356144
1005001411302613
33019796585
1005002432274699
1005002034022759
1005003379391827
1005003343843939
1005002732954552
1005003369110187
33010520623
1005003243242011
33019059796
1005003209217173
4001162713091
4001208843988
32805809138
33037413216
32957347945
1005003306939059
4000380528490
4001294850591
32891050471
32958214284
1005001571667720
1005002139763966
4000776387415
1005003341353062
32951398140
1005002920764607
1005003293266056
1005001621060432
1005002224736698
4001100255773
1005002820711656
1005003322878585
1005002139204567
33022533777
4001244729276
1005003064425199
1005001822208314
1005002136545580
1005002799512606
32970228927
4001257135718
4000973293908
33015658327
1005003125329947
1005002656800787
4001066647627
1005002320905903
4001243712526
1005003387493202
1005003379847702
32890289673
4000039190853
1005002837197200
1005002836495854
1005001552436741
32980672266
1005003064335299
1005002011379682
1005002495953747
32759645078
1005002907677311
1005001417186415
1005003101150950
1000001500549
1005003328017561
4001041139280
1005001559758236
1005002370521385
1005002930453886
32958971240
1005002561752280
1005002868644407
1005002470339269
1005002976974555
32922182324
32997978767
1005002616262372
1005003040947678
1005001742805155
1005001733181058
1005002865719559
1005003019879737
1005001998584276
4000123886421
32881424213
1005002951094237
1005002517390408
32622009347
1005002322988514
4001228429457
1005001604204302
1005002584098825
32374843152
4000287147456
1005002571330008
4000711898080
1005003085212243
1005003325961784
1005002845729866
32981124043
4000113300029
1005003118329881
32832656619
1005002776097041
1005002203962663
1005002050431232
1005002920603170
1005003158038775
1005002600856892
1005003022160774
4000712587555
1005001882030526
1005003274257643
4000614652545
1005002963650470
32838771897
32962998689
1005002989022550
1005001429829744
4001061756068
4000957442456
1005002879269851
33055885947
1005002982338857
1005002580815237
1005003039654821
1005002632290360
32787267383
4000703644776
1005003314554814
4001204286232
1005002288405226
1005001425241029
1005003102414462
1005001786217660
1005003018084120
32902015699
4001032643285
1005003146379362
1005002313768228
1005002116882340
1005003031929993
1005003037212561
33014413685
1005002555212372
1005002664447960
4000190866407
32997311466
1005001775353019
1005003355845156
4000463645243
4000497218482
1005002594628873
1005003173035409
4000349391382
1005001802489348
32886686122
4000808575403
4000472685498
10000099577983
1005002557097469
1005003036672959
32880803914
1005002397706541
4001098657072
1005002647284367
4000466645803
33046262948
1005003273535806
1005003255533165
32951231178
10000179426109
1005003172440903
1005001680495615
1005002367144850
32960303533
1005003299525889
1005003269309867
1005001679334383
33027384022
1005002380321321
1005001413592883
32918335412
1005001620331364
1005002132704328
32905621032
1005002998069685
1005002454164821
1005001521126011
4001295062275
1005002717918289
1005002469587092
4001015177865
4000210597021
1005003059767378
4000152440818
1005002926424379
1005001284105929
33000461699
1005003387684551
1005001709227245
1005002097647167
1005001994535947
10000399953336
1005003239808486
1005003092248617
1005002991203286
1005002624729339
1005003298939795
1005003305056263
1005002989119271
1005003167112901
4000679419029
4000288990534
1005002288115433
1005003151425768
1005003333490868
1005003387838910
1005002646629292
1005002944162257
32817650005
32863346139
4000934245640
4001225204182
32905287360
1005003146086679
4000756823084
4000392561959
1005002287681129
1005002268074670
1005001715877972
1005001286641078
33048563120
1005001436718450
1005001619655215
1005001703842920
1005003213093257
1005003108495199
1005003367228620
32825553525
1005003006253897
1005002895793799
1005002122294927
1005003375179285
1005001741702398
1005001593796114
4001074598582
33032927970
1005002513327134
1005003350599912
4000969265771
1005002650562109
1005003247772544
1005002275800495
1005003257652719
1005003379485102
4000929840511
1005003262072856
1005003008994245
1005002114721130
1005002356070675
33032299852
10000147886123
1005003378431240
32799356708
1005002642666582
1005002430536105
1005003024943827
32849012107
1005001423036692
1005002605566371
1005002770974751
1005001326061780
1005001812901854
32951481574
1005002772223262
1005002915604380
4000684464453
1005003361854877
33008339760
1005003178028703
1005002139715448
1005002327379869
4000576214103
1005003068108042
1005003328247136
33016789121
4000444746867
1005003083992953
1005003224629227
1005002520258456
32819403369
1005003089552447
1005003009904582
1005001775554490
1005003359612189
1005001493458661
1005003202863179
1005003016302707
1005003111469790
32924332054
1005001511299369
1005003028934624
4000708298409
1005002322829050
1005002917910065
1005002648760595
1005003138146320
1005002053643749
1005001781232946
1005003158030158
1005002378546641
1005001398602330
1005002137421349
4000336617285
1005003138553698
4001090146877
4000344910249
1005001584616783
4000326668802
1005003132037047
1005002816751910
1005002098965865
1005001718654222
1005003044409173
1005003023204151
4000129666719
1005003287673165
4000905840068
32829346549
4001253993126
1005001614944140
1005001669181602
1005002059452848
1005001692210901
4001216823553
1005002844166494
33023932931
1005001711395042
4000753234632
1005002722784109
1005002421232376
33053883460
1005002949424685
4000313637036
1005002761148399
32835385537
4001054676667
32679792477
1005002763110383
4000249801380
1005002052822942
1005002946583511
32855923585
32834570278
1005003262929948
1005002310556153
4001159344478
32998241062
1005003373789998
1005002345796430
1005002316969352
1005001710224665
1005002837941829
4001003859743
1005003223408068
1005002872653442
1005002930487583
1005003125196837
1005001621454319
1005001575363625
1005001804132224
1005002693976289
1005001993283869
32892879488
1005001466631481
1005002313451638
1005001692766298
4000143971105
4001214698408
1005003252364045
1005001913713592
1005003208465988
33003946950
1005001792431507
32270325819
4000669363070
1005003331752473
32638968870
1005002885429897
1005003182178887
1005003261639513
1005002655699480
4001174793160
1005003333237646
1005002934737382
1005003337113700
10000395862906
4000906546776
4000923205241
32971263097
1005002592057803
33000343432
1005001588304371
1005002430857674
1005003281466248
4000034915072
1005001924000965
4000164100817
1005003211738002
32977932536
4000265898924
1005002504867518
1005003304351818
32589149380
1005003144368580
1005001798722509
1005001430371243
4001204520198
32618018408
1005001664584606
1005003387726760
32893892674
1005001608673205
1005002730373369
4001272197538
10000293928405
32620168581
1005001973444288
32432668339
1005002220086894
4001066635659
1005003236319474
1005002384357318
4000453747022
4001151394865
1005003095319609
1005001705938467
1005003292523875
4000316793039
1005002080128283
4000966663136
1005002309986450
1005001437390090
1005001450934294
1005002459219147
1005002611720593
1005001821012697
1005003391404614
1005002085961212
32891727406
1005003001798609
4001123928172
1005003251781204
1005003085202667
33023248749
1005003314270240
32657870842
1005003292667610
1005002400649619
33009042542
1005003041364957
1005002683167233
1005001848552904
1988332232
33013962368
1005001477856997
1005003230634981
1005002333576466
1005003320763085
1005001349695745
1005003107990802
1005002963457113
1005002161380871
1005001579943976
1005003345979290
1005002039925061
1005001890727723
1005002861940144
1005002885087500
1005002975613288
4000798787494
32848382362
32952280582
1005003078885638
32698202264
32847504715
1005002600806639
32412571909
1005003290242814
1005001287412264
1005003294304153
32849419589
1005001296732800
1005002390490684
1005002782454896
1005002047468116
4001220656605
1005001921848414
4001230284917
1005001563461455
1005002943986131
1005002760442396
1005002560104892
1005002770632059
33009088901
1005002665797360
4000614880444
4000230589232
1005001950237365
1005003098068119
1005002281491791
1005003000758552
1005002608650154
1005003328013019
1005001286516948
1005003318461558
1005003284706484
1005001587747493
1005003171769626
1005003292268731
32610185032
4001080623977
1005002129190844
1005001700909646
1005002063137266
1005002755602701
32299957743
1005003193208122
1005003200029266
1005003050986038
32867715843
1005001901679807
1005003019932390
1005003238928497
1005002917411187
1005003355970811
1005002084873978
1005001303628930
4001351523483
1005002489468731
1005001731972411
33056750783
32919875599
4000397569872
4000496705447
1005002898593953
1005003278776360
1005003354435374
1005001509941238
1005003380728644
1005002012173389
1005003157646365
1005003349521777
1005002281153139
4000756918257
1005003262188801
4000018963013
1005001960856202
1005003083928518
1005002964472608
1005003329712056
4001050355372
1005002270976805
1005003177607007
1005002130199191
4001304580666
1005003341756667
1005002964021007
1005002066233402
1005001869317023
1005002917648517
4001118377310
1005002253381072
1005002523144742
1005002436052693
1005002427692675
1005002595482830
1005001406472042
4001036616113
1005002523772903
1005002554848736
1005001305614122
1005002547719102
1005002804582557
1005003385963330
1005003150791095
1005003200810573
1005002224081989
1005001412402717
1005003372521398
1005002923021104
1005003130126778
32921834604
32602434983
1705068371
32724646324
1005003248620290
4000212829376
1005003296402797
1005003097787640
1005003257545398
1005002399517151
1005003201202866
1005003310734578
4000022375525
1005003228494119
1005003155011255
4001042574445
1005003150967865
1005002003215329
1005001452021936
1005003277257974
1005001779840743
4001227771930
1005003148814554
32827489829
1005001549744300
4001035154143
1005002900461197
1005003009891011
1005003275182314
1005002757242349
4000926941234
32871211116
1005002735019323
1005002953324568
1005003296064820
4001332650309
4001157148218
1005002607251404
1005001441574318
1005003345627027
1005003385088188
1005003210437751
1005001604759362
1005003237566970
1005003136602194
1005001863534812
32946201218
1005003148540526
1005001392768824
1005003008694128
32879001617
4000166738290
1400795460
32951459613
4001204964052
1005003271300096
1005001768819429
33011657311
1005003032533904
1005003241730900
1005003149938206
32887658397
33018485120
4000964818408
1005001645536510
1005003296758376
32903196231
1005002478829624
1005001721944917
4000988927890
1005002570371673
1005003008016677
1005003169274796
1005002750870909
4000630605529
1005002711064027
1005001265670774
4000274822268
32336597263
1005003116403038
1005002161734671
1005002072943738
1005003006338757
32851865306
1005002467239801
1005002553550652
1005002442026168
4000404792049
33008934766
1005003100801290
32923600260
1005002311563492
1005003384497895
1005002986162755
1005003009897080
1005002702693448
1005001505350558
1005003266352024
1005003212904346
1005002534824363
4000894356148
33062398868
33003019309
1005003269827821
4000177762325
1005003278820116
4000875948836
32295169509
1005002688221686
32874920086
1005002897485622
32917396088
1005003208430856
1005003166713539
1005003366033996
33017096550
1005001929421157
1005002976268627
4001101590357
1005003124387096
4000245401763
4000829997348
1005002708269049
1005002116336047
1005003275617832
1005003191241485
1005002268977054
1005002394255165
4001027605751
1005002135047812
1005002523846507
1005003381381528
1005001935940157
1005002003668125
4000687752003
1005002795016202
1005003387194626
4000373249387
1005003245117651
1005002971698590
1005003205598450
4001068432873
4000862660852
1005002553054460
1005002783361782
1005003222528160
1005002996130116
1005002626790716
33019904841
1005003020328129
4000473041107
32950730431
1005003266844025
4000243341616
1005002079769149
4000626038209
32466596961
1005003265768005
4001089966587
1005002313729316
4000768752812
1005003049784071
1005002984728556
1005003303615195
1005003053229602
1005002656500304
10000386371389
1005001410557142
2049858236
1005003198558281
1005002842033915
1005003367781011
4001188613613
1005001750083751
1005002594106901
1005002790490585
1005002443456767
1005001570903943
1005002978142130
1005001809522002
1005002324044925
1005001419942638
1005002622077438
32841104944
4001077174039
1005001816465753
32994937234
32859105971
1005003068325872
1005001621584389
1005002787570693
1005003185876061
1005003091869298
1005003379873825
4000197829164
1005003309051508
4001008112981
4001090172904
1005002710754212
32973311092
1005002530549559
1005001505769197
1005002711272851
1005003322555731
1005003236427930
32625482979
1005002843919106
1005002977990230
1005003351131953
32620147344
1005003010678135
1005003361649931
1005003228040807
4000133449783
1005001408112678
1005002663278259
1005001817593471
1005003118764742
1005003250339073
1005001464373944
1005002908182533
1005003315557228
1005002878614719
1005001486830287
1005002200482405
33025495118
1005003122253218
32353896023
1005002650464309
1005002801042804
4000057531229
1005002814440110
1005002358716132
4000784884576
1005002937609151
4000557276427
1005003001695166
1005003139418400
1005003156944356
1005002538222326
1005002668390532
4001090448812
1005002602527969
33044388991
1005001611183991
32930983729
1005003329163013
1005002977710884
1005002919760545
1005003269485997
1005002763733612
1005001288853811
33048233776
1005002598507877
32803949224
1005003314501416
1005002994611519
4001216263514
1005002789574525
1005002129752391
1005001948820548
1005002548485404
1005003287393173
1005001550545876
4000610204736
1005002656739489
4000038681994
1005001742056479
1005001616684764
4000003533476
32886010926
1005002694962484
1005001750056770
1005002632139555
1005001587718598
1005002913429569
1005001907890863
1005002359864661
32968074233
1005002702190007
1005001853405857
4000962695174
1005001562588584
32890987796
4001085716866
32689777354
1005002657515466
32832228736
4000235190247
1005003079965087
1005002727431577
4001066846027
4000619435011
32882252902
1005002760516613
32957777899
1005002703766900
1005003019404166
1005003060024059
1005003093678902
32777404251
4000356325032
1005002435050730
1005003330740741
4000947127280
1005003315775825
1005001452724618
1005003275251796
1005002733484942
1005003275173113
1005002685566742
1005001763649813
1005002964483749
1005002767483207
1005002491848883
4000175688891
32999999859
33002407823
1005002862068589
4000492752753
1005001581349566
1005003176106979
1005002525656301
1005003132128421
1005001660323310
33053953908
32829902039
1005002917416607
1005002483945334
1005002848619917
1005003339526344
4000253222147
32857790558
1005002973086039
32763065655
1005002313727777
1005002616031163
32816791293
4000029283787
1005001278550936
1005001703474263
1005003372827311
1005003330954583
1005002842555671
4000538516680
1005002663647620
1005002652815195
1005001952050307
32981998069
1005002983382821
1005002767970165
1005002050352844
1005001858454229
1005002948334036
1005002842013845
1005003344855457
4000105014175
1005003247503987
1005002866730205
1005002637336940
1005002624600299
1005003158331531
1005003173899203
1005003367887381
1005003015515746
1005002611637369
1005002252919505
33017855969
1005002722177390
32864019157
1005002741732824
33056347669
1005002044881075
1005003227237521
1005003300050368
4001291823707
1005003266472412
1918221112
32700713728
1005001450678743
32896922288
1005001849160990
1005002334967561
32848573948
1005003133827067
4000754016560
1005001550940513
4001187289974
32974390169
1005003188250151
1005003079732837
4001061702390
32960949896
1005002571444726
1005003135521907
1005003190394247
1005003245951731
1005003084967936
1005002730079755
1005002996517009
32532198131
33000366454
4000720962578
32885021312
1005003048485251
1005003243639324
1005002404739921
1005002375806155
1005003228572301
1005002258233225
1005003238958034
1005001761054804
1005003345452533
1675365008
1005003307109636
1005002006882715
1005001345862283
1005003376759211
4001122360233
1005002727397149
4000585246230
1005003208827730
1005003112137701
1005002281687402
1005003049505717
1005001493765797
1005002822477709
1005002387007227
4001335302664
1005003119393701
32957565339
1005002733081890
1005003319821934
1005003284240381
1005001906321812
1005003119412498
1005003325722442
1005002495532061
1005003390971149
1005002371386560
4000357673223
1005002325076017
1005002483759085
1005002054658390
1005003338787443
1005001882557792
1005003237516585
1005002904458263
1005003381209382
1005002945845368
1005003342503495
1005003198320703
1005002431173887
1005003146062906
1005001989567901
32947335303
4001291336369
1005003301486866
32873616887
1005001952385306
1005002318568158
1005002566653780
1005002483715088
1005002815993464
1005001826683444
32756688020
32929243404
4000310533999
1005003102914515
1005003227872971
1005003157612018
1005003382212184
32805267362
1005001734844918
1005002777504874
1005001348804525
1005002197991363
1005001460025163
1005002758299270
1005003318260219
1005002613804991
32972385865
1005003096913824
1005003337608342
4001047155812
1005003265197858
32923103415
1005002884471792
1005003254717973
4001025415518
1005003329353671
1005003374282318
4000689188467
4001078322317
1005001466614530
1005002511462987
1005003344550804
32986121154
32698721298
1005002524412725
1005003065986858
1005001831221693
1005003374967822
1005001972741589
1005001960779224
1005003319451040
4000092935336
1005001521792657
1908120939
32703972308
1005003244831658
1005002693117996
32956790531
32435699101
1005002347190896
32782463554
1005003113468303
1005002819756598
1005002996650552
1005001412904445
1005003365190740
1005001957744134
1005002613384264
1005003161347079
1005002891178338
4000000794380
33022883709
1005003089644933
1005002911255662
1005001348723370
33023138876
4001061453108
1005003301784219
1005002662753653
32512659143
1005002563965556
1005003386263652
4000215879543
1005002120295394
32330666906
4000099257313
33038415861
1005001756636027
1005002584801709
1005002018762521
1005003166656262
1005002938907661
1005001401991332
4001233251743
32829490068
4000836974840
1005003241644774
33047216297
1005001882631533
4001115353623
1005001994891444
1005002944700923
4000295851755
4000619392365
32911720108
1005002752900945
1005003027285856
4000006635813
4000100337092
1005002907602136
1005002353709521
1005003310095852
32972660573
1005003320319246
4001294530649
949616267
1005002406049238
1005002204269415
1005002572424077
32775437641
1005002458886246
1005003290418256
1005003101615766
4000077513842
4001208206969
32833652371
1005003194906925
4000979055192
32908036722
1005001606906175
4001175072349
1005001667417180
1005003281214247
1005002687277201
1005002924162449
1005002612784913
1005002243957561
1005002268498508
33023600040
33038098395
32807020806
32992600301
4001203681125
1005002780552655
4001215612507
32855081510
1005002116242070
1005001514530794
4000528809246
1005002621565063
1005003250933971
1005001393215129
32926368659
1005003140915356
1005002876876806
1005003330364950
1005003152322574
1005002659005053
1005002851270216
1005002419773541
32487575837
1005002941227947
1005001955046107
32834551684
4001231032320
1005003240995502
1005003254400142
1005003023460226
1005002245972523
1005003173286247
1005003204153437
1005003313224567
1005003381532972
1005003168907340
1005003337781875
1005002695985719
1005002233841279
1005002846765430
1005002947671586
33025359755
1005002976008978
1005002271791478
1005003151134692
1005003347459111
1005003098765436
1005003208327377
33014474062
1005002496898294
1005001437266931
1005002766385320
1005003375946132
1005002654472026
32901920017
1005003207187617
4000575507683
1005002905952315
1005002917998503
1005002373428933
1005002583441584
1005002060462867
33036128280
4000891369597
32848860487
1005002160051388
32944877553
1005002905074667
32698529333
1005003051468315
1005003089891815
1005002855178590
1005002494963567
1005003098738410
1005002574839634
33011460980
1005003347724023
4000390396416
1005002559261612
1005002394565998
1005001350207450
1005003277688129
1005003041517736
1005003338186133
1005003317531078
1005002940834786
1005003296711513
4000445033913
1005002949510419
4000784205089
1005002351685631
1005002767109696
1005003391402218
1005003305264841
1005003333065627
33056798264
1005003200791083
1005003314227289
1005002770511912
1005001472175514
1005001529905563
1005001809323871
1005003230470115
1005003078608612
1005001365465112
1005003374657108
1005001682861627
32841911392
1005003029857916
4001150984031
1005003040162925
1005002840206203
1005003105802114
32400816082
1005002321250827
1005003264506845
32891914643
1005002934864432
1005002256519018
33021105604
4000270080995
4000132444025
1005002722661979
1005003176577641
4000514137294
1005002718889456
1005003240236653
1005002978570866
1005002656459311
1005001792209584
1005002716762840
4000884587944
1005002367949531
1005003187314421
4000042979037
1005003312102041
1005002525286108
4001041764466
4000224490449
4001027811727
4001141959917
1005001905597424
1005002344917933
1005003330571381
32899769231
4001290637572
1005002958584893
1005002446631992
1005002645836401
32617958989
4000044561562
32827141729
1005001608448559
4001341911794
1005001637464912
1005003369811413
32969725463
32946856237
4001118505117
32872965062
1005003305001069
1005002441533217
1005001414900616
1005003244102735
1005003185753965
1005003157437274
32780539174
1005003257366532
1005002794487515
4001230284875
32877654434
1005002929100285
1005003262186558
1005001713289895
4000896050089
4001269070742
1005002931657126
32665035551
1005003315936680
1005003011613570
32953409599
1005003127430168
32781063493
32990136879
1764988167
1005002722689893
33028037721
1005002532872992
1005003297655488
1005002956213551
1005002552869416
1005003264734517
4001014119083
10000401714184
1005003081830868
32950218962
32707325702
32853732958
4000771137692
4000004795201
1005002966058582
1005003333612814
1005003135370320
1005002661341358
32874325692
4000319814752
4000999968874
1005003281574948
1005003152204645
1005002953343138
1005002140011979
1005003017234911
1005002993549739
1005003058122497
1005002350815079
1005001355717383
1005003386940011
1005002564757323
1005003204718839
32905773066
1005003384866182
1005002726273260
1005002745412731
1005003183258284
32884621007
1005002833170706
1005003032038563
32987138429
1005003005078349
1005003000887579
1005002832221674
4001285936893
1005002965038402
1005002615882650
32846792582
1005002718276491
1005002360029188
1005003339390478
1005001961784724
4000074205254
4000926598347
1005003048738835
32848546796
1005001989414407
1005002918179635
1005003148404586
1005002741971734
4001293857756
1005002879498356
32924034840
1005002339061644
32978262703
1005002991071472
1005002232733601
1005001600118387
1005002346967155
1005003117116375