1005002370644835
1005003151129521
4000465996790
4000392026977
1005002314843130
1005002498886156
4000808657868
32807006957
1005001626372894
1005003031351712
1005002346875183
1005003078885638
4001286842025
1005002970827679
1005002529769372
4000786998136
1005003149954804
1005003386606136
32821053828
1005003205158951
1005002568031443
1005003340736791
4001135504174
1005002661848308
1005002620180524
1005002801972000
4000974326438
1005001506402788
1005003219497258
1005003109727315
1005002863572839
1005002044792967
1005002571818299
32888749044
33003262301
32960989712
1005003309780994
1005002755979508
1005002104743581
1005002693532416
1005002597089723
1005002176135358
1005001823573139
1005002329390964
32913384773
1005003201584987
1005003201713386
1005002961099417
1005003196898634
32428916367
1005003171128790
1005002582977439
1005003347934343
1005002978137387
1005003347735200
1005003377680354
1005002902016742
1005003147142262
1005002252572427
1005001797920504
1005003020998562
1005002984671329
1005002991233012
1005003296872043
1005003141136063
32852655100
1005003316223536
4001036684601
1005001475479750
4001038621735
1005002838178498
1005003016128107
1005002196604418
4000860379236
4000752237891
1005003033908992
1005003303383027
32808831992
1005002539312500
1005003120969184
1005003126292154
1005003095051621
1005002862030942
1005002675068348
4000472507073
1005002630248864
32696515873
1005001593538785
4000902230732
4001344694965
33034128436
1005002971400748
1005003162599830
1005001999538973
1005002266107492
4000986435049
1005001831636335
32912284295
1005002901435477
1005002745517816
1005002091130889
1005003266499513
1005002460269861
1005001460306694
1005001450728563
33024834905
1005001633182143
1005001441488064
4000071400698
1005003115337674
1005002267646994
1005002551797043
1005002954637697
1005001326709240
4000789297305
4000859508051
1005002646128540
1005001962399592
1005001476267040
4000720164777
4001235988338
1005003157917003
1005003317569302
1005003225914178
1005001922796105
1005002938041763
1005001882695273
1005003147948796
4000769911113
1005003182074315
1005002989612182
4000833616937
32962815078
1005003266792352
1005002500469069
32810938945
1005003102159642
1005002733575780
1005002516882223
1005003021929658
1005003068399612
1005002863478636
1005003380388791
1005001885335914
4001134653170
33015105806
4000696389150
1005002868460211
1005003123677800
4001238604148
1005003385349796
32783390485
4001126452885
1005003120764826
1005003186151563
4000780019392
1005003162306870
1005002648091020
1005003281021332
4001148805161
1005002515403937
1005002948210339
1005003308772571
32991301613
1005003243751963
32799707812
1005003372010931
4000209490621
1005002265253570
4000046066728
1005003283553910
32887503659
1005003095253410
1005001319453887
32822712508
1005003335678104
1005002333863355
1005002997798015
32821012980
1005003259141203
1005003289078899
1005002927199322
1005002963443642
1005003097758458
1005003310107290
1005002857182099
4000346285409
1005002018959575
33047548115
1005002338475696
1005001968386997
1005003337147803
1005002762251827
1005001623899290
1005003275813475
1005003140944376
1005001913210985
1005001844958390
1005003036656605
4001238164287
1005003129061053
1005003371512681
1005003004234177
32864151982
1005003179410300
1005003140071340
1005003007983943
32977945584
4001262671432
1005003357265901
1005001813075187
1005001524408218
1005003262073663
1005002936236387
1005002651807012
1005003302552629
32956444638
32812326688
32708716019
4001157167880
1005003337899845
4000287539377
1005001864130882
1005001988811360
1005001484315035
32999285338
1005001510628485
1005002895668943
32773103312
4000934166112
32847404730
1005001592353759
1005003268111363
1005003080684181
1005002468711809
1005002061767949
1005003025995493
32889654448
1005002829022191
32915126016
1005002287921917
1005002414861204
32830542976
4001099286282
4001229599139
1005001441504111
4001163793125
1005003250614876
1005002703830357
1005003109899138
4001060060209
1005002883838079
4000982460808
4001045137811
1005001607716073
32810176466
1005002833679974
1005003269412411
1005002306825954
1005002749892496
1005002355849774
1005002000227512
1005002838993627
1005002826066172
1005001816931834
1005002553054460
1005003187666331
1005002632515701
1005003205639593
1005003038492691
1005002703753590
32837111696
1005002560765274
1005002571151347
1005002683624529
33024114167
1005002859112578
1005002565255861
1005003361753268
1345934872
4001206991676
1005002875281487
1005003202068146
1005002388408329
32826482397
33058572407
1005002197993038
32741915778
1005003105707214
1005002459396908
1005002547570460
32796973021
32887814181
1005003262149683
32800589949
1005001988798341
4000134054582
1005002406300656
10000136288101
4000755254434
4001044610057
1005002061763985
1005002946519748
1005002803485963
1005001840595986
1005002512984759
1005003372054662
4001062466551
32963250178
1005003250379371
1005002083949563
1005003209175856
32853479876
1005001391141360
1005002598633273
1005001307575579
1005003187331231
1005002360155161
1005002290041375
1005002588151353
1005002247398699
1005003294582745
1005002317533502
1005003093661632
1005003202243401
4001275281052
4001263819433
1005002939565080
4000188569489
32638920329
4001186415243
1005003027194479
1005003258850667
1005001867317541
1005003345369187
32987830862
1005002711611767
1005003180489939
32913032957
1005002772244520
4001276004068
32894669240
1005003328889675
1005003102231492
32604159946
1005002682995573
1005003345774140
33021968916
32951402097
1005003146463037
1005002480769775
4000112104930
1005003181664203
1005002138303690
33056130658
4000569846783
1005003310142359
1005003038503711
1005002732858342
1005003107766041
1005003274448970
4001047387423
1005003147247351
1005002869667001
32820166289
1005002778076340
1005003168889729
1005002265558323
4000136208120
1005002094878382
32845454638
33042052571
1005001918738493
32476558924
1005003323764423
1005002531956265
32848694501
1005002710292846
1005003146062906
1005003034573757
4000206225994
1005002681056906
1005003368693473
1005003364050099
1005002653233693
1005003097339548
1005003026018350
1005002897666705
1005002920840375
4000756715057
4000249815895
1005002596620129
1005002344917051
1005002973168086
4000078071117
1005002079111402
1005001826386780
1005001348729482
1005003161500928
1005003328984794
32641280013
32963602075
1005001515322712
1005002510175132
4000566986172
1005001450716566
4000288971348
4000202488894
4001199864106
32988843444
1005002961371336
1005003200350582
32793463506
1005002663618033
1005003269803015
1005001448899633
1005003331231722
32834831137
1005001320767307
1005003386110134
1005002686223208
1005001514405750
1005002439695984
1005003336140419
1005003297619755
1005002782767670
1005002504574796
1005002842190057
1005002979458273
32950883024
4000526238893
1005003346858088
4000030611853
1005002908785859
32779320259
4001046203684
1005002266167945
1005001664230895
1005003217572039
1005003207209529
4000832054049
1005002676509958
32875020656
1005001418580806
4001220189563
1005003284926097
1005001976464288
1005003106222616
1005002834522088
1005002612935097
4000158221380
1005001627038505
1005001345547655
10000423782795
1005002662524634
1005001441516080
1005002787893864
1005002614125664
1005003218930320
1005003287630411
1005003177097286
1005001335913462
32966475023
4000111611661
10000005966892
1005002311317443
4000432479563
1005001447249402
1005003384996474
32739415079
32814869123
1005003158552965
32746453418
1005002744645152
1005002658654160
32963310478
32554656736
32830026861
32803692686
1005003146372802
1005001349576475
1005001520400568
1005003189308206
4001234051581
32840755228
4000532317877
1005002741381773
1005001567417589
1005001676892165
1005002635776405
1005003143417313
1005002354587237
1005001273790905
1005003376179035
1005002148010458
1005003300824312
4001229999791
32602400982
1005003082268553
32948174597
1005002460624680
1005001368831675
1005003061124303
1005003157880078
1005003388572008
1005002311032113
1005003112188928
4000111840278
1005003066773983
1005003255783482
4001151773920
1005002388918864
1005002930661490
4000108020447
1005003327973307
1005003146346352
32965123786
1005003264172504
1005003202738626
1005002341101881
1005003298160819
1005003114573114
1005003213888832
32867655574
1005002755633882
1005001339829325
1005001734843542
1005003322528465
32846044667
32797952199
1005003367070089
32846737926
1005001651158236
4000002914933
1005003224360933
1005002851868790
1005002185177307
1005003111930556
1005001889737444
1005003121396158
1005003130198408
1005001998813231
1005002327192313
1005002982788460
1005002561263602
1005003384429192
1005002367144850
1005003340704629
1005002857784208
1005001672591488
1005002985309038
1005001465078759
1005003171771929
1005002525944503
32897619349
4001207853695
1005003296092836
4001323641849
1005003193477554
1005003219721214
32839748755
33061342521
1005003188600197
4001230339734
1005003008251980
1005001679507590
1005003390569279
1005002618235984
1005001355162100
1005002211376143
1005002474060554
1005003386351181
1005002938681519
1005002604576465
32962007762
1005003368372572
1005002668176428
1005003064230607
1005002655955361
1005003346474866
4001116834224
32839275728
1005003153214864
32986821553
1005003201277779
4000219626869
1005003033956676
4000034293867
1005002536469625
1005001387691979
1005002682726092
32679045962
1005003158188446
1005002949674342
1005002295056781
32682024450
1005002872584369
32837401331
1005002864580393
1005003258912838
1005002932632229
1005002960593473
1005002012594044
1005002090635765
4000918836010
32923619815
1005002748142149
32949798095
1005003312536068
1005003287652297
1005001424934615
1005003387509161
32967661372
1005002716854260
1005001493827411
1005003031638199
1005003291951287
1005003386927264
1005002050472645
1005003331245140
1005002918316534
1005001300408629
1005002973274855
1005003029140781
1005003373429981
1005002650885999
32917583157
1005001315258313
1005003311825171
1005002834171078
1005003023971204
1005002978509517
1005002316014379
32956088300
1005003133847676
1005002751868644
1005002568370287
1005002283414238
4001355109893
1005003192495321
1005001633103569
32837533539
1005003280533313
1005002936238294
33002202175
1005003341831851
1005002906119579
4000979068498
1005001264913979
1005003175868181
1005001952323736
1005002353307535
1005002716919079
1005002550223878
1005001454330943
1005001955098410
1005003308767061
1005003361151957
1005003160539137
32836817643
1005001439090532
4000272659503
1005002058401888
850198294
33035099519
1005001614566585
1005003031535926
1005003195419673
1005002344990308
4001139759317
1005001411584204
1005002262717442
1005001726397577
1005003347928756
4000988273412
4001247853084
1005003142825462
33021679655
32958127735
1005003318941525
32964328239
1005003311476223
1005003256503653
1005003257406124
1005003041711497
1005003075833370
32969588231
1005003219096444
1005002224161180
1005001478749400
1005002321817942
1005003346358974
1005002753441262
1005002897875929
1005003003705569
1005003376089054
1005002421714317
1005002716827375
1005003001691845
1005003251941279
1005003105137603
4001018909599
1005002489228809
1005003266155267
4000764737165
1005003344162591
1005003324777283
1005003209246687
32690132735
4000614547795
4000738062463
4000059861514
1005003069381156
4001141864492
1005002400665925
1005002856087974
1005003209731055
1005002689231402
1005003362657039
1005003122930181
1005002982890448
1005002776256000
1005003125929084
1005002315672946
1005003309870976
33001846148
32860985878
1005001309763208
32845432087
1005003129826342
1005002953488012
1005003317643870
1005003047415067
32831300344
4001194309669
1005002557780482
1005002988094799
32856703599
1005001761646966
1005003181792947
32559892294
10000343880362
1005003200586561
1005001681631195
1005001981727003
1005002487807361
1005002488297155
32783294361
1005001642497808
1005003218861252
1005001709901562
1005003373999974
1005002182529309
1005002952127495
1005003309857051
1005003182902979
1005001570694652
1005003293196517
1005003387483687
1005001584472525
1005002600810424
32833381084
1005001821599793
1005002065130451
33058137860
1005002947636413
4000796581500
1005001377651598
1005002271825072
1005003289818317
4000741280999
32965933275
4000833808386
4000901796279
1005003202725382
1005001899082788
1005002695207336
1005003038246609
1005001670776817
1005001630585490
4000519331174
4000223874837
1005002588520208
1005003286567502
1005002237657632
4001295261275
4000127225311
1005002499883981
32785743036
1005002357163678
1005003244719969
1005002331636392
1005003333993887
1005003328631680
1005003199655234
1005003318887719
32460982667
1005003230286037
4001364963319
1005002758400299
1005003000857555
1005002921866556
1005002266144771
1005003228719020
10000088404539
32780299418
4001358363426
1005002452626796
1005003315543570
4001234141906
1005002938390549
33057985090
1005002561603803
1005002797794426
1005002526492172
1005002181434333
4001280796491
1005003275191368
4000717144895
1005003276050590
1005001319806617
1005001670117332
1005003104104897
1005002453276126
1005001973996381
1005002450590103
32988062769
1005002189798799
1005001493391176
32859501373
1005002110350311
1005001686264101
1005003068979251
1005003281504619
1005002505222384
1005003062045501
1005001882641419
1005001444595815
1005002387743694
1005002863358125
1005003283205445
1005002723625256
4001135895630
33000224316
1005002590445086
1005001714506153
1005002964367633
1005003019329201
1005003093174988
1005002544394999
4000167242287
1005003208614752
4000117680090
1005002979679750
1005002742498944
4000941240852
32874708303
4000219198041
1005003138734840
1005002552259960
1005001398968983
1005002571444726
1005003083040971
32856991376
1005001851897750
1005003111271003
4001039311205
1005003283032851
1005002979456099
32931935417
4000036299170
1005001556667857
1005002636405546
4000309659960
1005002305803449
1005002375531423
1005002737098553
33015146120
1005003139726439
1005001463227463
4000194211498
1005003371368605
32890588113
1005003129506595
1005003169205111
1005002701611420
1005002564461499
1005002624563124
10000344003127
1005001917093984
1005003270299582
4001100081556
4000707336573
1005003119068180
4000141242833
1005002911311859
4000438222385
1993473186
1005001863066793
1005003118822878
4001271956528
1005002887930872
32905199804
33058828213
32806116152
33042147437
1005001703916838
1005001744986140
4000979868978
1005001382665064
32856481912
1005002020021547
1005002558181041
1005002481946235
32921714066
10000002724907
1005001630537794
32958445239
4001316779547
1005003075294115
1005002689959150
1005003030888220
4000961034128
32847502629
1005002258353327
1005003027363975
4001177282464
1005001441430070
1005003099316638
1005003342458281
32799755203
4001066183984
1005003242569764
1005002442075970
1005002830443320
1005002617510618
32555423228
1005002212329570
33049312830
4000339621285
33016723477
32851459834
1005003343693749
32520914056
1005001998660746
1005001299715019
32983706345
1005003345908544
1005002253082750
1005003101886434
4001334170465
1005003038854124
1005002531930005
33006851038
1005002454314109
32398768187
32985645023
1005001822296405
4000302409778
1005002717629437
1005003163509725
4001295185162
1005001829852112
33006328851
1005002696928446
1005001325914598
1005002476868800
1005003127968012
4000836665605
32888103687
4000823262796
4000897289863
1005003064356046
33006208187
32981239716
4001244604181
1005001271282270
4001205652099
1005003359377114
1005002212542836
4000136606547
4000381278801
4001197661711
1005003102302686
4000328065623
1005002774078165
1005001658221210
1005001672134202
1005002608909440
33059272938
32354039287
1005002737355424
1005002960997350
10000344003127
4000188854263
1005002650783795
1005003171984704
1005003165559629
4001038786413
1005002241706431
1005001792929701
1005003197206243
4000927959563
1005003111993866
1005003016179193
32864851262
1005001381900109
1005001489757542
32853074547
1005001524740567
32910206101
1005001605153073
1005003122851769
1005003120607953
1005003325723132
1005003337913319
1005002666486443
4000306797673
32878181383
1005002353003869
1005001351629384
32844056509
1005002616235932
4001304581517
1005001708128983
33026855290
1005002998746663
10000367012466
1005003020239925
10000027903907
1005001689643423
4000960866639
4000560643754
1005003336215409
1005002908152958
1005003224876989
32970519409
4000218917566
1005003362910440
1005002642911373
1005003372016790
1005002663445905
1005003195949664
1005003019235253
32888204816
1005002978645080
1005002488722327
4001345654780
1005003142574624
1005003236064803
1005003028549674
4000176061675
1005003055726606
1005002565135328
1005003186391807
1005002927813337
1005002898795196
1005003323362201
1005001968358093
1005001311801114
1005001619741204
1005001689933468
1005002105837945
32980837000
1005002526272262
1005002086468723
32884171720
32566751163
4000290767303
4000857394963
1005002930567510
1005003298945666
4000079871931
1005002879050145
1005002638754313
1005001636832292
1005002868863882
1005003245854663
1005003337839611
1005002398372358
1005003121723892
32423911839
1005002128520883
4000112946409
4001223037979
1005003197676767
32866702984
1005002635621038
1005003250630527
1000006981658
4000716022566
1005002833460965
1005003364891368
32594034531
1005003307903951
32920602499
32808569308
1005003032050855
4000735783170
32969377512
1005002287398090
1005003329413830
32908081009
1005001484259135
4000560361399
1005002943353792
1005001550744519
1005002503436923
1005002921894478
1005003025943408
1005003289095854
32835758261
1005003303714144
1005002012487068
1005003224204141
1005002395975505
1005003214450234
4001223062409
1005003180863189
1005003251364406
1005002721648656
32916123185
32947860306
1005003122479902
1005001937329233
1005002660877467
4000881041551
1005001941017186
1005002793754252
1005003119788999
1005003338374572
33035749632
1005003240039588
1005002548486637
1005002828973011
1005002183497193
1005003265097882
1005002280796061
1005002727656279
1005002412623964
33049100524
1005001552658034
1005002369142383
1005003004190661
1005003060874322
1005002508848696
32758458860
32809866754
1005001639221240
1005003113446685
1005002313923034
1005003390013879
32975389621
1005002413288409
1005003319386041
1005003223562246
1005003198541665
4000964053008
1005002476272294
1005003297961652
32892877833
1005002314425462
1005002390236899
1005003141995045
1005001650939709
1005001681709942
1005002623328617
33026135078
1005003092735644
4000310493036
1005003206177485
32986913430
1005001361115876
1005002884446722
1005002971497027
1005001551202016
4001114564649
4000149524773
1005003228293269
1005002870952563
32955645621
4001032660442
1005003037020391
1005003168928702
33024859356
4000979702826
1005002319089205
1005002146278871
1005003292506461
1005001613109294
32975623233
1005003143257780
32925039301
32962996932
1005001440847948
32647195826
4000897328881
10000002745209
1005003003662988
32990823292
1005003367598741
1005002196905518
1005003279551868
1005002804160689
10000002736663
1005002576971618
1005002548059208
1005003106857357
1005003182989052
4000490067410
1005002547086798
1005003269691479
1005002974081176
33003608816
1005003203074665
4001157524050
1005002459897660
32722482104
4000263465680
1005002073924093
4000648112530
32698924806
4000388570946
1005002652298414
1005002728184406
1005003006284679
4000342981014
32970704868
1005003067736545
1005002388969211
32786101172
32860367663
1005003095484742
1005003390270608
691641588
33046201518
1005003130076772
1005001305890007
1005003037218424
1005001797417036
1005002687026209
1005003366163221
1005003258223318
1005001916563153
1005003330056606
32808513645
10000395943186
4001203434914
1005001350825330
1005002938852377
4000855775407
1005003004083960
4000861822090
1005001627033567
4000066565409
1005003291296520
1530343968
1005002114744687
1005003342717127
1005003166127709
1005001976931698
32962505786
32818997780
1005003364014603
32949134234
1005002066260694
4000891723674
1005003307283524
1005003037776729
1005002354420801
4001226739095
32976437551
1005002842385623
1005003209669865
1799608465
1005003205890643
1005002692981685
1005002548010361
1005001779404662
1005003320011951
1005003060611884
1005003262995034
4000300410781
1005001987782777
32994025494
1005002426840775
1005003381588636
1005003031681717
32976434210
2030226826
33035988134
1005002199056937
4000453248324
1005002313717893
1005002716600884
1005001679124058
1005003272054044
1005003022799958
32758756706
32632939105
32664547130
1005003330736808
1005003035227409
32949722661
1005002504593826
32969315868
1005002687245513
1005003255483398
4000793908227
1005003063717345
1005003384802819
4000990156980
32896413158
32852151803
1005003282867489
1005002048966048
1005001793009726
1005003109109467
1005001872078899
1005002663090728
1005002084537554
1005002388095161
1005003164460531
1005001588223692
1005002455783356
32986597205
1850860254
1005002698180159
1005003178316676
32797646749
1005003262861166
1005002105013339
1005002989850323
1005002500283002
1005003324191875
1005003275762483
1005002780605184
4000583206420
1005002547307612
1005003115701625
1005002647197971
1005001979325769
32855061703
1005003178318783
32896789240
4000024267755
1005002843076984
1005002857323209
4001230346625
1005003359831251
32262219696
1005001678297562
1005002877540163
1005003250552834
1005003358517343
4001330614378
1005003148322052
1005003291001565
1005002865143650
1005002938804568
4001313789255
1005002898397628
32971618515
1005001822555012
1005003208814815
4001315053107
4001214643305
32741468570
1005003112684954
1005002695981467
1005001896122398
4000966814989
1005002495249375
1005002962821700
1005002896062087
1005002869969265
4001123952887
33044515037
1005002652767399
1005001949373803
1005002984346750
1005003200396241
1005003336272337
32968243479
1005001662918769
32866535192
1005002668004836
32819466983
4001197786536
1005001858404872
1005003188592029
1005001598872210
1005003316918600
1005002681909983
4001205435253
4000985985842
4000931212473
10000360260938
32946240742
32991078351
1005002093664697
1005002315583732
1005001780510684
1005001388512589
1005003216495715
1005002060048138
4000826923586
1005003019603770
1005002638192934
4001360420784
1005002482353009
1005002978110202
32812830818
4001244726762
1005003092654285
1005003276929040
4000052747290
4001033719583
4000206530166
1005003122955816
4000111647614
10000402423069
1005003129071169
1005002597798057
1005002647258712
4000372092499
1005003346596936
33040637951
1005002944287346
32979225761
4000853714171
1005003158979497
1005001393274672
1005002112240704
4000173911305
32845314898
1005003075893382
32895588342
1005002949114631
1005003124361590
32903163254
4001358649240
1005003365278772
1005003129241788
1005002018506782
4000203235192
1005003270882129
1005002608520489
4000333205052
1005002003057281
32967968800
4001191584311
1005002642244416
1005002593509803
32716174343
32963584278
1005002537998605
1005001597643953
1005003123313895
32537096356
1005001472116955
1005002899307811
4000544124658
1005003373652600
32981211078
32795037509
4001266077076
1005003115180416
1005001354749994
4000678140050
32438680330
1005001477164551
1005003087665135
1005002996709862
4000374268484
1005002358130303
32931665819
1005003153319205
32473438882
1005003341383637
1005002320942821
1005002995474685
4000100474797
4000158239093
32783266787
1005001326273354
32770603674
1005003344670886
4001036564981
1005003106528539
4001293863329
32887960123
1005002778316040
4000383379901
1005001707739074
32843112008
1005002624309736
1005003226961137
1005002309672706
1005002856992461
32665147213
1005002247986152
32984159659
1005003048611618
1005003265045568
4000578858708
1005002301556420
1005002322628965
1005003091078449
1005002944265517
1005002577756502
4001238448205
1005002441880642
1005003291564798
32912244104
4001356298516
4000000755975
1005002889613825
32938982315
1005002907472618
32735656521
1005002034097408
1005003165316785
1005002516236096
1005001872732421
1005002164780721
1005002531742420
33043088179
1005003015088492
1005003175913551
1005001820970044
1005003135943003
1005003280748500
1005002567157902
1005003347110081
1005003090302043
4000253617601
1005002538851916
1005002054874390
4001220488865
1005002604025627
1005002914036657
1005001280980046
32856331133
1005003076956615
4000894562923
1005003160221538
4000867882215
1005003278136786
1005003294388193
1005002322267002
1005003205677684
1005002110511790
4001211987139
1005003340454023
1005003180773534
1005003035645400
1005002813089978
1005003019481033
1005003136632678
1005002655253983
32884727984
33028733813
1005003224974708
4000062975092
1005003090300301
1005003383984432
1005002770509134
1005003205280743
4001108164945
4000286834829
1005003188553317
4000043635969
1005002738667490
1005003120921828
4000051576538
4000663983377
32974170481
4000164809114
4001257724975
1005001849688376
1005003363761784
1005002421286992
1005002856178887
1005002803697714
1005002765098189
1005001369518499
1005003307458571
32831574206
32829971610
32782873215
1005001823712316
1005002748751431
1005003323318790
1005001524962717
1005003378118610
1005003347257196
1005001437579268
32960184598
32812574030
1005003129283948
1005003373664103
4000273577484
1005003066912546
1005002277323106
32958421111
1005003249237695
1867083751
1005003152331493
32917428877
1005002604846447
4000687099494
1005002901120445
1005003344796598
32994585253
32827303407
1005002709982265
1005003297524684
1005002947014279
32859602809
1005003001689027
1005003111259627
1005002978868349
32871218194
1005001928764804
4001142029940
1005002834674908
33021478100
1005001669545496
1005003240224142
1005001321688343
1005002870804166
1005003165486420
1005002907838900
1005002855538082
1005003388473440
1005002963355501
4000730363811
32968925437
1000001804078
1005003019246895
4000039601397
1005002406328281
1005003382097910
1005003157436159
1005003223917774
4000336189172
1005002744978744
1005002568008072
1005002413387950
32881761181
4000931441229
4000532429098
33007521693
1005003319328938
4000910398036
1005003020115175
1005003197820389
1005003349471905
33005200371
1005002605133661
1005002886780847
32994809944
1005003058221784
4000481108750
33054562853
1005003128025746
32856465136
1005002085822983
1005002702394564
1005003269584408
10000198200284
1005003194896318
4000013066903
1005003295099214
1005002722721571
1005002351312515
32998829551
1005003034415684
1005002607420765
4001201318546
4000262535780
1005002508711149
4001355676089
1005003384621500
32825056859
1005002821780670
1005003341061308
1005001833640693
1005002960060829
32844144808
1005002755932406
4000176291463
1005003204294744
1005002157727444
1005002085131737
4000803683696
1005002323378379
1005001703285285
4001080118580
1005002895396715
1005003285990946
32972109454
1005002962269966
32989581878
1005002367967011
1005002468648926
1005003300411387
1005003175610870
1005002826911785
1005002558216914
32948267810
1005002888346878
32910440189
1005003251793435
4000903686062
1005003311749238
4000209431732
32974064759
1005001818834000
1005002826694496
1005001967929322
1005002205555715
1005002716760835
4000386667250
1005002948242588
4000134031363
10000395831569
1005002990449479
1005003136985623
1005003069822390
1005003240968307
4000641379900
1005001874373922
1005003195753084
1005003050715465
1005002270426824
1005001901862125
1005002786667490
1005003056264540
1005002790563101
1005001865382992
1005002444152463
1005003218997813
1005002496109780
33037799594
32812509852
4001022519845
1005002608365666
1005003384556022
1005003038280714
1005003150555971
1005001407787372
1005003137897252
32903648085
4000597338907
4000253631047
1005003131653824
1005003112970759
1005003368658697
1005002737771780
4000614777635
1005003298992266
1005002497363493
1005003289795592
1005001838752094
33013096084
1005001440859544
1005003056419700
4001330809430
1005002931579344
1005002948859941
1005003198028009
1005002578182548
1005003205182713
1005003292621330
4000808751690
32977980199
32850770715
1005003283270569
1005001798991243
32761146084
1005002027396170
1005002931972814
1005002197500675
33009110266
4000912980734
1005002066111757
1005002499530344
1005003301572725
4000682880354
10000277399348
1005002614002557
1005002286282951
4000554300511
1005003313343137
1005002833598364
1005003193888208
4001068382434
1005003213947754
1005002631404949
1005003349977626
1005003303970456
1005003356326228
1005001888291537
4001080104115
32968437015
1005002747270326
1005003185881796
1005003217554824
4000095974247
1005003302393844
1005003177660777
4001156725575
1005001506064745
1005002428866635
1005002133578126
1005001695436832
1005002134338103
1005003202052520
33019424749
4000392809179
32817582360
1005003251323575
1005002297732919
1005003135492182
1005002177348963
1005002900251949
1005002657165397
1005003168423941
4000953670047
1000006820064
1005003338961671
1005003164546630
1005002517007630
1005003313669444
1005002037535415
1005002311706763
1005003041174512
1005002638094492
1005002600726838
1005001565480211
1005003208769774
32761276194
1005003037386455
1005002323069325
1005003376129027
1005001427329448
1005002879204450
4001296364529
1005002227954160
1005003001076269
1005003327823242
1005003221096705
1005003301828313
1005002448092702
1005002856188515
33046607773
1005002553876879
1005002739299411
1005003385077655
32905152543
1005003222656792
32839786709
4001160721388
4000196336058
4000967144045
1005002740481521
1005002670594825
32980960529
4000290544355
1005001446677598
4000221916878
1005002961559133
1005002768570741
1005003111580082
32959973980
1005001321738102
1005003265253040
1005003034548453
1005002220460721
1005002012994738
1005002064555785
1005002387307549
32996414763
1005003198637409
1005003163980938
1005001412220262
32870903905
1005003080451399
32347422366
33008055347
1005002762158089
1005002939675808
1005003070133123
1005001335544809
1005002756495146
1005001961729153
33058623105
4001226692541
1005003172413908
1005002642521042
4001316087611
1005001510287282
1005002823451032
1005003108536618
4001018227126
32856976158
1005001670840298
4000910837299
32622275089
4000672559639
1005002273201612
1005003024734942
1005002879085709
1005002871544972
1005003354735780
1005002562820771
1005002608955171
1005002272612648
1005001704048925
4001186228809
1005003383946841
1005003308469834
1005001998080879
1005001939611310
1005003338035119
1005002925609747
1005003291857116
1005003163918771
1005003078215479
1005003143205550
1005002551232117
1005002011460911
1005003148038143
4000866637172
33053493233
1005003338867492
1005002657513913
4001293006026
1005003147169020
1005002733163451
32848469749
1005003305530311
32859014196
1005003033098539
32855568167
1005003354963396
4000990030129
1005001652033363
1005002211353262
32992989611
1005003129652621
32804916645
1005002705926740
1005003247111517
1005002787396622
1005003283755292
1005002112569859
32712094736
1005002787131865
33059470761
1005003026848042
1005001712387647
1005002334054916
1005002645949097
1005003360197675
1005002698154573
1005002466681043
4001019470190
1005003055240358
1005002552350805
1005003161930819
32910325026
1005002966711695
1005002322526713
1005003188181715
32484293262
1005003383301817
1005001695378843
1005003034293551
33038741102
4001247461973
33007453170
4001313979214
1005002490111477
1005003217361817
4001226971372
4000808073038
1005002028822406
1005002254876484
1005001467861396
1005002570349867
33009796792
1005002697929380
1005003010166262
4001084890382
32838135955
1005002211984456
32975335507