1005003045876152
1005003336700162
1005002531527184
1005003383021815
1005002271240658
32797374888
1005001913246311
32809995984
1005002039519134
1005003129331669
1005002496285035
1005002985504420
32808732065
1005003198035606
1005002523972193
1005003033378551
1005001797111376
1005002018731834
32924991186
4000756756401
1005001817972354
1005002776014811
1005001325268888
1005002618716609
1005003208475504
1005002206054323
1005003339618313
4000708768168
32894845814
1005001424508793
4000922776801
1005002054702157
1005003136212924
1005002701413999
4001100070433
4000369692395
1005002680340008
32753466281
1005002745208899
1005001680456588
1005002861166855
32948425785
1005002548369235
1005002930800822
4000843820536
4000314257733
1005001598377540
1005003181154837
616569727
4000680420666
1005003290775916
1005002608989127
32614328439
4000293169023
1005002956820921
1005002752013225
33007863581
1005002728263281
1005001430424155
4000717347882
1005003270147963
1005002263621051
1005003097455952
1005003203891947
32942161901
1005002554992523
33041601522
4000817359082
33007772667
4000610094243
1005002783517401
1005003001446964
1005002703906923
1005003354742436
1005002428070572
1005001458847481
1005001274524536
1005003071869975
1005002745996279
32589417709
1005003365682812
1005003019447132
1005001313302301
1005001568315372
1005003371235713
1005001495575867
1005002694565540
1005003177482704
1005001867405123
1005001883229529
1005003297816668
1005003059087338
32512672818
1005002111245783
1005002358310693
1005002136453855
32858788877
4000282482952
32816860496
1005003166065279
1005002835044680
1005003063664813
1005002900262791
1005003181208354
1005002661430635
1005001850585372
1005002604198489
32771177714
32936100775
1005002570911238
32989212339
1005003348353288
1005003339165870
1005002451389733
1005002731110983
4000118074769
1005003165081162
4000566812850
1005003197077285
32668578746
33006043617
1005002823533463
1005003188445205
1005001617225679
4000748016983
1005002286335765
1005001867944920
4000709968260
1005002225836955
1005003333728273
1005002966444218
1005001375847385
1005003070042517
1005002951968172
32846992531
4000150476585
1005002776260035
32830550890
1005003009691167
32982676284
1005003070747865
32987769652
1005003240907896
32857874722
1005003118250013
1005003042843531
4001061669085
1005003047808665
1005002651957008
1005003016563528
4000704772672
1005001439081770
1005002240199084
1005002168788273
1005002699759282
1005001420190475
1005002109745417
4001230950994
1005001764727046
33024815236
1005003277739729
4000641421097
1005001918340170
1183116262
1005003311271194
1005002595596076
1005003068732757
1005002970791969
1005002803477391
4001141437178
1005001327202771
1005002439317693
1005003320435464
1005003246953162
1005001731167340
1005002322643703
1005003071822207
1005001586285058
33009030521
4001170481546
1005002990346646
1005002907496912
1005002439920674
1005002861816369
1005002964206507
1005002889563536
1005003364961981
4000189374086
4000826200229
1005002406679886
1005003213415061
1005003199016686
1005002004264869
1005003345853520
1005003364687238
1005001530291336
1005003123488996
1005002974046852
33058359800
32966674856
1005003058983091
32867049001
32814209848
1005001942443949
32833988448
4000002076599
1005002167825634
32846229417
1005002740001656
1005002688397265
1005001669241340
1005002302610295
1005003283848737
1005003262077728
1005002576966535
32837484197
32842204584
1005003196576702
1005001983066020
1005003348238244
1005001502285700
1005003140956764
1005002931839739
4001309480860
1005003257582585
10000395852076
1005002759266099
4000182213872
1005003068117230
4001233844261
4001179127621
1005002788467532
1005003029179645
4001360379414
32865977676
1005003299331291
1005002775871510
4000794680873
4001027049805
1005002217706925
1005003044243689
1005003308216816
1005003361651862
1005003027113280
1005002259225530
1005001327222671
1005002984447723
1005002010980310
1005001297832199
1005002920558193
4000230884398
1005003221878669
1005001325318115
1005002198102486
1005002238637581
1005003110090020
1005002804494854
4001315681418
4000524154738
1005002969966978
1005001630433308
1005003232057405
1005002196101799
1005001867768764
4000610202837
1005003310244289
4001014581643
1005002816800487
1005002393773839
1005003325296983
1005003152945998
1005003224168780
4001040786527
1005003034204273
4001227532381
1005002959333345
1005001685705415
32230882658
1005001413821426
1005002715555523
1005003323155784
4000394105672
1005003241737927
1005003263304433
1005001475571286
1005002656801563
32832278372
4000916632002
1005002558216353
4001297448328
1005003104266895
1005002456486745
1005003370882591
32812537525
1005002323007636
1005003124122553
4000692692602
32997374142
4001246346527
1005003283445875
1005002978640807
4000011136128
1005002823718328
1005002558736885
32813965743
1005003187680191
32961701165
32974529256
4000920871958
1005002043254238
32822854851
32692616319
1005003139098766
1005001608376993
1005003387581136
32822889815
1005002277307053
1005003015629403
1005003117022217
1005002914597506
4000103955513
4001252065518
1005002177076107
1005001993593164
1005002515484055
1005001869200739
1005003141211155
1005002979692073
4000756927077
4001071882781
1005002836903341
4001157045352
1005003295749432
32949749140
1005003043434685
1005001864336243
1005002957670644
4001014966796
1005003365131817
1005001547679742
1005002109898582
1005002997545182
1005002689522917
4001326644518
1005002953412951
1005003052587019
1005002676356685
4001018684489
1005002910566766
1005001782573557
1005001441394125
1005003332877436
1005003241179203
1005003275478411
1005001522272651
32993803695
1005003033773448
1005001335118108
1005002802004297
32959221135
1005002907445611
4000817305450
1005002952396278
1005002310804047
1005003152496930
4001157037749
1005002695140078
1005001451889201
32798942966
32976398177
1005001450129155
1005002888334673
1005002084171147
1005002450247827
1005003032060446
1005002997352187
1005001366089819
1005003308647439
32964091824
1005002900817781
4000643546748
1005001840844366
1005002468531650
1005002247501802
1005002668784951
1005001425163966
1005002687957881
1005002979182768
1005002343843200
32956109136
1005003293480825
1005001864939757
1005001585642459
1005001639349727
1005003272408647
1005001821756850
2031968728
4000911106624
1005003075944758
1005002449531988
4000801353087
1005002965460466
1005002381427118
1005002316604971
4000185242601
1005003395832728
1005003134888381
1005003305823057
32870170418
4000019188984
1005002679500000
1005003193831783
1005003182941387
1005003222981531
1005003007684844
4000173996041
1005001446898063
4000884347778
1005001918517200
32951673425
1005001638095960
1005002468144834
1005002028302003
4000042300224
1005003001675920
32961787063
1005001844780543
1005002529420390
1005003205985300
1005003219215424
4001223856190
32841153797
1005001763592916
1005003343031723
1005003292036097
1005003248968456
1005003123906732
4000391557173
1005001665248790
1005003201308767
4000251076068
4000764286929
1005002277240428
1005002705289058
1005002720770512
1005001889743371
1005001535266034
1005003368219232
1005002448118630
1005003030675436
1005003129444803
4000186725857
32850626742
33046666053
1005003239282123
1005002353239357
1005002372036816
1005003192366911
1005003290388103
1005002486011618
850199925
32996938586
1005002856781659
1005003234800371
1005002105160436
1005002548903184
1005003309203947
1005002345728246
1005002567807084
1005002508483783
1005002998794151
1005002558364128
1005002125287247
32545860352
32953392469
32332283788
1005002124476541
1005001393287435
1005003385033968
1005002594781577
1005002566420575
1005001593965682
33050704686
33049467397
1005002882106023
1005003123542351
32860632018
4001184320121
4000986732537
33001409290
4000894651068
1000003470147
1005003342204022
32980028831
32879080389
4000186986526
1005002635335953
1005002869089356
32956617144
1005003358220032
1005002861678810
1005003148645215
1005002627169314
1005003275665361
1005003121236326
1005003089213740
1005002304262931
4001276917651
1005003383587642
1977318061
32391392530
1005002988961503
1005003242703758
1005002992570890
1005002869939159
1005002741749435
4000142821357
1005003267048769
1005003208400736
1005003341219699
1005003194794423
1005002650058237
1005002918449250
1005003111287305
1005002337086424
32882213600
33038575930
1005003306008224
32863655641
32972244814
33042231010
1005002462440534
1005003228004067
1005001757116080
1005001964801362
1005002920185385
1005003014664266
1005003014641067
1005003263138040
1005002709025454
1005003077801824
1005003349313479
1005002396582818
1005001732514941
1005002745123922
1005002708364249
1005001468254446
32886166066
1005002297901109
4000846070350
32913637182
1005002866531227
32961373972
1005003371273969
1005002672913432
1005002726949571
32925979216
4000935708732
1005001907524737
1005002568711971
4000844518810
1005003096794799
1005001652095222
1005003341195648
1005002134482311
1005003005441987
1005001344974648
1005002600869289
1005002841798604
33015385587
1005002027550001
33012474972
1005002396655609
32727344681
1005002392927484
33063202838
1005002575993910
1005002239399392
4001355047770
32951083104
1005003309266122
32890601275
1005002361566653
1005001391972678
1005002080212701
32916043053
1005002518271069
1005001688135487
1005002875692227
4000591535610
1005002920075741
1005001927760784
32816295896
4001120366575
1005001676545746
1005003337356752
32950091153
32949893085
1005003278923634
32750734031
1005003348327593
1005003200691932
4000039605776
1005002846306380
1005002278101173
1005002409489261
1005003104997603
32750691446
4000829155463
1005001709852461
1005003214256166
32816950393
1005002541611375
1005001787436323
1005003150168897
1005001510595815
1005002766191863
1005002994431998
1005002811152917
1005002896812176
32911442692
1005003231689830
1005001597841273
1005002484250955
1005002313055483
1005003288628615
32830342293
32844870410
4000930818034
33022850143
1005003279511300
1005002715416661
32956558501
1005002936191613
1005002411454157
32671381253
1005002810719941
1005002314054011
1005001952245192
1005003356170072
4000199378844
1005003297169761
1005001622970843
1005003380034697
32962116601
1005002290119100
1005002995301192
32855556383
1005002344284776
1005001881065145
33040112385
1005003083095781
32974441288
32901005459
1005003313702483
1005002924877314
4001093505435
1005002681022241
4000397512943
4000267698917
1005003095675005
4001225289459
1005003222571964
1005003261834043
1005003187251399
1005001996603626
1005002911422096
1005002339255367
1005002431671497
1005003147075840
1005003099279283
4000392596315
1005002978017240
1005002039025711
1005002361810283
1005003384208418
33058965550
1005003164012519
1005002368967428
1005001620829777
1005003128148115
1005003223667795
1005001407900006
32859770355
1000001565732
10000397755231
1005003031636544
1005002213662622
33030112066
1005003134043157
4000518883872
1005003167763940
1005003019323690
1005002616881419
1005001791524829
1005003005755459
4000234831126
1005003006376904
32998549426
1005002558393291
1005003350016576
33060379955
1005003067061559
1005002949887066
1005002493970952
4000109729348
1005002960238395
4000220409771
1005003199424611
1005002700579610
1005002739362471
4001243702836
1005002496006509
1005001317515774
1005001349629850
4001009969341
1005002973084737
4000589713518
33057504856
1005001544396637
1005001851439512
1005001829850794
1005001561140396
32983303848
1005001630743109
32858185034
1005001710117085
1005002885139938
1005002843282954
4001037751077
1005002304007407
1005003375693059
1005002357907319
1005003056523078
1005002961388334
32369378717
4000286924118
10000344098913
1005002641038923
1005003050648914
4000624813674
32966081950
1005002997780922
4000574348044
1005001356573361
1005003391372155
1005002938317183
1005002061896974
1005003293381654
1005002823825866
1005003027634567
32663336137
1005003189565146
1005002837214555
4000994410784
1005003249734916
1005002552796249
32950159503
1005002647268437
1005003304967781
32879750033
4000640593799
1005002427267023
32872317295
1005002697278685
4000963966548
1005003328735019
1005002020703106
1005003335123554
1005003246801143
1005002698155383
1005003056313815
1005002346712888
1005001692244861
4001062630978
1005003327941930
4001237963817
32954631300
1005003319316888
1005001588236572
4000607425069
4001163140255
1005003062663750
4000382768777
32951889552
1005003066619029
1005002801029416
33007075873
1005001309631878
1005002065323654
1005002993045070
1005002851943038
1005002143376017
1005002974436423
1005002717434038
1005002754867088
1005002977609248
32889108646
1005003129940128
1005002554020317
1005003082828001
1005002310786372
32820932458
1005002577636570
1005001940995145
1005002982806782
1005003164617941
1005002984483270
1005003346507310
1005002303985755
4000768612432
32724340459
1005001695521047
1005002760100711
1005002317953652
1005002855403622
1005002856662517
1005002557345402
1005003241409936
4001221770663
1005003038565307
1005001796866004
1005002056736956
1005003124909501
1005003177003439
10000310543138
32853186567
4000897484720
1005002718556701
1005002662861246
1005002184640426
1005003342595684
1005003075799981
1005002970163204
32957844337
1005001441488064
32962714351
1005003038054155
1005003383945580
1005003128296075
4001278932536
1005002654440815
1005003336468245
1005002699761263
1005001705650373
1005003186030517
1005002443718099
1005002477202124
1005002857235388
1005001355913142
1005002786787600
4000944690777
4000820625177
1005002734740243
1005001390495636
1005001525603857
1005001472230235
32636866312
1005002524397178
1005002639259798
1005003282105667
1005001297360739
1005001996841675
32965023901
1005002844015305
4000430602371
1005003128769628
1005003396645538
1005001393350412
32799904245
1005003341705597
1005002313242194
33009263171
1005002926970655
1005002805005856
1005003305582565
1005002090553862
1005002465834713
4001352197913
1005001560486533
4001062609270
10000269808192
1005002478140910
1005003241551383
1005001442629935
1005001476746569
1005003211719775
1005002087256100
1005003365913390
1005002128655433
4001150696670
1005002751956330
1005002434608535
1005003218648575
1005003082964634
4000188663981
1005002791276855
33048851371
32973359941
1005003269737951
32875970161
4000506711363
1005003308276681
32925659732
4001358700644
1005003339230693
1005003019161649
1005003254467301
1005003166894699
33026526451
1005001773854285
1005002358688388
1005003055297280
1005002218825244
1005002936020539
1005003025442713
1005002487823720
1005003303152280
4000141669099
1005002933440451
1005002473474396
1005002574849527
1005003113648378
1005002443819657
1005003163927888
1005002357067447
1005002621956038
1005002738633741
4000843457565
1005002939690467
1005001640426071
1005003302313372
1005002869266621
4001240860580
1005003304225637
1005002596682135
32999617145
1005003251802639
1005001351698692
1005003381895860
32535954346
32848875940
1005002109938299
1005002783606925
1005002190849541
1005002480661879
1005003366007457
1005002337450650
1005003276530985
4000465871436
1005002923700521
1005001620066480
1005003090368928
1005003242623936
1005002864135010
1005002594597891
1005002378900961
1005003009420995
1005002824336567
32998669773
33040929116
4000336148345
1005001988735501
1005002322791986
1005003363825023
1005003062853695
1005002457397599
1005002836645470
33024079129
4000203807538
1005002673923326
1005002833331366
1005003014594524
1005003057041274
1005003294070875
1005003331265979
4001270274518
32999174967
4000740036212
1005001650322934
1005001998421655
1005001495336911
1005002583363976
1005002597681938
1005002716925108
1005002375579587
1005001682998589
1005002881815045
4001278867453
1005001834785529
1005002598587491
32861670038
4000930185363
1005002280455610
1005003014699265
1005002957117014
32905192275
1005002632473746
32955768585
1005002161499362
1000001734620
1005002650375709
1005001822130016
1005003314288076
32997937337
1005003354997210
4000271899395
4001271184338
1005001999125802
1005002061867199
1005002753379974
1005003087483727
4000752122556
1005001528832702
1005001788865726
1005002202171050
1005003320875795
4000491953067
1005003058350728
32891371938
1005002478688051
1005003288725811
10000002729857
1005002724850738
1005001575407478
1005003014557730
1005002827398247
1005002924503704
4000784838768
1005003352579998
4000693314359
1005001359775735
1005002331039034
1005003159011229
1005003349393599
4000220693368
32963905627
1005003163634652
1005003171470571
4001219075721
1005002551720084
1005001998629431
1005002845435507
1005003120317934
1005002241754726
32878632107
1005002409177130
1005002520596390
32837417961
1005002833509485
1005003096954876
1005003021050076
1005003095293646
32849256418
1005002940715751
1005001873314422
4000258801754
1005003097730878
1005001791702528
1005002766946780
1005002827003518
4000705788241
1005001295990905
1005003161114236
32974558000
33041454120
1005002336481211
1005002566319514
1005003386380377
1005001328228883
1005002227935236
1005003060634965
4000801556207
4001268390079
1005002340213441
4001150953967
1005003123751828
1005003052670015
1005003121388081
1005003052208886
1005003142359682
1000007935880
1005003104507632
4001291999052
32869772518
1005002612082733
1005001594666391
1005003006366171
1005002116356765
4000833787312
32991151187
1005003028649813
32955988847
1005003071632780
32626125335
32982953002
1005002938971203
1005001441457522
32801366466
1005003326490386
4001150012361
1005001781685061
1005002656855167
1005001664862468
1005002061902512
1005002861735888
1005001856859930
1005002642853176
1005002898954056
1005003146393620
32833089060
1005002246187725
1005002964222344
4000298885968
1005002935500394
1005002313350884
1005002409601287
4001209733221
1005003124371009
4001296003395
1005002372171475
1005001786794009
1005001920548189
32813724347
1005001840647996
4000093523525
4001243960201
4001081138687
32849691436
32755475803
4001268023318
1005003299387043
1005003068685188
1005003091676933
32877559396
32854375356
1005002787332905
32880690762
1005002965072706
4001061423581
1005003323175987
1005003342213940
1005001522342045
1005003298293233
1005001458254251
1005002835694579
4000817986416
1005002565797081
32947929008
1005003015453948
1005002931515803
1005001321938866
1005002424277803
1005002697428928
32757755447
10000107828234
4001366524659
4000546693063
1005003053333240
4001316713318
1005002551386408
1005003180982264
32896791526
1005002721084479
1005002287754802
1005003280524727
1697438795
1005003337128638
1005001855710563
1005003129537331
32853928934
1005002002384796
1005003071819812
4001066534611
1005003371119156
1005001800706886
1005002689373884
4001184118858
1005002010758967
1005001407153468
1005001495975096
4000970724890
1005001588199612
32919817570
1005002313750174
32946296782
4001201498618
4001230406175
4000449323234
1005003017677737
1005002255130060
1005002484078051
1005003158094528
1005003330671088
1005002387389678
1005002986425750
1005003368625071
4000714600046
32996962431
1005003133012285
1005003078908924
1005002288048083
4000337941279
1005002990536101
1005001785252186
1005002300840965
1005002982558932
1005001940844076
4000874339288
1005002495659694
32664187601
1005002053620949
1005003213838735
1005002664980418
1005001923400295
1005003177219907
1005003130283538
1005002624048823
1005001695353780
1005002553501801
4001010314816
32462571231
32496191670
4001124397851
1005003017244427
4000113342533
1005001423120207
1005002342884381
32468127870
1005002856702475
1005002161460167
1005001333943689
1005003152532177
1005002532803298
32798578140
1305500931
33035986895
1005002133752934
1005002948343526
4001278952070
1005001862945066
32994147233
1005002951979999
1005003227761108
32931270885
33001347805
1005002943816806
1005002136800362
1005003262497727
1005002594420785
1005002848191366
1005003332397039
4000264658688
1005002870390791
1005003082852144
1005002487074089
4001236203517
1005002323204518
4001160696347
1005002879345678
1005003104897173
1005003187978525
4001038833103
4000115315067
1005003299553529
1005001742653040
1005002313384613
1005003220525238
1005001285208758
1005003234460703
10000402929891
32863504045
1005001593874188
1005003074320129
4000316224493
1005003079677529
1005003220148240
4001094254269
1005001671612303
4000463767344
1005003218788588
1005003253729481
1005002568513753
1005003201914430
4001223710529
1005002086096079
1005001645686801
1005003383467308
1005001688735955
1005003118794077
1005002965709009
4000537257721
1005002655505983
1005002598909641
1005003020775407
1005003386756455
32951058435
1005002783762376
1005002448954871
4001157617358
1005002940223715
1005003205864661
1005002637075435
1005001913679290
1005002292438465
1005002748829228
1005002431517474
1005002549482246
1005003356350297
32916218894
33041621452
1005001588143948
4001305792650
1005002906766305
1005002428079488
1005003344755915
4000688779064
32819234965
1005002559237528
1005003249779334
4000770024640
1005001747227551
1005003005438213
1005001894645292
1005002746019759
4000765271036
1005002252097106
1005003188579136
1005003235707009
1005001960418555
32900774561
1005003184146434
4001159185230
1005003365907460
4000772057511
1005001865382992
1005001650966265
4001067011391
1005001657747668
1005002562962747
1005002940517718
1005003092091285
1005002357526669
1005001768435916
32843592950
1005001818031585
1005002656500304
32949192818
1005002532122287
1005003191243732
1005003196903090
1005002537058867
1005003207656305
1005002811458491
4000916545633
1005001705432345
1005003069791793
1005001883623611
1005002538719576
1005003060326395
1005003036034029
1005002008186872
33020041551
1005003083631783
1005003385912338
4001248392391
1005003121016890
1005003095293434
1005003124929396
1005002339519772
32933568926
1005002876973220
1005003065548201
4001272004005
1005001563115305
33044682449
1005003302300399
1005002959540499
1005003391535078
32959084177
1005003238295413
1005003247678420
1005003177562042
1005001525378793
32813057862
4001230292750
1005002730734084
1005003166255762
1005003146741191
1005003378488139
1005003055146731
1005002026919693
1005003331250549
1005003199667622
1005003309925180
1005002737558304
4000274514727
1005002377908384
1005002089713301
1005002763076217
1005003370436495
1005002329338857
32528514337
1005003115771063
32885022313
1005002747726605
32849895615
33035812926
1005003273271299
1005002264553694
1005002776954802
1005002339886763
4000061955600
1005003132186948
1005002357653890
1005003253328017
1005003001589693
1005002452792277
33007456826
1005003314640692
1005002288927897
1005003350074929
4001080501027
1005002657831305
1005002538121332
32909599928
4001215898397
32814287948
1005003300069389
1005002448858723
32970769392
1005002902205456
4000857202231
1005003129439488
1005002833981153
1005002831545747
1005002459565411
1005003111668705
1005003387500182
32918596292
33011620178
1005001727003814
1005002780176330
1005003133218342
1005003104684030
1005003187646474
1005003287134452
1005001456556907
32618018462
4001083716855
1005002128413182
1005003147031653
1005001646922190
1005002864233021
1005001613002260
1005003061742390
1005003190688326
1005002257886761
1005003021566664
4000387026834
4001142372333
1005003281834048
1005002774293462
4001156244581
4001276066626
32896542508
1005002483296532
1005002857284446
1005002453338142
1005003193877960
1005002546977328
1005003142829911
32961621476
1005002752574941
4000589663576
1005003349997415
1005002234929522
4001148932186
32684657793
1005002804483092
1005002275755993
1005002554333867
1005001437275015
1005001972374653
4001154192394
1005003099493432
1005002469636681
1005003213283654
1005001989236703
1005002282352201
1005002438649975
1005003062417023
32987405990
1005002783811467
4000846309863
1005003203083941
1005002352294856
1005002624452375
1005002224388192
1257305016
1005003292667313
1005002275566507
1005002703860683
1005003062383765
1005002698656082
2041195351
1005002982104085
1005002976154709
1005001997031898
32693415683
1005003029876702
4001083489661
1005003240645375
1005003277977938
1005003336974655
1005002638571931
33058002913
1005003146504393
1005002345694057
1005001524420059
1005003019193774
1005003314125122
1005002763657372
1005003135103729
4000720706914
1005003142254396
4000742323385
4000423512805
1005003221752946
4001296865072
1005003380920912
1005002789040721
32963073818
4000018849675
33036029639
4000769624723
1005002759506193
1005001952207102
1005002702721847
4000941464075
1005002252461849
32994084929
1000008725040
1005003242557820
1005002929321311
33045443840
4000548954330
4000165786365
1005003331557881
1005003065815384
1005002646426124
1005003081435628
1005002901695736
1005002600855564
1005002636310155
1005001853862141
1005002866671451
1005003333842895
1005002963929920
33048535638
4000302409172
4001207455203
1005002285635339
1005002417920179
1005002864302421
32963835102
1005001700616740
1005001436880933
1005002481138931
1005001475185291
1005003097206049
1005003026795938
1005002522347372
4000624070699
32851183060
4000927981498
1005003083090165
33047737457
4000394076168
1005002907203554
4001238021031
32946969066
1005003213782974
1005001572079557
33053042304
1005003304666682
32296489350
1005003209006919
1005002824096290
32961683832
1005002496002120
1005003364397355
4001192241938
33062590570
1005003161716920
1005003392426617
4000013888720
1005002693856629
1005001290332593
1000008130926
32890565484
1005003013809407
1005003236915048
1005003090608234
1005001797661111
10000397724467
1005002604254968
33044796250
32554287454
1005003165095017
1005001964114631
10000349689406
1005002603974130
32788944823
1005003391549394
1005002990329361
1005003130753741
1005002943865361
1005002002262254
4001257431155
1005002329254452
1005003017190968
1005003163808305
1005003143220492
1005001846691245
1005003280496892
1005002705261145
1005003236824074
33013140602
1005002652108364
1005002310321857
1005003106537889
4000557583230
32453213878
1005003359686983
1005003385135291
4000742082194
1005001711045573
32763486826
1005001493287871
1005002927629338
1005002452162521
32817415405
32792886786
1005002635806372
1005003118914259
1005003147483761
4000836541729
1005003235229297
4000849284946
1005003110001873
1005003367098349
1005001279572407
1005001989088929
4001079342705
4000315482213
1005002523935152
1005002471405774
1005003189230174
32817127485
1005002326329384
1005002516917917
1005002616268538
1005002528071168
1005002796080072
1005002312264124
1000007890069
32958250488
4000689191640
4000772060338
1005002983214093
1005003219417861
1005002816576786
1005003158990544
1005001264929484
4001299050346
1005003387441954
1005002480750692
4000600465751
10000015902475
1005003146395123
1005002313136479
1005002822102355
1005002921722179
1005003031665106
10000395865925
1005002540650261
1005002323749680
1005001817769831
1005002364975656
1005002960436480
1005003120109287
1005003029766522
32831973742
1005002658753951
1005002359781023
4000082455521
1005003086014962
1005003011762882
1005002759854894
1005001935429359
1005003192912021
32848097523
1005002926415828
32960544702
1005002531623603
1005003151200789
1005003364095069
1005003175368991
1005002610071957
1005001381266495
1005002563489955
4000560730218
4001151111213
4001136276164
1005001435502881
1005003196278258
1005002039479526
4001160720095
1005002285832337
1005003202423234
32975306761
10000395880204
4000257272031
1005003255497673
1005002568533269
1005003312350491
4001259004966
1005003248743001
1005002162270303
1005003325426266
1005003342369507
1005003196461442
1005002673686734
1005002804385263
1005002075014518
1005001587116303
1005002900096502
1005003236940455
1005003301203100
1005003136118271
4000148009048
1005001526036831
1005002905322620
1005003365554130
4000994267581
1005003344581866
1005002862796043
4001204926555
4000345418975
32956572697
1005001921096085
1005001278148758
1357316738
1005003039267331
1005003329893120
1005001307732714
4000571250900
1005002582934079
4000941750551
4000015460515
1005002957234347
4000794211134
32983875187
1005003149843133
1005002448182631
1005001997177904
33045071507
1005001298063036
1005001814721398
1005002450551237
1005002530047980
32955342773
1005001882251999
4000558481633
1005003380952968
1005003346775629
1005003341826768
1005003092761331
1005002447513355
1005001930356716
1005002816880568
1005002963882503
1005003134673472
1005002143041683
4001209744469
4000153332238
1005003189201086
1005002582453622
1005002950549337
1005003384358567
32992269340
4000652487759
4000902847741
1005001775393930
1005003036086832
33038633442
1005002314339046
32905827260
1005002357112254
644390098
1005002615540447
1005002658494774
33014090291
1005002696291064
32781931214
1005002807835912
1005002140157613
1005001882229823
1005002105752965
10000402952191
1000007731181
32873191094
1005002769153645
1005003128763536
1005002491447231
1005003273292121
4001230962002
1005002858258898
4001242090598
32883653203
1005001381206430
32894559137
1005003312133584
32912236638
1005002862423016
1005003283503571
33022997102
1005002851213315
32765033119
1005003001647437
1005003292645271
1005002986362256
1005002821348336
32790696439
4000243543628
1005003263706464
4000449507338
1005001858702631
1005002517854821
1005001505034078
1005003387238458
32833862154
32832926812
1005002861962247
1005002366136461
1005003000048263
1005001879775511
1005003075941004
32952743281
1005002948393539
1005003387566650
1005003187367766
1005001854368029
1005002203892388
1005002065831056
1005003304354915
1005003363788198
32872705784
32815503987
1005003133064251
1005001723334416
1005002032627511
1005002177543749
1005001970410670
1005003194020069
4000608442240
32840642499
33013253746
1005003321993729
1005003278860236
1005003181398189
1005001354980090
4000188812742
32990074312
1005002380387666
1005003251237713
4000645859659
32861164733
1005002399526707
32954658190
32958516912
1005001666418412
1005002885440675
1005001321392335
1005003053255981
33002007695
1005003385254488
1005001479573437
32721467358
4001105881320
33058987767
1005002343058649
1005003041113926
1005003197794701
1005002508572733
1005002509762452
1005002484899579
1005002551112681
1005003016567743
1005003037674530
1005001274071027
4001281772773
1005002413349699
1005003369141009
1005002980119163
4001000818035
1005002647237646
32502706004
1005003112327323
32926032083
32908634836
1005003252386004
1005003311029714
1005002583637170
1005001578893594
1005003030658080
1005002588352618
1005001575490074
10000128073089
1005003337134577
4000353317762
1005003049993632
1005002820706823
1005001901921327
1005002540924959
1005001950364143
1005002569901933
1005003283275897
1005003177337941
4001060227251
1005003246239210
32863033286
1005002518831871
33013957148
1005003222431397
1005003082908964
1005001556134366
1005001741950852
32958932420
1005001365446483
10000395959316
33010300141
1005002618903762
4001105742662
33024951983
1005003166227276
1005001953404555
1005002141488182
1005003217902009
1005002783895221
32844641732
33006652908
1005001325831262
1005003169994615
4000420104368
1005003009509860
1005002547345951
1005001992896596
32823266139
1005003382676570
1005003039563202
1005003386243939
1005001441271913
1005002100498322
4001030895009
1005003079401444
1005003164054333
1005002867923365
1005003224604669
1005002836037486
4001222779739
1005002761567195
1005001305192583
1005003328272438
1005002503637550
4000859134461
1005003186837282
1005003207725352
1005003098469751
4000342455344
32965182826
1005002946134229
1005001905948778
1005002606043182
1005001827433109
4000016899766
1005001577739097
1005002053526985
1005003268742834
1005003095888374
1005002256707141
1005003195619336
4000437749896
1005001266874110
10000084182554
1005003345068218
1005001398663922
1005001843311550
32866331738