1005003331175664
1005003297892699
33008799018
1005001493306439
1005002646919109
1005002992077440
32983072803
1005002583459408
1005003246154311
1005001921926121
1005002072831336
1005003320713830
1005003391486227
1005002964868840
1005002840508649
1005002659248100
1005003247686521
1005003362258440
1005002889549901
1005003103185110
1005003006305979
1005002220238209
1005002609956542
1005003261687354
1005002926331190
1005002519480108
4000187464213
1005002695299864
1005003270961947
1005002883482055
1005002070321130
4001133303823
1005003048672010
1005001792268741
1005001817433287
1005002110060746
1005002468451271
33012730224
32987342432
4001285900487
1005001915282127
1005003297789009
1005002109959266
1005002285806572
1005003291149693
1005002718573177
1005002698420128
1005003028584239
4000905705315
32718969473
1005003114319651
1005002619558602
1005002949475620
32970091608
4000429690134
4000587528531
1005002260466019
4001157045352
1005002357560580
1005002708369548
1005003036454692
1005002124034768
4000202896928
1005003298940546
1005001551517318
1005002816463639
1005002774998230
4000256238561
1005001873942298
33024583446
1005001652229944
1005002306068082
1005003083876293
1005002994506680
1005003329776840
1005003362125957
1005002857429143
1005002490816574
1005002498945630
1005002458796939
1005002625899162
32835007069
33058310952
1005002615236998
1005002363827557
1005002000058308
1005002708656641
1005002866714226
4000839229111
32847250897
1005003371282502
1005002393890947
1005002696735121
4000812004213
1005002968882735
1005001278527872
1005003030534518
1005002865569997
4001134852166
1005002696883805
4001043305629
1005003118863506
1005001514902956
1005002394028557
33044094141
1005002103554699
1005002971961881
1005003102037359
1005003375895430
1005002782634367
1573333366
1005003373825723
1005002708333696
1005002208380074
1005001830317146
4000497955830
1005002512232137
32742529660
32962195196
1005001598009587
1005003044380831
1005003092911071
1005003351690344
1005002649933464
32975331579
1005003243935101
1005001793076157
1005002587836357
4001261442872
1005002094808884
1005003067805409
4000334005286
32821620540
1005002983909020
4000730553009
1005003344968888
1005001744079844
1005003195974348
1005003292009950
1005003057246165
4001292977781
1005003191075131
1005002313484974
1005003098663997
1005002246741919
1005003175699207
1005001369957197
33024042300
1005003135811953
1005002949206709
1005002994022831
1005002861882943
4000171122138
1005002895718350
33038796912
1005003222665876
4000761643205
1005003118328181
1005002111892114
1005002117346521
32848158272
1005002665266168
4000864670626
1005002710453178
1005003341201948
1005001314828271
1005002659020338
32811380003
1005002618497011
4001066788968
1005003297232770
1005002996429205
1005003100222190
1005002666316853
1005001603462867
1005003392907019
1005002628898352
1005002573148807
1005003351090583
1005003329237755
1005002327520169
1005003080206626
1005001373198850
1005003365567017
4001007866629
1005002775980194
1005002937913947
4000539436957
1005001775414201
1005002954213008
1005002052084314
1448883928
1005003337883549
4000465390055
1005001683454027
33015433877
4001223462503
1005002409440887
1005002543519149
33028564817
1005003093038237
4000147180472
33047215885
4000170968442
32464749484
32869265245
1005003321101876
1005001736775351
1005003229251371
1005001581937283
1005003020502691
1005003367604975
32933038231
33014499340
1005003324470013
1005001359766328
4001038426411
1005003217996597
1005002506710293
4001038941728
33024141215
4001067523084
1005001578997498
1005003336974655
1005003052597002
1005003277447349
1005003275741740
4001146101102
1005003265553002
4000696688455
1005003321200113
1005001337975871
1005003322409455
1005001683231168
32944097396
1005003058217243
4000492079564
1005001609156253
1005003234037513
4000138092595
1005003333746615
1005003066696637
616366004
1005003307409488
4001249303290
4001049536577
1005002320734963
1005002240321771
1005003152431783
1005001818813981
1005003109307525
1005003363147935
33044723840
1005001667971762
1005002382324899
32866268679
1005002756017183
32718814489
32920611605
32923768018
1005002843202453
33010564691
1005001891290547
1005003171512125
1005003267562476
1005002642252162
1005003318787222
1005002958658130
32942154875
4000934668848
1005002737576198
32911393160
4000837120336
1005003019082997
1005003250358580
1005003371380198
4001258604953
1005003361878368
1005003217925401
4000588622415
4001250792919
1005002344439964
1005002780308451
1005002134615987
1005003065506432
1005002246631725
32842859950
33001723840
1005001652998304
32831080428
1005002563657371
4000993562286
1005002344754540
1005003029722578
1005002933768161
1005001814064605
1005003184560772
1005002490288190
1005002927704330
1000001426202
1005003329510016
1005003377873639
1005002931298206
1005003239345131
32825791093
1005002703692275
1005003006148818
32749572715
1005003259160035
1005001423049872
32561712000
32918954933
1005001865348817
4000572419359
4001297283779
1005002314107877
1005002965915721
1005003013905578
4000151723900
32997200726
1005002612903631
1005001525293990
1005002475426323
1005003274144313
1005003251340240
32863380695
32829233243
4000167189415
1005003125052996
1005003303493741
1005003034712474
33034110326
32851302218
1005001671536454
4001268328056
1005003206606224
1005002389095056
4001118763963
32890120584
1005003286344801
1005003282300680
1005001515108842
32878165637
4001080618998
32825611366
1005003098673050
1005001479719279
1005002626718620
1005002696247720
1005002906922814
1005002308561514
1005002926298464
32423648561
1005001905788056
1005003117837739
1005002271716735
1005003259196598
1005003185164656
1005002227860960
1005002739175622
1005002027796834
1005002430211338
1005001464974390
32857302876
1005002956315934
1005003316428127
4000837785979
1005002732518924
4001178896778
1005003369270045
1005001509735322
1005003256721432
1005003129599456
1005003135795046
1005003064771238
1005001445084265
1005002662972961
32744765320
1005002180607067
1005002809892824
1005001611577161
4000353836029
1005002789342273
1005001314045421
32813166747
4001143551648
1005002767329638
1005003311792707
1005003135467389
1005003281704461
1005001664230895
1005002452902727
4000808508892
1005001293099818
1005002043814057
1005003218353466
1005003142173401
1005002710932569
32987246206
1005003093085557
32728264732
1005002610127084
1005002458384547
1005003276806358
4000142782398
1005002835980909
1005003337468612
1005003062916843
1005002953820350
1005002661446007
1005001990470695
1005001437622049
1005001314429012
1005001861634812
32916734019
1005002382123525
32956777573
1005002542465287
4001090791372
1005003387710952
1005002878631467
1005003081792091
1005002298840698
4000116092846
1005003246763811
1005001898847384
1005002460960822
1005002675767407
1005003036927695
1005002977484424
1005003328570780
1005002340135585
1005002459601202
4000186193605
1005003322735146
1005001690638952
1005003329468288
32876475044
1005003358137410
1005002958042344
1005003182842549
1005003280951849
32743416082
2013596002
1005003287481128
1005002051661732
32876794528
4001106127974
1005003299710507
1005003320561948
1005001859761851
1005002467426291
1005003203851957
1005003086661679
1005002586565396
1005001859310563
1005002878573250
32951714783
1005002392096827
1005002031974656
1005001671657864
1005003320755315
32819169779
1005003089220511
1005003341902975
1005002795158341
1005002630703119
4000965766850
1005002754817813
1005002398683893
1005003040918200
1005002978176732
1005002760574435
1005001511429875
1005002094222868
32316740043
1005003208377502
1005003133233945
1005003368582878
4001153368725
1005002660504824
1005002014869098
1005002815046228
1005003197439991
1005002286071335
10000002473236
32847082388
33061410254
32853788893
1908975098
1005003267875831
4001035546044
1005002925306828
4001159358997
1005002897845441
1005003262155329
32998128467
33007776432
1005002092572304
1005002470041269
4000768674333
1005001972331931
33044865952
33013927457
4000618545291
1005002718564112
32885386371
4000037525358
1005003112746127
4000786087508
1005002570002589
4001160809157
1005003384764617
1005003025373469
1005001884176725
1005003365431211
1005001821730854
32811946769
4000398505900
32828021544
1005002950415757
1005002748727973
1005003239336946
1005003103860136
1005003306250332
1005002558037050
1005001921730599
1005002913617957
4000404740495
1005003383099338
4000028914260
33009737191
4000074629975
1005001500696190
1005003384308645
1005002636049304
1005001839744078
4000626521814
32922921351
1005002707768584
1005001869485903
1005003387753175
1005002099818395
1005002519867855
1005003140997116
1005003330948842
1005002140443152
4001145315088
4000152159131
1005001304543870
32856178698
1005002897092446
1005001818718582
1005001879907031
1005003040684645
1005002647222756
1005003247874219
1005001874779977
4000967006592
1005002870287864
1005003140602472
1005002260516367
4001163273116
1005003020279433
1005002970136140
1005002738322090
1005002281868317
1005002987995926
1005002623901409
1005002592454115
1005003336228232
1005002452562574
32855366655
1005002960806644
1005001895594400
1005003370904070
33041215214
33010297658
1005002347612842
32808417142
1005003368494194
1005002984857913
1005003323741874
1005002096097343
4001166826531
1005003175969682
1005003190935654
1005003065757231
1005001604320194
4000610002814
1005001320604298
1005001976914223
4000358845955
4001188711381
1005001995045426
1005002804961713
32512656894
1005002603480886
1005003271793929
32545001417
1005003273152854
1005003126154318
32899168333
32982541558
1005002958004700
1005003253272939
1005003309746498
1005002239261503
1005003340394678
1005003095173985
1005003380622009
1005002677909093
1005002240278694
1005003063611049
1005002383073318
1005001301098518
4000545903676
1005002786894199
32842134850
32954010099
1005002931085835
4001031739787
1005003372068093
1005002569768463
32623371663
32833883016
1005003101608036
1005003150411025
1005002971999837
1005003184382296
1005003365389265
1005002841053065
1005003095572546
1005003335724185
32951819603
1005001477159003
1005002460659870
4001084750356
1005002475914650
1005003015776721
1005002705277032
1005002567227285
4000415024032
1005003390765265
4000923162720
32831677194
32827365097
1005002911280129
1005003108059860
1005002861712003
33057566742
4001091748749
32657781249
1005002596414051
4001014892798
32695372664
1005002265864158
32853885841
32730695678
1005003037720804
1005002918641048
4001229187967
1005003109525715
1005002959398786
32775700526
10000169724226
1005002836189272
32834547863
1005002328846490
33000648166
1005001482702637
1005002604177956
1005001923998509
1005001360470283
1005003069469092
32948119176
1005001477982278
1005002326439958
1005003065235724
4001244811349
1005002191829405
1005003088723976
1005001934607702
1005002532101790
1005002640752216
4001066064835
1000005654040
32396627556
1005002907605442
1005001863038091
4000689928311
1005002317707050
1005002363475765
1005002094027522
1005003290945236
32809646212
1005002772354891
32843410752
1005003021902128
4001267329933
4000079538528
4000961546534
1005003363128535
1005003382202261
1005003020213991
1005002830199059
4000823525768
4000217023281
4000903949828
1005001622159464
1005003391867269
1005002176052975
1005003356098785
32757634716
1005003166515871
4000698150908
1005003191007947
1005003203476472
4001002347997
1005003388553025
1005003347641455
4000346351355
32804362732
4000307918609
32989132570
1005002554572023
1005003203293028
4001236535047
1005003356532594
1005003006279994
1005001412972082
1005003071515597
1005003283971297
1005003162163160
1005002392965465
1005001626785467
4000233404081
4000269250788
4001043305629
1005003341339945
4000147939140
1005001356999495
1005002803523880
4000298610818
32829659318
4000765800171
1005002547208467
1005002697061251
4001280415991
1005003380065618
1005002019116522
1005002856853530
4001047401829
1000000910022
4000727047447
1005002019266961
4001142145612
1005003014817041
1005002342591429
1005002631107780
33000758876
1005002769002801
1005003391102930
4001262998753
1005003050457817
1005001889552085
4000532851529
32917284100
4000990237125
32798115151
1005003066276768
1005003219531087
1005003215873566
1005002420685990
1005003324582594
32887960094
1005002820663952
32857116979
1005002277122788
4000434447579
1005002180863514
1005003342898474
1005003313033268
1005002767483207
32948154966
1005002755981459
1005001361347279
1005002248847733
4001154654428
4000064574393
32909168054
1005002902406424
1005002073774908
1005002765701582
1005003346547458
1005002960291537
1005001561682555
32345249390
1005002837763564
1005002740249243
1005001829420461
1005002402003564
1005002382806638
1005003205921038
1005002044577643
4000684683381
1005001948280341
1005002547029403
1005002122405501
1005003066063605
1005002913429569
32825603470
1005002672182237
1005003031733363
4000801673327
1005001830229530
1005002450991476
32685767373
32806550946
33000411724
1005003071891876
1005002976207846
1005003111965218
32989457120
1005002701724528
1005003214014759
1005002804747161
1005002249106560
1005002091695722
1005001481415368
4000256225140
1005001973630113
1005003146403073
1005003329681577
32892006071
1005003133829731
10000344118586
1005003258251314
1005002749161835
1005002901752831
1005002122445289
1005002023596820
1005002643143127
4000538525247
1005002723781874
1005003108795622
1005002617972179
4000940998255
1005003135957729
4000795194641
1005002295371316
4000375582231
1005003365259116
4000906953985
1005003260334159
4000032869129
1005003083898027
1005001819292441
1005002985076377
32713140307
1005002050455139
4000767724637
4001361840436
1005003092913479
1005001523109990
1005002227584951
4000029510337
1005002988275986
1005001614190734
1005003020743410
4000538475222
1005003331619560
32741157206
1005003209729099
1005003212934782
1005003106176065
33044640737
4000785167222
4000069309670
4001277358621
1005001430448981
1005003120867988
32993747452
1548459341
1005002254735769
1005003208552441
4001225153956
1005003037249290
32965589793
1005003146366677
32955615618
1005002569055813
32841443143
1005002601601849
4001090658449
33033293693
32861678413
1005001727404919
1005001860304377
1005003295497655
1005003136525496
1005003219526267
1005002661328952
1005002790330140
1005002995813352
1005001906155164
4000921163955
1005003269928443
1005001297988907
1005001882382487
32924270111
1005003101690559
4001309787296
4001032117772
1005002273949362
1005001365487101
1005003373629490
32855285014
1005002510534089
1005002482135067
33025033128
1005003069874673
1005002004304313
4000782735226
1005003019157993
1005002979157980
33041844628
1005003155002890
32877792115
32824558777
32884083567
32308087038
1005002806138262
1005003382212522
4000662671155
1005002112742321
1005002816154373
1005001883409894
1005002745255013
1005003321959014
1005002647217669
1005002376792120
1005002298720655
32915918536
1005003210753338
1005002354444979
1005003122586758
32781677395
32857633008
1005002621766499
1005001722048978
1005002254180849
32969869693
1005002339370974
1005003148740069
1005002250211228
1005003115299253
1005002392898029
1005001418536579
1000002694003
1005003143976769
1005002945345269
1005003165053409
1005001628088985
1005002809644095
1005003094391811
1005003213821799
4000305700720
10000049364194
1005003172352374
4001030266358
1005002952719742
1005003340689034
1005002877448989
1005001387174617
1005002920786437
1005003330558262
4000384721440
1005001995517195
1005002989118235
1005002051709842
1005003068785847
1005002936158915
1005002321160144
1005002326711411
1005003081268004
1005002307533323
1005001709106056
1005003242580307
32893684068
1005001999627681
1005003384327803
1005002952999334
1005002336776337
1005003256306060
1005002890836807
32891727483
1005001804511564
32608095152
1005002073874931
4001147556857
1005002695356968
1005003194710535
1005003388490404
1005003379929764
1005003359937581
1005002519707884
1005001849946227
1005001518154980
1005002327191314
4001294733576
32953636572
32983321338
1005003207976224
4000132313565
1005002399314471
1005002350348772
1005001640209974
1005003384201962
1005002597298747
1005003062044776
1005002764385112
1005003275249365
1005001585377344
1005003277356005
33008180866
1005003354984871
1005002312563448
1005003288901962
1005003010633526
1005003152350748
1005003226009047
1005003345969035
32994308466
1005002948602641
1005002201165412
1005002534973019
1005003305059905
1005003134923693
32995510440
1005003030935021
1005001891619466
1005003389992407
1005003223826007
1005001759528823
4000165611698
1005002224579540
1005003202016075
1005003059277219
1005002189758939
1005001898756586
32815441695
1005003282306081
1005001421521215
1005002387559200
1005003373777475
1005003258756171
1005001995495436
4000546544392
32846972133
1005002661925643
1005003017240795
1005003148887971
1005003334418353
32956861948
1005003019609802
32501463922
32845229761
1005002080988178
1005003017150725
1005003310877137
1005002837157087
1005003130446892
1005001438353143
32832293047
1005002881686608
1005002974310244
1005003308234204
4000225415803
1005003209073119
1005002328448443
4001313498524
1005002570369522
1005002672471743
1005001732250561
1005003321607047
4000172364195
33019011258
1005003143063740
1005003095613789
1005003253505866
1005002863674494
1005003121091757
1005001785185949
1005003058265517
1005003173482786
1005002371475036
1005001393848167
1005001780790916
1005002138796986
32468068779
1005001509675995
1005002196458651
33033362863
4000738701529
1005003379963981
1005003309089837
1005002610051820
32648427319
1005003185472879
32996037132
1005002786684739
4000042058161
1005002033552184
1005002800829592
4001231590756
1005003260233984
1005002992211029
1005003287231180
1005003299679473
1005003253321087
1005003305682814
1005001821288558
32790597909
1005002799702790
32998829551
1005001720651427
1005002483443331
4001360395351
1005002910019635
1005003120100122
1005003356428373
4001036657084
1005003157540576
33021841086
1005003151485775
1005003049017409
32956596477
1005001520886131
32814360469
1005003192436477
1005002237799844
1005003369784306
32998806699
1005001604366640
1005001808441979
1005003162090299
1005002789163623
33007098409
4000766659449
32867397180
4000628062029
1005003359885939
4000388982857
1005003164382931
1005001877347663
1005002991408920
1005003350480581
1005003014043573
4001275946233
1005002716860708
32837470043
33005015073
4000865426459
32280724477
1005001793014945
1005003269388696
1005001595358141
1005002502453594
4000115758259
1005003359978507
1005002878105230
1005003042320738
33031548109
4000315965270
32973102603
1005003103404702
4000336958140
1005003375860842
1005003343371625
1005002562054338
1005002287668313
1005002779072664
32914797371
4000399111837
1005003158127221
32829400596
1005003252227042
1005003332733260
1005001987382201
4000640693912
32708700639
4001176167631
4001028106135
1005002249675496
1005003286437951
33025844375
1005002473228063
4000224325592
1005003344968111
1005003181581592
1005003212970584
1005003131346220
32815695291
33001445719
1005002920468838
1005002612677591
1005002921275895
4000559114276
1005003134209420
1005002388906214
4000454547948
1005003037361695
32631512563
1005003050309029
1005002767949755
32660830622
4001242784365
1005001588622978
4000258747500
1005002877603374
1005002210573902
1005003227885317
4001257198152
4001274218111
1005002989388866
1005002710012053
1005003347514628
1005003090514376
1005003087323950
1005002809371647
1005003069670789
1005002835216202
1005002555328833
1005002917337717
1005002573126434
32956496146
1005003318880121
4000981429117
4001232031819
1005002449526295
1005002431193942
33048105085
1005003016102682
4001254823959
1005002866614385
32970928678
1005001470092249
4000332149780
4000166511762
1005002938231711
32988025244
32911652293
1005002393628721
1005003329165418
4001019052094
33035153770
1005003008696493
1005003127412796
1005002697136986
32845541988
1005003189032246
1005003167052871
4000384780132
1005002311043037
4001033540521
1005002453979927
4000981756608
1005002048993824
1005002558730710
4000174122083
33060654857
1005003191750425
1005001604161469
1005003092132387
32823539211
33034130031
32796452428
1005002901325029
1005002999246136
1005002066053989
1005002084024135
4001243286929
1005001792918676
4000166835492
1005002698295461
1005002776275714
4001176230145
32809631901
1005002786987265
4000533500125
1005003097666651
32822425686
1005003258917732
33047500859
1005003251578446
1005001920412807
1005002862912843
1005003113146049
1005003224616755
4000670611780
1005003386074060
32814865208
1005002964740184
1005002642086474
32799048054
32853888565
1005003240058190
1005002802894809
1005003025701484
1005002958041963
1005002074087355
32998498601
1005001506896594
1005002557673893
1005002223835009
1005002485768423
1005002253121128
1005002311292296
32859475208
32848068268
1005002854911647
1005002758885990
1005002771047287
1005002997878454
32973830201
4000041759193
1005002934804652
1005003388104475
1005002615506183
1005003171184228
4000104332069
32889499765
4000311868068
1005002946482062
4000103608681
1005002348693517
1005003385065928
1005001788715926
32723706606
4001193096585
1005003109815166
32804046390
1005003371481083
1005002723024415
1005003209028573
1005003227564042
1005002510852748
1005001515367835
1005003103727638
1005003088222160
1005002971062740
32880310000
1005002702337367
1005003286519424
1005002878513229
4001175581328
1005001566136522
4000036252449
32986237805
10000061985235
1005002592394560
1005002602289233
1005003365624158
1005001821596459
1005003326351409
4000568930754
1005002829798231
1005003124334775
1005002945518832
1005003228223556
1005002003498719
4000278497125
4000123176735
4000873897596
1005002122509005
1005001425949043
1005002989851885
4000954836281
1005001592770753
32966913833
4000102071486
1005003329733396
1005003146869675
1005003094315083
1005003163713730
1005003321979062
1005003048657447
32968371311
32815782161
32760562180
32957101102
32904321655
32932023040
1005002748109290
1005002747702824
1005002281790120
1005003062040807
32985601485
4001230227899
1000006707814
1005003157636065
1005003038411210
1005003087743635
4001168472197
1005002843606962
1005003337102644
1005002653307596
1005002903835872
1005002112656909
1005002449373006
4000198912158
32823108653
1005003150119117
32946224940
1005001845614450
32796820704
1005002931926010
4000115095204
1005003246755840
1005001808585823
32825309930
1005002608793473
32972535046
1005003181698778
1005001990446008
1005002663513897
1005002133490332
4000184732889
1005002934611570
4000286770867
1005003208987326
1005001436914192
1005002256497072
1005001460848484
1005003187404993
1005003001050695
1005002663150717
32618005266
1005001588138050
1005003161460033
32804154684
1005002255463468
1005003202227703
1005001939808985
1005001389052022
4001268524384
32604734047
1005002260867391
1005002252570112
32879623731
1005001462649022
1005001762301707
1005003376752285
1005003380122664
32839340908
4000283779517
1005003195430917
1005003256426526
4000844304775
32886114177
1005002901093444
1005002602482015
1005003383280874
1005002760652575
1005003166547716
4000045889605
1005002684789929
33030460759
1005003063731152
1005001429370896
1005003202056489
4000975340702
1005001298281564
1005003123430592
1005003351785307
1005002769109286
33039947167
4001075366228
1005002347640651
1005002054962820
1005003038428919
1005002352527491
32718369649
32590355802
32765035805
1005003027647079
1005002949424502
1005001359245893
32846690701
1005001431689165
1005003016488571
1005003292089592
1005002877438613
32710649144
32860081670
1005003157615228
32957001403
1005003336355982
1005002833940693
1005003156264010
1005002202048227
32532385834
1005002361944135
1005002401303450
33004423384
1005001697683187
32922475783
32971287800
1005003193077902
1005002260074504
4001222938892
1005003370760531
1005001727594406
1005003374866400
1005002605708603
1005002634563017
1005002756885155
32858350403
32812214831
1005003050948157
1005002233861534
1005002952724382
1005002345988004
1005002112768389
32654230866
1005003031857874
1005002105946916
1005001281564732
1005001593291092
1005003201269777
1005002623619597
1005001519773787
1005002920391895
32952653283
1005001541525578
1005002871795380
1005003160591955
1005001278999138
1005001700907048
4000813251621
1005002586213953
32541634475
4001175828703
32409680704
1005003289992909
4000708532209
1005002843143966
1005003186102692
1005002332158618
32859313734
1005002534768649
32878297892
1005003051568162
1005002599605731
32903142703
10000239909385
4000904936562
4000318164277
33009338283
1005003291536761
4000985755610
1005002951800381
1005001314975527
1005003278853563
1005002492394329
1005003144775195
1005003081730081
1005002049952092
33045904972
1005002423315639
4000922183009
32926406174
32798831496
1005002468972926
1005001686340170
4000770202460
1005002855839593
1005003364417820
1005003166755665
1005002348095490
1005002760490405
1005002167465501
32215727862
1005001818633069
1005003027907570
1005002350430476
1005002336474835
4000772937105
1005003009203028
1005003220002927
32971472001
1005002939304498
1005002811641601
1005003327111381
1005003019232623
32971567952
1005002211586389
1005002942436578
1005003083955189
1005002754913580
1005002979667582
1005002489819191
1005002877799510
1005003095174776
1005002783513150
1005003247431872
1005001949961591
1005002965514326
1005002981602179
4000267128325
32815276517
1005002747961019
32294161207
1005002341041800
33056326014
1005003331581292
1005002495589978
1005002990397860
32803616330
1005002085440280
1005001807929141
1005001799011925
4000826849070
1005003265065749
1005002877095599
1005003303211194
1005003146598661
1005003374391618
1005002604673529
1005002854645206
1005002799321378
1005003328899327
4000205900275
1005003380154772
32969375583
4000537140472
1005002232099705
4000996755259
1005003125293876
1005003329986719
4000691070624
1005002622822371
4000417750968
4000314238609
1005003142692614
1005002963971594
32589277223
4001365176779
4001061770906
4001364631616
32888003235
32970384436
1005002811172586
4000049353404
1005001688758458
1005002207948676
1005002985984726
1005003230490452
1005003166462199
1005003379341266
1005002939068197
4001337940000
1005003031677424
1005003369763311
4000002700171
1005002000434282
1005003223254947
4001293387976
1005001850868447
1005002075384558
1005003199656501
32974540547
1005002979988738
1005003118691623
1005001871175239
1005001728138683
4001282136588
1005003280566728
4001287621573
1005002760567621
1005002976425530
33040799495
1005002181230558
1005003280727374
1005002239943513
32743859300
1005001803104218
1005003076694127
4001049323296
1005002074782326
1005003220963617
1005003315959486
1005003230087588
1005002342900972
1005001339045266
32962158174
1005003081429458
32962139255
1005003197201067
1005003225168659
1005001392806472
1005001574097581
32847523352
1005003228533293
1005002397768125
1005003071207714
1005002917248509
1005001570806048
1005002070731533
32918928390
1005002405870148
1005002548609179
1005002241406048
1005001781051900
1005003333667468
1005002272575601
1005003151313979
1005003267032190
1005002984556184
1005003297307489
1005002759916660
1005002831966323
1005003089106369
1005002775963704
1005002315997254
1005002676419129
4000161917871
4000522456725
1005002949043996
1005002048298233
1005002813670129
1005003068860882
1005002253085589
32964315494
1005003263813699
1005003157938668
1005002454351339
1005002293197855
4001208355015
32760150853
1005001565136875
1005001557274393
4000808450215
1005001401847173
1005002448065377
1005003172188699
1005001967835453
1005002619753351
32571630356
1005001407081717
1005002500069589
1005002915456253
1005003334686784
1005003114424608
4000238718485
1005001344806268
1005001704160950
1005002998862436
1005003319387988
4001196523607
1005002531962096
1005003250657030
32813163939
1005001798494476
1005003380115421
1005002437989227
1005003099037326
1000007367792
1005002664641811
1005003020776723
1005001644637949
4001173239589
1005003168992808
1005002978443328
1005003320746545
1005002495873945
32848648583
32858885379
1005003305374186
32797827489
1005002719843185
10000030475846
1005002853239010
1005002410855019
1005002354251572
1005001786017500
1005002990008583
1005003342548314
1005003129805463
1005003227566715
32944129779
1005003009719104
1005002447149776
1005003282979083
1005003133918184
1005002735017271
1005003065929619
33054553714
1005002927140952
4001109156100
1005001311025224
4001287394464
1005003178316240
1005001700975176
1005002162517258
1005003205193069
1005003205790465
1005003043640408
32904662538
33012242615
4001096155586
1005002927981863
1005003031003222
32958673180
32816060440
1005002732288768
1005002253996691
1005002334271744
1005001407897712
1005003107271498
1005003243783601
4000104066730
1005003145103894
1005003049680016
1005001287066583
1005002270979898
1005001676892366
1005002589416180
1005001823857332
1005001349163059
33018378041
1005003277591937
1005002415416977
32845431479
1005002222674211
1005001418753716
4000946943733
1005003288780133
33056969909
1005002753054450
4000641004607
1005001900592394
1005001594761116
32988827586
32830487875
1005002398953073
1005001412704307
1005002765905532
1005003031615520
1005003262427948
1005003060912226
1005002539285587
1005003309149479
1005002114662970
1005001928741232
1005003240612887
1005003194817857
1005003147162033
1005003342408462
1005002641326531
4000076035560
1005003063663056
32990312876
1005002360776323
1005002618917859
4000398808661
1005003381066671
4000326768202
1005003188624605
1005003330781627
4001035353293
4001103099703
1005002868037011
1005002400071241
1005003096827138
1005002661848264
1005002386504965
4001220200097
1005002806567651
1005002658695589
1005002434921299
32684651606
4000294512082
1005001611233367
1005003388388971
1005001679230547
1005001995759802
1005002789633598
1005002298210364
4000578923355
32947068052
1005002810596914
1005003388519115
1005003185424795
1005002823471406
32662384637
1005002982656277
1005003110520566
1005003309757490
1005002622139559
1005003180763688
32974921866
32477821783
1005002561016878
1005002287124662
1005002519648879
1005002731232373
1005003292861228
1005001962510489
1005002453109994
4001316517851
1005002689169823
32605199377
10000364787130
4000097520940
1005002115412519
1005003090341891
1005002132529134
4000970322373
1005003251373812
1005003256662883
1005002443425821
32827220636
1005003374839576
1005002140262226
4000168297993
1005003198719238
1005003209020914
1005002361638511
4001282260744
4001290783531
1005003182029016
1005003124587146
32884415125
1005003288600378
1005002289090334
1005002755170151
1005002240295934
1005002543074081
1005002761733120
1005002327148288
4000798316677
1005002033979578
4000718722066
4000221596977
1005003237048023
1005002935051278
1005002869043993
1005001859286101
1005002630763294
1005001865657608
32946586952
32978893554
1005003105501195
10000069480794
1005002701953834
32644004542
1005001971204085
4001315102342
1005001419237133
1005003347132691
4000132901526
32979840349
1005003298695207
32947162165
1005003367226548
1005002357768650
1005003118017736
1005002892805808
1005003030693791
1005001385776517
1005002451138911
1005001431326838
1005003161498830
1000008629996
1005003021499822
1005003008094353
1005002177419197
1005002810155869
1005002971272090
1005002604653125
1005001966817622
4001128620584
1005003375160186
1005002288339098
1005002738983977
4000992623236
1005003363425090
1005002978571638
1005003013549943
1005002064573081
1005003062436163
1005003366022620
32989041113
32964206840
1005003151298886
32958134338
10000046478090
4000023155103