1005002441195172
32817087857
1005003277881278
32909081641
1005002080029022
32960321913
1005002310255162
32909286116
1005001736360974
1005002865054141
32871559720
1005002224155892
33013503110
1005003044939370
1005001877515193
1005003283490764
4001219535486
1005002410904444
1005003121485137
1005002970919057
32889392538
32858603801
1005002194247486
1005002608900517
1005003082304608
1005003057551572
1005003239908356
1005002918545009
4000669387881
32619807868
4000975073391
1005003345223532
32714779095
1005002875527014
1005002327149112
1005003238934378
4001226811041
1005003291704147
32968725200
1005002032187240
32948178676
4001066913315
1005002758987888
1005003198508084
1005001600550778
4000899165514
1005003239806871
1005001636339885
1005003294802607
1005003358651745
1005002563002610
1005002179617999
4000196976688
32951029341
1005001357791402
4000695514080
4000225656531
1005002703503759
1005003169921985
1005003212417019
1005001725363710
1005002703935440
32322561962
33040943599
1005002655815545
4000188779803
4001039221659
4000458249159
1005003281682915
1005001916516452
1005003224843379
4001270233459
1005003221661155
33031207145
1005002293922146
1005003173045129
1005001419626609
1005001336495976
33003702054
32917106585
1005001840990138
1005003151336691
4000922063414
4000080925148
33025890301
4000706110243
1005003218133574
4000187733260
1005003136538099
32770757316
1005001550864831
4001286195221
1005003218865779
32751039557
1005002388899067
4000854430329
1005003287792898
1005001419526566
32991886668
1005001591978155
1005003205172262
1005003182013488
33005305084
32766725183
4001003757791
10000145635567
1005002292561023
1005003017952607
4001135309718
1005003314101082
1005003119806175
32958368269
1005003371373008
32885057238
1005003386369137
1005003239985553
1005003369002910
1005002126187619
32827161913
1005003044077701
1005003161324837
32982649932
1005003058018741
1005002937350216
1005003338105457
1005001529910432
1005003209596528
4001195957299
33037501353
1005002983078168
4000061861479
32968033908
1005003372613669
1000004665119
4001145016258
1005002477748889
1005002981588864
1005002925918862
1005003305682430
1005002795452089
1005002598265278
1005002359440857
1005001670518195
1005002993952160
1005003080922647
1005002617040647
1005001804056056
4000313470462
33034667615
32658511035
1005001286680840
1005002919409102
1005002339085051
33008252024
1005002709151046
1005002655837122
1005003151600386
1005001685480976
1005001320608231
1005003306192984
32973409635
33038769404
1005002762513580
1005002854594213
2013251714
1005002100419065
32843028113
1005002605202345
1005001803026714
1005001631028351
1005003224604698
1005002964414764
1005003232650734
1005001770574885
4001073010732
33058425724
1005002060143100
10000395931656
1005002625622348
32879873193
1005002333288926
1005002448245258
1005002565317137
1005003097197901
33000612642
4000113576712
4001112089026
1005003157560464
1005001658227830
32825901085
1005001788851508
4000163459445
1005002438725140
1005003016350739
4000691602234
4001039190185
1005002618919985
1005002931800509
1005003074452375
1005003129328419
1005003018139742
32965057737
1005002267902978
1005003116303592
1005002799518373
1005001620826829
32885882082
1005002102171934
1005003016333982
1005001458524291
1005002283418165
4001119190621
1005002951441389
1005002649090450
1005002666845740
1005002858491164
1005003375757688
1005003084804517
1005003246629181
1005003234768737
1005002759977930
1005002239610539
4000160101033
1005003019141950
1005002535900538
1005002289998017
1005003304859564
4000955781268
1005002878856576
1005002984482991
1005002950509987
1005002579952657
32673659312
4000045780698
32965580484
1005003245930223
1005001359729647
4001170592637
1005002933147890
32782917369
1005002856668077
1005001678989604
1005002089676955
1005001889873464
33010339798
32305658486
1000004717348
1005002092187568
1005002782694069
1005003017654541
1005002596971334
1005002540996025
1005002990997200
1005003007987926
1005003037608093
1005003319244052
1005003317048743
32823321035
4000809726081
4001027503700
1005003156463090
1005002281652947
4001290565808
1005003085274716
1005002004432654
32970897406
1005001302475573
1005002585292386
4001344869480
1005002833486658
1005001329049663
1005001599993248
32999103401
32834590010
1005002723950348
4000142308458
4000423443661
1005003123592169
1005001536499778
1005003014379534
1005002220696957
1005003259855754
32888212690
1005002808534758
1005002888104306
4000994507426
1005002752697143
32915457523
4000771804874
1005001547605198
4000390710707
4000209537773
1005002129006308
1005003086138743
1005001714812393
1005002921147826
1000006415903
1005001732930104
32871240481
32875957439
1005002689192659
1005002313761463
32727835833
1005003386884592
1005002000287336
1005002947883081
33011761412
1005002872840792
1005001840610269
4001263948397
1005003101922012
1005003181829479
1005002851720088
1005003283391359
1005002390209745
1005002365961095
32801407637
1005002583564274
32961613329
1005002980149849
1005003320330131
1005003309624457
4001230905455
4000530204417
1005002579561922
32823152770
1005002995770039
4001156719656
32919692984
32921184572
1005002428856648
1005002298158433
1005002877565927
1005002598970520
1005001593868169
32962144454
1005003363061228
32946751908
32986177870
1005003160609955
1005003301917697
1005003361898007
1005003385041054
32949691370
1005003307958608
1005003128146549
1005003032311196
1005001608799039
1005001991961569
32867549189
4001180687404
1005003371119169
1005002991311444
1005002697094434
32621315190
32795957955
1005003295136457
1005002631497458
1005003146359804
1005002646591605
1005002878006720
1005003355933983
32840615355
1005001738554112
1005003157233309
1005002071538666
1005002732478328
1005003022610357
1005003303028065
1005002438660203
1005001530895166
1005003111605667
1005002538666005
1005002889008116
1005001349835045
4001090493297
4001158156891
1005002943924603
1005002110321173
1005002093907895
32798255496
1005003207102158
33034883253
32995775965
1005002315600500
1005002929440109
1005002828087836
4000860575794
1005003336325310
1005002489813608
32780200721
1005003032718951
1005003098560726
1005002315954030
1005003325728132
1005002442444981
32931489823
1005002348565350
1005001512356422
32821390057
32611504906
1005002419619256
33046707351
1005003160623864
1005002474825694
1005003042476619
1005002656378435
1005002604218824
1005003033124863
1005001695513369
1005003094001644
1005003282491277
1005002988533152
1005003030577624
1005003135602350
1005002975767296
1005003388551143
1005003363183621
1005002940433014
1005002636932414
1005002246643497
1005002896904545
1005003258691654
1005002739920488
4001229070044
1005001843384718
1005002666860140
1005002941280308
1005002703737850
32969744023
1005003339615605
32957548246
1005002890739466
33011500851
1005002710016835
1005003267611867
1005003367991484
1005002050163637
1005002957310880
4000955791558
1005002799433997
1005002711569122
32983273658
1005002278463382
32989993770
1005001297760935
1005002979729045
1005003269819346
1005001463852971
1005002552707864
1005002638451302
1005003035396731
1005003388389228
4000183493643
1005003337188522
1005003376065926
4000329048742
32820972337
32898713812
1005002678671132
1005002994474477
4000005764641
1005003212934820
1005003311292920
1005001274632688
1005001961139226
1005002082504075
1005002583727112
1005001664264408
1005003311467060
33016071846
4000154079868
1005003132110437
1005001496569534
1005002624979074
1005003156606135
1005003324479806
1005003201560289
1005003257842261
1005002656859127
1005002630723171
4001196473314
1005002613928962
1005002471374602
1005001979732679
32796820465
1005002818256823
1005001413945537
32893097296
4000218769829
1005003016301649
1005002240984396
1005001808400200
4001060868039
32488986256
1005002411782109
1005001616528851
4000370388288
1005002920764967
32816203488
1005002961452230
4000162642441
1005002832313624
1005002816276248
1005003032184248
10000306738278
1005002293191622
32998673173
1005002324120685
32616877983
1005002656862355
1005003329857934
1005003221412238
4001165681286
33030293874
1005001987808498
1005001658001267
4000941374931
1005003112125768
1005002161784165
1005002241287260
1005002449296531
1005001999826925
1005003251534519
1005002495307387
1005001915129916
1005003206298368
1005003358595790
1005001695628206
32588006276
1005001965134982
1005003163804974
1005001868131980
4000125394410
1005001944037695
1005003042166993
1005003360093338
1005002559742855
1005002453218259
32704408815
32982819181
1005003365279392
1005003000569879
1005003258395090
1005002318890053
32743995658
4000854394234
1005003265204975
1005003253143160
1005003233083968
1005003298472795
1005003065478357
32831179465
1005002982022461
32562583621
32917084272
1005001586854618
4000387264589
1005003130492843
4000548480000
1005002809956762
1005002414393932
1005002834252455
4001142034245
33057956195
32863898797
32957817959
32850809067
1005002337742833
1005002309629790
1005003005123459
1005001603349614
4000580613677
4001135166397
4000013247256
32989526630
1005001615668466
1005003323453363
1005003212887989
1005003361847250
1005002443410911
1005001799510344
1005002843745164
32858962750
1005003184504164
4000767053545
1005003253107990
1005003129490669
32977599012
1005003225003570
1005003293185348
32987135232
1005002123409291
32968180834
1005003179424139
1005003310707096
32860080583
1005003208473885
32882861397
33058606149
1005003283820291
1005003310097429
32906852124
1005001279843617
4000966440939
1005002865031464
1005002019522215
1005002260788154
4000708053100
4001107820251
1005002395910942
1005001747701120
1005003337007887
4001151151453
1005002254603984
1005003038967989
32955215622
1005001910466800
1005002342534478
4000092687548
1005002911047586
1005003356639825
1005003158350999
1005001413815804
33009051330
1005001429624291
33041374665
1005002103349943
4001146740234
1005002888626967
1005001424655000
32785203478
1005002831733604
1005003138744341
1005003388264706
1005003105666185
1005003218247282
1005003261973135
32788139067
4000048756163
1005002662100060
32845398571
4000985532808
32912349481
1005003317474634
1005003278136786
1005001456831368
1005003028839839
1005003365844779
1005002651145669
1005001524929325
4000021470063
33047115528
1005003010160527
1005003093015654
1005001868496430
1005001859468423
1005002048961324
1005002241186306
1005002661278795
1005001639408291
1005001469026153
32996296832
1005001882437275
32969885880
33029421450
1005003118660118
1005003348592638
1005002985241071
1005002822171390
1005002421378282
1005003178401364
1005002440934409
1005002225726816
4001248305612
4000792378094
1005002669586999
1005001882580217
1005002819422507
32891050608
4001335033629
1005001910956609
1005003266149974
1005002571266957
1005002891178338
1005003129730546
1005002689891114
1005002162237385
1005002647107862
1005003158321414
4000969689661
1005001693189055
1005003239823663
1005002756026038
1005002622396869
1005002985341929
1005003103893714
1005002358653975
1005001351869871
4001108085067
1005001914478615
1005002364873430
1005002287160639
1005003325661975
1005003312407880
1005003232274328
1005003032671805
1005002851251275
1005002559467541
4000046779004
1005003238818957
1005003188018696
1005002667980663
1005002368351494
1005003102070114
4000829304014
4000193335966
1005002995653288
1005002119774864
1005002873600826
33023163498
1005002731413062
1005003322561547
32906521206
1005002695504839
4000481313969
1005002857691744
4000037575782
1005003017989710
1005003132229414
1005001541409835
4000475484681
4000155549651
1005003329374798
32996491300
1005003385987324
1005002959643968
32999132575
4000249254885
1005002933126438
4001149600180
1005002707902390
4000016626956
1005002851198583
32886832128
1005001773137859
1005002567365025
1005002965807654
1005003219478069
4001123196342
1005003128988125
1005001962659299
1005002254256353
4000872460436
32896321080
32965928174
1005002711358384
1005003004375644
1005003173011424
4001207524984
4001067064215
1005003283414061
1005001662889933
1005002804609162
1005002887037126
32973602120
1005002313749813
1005003267262508
1005002885397211
1005001860065720
1005003331181828
33022278575
1005001350660026
1005003376010018
1005003180897091
1005001939263628
1005002344174042
1005002086434803
1005002414358613
32781509158
1005002197595607
1005002475496361
1005003223201637
1005001850419078
4001271936618
1005002056642370
4000193922956
4001273411499
32954071355
4001264071894
4001150153993
1005001439582790
1005002926491975
33000037487
1005003293568771
4001239256248
1005002357091351
1005002016993000
32861569859
4000223929422
4000616019180
32790800592
32835805927
4000369692395
1005003284938171
1005002956976990
1005002763723982
1005001434144942
1005003019515970
1005001494582229
1005002932613024
4000735585359
32910872546
4000670743846
32979995466
1005001379252581
1005003276851868
1005001287132800
1005003136531922
32949691370
32424918183
1005003229537567
32870835872
32957592185
32909427246
1005002532545540
1005003201002171
1005003303945230
4001298808858
1005002345644906
4001301715613
1005002264292637
1005002927048931
1005003296586416
1005001675564163
1005002568837272
1005003021529481
32960742563
32704727622
32969339684
1005001997396898
1005003109538451
4001242013362
4000006953623
1005002622213504
1005003033358746
32876160864
1005001619339414
1005001639228689
1005003323092247
4001226541704
1005003387614060
1005001460352261
4000181247196
1005002615811382
1005001599763997
1005002229968745
1005002953562379
1005001992890540
1005002605797029
32882731387
1005002273294857
1005003050856885
1005002937828912
1005002712714623
1005003284873376
32698448888
1005001967517670
1005003235020737
1005003339554772
1005002509679860
1005002828798495
1005003261513619
1005003076773281
1005003103147413
32657894654
4000571818782
1005003333192895
4000627475555
10000352882609
1005002523173503
1005003029881692
1005003346981921
1005002965970053
1005002614065105
1005002629265113
4001214334967
1005002424570127
4000041054859
1005002808825039
1005002034150635
4001149215777
1005002281667378
1005002979713300
4000897948985
1005003152435810
1005002441522501
1005002318039604
4000064135651
1005001354253470
1005002648822256
1005002780188693
1005002278886578
32791414060
1005003323985812
1005001373828919
1005001426594049
4000986736784
1005002673469214
32950063005
4001243137005
1005003329886710
1005002774161228
33056287143
32904743432
32882211526
1005003385309022
1005003153421143
4000313818903
1005003047635458
1005003167811688
1005003222113085
1005002784135218
1005003263189305
1005002784257155
4001142418803
1005002866698351
33006479820
1005003248536905
4000067957278
1005002862105143
1005003322234292
1005003022374199
1005002200453349
1005001302208360
1005002279097776
1005003152527096
1005003297472646
1005002213587000
1005003101645384
1005002811812646
1005003212465261
1005002897039298
1005003204378998
32920464289
32839806256
1005002723426404
1005001655340176
1005002015384254
1000007405409
1005003263969005
1005002003542676
1005003248264780
1005001354930246
1005003343232690
1005002103044846
1005002494015118
1005001287396015
1005003238505786
1005002638913818
1005003006358303
1005002634965059
33034494263
1005003230950741
1005003003959565
4001272686627
1005002240646249
1005002814074635
1005003385932404
1005002615787807
1005001344244621
32807486408
33020827022
4001278738284
850199680
1797771959
1005003165272742
1005002448516163
1005002990623283
1005002873079796
1005003118705920
32651256239
1005002683423447
1005003167950983
1005002431032138
1005002693869324
1005002431441106
1005002826238988
1005002855010880
4000903149615
1005002470480752
33016018910
1005001377002700
4000902469639
32957094188
1005002745753135
1005003004047958
1005003361815545
1005003386484670
1005002881857267
1005002913437168
1005002481417304
1005002919287708
4001018855084
4000167235062
1005002751143406
1005003178319909
4000894036321
1005002935551354
32728280922
32952548120
4001175663841
1005003365694457
1005001961724275
1005003232729451
1005002997131786
1005003280706776
1005002346193614
1005003061880914
1005003306579186
1005003166405108
1005003339766960
1005002563531917
1005003344935663
1005003137492341
1005001609610751
1005001818723197
32261059045
4000223528396
1005001580648232
1005003165903815
1005002969593518
4000198854239
32771753347
1005002608781771
32846980159
1005003134866173
4001228611527
1005002771040065
1005002525838334
4001064866699
32891346796
1005002327226155
1005002300934337
32860075571
1005003277256807
1005003191570098
1005002774453580
1005001603665578
1005002976206945
32694916423
1005002796158895
1005001952182790
1005001636902495
1005003367781165
1005003117140368
4001212163055
1005003380518669
32851728317
1005002820574677
32913756359
1005001531362276
1005002284132417
32761053374
1005002405937796
32867907715
32863317691
4001201877223
32856822785
1005002468807261
4000954720889
32843966943
1005002956811681
32348795278
1005001460901037
1005001768600385
1005002956954956
1005003042954057
1005003385334564
1005003051347577
1005001921828273
32903252821
1005002327633107
1005002607021027
1005002008618183
1005002840213795
1005002441968264
1005001633457065
1005002993792972
1005002511337976
1005002749767362
4000772877787
1005003203399039
33005646226
1005003360077252
1005002339357643
1005002945592597
10000397617846
4001315223769
1005002416824927
1005002443511391
1005002787374102
1005001580609775
1005002418227669
1005002133560979
1005002433253805
1005001408808181
32610178444
1005002986496870
32996460604
4000093719240
1005002958504915
32607553555
1005002297791308
1005003243266685
1005002186539442
1005003160871448
4001036644631
1005002931624549
4000048778581
1005002388003104
1005003333670928
1005002695374885
33003022152
1005002210969206
1005002981960022
1005003228442711
1005002534508845
1005003058706282
4001160148780
1005003309364152
32908249095
1005003299652703
1005002043133469
1005003119588326
1005002019644447
1005002651454041
1005002885931108
1005003206992840
4000720276905
32797828179
1005002776477970
4000226142154
32959133588
32782350571
4001039139717
1005003193772274
1005002233535998
1005001495698585
1005003303218849
1005002779952625
1005002555056966
1005003358933698
1005003382153783
1005002668069024
1005003184506703
32919164485
1005002142420687
32963221654
32853055398
4000410488171
1005002802824509
1005002199302869
1005003140917278
1005003211906271
1005003098889706
32962278999
1005002344935597
1005003144473853
32858029952
1005002802759514
1005002271951395
1005001629898892
1005003241411329
1005002204667583
1005001868546352
1005001335112579
32377052221
33060782990
1005001813108710
1005002419497341
1005002840538602
1005002842234082
32924120478
32953647310
4000434196706
4000329364937
1005003178481976
1005001488617698
1005002073415187
1005002841938364
33038326627
1005003031036378
1005003108115796
1005002523397550
1005002989717235
1005003099395366
4000245083578
1005003192875407
1005002354311757
1005001981625791
1005001997381435
1005002997554839
1005002134648580
32793505541
1005003265300958
1005001495943236
4000005821319
1005003390125985
32841779360
1005003163368450
1005003021766517
1005003004409303
1005002100101172
32825454544
1005002788971869
1005002790124065
1005002554123288
1005002314395096
1005003344734280
1005003020819937
1005002482466099
1305520478
32800583989
32921511485
4000379126230
32890775477
4001138807206
1005002331152887
1005003344155008
1005003180294267
1005002704218213
33048074659
1005002746989016
1005002946601896
32556025234
4000760578947
32948498864
1005003208797725
1005002755663609
32838178623
1005003391730736
1005003113644244
1005002237827439
1005002488677645
1005002641553590
32978047799
1005002938427440
1005003276975212
1005001439246980
1005003212987880
32748533032
1005003252904934
1005001803315740
1005002564721520
1005002396247486
1005003176524000
1005003105969683
1005003381053188
1005002440728997
1005002234065130
32896023830
32961502448
32868887165
32691146746
4001088607334
1005002779855772
1005002910952998
1005002486091860
1005003328651314
1005003265321444
1005002294210368
1005001620884362
1005003375304051
1005003192102763
32852129544
4000915954632
1005001581181428
33011132137
33047241980
1005003333291048
1005002369975193
1005003033903653
1005003181936371
4000564184044
1005001441483173
32827894534
33006446843
1005002657098071
4001010811870
4001118256667
1005002920831878
1005001844746306
1005002775611704
1005002897002946
33040447681
1005002076797947
1005002560959776
1005003382212437
32579378102
32965607079
1005001718327766
1005002767268813
1005002747595835
1005002905800047
1005002360065043
1005001814621083
1005002579789719
1005002709914905
32828897242
1005003320264346
1005002594088831
1005003220013299
4000730344450
32958202134
1005002036570024
1005003345970646
4000324723718
1005002895742143
1005002844513906
1005003181611622
505231133
1005003146865141
33060174491
32950654203
1005002875700320
1005001447186737
1005001299303788
1005001703785289
4000040851382
1005003292388693
1005003069070451
1005001966876816
1005002523535804
4000209393673
1005002963597603
1005002842920576
32512469241
1005001413924978
32918209280
4001235599885
1005001562069249
1005002090484148
1005001507164309
1005002801033461
1005003041968644
4000002328298
1005002139299335
1005002449222502
1005001604957878
1005003149474101
4001351467142
32955147468
4001103552104
1005002647275563
1005003087726079
1005002917570517
32901442572
4000179456540
32953686320
1005002744464977
1005002704676264
4000064908499
4000205959270
1005002304007407
1005003364397800
1005002786296697
1005003285231734
4001356296540
1005003117039289
1005002309297335
32622376900
1005002488471128
4000161851193
1005003192408750
1005002327651587
1005001552402510
4000112110020
33038090093
1005001699518939
32802743266
1005002441344773
10000205411846
32851140329
4000127372139
1005002868520535
1005003183521751
1005002939935659
1005002129445992
4000971089929
1005002011475844
1005003272764253
1005002813191586
1005002273482025
4001257828167
1005002975676707
1005002541360985
1005002961728260
1005003146118627
1005003339465014
4000910202393
32989338669
1005002314361119
32946242771
1005003306138898
1005002918021206
1005003342326372
1005001284747273
32950661116
1005002989067093
4000678606423
1005001853225918
4001345681136
1005002170988518
1005001799556076
32915072174
1005003208438708
1005003165465595
32952563338
1005002622939055
33028717984
1005003339485708
32830309501
1005001555070558
4000090312277
32969184523
1005001447090366
1005002363754636
1005003010642010
1005003278700530
1005002663569429
1005001656287521
1005002500137097
32960914242
1005003074173216
1005002676544625
4000890988573
1005001588125243
1005002879346798
1005001860390018
1005002217437575
1005002704551728
1005002702658888
1005002683025306
1005001348215776
32848488815
1005003146047892
4001252561481
1005002947345294
4000972233665
1005002836636293
1005002136391282
1005003306933064
1005003065981370
4001013122122
1005001731887706
1005002618733913
1005003114702159
32920658704
1005001560974347
1005003337923692
32911429974
601022365
1005003341791399
1005002594541394
1005002912000806
1005001633676399
1005001869393507
1005001883658136
32997424452
1005003058971690
1005003251345071
1005002066199412
1005003342373292
1005003176638628
32898280649
1005003282122162
1005001792762599
1005002705342820
1005001462606073
1005002106238741
1005002941285750
1005003258028908
4001076245938
4001061935988
1005003270325462
1005002246311969
1005003032849550
1005002990330797
1005003337377570
1005002327086165
1005002136966178
4001265871783
1005003299913498
1005002983944019
1005001975084751
1005003260326246
1005003281204788
4001271685104
1005002443099417
1005002485392118
1005003364886861
1005002857325903
1005003275324466
1005002612520428
4000808193684
1005002530558576
1005003067188159
32819255231
1005003051725687
1005003236771197
4000154026453
1005002705400395
4001085451208
4000097921810
1005003362546672
1005002794048105
33001157100
1954121006
4001085548379
1005003223024684
4000354412549
1005001365907254
1005002224279989
1005003059084678
33005142463
1005003387812472
1005003258925184
1005003002132686
4000206624857
32961503828
4001100941425
32834670922
1005002009005712
4001223451072
1005003205591476
1005002710357588
1157318000
1005002563272569
4001031514477
1005002345151056
1005001998685681
1005002357715698
1005003330452913
4000315208675
1005003293074113
1005003014417124
33003804521
1005003324213605
1005003352445752
1005003282683386
32852944486
32647417435
1005003119207579
32790232744
1005002632016899
1005002973073318
33010657681
1005002352301541
1005001728215163
32861438163
4000800566634
1005002648898034
4001094268514
1005003318850183
1005003109229749
1005002811893555
1005003278406795
4000370652402
4000138574059
1005001616201442
32861755429
32800937882
32949705614
1005001731170150
1005003339436175
1005003245121094
4001205225961
4000140194624
1005002880991615
1005002313107516
1005002184955330
1005002656276748
4000421258305
1005001989170259
1005003259069436
1005003188592029
32984254968
1005002467372246
1005001962692129
1000001732844
1005002857690168
32912250314
1005003144957813
4001350526234
1005003241181455
1005003259695382
1005002007012751
1005003321544607
1005002489299498
4001022300094
1005003275373561
1005003170401656
1005003058016474
32786572888
1005002072659822
1005002497635760
4000386243077
1005003186459488
1005002393169709
32864901430
1005002745166373
1005001447968738
1005003197581563
1005002933139365
1005003381063492
1005003293377751
1005002340258546
32837576882
1005001679038618
1005003269156229
1005001392804196
1005002265382051
1005003305789280
1005002211812789
1005002365967742
1005001580796077
1005002980303994
32401800008
1005002783708495
1005002696021905
1005001287400853
4000095077298
4000307550052
1005002852287218
32981427982
1005001906381529
1005003391125046
1005003246914734
4001224588915
4000894462696
1005001429370896
1005002272416801
1005001490210012
1005002686876103
1005002933589183
1005003313807398
1005003346511591
33040937922
1005002972102101
1005001780709510
4000009514310
1005002872884389
1005003067057016
1005003262169126
4000125383257
1005003161912413
1005002232725655
1005003079138412
1005003044596145
1005002829166131
4001274904533
1005003129491414
4000825593959
1005003140727913
1005002282489068
33054805206
1005002037353029
4001176108011
1005001781842662
4000562232239
4001140002387
1005002218029352
1005002363432450
32931478126
1005003122366613
1005001614846145
1005001810684293
1000007094223
1005001774682641
1005002083992401
33052525100
1005003212237099
1005001681458381
1005002793515703
1005002891033538
1005002473520529
1005002668472273
1005002984361732
1005002615801585
1005001570572722
4000974326438
1005002888424607
1005003148008958
32905979616
4000888152958
1005002586837926
1005002396455110
1005003228390233
32856612802
1005003095804679
32808704827
32664364274
1005003268918514
1005002900047157
1005001959850575
1005003223252579
32921579103
1005001692380123
1005002344926886
1005003259757713
1005001529314474
33047633736
1005003247722399
4000196378442
1005001830465489
1005003341227419
1005003150013957
1005002766327149
1005001802457179
32952641158
1005003002392171
33053353101
1005003026508354
1005003104387330
4000030545325
4000999271070
1005003116182566
1005001873761983
1005003128141533
1005003327980949
1005003066564756
1005002570326427
1005002937953727
33050531268
1005003114851661
4001080575046
1005002515383811
1005002583378807
1005001789148505
4000493028669
1005003261349713
4001068203221
1005002787542009
1005002859850914
1005002477676150
32945247506
32860367663
1005001819290979
32676242831
1005003299294952
1005002129909737
4000388028207
1005001479763060
4001352714396
4001157274848
1005003106354849
4000941084725
1005002959405604
4000092333671
1005003212838803
1005002332719371
1005002337496651
1005003393129425
1005003208196263
1005002572407072
1005003357014423
1005002052560820
1005003058314559
1005002737694927
1005002968071003
1005003257277805
1005002986311469
4001231914549
1005002752157962
1005002971868596
1005002844604915
1005003308482171
32949667073
32866329670
1005003086503613
1005002234215805
33038258755
1005002935208227
1005002822203291
1005003131571964
1005001959712725
1005002571189673
1005002287261816
1005003001555660
1005003056778014
1005002836898876
1005003347257434
33038238987
1005003008126295
1005001622283051
1005003392426617
32950556523
4000185662427
33045275446
4000805188014
4000931431813
1005003167172247
1005003293187591
1005003223045834
32852097432
1005001850393311
1005002384839230
1005002625573548
1005001505282568
1005003308280804
1005001838247525
1005002274230075
1005003019833219
32809965664
1005003209378235
1005003096905478
1005002888276010
1005001658683690
1005003264869970
1005002901278063
32996320166
33014393305
32907005277
1005003076186929
32920777176
1005003104315424
4000445911311
1005002667158344
4000242071993
1005002846065897
1005003136015400
1005003144843806
1005002965577573
1005003385716394
1005002809903400
32978514190
1005001608184872
1005001905100913
4000328261315
32318853672
1005003314031758
1005002761646479
1005002568383545
1005002808134947
32810249803
1005003201959541
1005001816683410
1005002313678644
33000340856
1005003185554138
32931578808
4001272525617
1005003310060832
1005002810238003
1005003292956019
4000858913384
32998018977
1005002608900735
4001224430562
4000259541380
1005002683587829
1005002237629670
1005001803172970
1005002203550233
1005002861846134
1005003165375958
1005002461438549
4000601590440
1005002275407881
1005003155102882
1005003330438144
4001116578579
1005003119184546
32983926178
4001228511727
1005003276015452
1005002258663720
1005003296822163
1005002524482116
32978184962
1005003278142335
1005001677918928
1005002917930077
32945397469
32828974544
1005001329733559
4001013564950
1005003316288158
4000784578862
1005003326488055
1005003349613644
1005003152212820
1005001763847298
1005002974048964
32846932705
4000510327204
1005002683161143
4001280237796
1005002076857897
1005002815017519
4000973293908
1005002886929591
1005002270681480
32641028046
1005003276381155
1005002483662048
1005002835371469
1005002473902467
32654951133
1005001859548593
1005002164661461
1005002483568927
1005003376384048
1005001890085249
1005002700110963
1005002198954276
4000016194729
1005002837255538
32837595433
33034226011
1005003156550596
4000897029845
1005002332672034
32976398166
1005003141831996
1005002545333661
1005001411971210
1005003066874902
1005003015425355
1005001483464940
1005002108962583
4000549606202
1005002899470812
1005002685959476
1005003374618355
1005001960793445
1005002951619082
4000989573344
32361541478
1005002951350666
32822206122
1005003180335900
1005003380179450
4000902971937
4000017029972
4000151632192
1005002540931081
1005003077359705
1005003094322202
32836635217
1005003221811824
1005003002236161
1005001603767993
1005002648734471
1005001511511288
32663636611
1005003076417829
33052832405
1005002703229265
1005003290285280
32955826014
1005003176536199
4000229680253
4000546660094
32855119221
1005001867421039
1005002801693560
1005002773735911
4001264515927
2004645089
4000115161403
1005002891230945
1005003318323906
1005003362109553
1005003252636126
1005002944326358
1005003103883000
1005002811181241
1005002912000806
32814804041
1005001632774929
32398340934
1005002448821065
1005002298098267
4001119267309
32641928966
10000402347456
1005003167363541
1005003334680526
1005002291098648
1005001617871010
1005002078848767
4000926772968
33054499355
1005003090161349
32955237001
32922163217
1005003354499814
33042728165