1005001742071067
1005003303208957
1005002855944834
1005001566654811
4001127225263
4001075281082
32992684648
1005002992691598
1005002741269256
4000206706534
1005003198556621
1005003015496482
1005002051550776
1005001869719996
1005003183076344
1005002590957964
1005003255892238
1005002705289058
1005002796832672
32881499952
33008173469
1005001579112953
1005002938681436
1005003019352363
1005001804177353
4000463375271
4001064797248
32813964438
1005002327700610
1005003146000348
32794126470
4001080751451
1005002827803886
32236074952
1005002110054367
4001230500492
4000910660552
1005002783249616
1005003123763147
1005001884030985
1005002153892037
33004741908
32983200509
1005002492750152
1005002945072372
32735093267
4001287964561
1005003014241635
1005003275440560
33032013994
1005002410992893
1005002398844830
1005003345465993
32867930906
1005002254158350
32983448749
1005003153040165
1005003016079399
1005001494967998
1005002559834708
1005003037412666
1005002902071998
4000925486407
1005002033811463
1005003386222852
1005002238273748
32727215390
1005003347359062
1005001601512010
1005001804400723
1005002117856160
1005002935025910
1005003342013249
1005003371313995
1005003212394430
1005003064749577
1005003211478751
1005003252331522
4000672973567
1005002381619023
4001076244929
1005003094030001
1005002333155197
32846406524
1005002647183173
499756814
4001045975350
32965512763
4000505517841
1005001980058263
32903560386
4001172410929
4001153867411
32531397137
1005003264937899
1005002363871116
1005001462383592
4001364055777
1005002710227914
1005003020483903
1005002114648869
1005003250501134
1005003367657422
32818371759
1005002256353216
1005003226106131
4000527859001
1005001687813068
1005002440536115
4001056098266
1005002604415853
1000007405409
1005003277493443
1005003225210397
1005003306517257
33010045850
1005002864756471
1005002714628863
1005003325724803
1005003249890079
32957636807
33058992322
1005001972886481
1005001717948867
1005003044445416
1005003182212097
1005001361593640
32859104353
1005001592956525
1005003387521905
1005003332505370
1005003193955507
1005001683081027
4000111811892
32968765367
33014489782
4001230214450
1005001320176380
1005001499876416
1005001736441304
33015630525
1005002315751141
1005001850987985
1005001926406389
1005003297968624
1005002977498649
1005002688837780
1005003059466615
32908048598
4000574180918
4000089800845
1005003101528741
4000159948815
10000287914637
1005002358748238
1005001699661409
1005001610329468
1005003100480237
1005002407796567
1005001349903853
32822589810
4001278972931
1005002673867428
32961819376
4000703389506
1005002515748827
1005001371452534
32532586521
32842412161
1005002652212067
1005003103033246
1005003019765792
4000989326241
1005002836754009
1005002921922444
1005002362260451
1005001645363494
1005002741156109
1005002892120390
1005003350326514
1005002542657405
1005003049552805
1005003096536536
1005001435587896
1005003083962181
32641928966
1005003306885375
1005003101662066
1005003235645591
1005002897209060
1005003312246588
1005001736858015
4001309193054
1005003284859265
1005002950024087
1005002907615589
32802310204
4001124858876
4000244655728
1005002841444784
32836675236
1005001550671698
1005002399299656
1005002945183326
1005002775682690
4001267239152
1005003035278305
1005002950900839
33061951939
1005001871062985
1005001592318842
1005002828511838
32670399775
4001241602269
1005003134300455
32963278623
1005002364079252
1005003308744446
1005003138052089
32906421492
1005002656123736
1005001436170136
1005001476407018
1005002291625196
32968038839
4000971965684
1005003098671687
4000585898203
1005001286183270
1005002090233118
1005002339975574
1005002586806016
4001351522694
1005002985021434
1005003274435334
1005003232448932
4000641927016
1944011159
1005002940724603
1005002799723969
4001189842600
1005003221621646
32528594086
1005002284716220
1005002457609872
1005002589958144
1005002196749496
1005003101981106
4001255494197
33046349351
1005002686511284
1005003325137897
32721228709
1005002635104055
1005003037082810
1005002246585879
1005002258635146
1005002593940064
1005003055153573
1005002906909288
1005002677404802
1751676818
4001208467769
32887948482
33003099069
1037480542
4000955490029
4001008969080
32956357176
1005002179343030
1005001965859032
1005003218101000
1005003147270961
1005002061862643
32691315525
1005001365097293
1005002891006711
1005002286944842
32826687447
4000568052860
4000064722374
1005003200403957
1005001638840004
1005002457779594
1005003385151410
32778455167
32972475848
32969482161
4001173258737
1005003064537005
1005003317546442
1005002517918589
1005001949159028
4000972368427
1005003299989657
32952282362
1005002946033829
4000907478163
33033534405
4000167349881
1005003184390918
1005003150141313
1005002937693364
1005003017597280
1005003037335235
1005003385638548
32828100057
32989794292
1005002264626092
1005001320131161
1005002231682438
4000252543923
4001229977086
1005002620136577
1005002978424724
1005002995814133
1005002797513178
32359700185
1005002797089570
1005002333762735
1005003210567616
1005003140499065
1005003382078922
4000065510215
1005002697575285
1005003076567134
1005002288814878
1005002996123496
1005002297872080
4001204563585
32952317617
1005001793127508
1005002679929122
4000868627568
1005003321900119
1005002425704191
1005003363280011
32963963220
1005002563803948
1005002011456723
1005002580306026
32703379438
1005002881763432
1005002275297609
32861591488
1005001399409309
1005002700437189
32880841091
1005003101887189
1005003308577908
4000774141963
1005003161975481
1005003305763545
1005002968000362
1005003311386395
4000133433978
1005003129871467
1005002591968380
1000004436557
1005002367905971
33005743903
1005002397851647
1005002427106354
1005003335287847
1005002780116448
1005002695660825
1005003123551520
4001159311985
1005002694976126
1005002841230905
1005002787116031
1005002517628747
577575923
1005003286817702
1005003146134544
1005002272050869
1005003342048790
1005002534833463
4000027023381
4000598751519
1005003212959011
32885540522
1005003247756721
4000149368617
1005001638807703
1005001500385388
1005003180284177
1005002872013848
1005002254285459
1005003262174040
1005002565765160
1005003014849289
32963512626
1005001761523804
1005003231472492
1005002828108430
1005003281150584
1005002006049303
33059634646
1005001651052378
4000664906594
32903840463
32890710848
32818056669
4001326836864
1005001380732042
32933418543
1005002130359219
1005002090999914
1005003373645640
1005003112684100
4000351038641
4001278878356
1005002413284008
1005002551904768
1005003209042091
1005002966114840
1005003133947872
1005003205225098
32990922866
1005003013597504
1005003144301803
1005003124823803
32836729620
1005002953332153
1005003323035541
1005001804163254
1005002237581490
4000252627192
1005003062118325
1005002253703725
1005003201953116
1005002177623982
1005003285902528
1005003149734976
1005003341699956
32999842324
1005001543719924
33001567452
32537744684
1005003310234282
32970250899
4001249016306
1005003264677378
1005002532753966
1005002805780864
1005002767320112
32894399317
1005002649547282
1005002660077201
1005001413482650
32710966814
1005003324782507
1005001338043617
1005002960741714
32802625426
1005002778460328
1005002661810244
32915874304
4001131811910
1005002647292179
4001278869455
1005002375932451
1005003310629624
4000585183228
1005002382754617
4001071467999
1005002873097346
32978511265
1005003359536247
1005002456916231
1005003092982463
1005002410859325
1005003224980389
33046697906
32721171608
1005003179462052
4000064449241
1005003017362687
1005002541839079
10000038515135
1005003112305530
1005002991214786
1005001306036307
1005001669963566
1005002789958576
1005002317970855
32991886668
33035424491
1005001739975511
1005003184419671
4000109341589
1005002605921736
1005002589014118
1005002879166101
1005003076549729
1005001887970948
1005002946802871
32847678551
1005003234908788
1005001270500843
4000532775578
1005002004027479
1005003168067346
32661253897
1005003086388577
1773222920
32758772719
32916662723
1005003318787222
1005002584424059
1005003073989520
4001230322837
1005003282162469
32961272819
1005001912526350
32882145077
1005002101781101
1005001896461076
33048764644
1005003222945091
1005002947401226
1005002964125047
1005001808853888
4001333428562
1005002546828692
1005002288645754
1005003187281936
1005003329633427
1005002619906741
1005003285396908
1005002523137151
1005001536941173
1942414820
4001037339102
1005002996051713
1005003278870307
1005003283006204
1005002806161131
4000786405878
1005003272427083
1005002851184709
1005002246496464
1005003196558637
4000506309303
1005003056582031
1005002190521900
1005003298967705
32993516785
1005001516469046
1005003168150803
1005003209731226
1005002730794432
32814734060
33036779757
1005003336825712
10000241179972
1005002685624079
32803594779
32658444407
4001216938688
1005001669482817
1005003278942818
1005002551720084
1005003326501438
1005002176693658
1005002383148408
1005003223984159
1005003278495935
1005003324681753
32847457327
32961615506
1005001998837909
32945404533
32993258975
1005002682355676
4000767177124
1005003263613863
1005003139340576
1005002669852630
1005001329854368
1005002320785544
32965791041
1005002536383247
4001080208417
1005003104434456
32998479339
33019103086
32947974480
1005003327923340
1005001419548424
32668710109
1005002462349294
32962377110
4000253354595
1005002619819961
1515667175
4000067340019
1005003012858371
1005003145373519
32866663418
4001290275099
1005001873881118
32838254586
4000489968122
4001175048099
1005003130749701
1005002948401494
1005003297055824
1005003330753455
1005001929412420
1005003107405087
1005003186373904
32933158099
1005003291325216
1005003236102612
1005002982389110
2012164510
1005003393139224
32917788091
1005003152104490
1005001831929766
1005003155723150
1005003152980782
1005002330372911
1005003014241635
1005002782566331
32362596127
1005001812901854
4001185854927
1005001818503144
32965122821
32851514002
1005002210827379
1005002979723247
1005001320609101
4000061517020
1005003299305444
32867130704
1005003372843208
1005003219256676
1005001901848643
1005003107356613
4000953432979
4001077786218
1005003280061320
1005001426164742
32844812338
1005003325602925
4001361001657
4000712168336
4001108445696
1005002827919167
1005002490613402
1005003342839571
33011500851
1005003263550951
1005003197697241
4000574619581
1005003297956663
1005002375252200
1005001865136844
1005001597896674
1005002982854193
4000626795796
32996038137
1005002842398863
32648212087
1005003056561449
4001208287922
1005002753527515
32852152691
1005002058795882
1005002885073330
4001095379698
1005003327740073
1005002092659284
32966098706
32883922165
32962466136
1005001320292366
1005003323837393
33020723341
1005002171161372
1005003248570162
1005003109479882
32950322623
1005002769084632
1005003134924517
4000241556766
1005003351101597
4000500184832
1005002974095788
1005001865978533
1005003000662593
1005001831006593
1005003384844821
1005003384180291
1005001543430477
1005002448405230
1005002814995317
4000194244334
1005001744287506
1005001413209227
1005002775995587
4000595056217
1005001469382142
1005002775889108
1005003019339536
1005002448386503
4000039380929
1005003101718781
1005003372121324
10000344003321
1005003019083924
1005002345110608
1005003162170709
1005002249682131
1005001570352036
1005002598648916
1005002574473310
1005003144777159
1005003349520634
4000708854588
32829647727
1005003188395082
10000302593171
1005003102712859
32956918553
32850722998
32849750611
1005003094518855
1005003375257890
1005001604445779
1005002241471204
1005003370755424
1005001500260570
1005003330160549
1005003349394892
1005002609728884
1005003158572402
4000735585289
1005002139739093
1005003356038571
32696015809
1005003258956068
1005003309934141
32913401100
1005003122207037
1005002077910241
4001131370608
4001248192353
32918078210
4001133319155
33003803550
1005001761429972
1005003099554901
1005002965696586
32829935598
4000131451397
4000602829365
1005002722784109
1005001344597387
1005003102421680
1005002789180798
32872387584
1005003233359839
1005002053440810
1005002227977115
1005001737223131
1005003232164704
10000217907617
32855127586
32981489779
1005002878990621
4000266073909
1005002931941279
1005002730777391
33015659968
32982576028
1005001802538305
32896611720
4001072239369
1005001727782334
4000777938870
1005002926504715
4000077175068
1005002755129291
1005003228986999
1005003386020007
1005003323102629
4001235633736
1005003359767861
1005002847313281
1005003001688917
1005001566646172
1005003197501179
33041649281
32972259557
1005002697861010
1005003220067796
10000032383931
4000714026529
32815342372
1005002753254795
1005003103421141
1005003181909264
1005002741408520
1005001525383781
1005002327975416
32854150523
32630520255
4000126306062
1005002413378521
1005002649781643
32987865050
33002438714
4000561930121
1005003094387334
1005001775931949
4000198807389
1005002924778167
4000982514144
4000603739463
1005003386250704
33047099697
4000221639892
1005002376314877
1005002595860809
1005003319220856
1005001307700413
1005001817967812
1005001665611933
1005003106323991
32562583621
1005003114505156
4000514977045
1005002340023398
1005002580393352
1005003102823521
4000084822347
1005003297940318
1005002868284597
1005003248586375
1005003328796026
4000526291416
1005003155986105
1005002400523312
1005002783314890
1005003113007471
1005002748521843
1005003176461663
32975139764
1005002478323801
1005003091786564
32944093066
1005003303068587
1005003182294509
4000138994375
1005003382739322
1005003391202994
1005002204021012
32839586233
1005003315851399
1005001287361492
1005002485638830
1005002662968767
1005003146238036
1005003212965116
1005002624011046
32868180166
1005002191391103
1005003269676474
1005003133956896
4000975343643
10000395918253
1005002116371913
1005003223608165
4000246017971
1005003037322484
1005002269451036
1005002314348520
32949263835
4000865416985
1005003338094715
1005003351192043
32767906502
4001048808376
1005003112930087
1005002440509837
1005003133945894
1005001736706626
4001178350695
1005001875054388
1005002965567799
1005003318998650
33059973281
1005002051930637
4001220335767
1005002015670485
1005002775746811
1005002282128109
10000055528464
1005001298036193
32911407468
1005002647204779
4000277671420
4000712463463
32956162769
4000290729826
32971446850
1005001688865504
32359426813
32585213395
4000765409040
1005003001478186
1005003283316338
32956397037
32853275315
1005002749229771
1005002317105241
1005002421606058
1005001350331585
4000389337271
1005003086979076
1005002427194706
1005003388466505
1005003191626657
1005003336500488
1005003213797026
1005002710728103
1005002548245967
32901311571
32960939883
1005001868449822
1005001478666274
1005003109976911
1005002177380188
4000148889649
1005003169783542
1005003382199566
1005003244960152
1005003328859796
1005003129334162
32967150736
1005003273758949
33038459190
1005002230203547
4001103795555
4000165247021
1005003363984743
1005002623697302
4000844711552
4000258037624
1005002869973876
1005003131303861
1005001937164129
1005003147917086
4000233350197
1005003276560582
1005002949064808
1005003276166264
32580207480
1005002505505109
1005003265576813
1005002715586010
1005003216049328
1005002217802918
1005001354930555
32961428539
32410746674
32948689234
1005002003363385
1005001905223337
4001244666346
1925363151
33014326009
1005003288047593
4000610106181
1005002775259011
4001347348551
4000049534107
1005003152392158
4001340598816
1005002755280063
1005002019702020
1005002949555359
1005003311185886
1005001543563865
1005002559994765
1005002829349480
32869883395
1005002476112089
1005003017362687
4001176958138
32851271738
1005002918237599
1005001905792101
32581019615
32856307994
1005002662560113
1005002022626491
1005002494596359
1005003264273044
1005003050018538
4000889368730
1005001575139776
10000025701425
1005001594790307
1005001271472251
1005003071570910
1005003198623141
1005002233090029
1005001843269227
1005003172221477
1005003118160906
33055508136
1005002830607802
1005002997540144
1005003340335944
33021070353
4000254096520
1005002799566190
1005001332763188
32981868448
1005001506061728
4001230888357
1005003253791176
1005003086701132
1005003127402240
1005003347395142
1005002614254765
1005001291246775
1005003305073923
1005003020873746
1005002759120822
1005002862518133
1005001326717418
1005002175650142
32953533555
1005003152078376
1005003036280182
1005001737013209
1005002739150799
32956853012
1005002963238830
4001114239316
4000108500107
1005003134294958
1005003378409020
32944205028
1005002468166486
1005003385015178
1005002518017560
4000321048710
1005003014037726
1005002376960861
4001037691919
4001109060439
32813385718
4001049366364
1005003203429402
1005002207479744
1005003289030075
1005002311857283
1005002986206024
4000316520790
32247384747
1005002625385263
1005001581057030
1005003222313804
4000925856435
1005003362642796
1005002901296903
1005002796082662
1005002375471503
1005001412608224
1005002418391074
33011360217
1005002039398985
4000383241762
1005003014392734
4000249744734
32959405275
1005002254190619
1005001688945984
1005003148529610
1005002945611678
907923879
1005003038290914
1005002733412653
32988761860
1005003218143156
1005002363666710
1005003189383515
32803095050
1005002949218346
1005002171293014
1005003315932309
32829440241
1005001288163831
1005002715523308
32922587563
1005002723462988
1005002666534657
4001186297731
1005003274803420
1005003179515801
10000277273146
1005002345927408
4000314290040
32806022963
32829200480
32822375222
32882323518
1005002286555167
1005002879328190
1005002804139245
4001047653432
1005001561359189
1005001494558324
1005003385453961
1005002879259892
32946607768
1005002835381909
1005003224097630
1005002136971802
1005002317700523
1005002527123408
33059996350
1005002588450920
4000310858371
1005002906329014
1005001612958429
1005002265564609
1005002282284570
1005003095338477
1005003262291435
1005001789962312
1005003289345243
4000207173588
1005003159827610
1005003309792220
1005002471940870
1005001659265304
1005002307677972
1005002380373861
10000343977182
1005002549649926
32813025006
1005002943383870
1005002645328817
4001286779744
4000187487832
1005002882866026
4000453910779
4001306181837
4000995533507
1005002350352319
32881691683
1005003385920402
1005001297106111
4000274837627
4000308835207
32485970346
1005003277523511
1005002958035385
1005002326296602
32972977349
4000987987762
32817780622
33018916820
4000782814070
4000630618831
1005001872799629
1005002813607261
32821826892
1005003247310446
4001228403544
1005002958723075
1005003206229452
1005003118159353
1005001968052288
1005002981639346
1005003355143054
1005002024476262
33054559096
4001272426514
1005001271408254
1005001809247082
4000466410980
1005002777784294
1005002467530874
32912043469
1005002614373404
1005002999544144
33007197811
1005003252241188
1005002675279669
1005001799182927
1005001619498811
32911617998
4001076543106
1005001993920889
4000553707024
4000465955894
1005001891765040
32871754507
1005002623735002
1005002622091784
4000167312703
1005002557993401
1005002663268956
1005002895670096
1005003149222146
1005003323174963
1005001687997336
1005003120404691
4001158950264
2003977470
1005003366157152
1005002672270176
1005003066572790
1005003345621456
1005001838519133
1005001668071318
1005002532220516
4000058593629
1005002862755404
1005002126147620
1005003213602014
33012017206
32850787335
1005003262915229
1005002945785921
1005002224308562
1005002458995988
1005001437571371
1005002959000869
4001104660209
1005001948442010
4000566007164
1005002988463576
1005003214312982
1005003081964690
1005002636034982
1005003345619408
1005002877713169
4001191981348
1005001664105352
32876226562
1005002269190270
1005003112484855
1005003012490400
1005003033084917
1005003106242426
1005003388154698
1005002952744274
1005002866664601
1005003278773457
1005002996223664
1005003082921227
33053822765
1005002848714153
32878191479
32829861389
1005002540863530
1005002656247069
4001292015253
1005003130466578
4000273369997
4000168814152
1005003305950642
1005003243771310
1005001609616377
4000128400905
4001225258337
1005002965527323
1005002840703105
1005003140152913
32431969971
4001080710608
1005003000865638
1005002847610682
1005002737343553
1005001408582310
4000023058451
1005003335676835
1005003096159660
1005002885915493
1005003267238746
4001146929275
1005003380545088
32980073656
32971568799
32948553585
1005003207752586
4001083431415
1005001687441604
32893182110
1005003258763800
1005003385033981
1005002190072242
1005003350832849
4000036613784
1005003155882917
4000192409270
1005001822924535
1005003196128593
1005003087975800
1005002709972659
32497521655
1005003114676759
1005002419886710
32983238378
1005001955286139
1005003219680274
32840363940
32875512309
32975506767
4000862527552
4000111207651
1005003347065274
1005003213961342
1005002944433009
32873451572
1005003033471123
1005001995273388
1005002707641674
1005002313571522
1005002649107809
1005002430839019
1005002739136898
4000956022590
1005003335585399
4000750076891
1005002729988012
32991276472
1005001770927447
4000096463203
1005003210698953
1005003095327770
10000002728870
1005002815012382
1005001989975218
4000114380258
1005003298175240
33022700694
4001345361878
1005002565453495
1005002397033707
32954633356
1005002836044517
1005002416379792
1005001667819538
4001321552866
1005003349402381
1005003240993183
1005002761642786
1005003299302421
1005003160606503
1005003089356381
1005001415195029
524125386
1005001887689247
1005002287238963
1005003324302880
1005001971378516
4001034022773
1005003225490570
1005003230070325
1005003021106027
1005001798004105
32884675873
1005002580523664
10000397741050
4000525214227
1005002473686644
4000683941285
1005002863833457
1005002341830175
1005002528173317
1005003342408716
1005002954263519
4001277779532
1005002313611926
32922743410
1005002931315002
1005003340463023
1005002122365547
32816129574
1005003060882843
1005003010648620
1005003329138840
32887239979
4000102995341
33004882501
1005002672678250
1005003262836161
1005002590606854
32853749710
1005003005084733
1005001411822088
1005002314422069
1005003282877001
32791060651
1005002393009582
4001208206774
4000983202415
1005003075936185
1005002464748480
32867411087
1005002782504721
1000006314877
1005003201492888
32893037026
32896375766
1005003321348248
1000001117937
32809797469
1005003222101777
1005003141322550
4000044794822
1005002084063368
1005002443451749
1005002303955797
1005003374930716
1005003038903804
1005001406790803
1005003352015670
4000742294691
32958216544
1005001990470695
32972591980
1005003008700081
1005002761485152
4000316706994
1005002816921139
4001061769078
1005002532341984
1005002233380995
33047129706
1005002281763549
1005002204081222
1005002730849330
1005002650963856
32589908667
1005002305399239
1005002116315817
1005002257101430
32886880963
1005003352402836
1005003022458744
1005001441390772
4001294857839
1005003329487548
1005002447112590
1005003048848026
1005003286875815
1005001328897112
1005003293316076
4000317490051
1005002708310190
1005002613194001
1005002002611830
1005002899610660
4001070749709
1005003024914745
1005003224928672
1005002741235622
1005002697270102
1005002295850855
1005002506933082
1005001859480167
1005003249399086
1005002861608701
1005003270729660
1005001711320208
32893491046
32393918384
1005001889792193
1005002945413768
32701080821
1005002785041695
1005002843652577
1005002930736341
1005003291620275
1005002502253002
1005002641702757
1005002431102129
1005003186043248
32972302024
1005001723895586
32718320103
4000373608076
1005002801377678
4001197171352
32696694164
1005002950789667
32973888505
1005002128590732
1005003278791899
1005002836117373
1005002566200670
4000092797924
1005002616362063
1005003347184279
32853982429
1005003382134977
1005003019196032
32902925328
32860953905
32862681384
1005003165734377
32988068503
1005001544895206
1005001928228201
32887250220
32995190464
1005002288168079
1005001319864248
1005002990682058
1005003237516585
1005002780925996
32460430774
1005002313815455
1005002124995517
1005003261348770
1005002854949139
4000763724468
1005002995693833
1005002392725448
1005001403683073
1005003254866540
1005003378380028
32817084737
1005003284812548
32865199016
32829885253
1005001763723300
1005002117142054
1005002617256400
1005002490724883
1005002703982994
1005003312742003
1005003196764157
4000744318585
1005003169538462
1005001920302478
4001351060064
1005002260779348
1005003131818419
32999371365
1005001987951393
1005002418284533
1005001508216034
32952938856
4000512944169
4000035715831
1005002797198733
1005003134808278
4001224122606
1005002971201533
1005001769384619
1005003298964392
32788593985
1005003224084278
33014759749
1005003008700081
1005003092564015
1005003210596623
1005003388076124
32710927873
1005003090869274
1005001977429822
1005002846464916
4000675627806
1005003104254558
33027169440
1005002548852314
4001112993246
1005003127766141
33033219539
1005001389515319
1005002323383867
1005003272210221
1005003337630946
1005003181775199
1005003346004313
1005001988040789
1005003224981126
32796488855
1005003015314277
1005001572964438
1005002647194900
1005003186947756
1005002624244180
1005002654955514
32912381015
1005002545552458
1005003177208501
1005003012804812
1005003172023258
1005001425083466
4000784772944
1005003311195932
1005003095316302
1005001320924412
4000809638928
1005002774291996
1005003101376809
1005001936104026
1005003307274335
1005002623192152
1005001698587641
1005003254552658
1005002012544312
1005003391702601
1005002833595201
4000746210668
1005001993220270
1005001498913299
32880148119
32975287736
1005003381269657
4000114425788
1005002433863207
1005003253565297
1005003151689775
1005001920530699
4001195756695
1005002421591341
1005002784926646
4000720271450
32793947665
1005001511369074
1005003022551835
1005003071071240
1005002539165599
1005003128986436
1005002918442535
32815359500
1005002812876527
32919876397
1005002552650221
1005003341582535
1005001701434476
1005003354881529
4001017418749
1005001995401740
4000204555401
1005002857273895
32992098404
1005002536459580
4001140235018
32579365425
1005002345615839
1005002080730119
1005003093964001
32819164859
1005003042074519
4000329073957
1005003236454091
1005002623793224
1005002462368887
4001005212088
1005003320600585
1005003227917439
1005001797147236
32945737486
4000185242601
1005002396702058
1005002970281645
1005002971442802
1005003191107150
32706069250
32969866559
1005003298432854
32381793576
1005002398803477
1005002700277821
33042424433
1005002020498840
4000076320327
1005001884632295
1005001369198186
1005002390528458
1005003291450138
32963105275
1005002087961170
1005003120910619
32885115818
1005002547677482
4000930208278
33037158535
1005003022948416
4000881081812
1005002722688797
1005001355469942
4000795188927
4001223890669
33013706256
1005001964308538
1005002941030130
1005002593864868
10000400032906
32699006253
32949708370
1005003005461279
4000273858125
1005003192940584
1005002780798372
1005001409441512
1005002878535217
1005002174686863
33004523897
1005002608807201
1005003270668554
4001285957724
1005001667523180
1005002519883804
1005003115475725
1005003108042173
32853149707
32905228970
1005003093069434
32799304893
4000453056812
1005001976182534
32713396462
4001170660245
1005002985114490
1005003193514010
32967559278
1005002607916083
1005002395616215
1005002709910027
32850436385
1005003128094457
1005001334959428
1005002988643303
1005003168003088
33049226840
32718096805
1005002814771664
1005002554075093
1005003328315383
1005002978668905
1000001118889
1005001652185823
1005001282727699
1005003191958554
1005003310611339
1005002612736938
1005003179324072
1005001897162761
1005002301616832
1005003284519443
1005001602008534
1005002748754129
1005001865442949
1005002727537817
1005003329492380
32859864845
1005001841848528
32614729232
1005003037322141
4000452513161
1005002837554126
32380405983
32864426344
1005002107543553
1005002276658662
1005003263084474
32770929515
1005002759032428
1005003287778960
1005003077886925
1005002298570021
32977115818
1005002924416525
1005003007943972
1005001453387607
1005002066100828
4000975710697
32951051932
1005002447732138
1005003271077395
32964878229
1005003021151914
33053664597
1005001762760302
4000938039508
1005003080071529
1731719261
1005001470984967
1005001893850652
4000627388681
1005002779108458
32966222435
32856130378
32785466549
1005002575822575
1005002618384726
32918963789
32948672458
1005002571212936
1005003052383219
32817638647
1005001380612647
1005002803294280
1005003184494229
1005003081248138
1005002558667834
1005001740114346
1005002945561979
1005002858337664
1005003094832523
32995256291
1005001511837686
1005002735000254
1005002761361614
1005003264702714
1005003270060628
4001230743548
1005001557534401
1005002358400366
1005003274417672
4001253708696
1005003213759954
10000343884807
1005002864538135
1005002865234596
32799006687
1005001581937283
1005002264857011
32899462739
4000918009160
1005003121892673
1005003299097837
1005001629399578
1005002913066980
1005002899914198
1005002514470681
1005002275994357
1005003309231889
1005001488988061
1005002700811040
1005001726876450
32847794001
1005003331422488
33027492865
32964476267
4000230383491
1005001769768402
32839016920
1005002421324111
1005003335903499
1005003265443999
1005002110627519
1005003293803193
1005003316907728
4000106799418
1005002564611724
32978611328
1005003318076808
32866550679
1005002351392355
32850258906
32887884339
1005002993870553
33041011787
4000333095940
1005003302739783
1005002470738532
1005002975294122
1925194305
1005002207658064
1005003324175359
1005003241845247
1005002931934585
4000670720545
1005002677873367
1005001867328460
1005003254638671
1005003251127680
32694528350
1005002282670901
1005001332570204
1005003036183457
1005001804609223
32462563381
1005003325199559
1005001898927155
32826734360
1005003388948225
1005002405738157
1005002518563031
1005002896642123
1005003238886719
1005002965978009
32893223868
4001341091308
4000098819323
1005002122484649
1005003337835315
1005002204947158
1005003235279606
1005003364553839
32988062769
1005003021848977
1005003365078681
1005003346525558
4000972655682
1005001830198380
1005003148838053
1005003337803115
1005002398681584
1005002583389735
1005001477995029
1005001604652724
1005002978397461
1005002953880930
1005003252130297
1005003175864724
1005003335620975
4001148008198
4000195479815
1005002805926499
1005003274835668
1005002941135016
1005001411904994
1005003293573413
4000057243661
32666400508
1005003214419241
1005002565420577
4000464378061
1005002004697700
1005001525311810
1005003036690715
1005002565855690
1005002230122052
4000162077934
4000594823900
1005003031849022
1005001995884271
1005003127322274
1005003296239279
32704067025
1005002292237690
1005002220520721
1005003309807317
1005002976731489
1000004436494
1005001721484367
1005003218269438
1005002773439749
1005003104909097
1005001823309707
1005003160005199
4001173205912
32971181825
1005002755973519
1005003148607249
1005003223740975
4001054526257
4000853124716
1005001511945873
1005002682089856
1005003232373484
4000970118611
1005002023640061
1005003135937035
4000194992272
1005002536629350
1005002301195495
1005002885229592
33002477453
1005002320985876
1005003096579229
32887765377
4000295211749
1005001532339151
1005003121034829
1005002759312087
4000809990514
1005001435993591
1005002686507314
1005003206463265
32819358767
1005002899600497
1005003187821373
1005002828396680
4000627591350
1005003098783483
1005003227659903
1005002966941275
1005003096138593
32860422964