4001064888815
4000853397823
1005001813312954
1005003336459963
4000098320932
32810360741
1005002438478779
1005003194408498
32992922726
1005001452317297
4000761043536
1005003202797397
32793462614
1005003325831010
1005003062604571
32815998921
4000481234781
1005003199727174
1005002772180809
1005003229737705
4000776959371
1005001688963863
1005002524627165
32818168431
4000503001412
1005002059659120
1005002613075235
1005001480412664
32664547130
1005002664234181
1005003162140787
33030405103
4000526357224
1005001924648693
1005003263666961
33024760938
32818623147
1005002529344315
1005002007996112
1005002518436029
4001139106520
1005001572313770
1005003144673553
4000348905589
1005001381909061
32987780622
1005002889120683
1005003343743578
1005003159172140
1005001341004320
1005002748211195
1005003304415921
32889603710
32801011606
32863169503
4000482623895
1005002399319189
1005003351131287
1005003163778616
1005002341014660
10000395837915
32887999371
1005002387276749
1005002611420497
4001160629000
1005003342034370
1005002870168455
1005002517008111
1005002751112731
1005002212486922
1005003177937665
4000411900220
1005003016496501
1005002297646521
1005003237265229
1005002211412381
1005002442744465
1005002994724297
1005002718098257
1005002721820278
1005002030232482
32990176011
32893783321
1005003109506862
1005003191458805
1005002890232120
1005003082308374
33007525453
1005002975984522
33040246442
1005001793355512
1005003384908907
1005001488590875
1005003385236365
1005002566973055
1005002931941279
32685446375
1005003265926206
1005002484731848
1005002096096539
1005002317600654
1005002723445508
1005002996022336
4001066872360
1005003109606666
1005003386709230
32834267906
1005002899475389
1005003058947846
1005002392105278
4001242555333
1005001291030717
1005003336895877
1005002771088668
1005003338938904
1005002690856425
1005003364784016
1005002411448457
1005001273421250
4000982520088
1005003047629297
1005002697290902
32995660358
1005002878196947
1005003245536520
1005001616810167
1005003161726654
1005002492391116
1005002022150443
33030877586
4001351244160
1005003350393788
1005002684180564
1005002997530027
1005001825534851
1005003248466881
1005002942160525
1005002484138529
1005001488790967
1005002387512284
1005002426471756
4001062118125
1005002949320765
4000632567773
1005002669216807
4000822804701
32833104785
32788762294
1005001640247052
1005002226323068
1005002737398560
1005001540097317
1005003112103783
4001210553828
1005003338928874
1005002247267033
32977739392
1005003019087956
32965277990
4000193287286
1005002721502204
1005002711223521
32893530766
1005002554486014
1005003292444066
1005002026671715
1005002949160604
1005002960614767
32995741872
1005002534776814
1005003151088445
1005002635356910
1005003312370547
1005001437519678
1005003379884639
1005003291441193
1005001848016256
1005003382827171
4000317932548
32846701883
1005002371542642
4000989138653
1005002091762599
1005002428198869
1005002858093886
1005003093820420
10000395929637
1005002314337110
32919432229
32988997405
4000844144122
4000096079479
1005002721648656
4000217281768
1005003381022406
4000470334745
1005002267644324
32830903597
1005003287403804
1005002316447997
1005001898690928
1005003328873214
1005003335978132
1005002463742845
1005003211341740
1005002245424297
1005002344773867
1005003235283899
1005003338782294
1005002519791922
1005003331561252
1005003213290615
32843226779
1005002645197045
4000301282480
1005001632467381
1005003318454481
10000395871887
32673075069
1005003130028192
1005002935449996
1005002583225124
4000132675523
1005002950240645
32780988059
1005003142424112
1005002002448029
4000909827495
1005001516300586
1005003173112020
4000231576248
1005003165238229
32784677948
1005003313954513
1005002181253852
32712955126
1005002480999910
4000312101399
1005003140974104
1005003302636650
32999390050
1005003254865648
1005002843353710
1005002967253795
1005002176207914
1005003011828156
1005001625677466
32873115949
1005003204307350
1005001814149995
1005002181279362
4001234113425
4000336734966
1005002967702845
1005002125645324
32920135664
4000338597973
1005002742842295
1005002675970961
1005002607928167
1005003086744290
4000456398908
33014107904
1005002564017623
1005003004051598
1005003212629733
1005001741607748
1005002207971462
1005002862180182
32861242732
1005003386735438
1005002607573959
4001279574261
1005003164009610
1005002428388213
1005002980506038
32743982604
1005002821564962
1005003156435595
4000004904081
32914181449
1005003238849758
1005002997106861
1005001982957583
1005002895396796
1005003068936176
1005002737892095
1005002977502741
1005002752339997
1005001507422059
32846307558
1005003342831042
1005003277902921
32966987311
32962472431
1005002323071764
1005003222463295
1005002802299092
1005002824506613
1005002461571368
32802103572
33042215115
1005002679033765
1005003299564400
1005001666347825
4001147440522
1005002693363597
4000969511434
1005002607740860
4000895740669
4000777366912
1005003338851460
1005003352589108
4001271867363
1005002482353009
1005003090184366
1005003064859538
1005002871946621
32864281066
4000777362165
1005003172189020
1005002245017501
4000544441930
1005003091830318
1005003031620070
1005003238047397
1005002443213165
1005001452168198
32905346472
1005001778162122
32829007707
1005002870091302
1005002394246491
1005003205677684
32464399149
1005003213002032
1005003343172914
32952365249
4000102933218
1005002880007468
4001230317830
1005003274859175
1005002772216871
1005002526848634
1005002609793058
4000782663040
1005003039476593
32804477918
1005003381810287
1005001917388494
4001230738601
1005003036934263
1005002611866329
4000362645177
1005003296968100
1005002889412860
1005002810665283
1000007080031
4001291449606
1005003172671585
4000385736090
32896361368
1005002935231872
1005002672733438
1005002336885237
1005003037463226
1000004559004
1005001789830572
1005002835396256
32605191166
1005003208194179
1005002865132812
1005001905413886
33057039934
1005002688740594
4001110813609
1005001571512502
1005003021829386
4000580984455
1005003098098573
1005002841359487
1005003311458528
1005002181156802
4001290131273
4001254328870
1005003155554674
1005002350181104
4001021652705
1005002927076993
4000756734508
1005001292577950
32871122677
32813324379
1005003008782418
1005003331829084
1005003339157848
32757654659
1005002192265753
1005002809725351
1005002073794595
33032108896
1005001992057814
1005002939087319
32885009525
1005003349130687
1005002789286565
1005002492158107
1005003309374246
1005003385233087
4001068834718
1005003381620404
1005002211892432
1005001872767934
1005003333402449
1005002956005926
32843556386
32695456279
1005002778322960
1005002414425171
1005002871272678
2029391743
32828899044
1005002676380539
1005003244489440
1005003233055716
1005003342020052
1005003065025107
1005003120104095
1005002592781791
1005003071154745
1005002709360719
1005002931308893
1005002434013006
1005003371997998
32743288536
4001039704787
1005003071015813
4000934110184
1005003259037497
1005001416832134
1005002952308446
1005003019668380
1005002856036066
4001228087979
1005002848280692
1005002565709869
4000445015552
32817970967
1005002829037510
32989240503
1005003115160185
1005001649486890
1005001885824787
32991494250
32790800177
1005003048933316
1005003308459413
1005002762361446
1005003269030859
1005002477069459
1005003330739477
1005001577574522
1005002529432748
32802313248
4000001586438
4001298694741
1005003033291320
1005003012905211
1005002089651930
4000645677353
4000594860945
1005003111546471
1005001775663117
1005003310775036
1005002313628355
1005002140206932
1005003091646862
4000432994307
1005002553156366
32934423962
1005003041785928
32798809801
1005002631298549
1005003002345767
4000040157590
1005001439575780
1005002413497347
4000977227517
1005002023380352
1005002631299518
1005002877918919
1005003341301285
1005003385000789
1005002991481275
1005001999363769
32704884457
1005001768380330
32757577502
4001044249302
4001032878752
32888851889
1005002890789487
1005001461762989
1005002572558226
33046595115
4001137371461
1005002438990597
1005002458032691
4001014204862
10000126637047
1005002602289233
1005001921314735
1005002171524895
32950987082
1005002124010442
1005002678816710
1005003220199509
1005002604758288
1005003277728341
1005003346262545
32904597938
1005002698528986
1005002573126434
1005003265556048
1005001899027317
1005001371431425
1005002280797209
4000334666762
1005002607785916
33013638182
32964635540
1005001986169754
1005001941056445
33055453026
1005003381865748
1005003287697231
32844315236
32815656040
4000823298496
1005003269574551
4001323202313
1005003031198839
1005003351629860
1005003021327284
1005003210716921
1005003192882613
1005001592977291
1005003213596078
32982773402
1005003267677709
1005002133557848
1005002806128736
4001222435330
1005003349736309
1005003185388517
32727733114
4000451175043
32825068092
1005002392886357
1005002533458985
1005003106521274
32863706574
1005003090772216
1005002219090783
1005002315222896
1005002479674181
1005003169885148
4001092266975
1005001848156073
32896635494
1005003234784621
1005002270348455
32899886056
4001244077845
1005002604525090
1005002394467030
1005003390961043
1005003042248415
1005002219746427
1005002055712833
4001083508278
4001161619710
1005003280299269
1005003205856407
1005003228604120
1005001889027305
1005003135762691
1005003182869272
1005003076502046
4000089658780
32787190504
32996255546
4000930654429
1005002656356937
1005002076726886
1005002709994040
1005001546846775
1005001774805262
1005001867458012
1005003034574037
1005003384062890
32946080769
1005003347021556
32889073336
1005002653102367
1005003289130567
32634349619
1005003067888012
1005003198171773
4000972290040
1005002957283217
1005002982664616
1005002984199523
4000903490302
4000935702168
1005002133227802
32375459129
1005002667980663
4000848863169
33054417152
4000740849920
1005002424272703
1005002622398817
1005002533441469
1005003257254392
4001264554622
1005002371407454
32990242024
33009112633
1005002767942704
1005002783763697
1005003000655132
1005003345404648
1005003360478001
1005002606255368
1005001619509368
1005003124886814
1005002648432828
32887241596
4001134062879
32622557653
4000192738044
4000645040458
1005003193194812
1005001872159052
32871479403
1005003195706180
1005001844955089
1005002651905826
4001206737117
32956517560
1005001845816339
1005002133492154
1005002225144534
1005002864505008
1005002295929182
1005002003047893
1005002259793472
1005001986999577
1005002495446261
1005002293599249
1005002327761840
4000411486611
1005002899137612
32922423012
4000511377461
1005001315155660
10000008905997
1005002260450740
4000045694884
32233023783
32896927820
32797346718
4001105949278
1005003298539231
1005001447243525
1005003166171212
1005003240517442
1005001901089301
1005002937723282
1005002253147865
32658509653
1005003154926794
32756566059
1005003329359281
1005002731111812
1005003385213029
1005002264045483
32880314775
1005003147092206
1005003098995301
1005002398742473
1005003324180179
1005002707909019
1005003274349592
1005002618962679
1005003270998098
1005002307632800
4000086597856
1005002838089979
32857102657
1005003353027681
1005003276635763
1005002973749166
1005002759048405
1005002554276630
1005003259810801
1005003063145188
1005003026722433
1005001269798845
4001230839343
1005002453716789
1005002975071410
32535864341
1005002708412451
1005002770974750
1005002548522636
1005002853143673
1005002571183672
4000311011395
1005003016802646
850200866
4000566787280
4000142135116
4000066468306
1005003324072417
1005003065929866
1005003377667476
1005001733951329
1005003187779692
1005003376047782
1005001521356729
1005003096683496
1005003098817030
1005001986511409
4000590303306
1005003012586324
4000154596183
32859178549
1005003051422306
4000872478269
1005003359350802
4001232427315
1005003275528391
1005003147365409
1005003027805019
4000946541216
1005001439682316
1005003124622896
1005002464798970
32648055014
32702847856
32389887311
1005002421450477
4001236671433
4001241730253
1005003311343897
1005001611903086
1005003260328281
1005002297448172
4001282807506
4000372799875
1005001378362710
1515772065
33002405439
1005002737978494
1005003338996875
4000586449650
1005002617868352
1005002483781040
1005001617091481
1005003253604106
4000857181264
4001066242642
1005003328084966
32877863769
4000106391577
1005002370677607
1005002745475655
1005002636709963
32992680360
1005003102224090
1005001651238991
1005003065915908
1005001977601323
1005002082321538
1005002159949592
1005002924965436
32820051090
1005003356849111
1005002423827102
33000168345
1005003305694842
1005002154504082
32905333345
1005002054436379
1005002937729354
1005001394526611
1005002870689358
1005001724284026
1005002047329344
1005002440240311
1005001902934109
1005002994894183
1005002657646902
32868138102
1005003197894022
1005001604985911
1005003385076245
32858145899
1005002683169029
1005003160455854
32983251961
1005001808306573
32815880710
4000154814078
32966052053
1005003305439234
1005002551787216
1005001744407294
32989739169
32926029201
32946664245
1005002971541296
1005002112855947
4000192473296
1005003100436076
1005003155410142
32885604111
32980902024
1005002253332781
4001235515635
1005001631076351
1005003305943748
32870504093
1005003337493623
1005003129439919
32902242980
32384352440
4001015094723
32843031786
1005003372028868
1005002884291611
1005002375524639
1005002740922681
33031123561
1005003123278232
1005001422993554
1005001922837970
1005003080023875
1005001441936825
32962065314
1005002612144353
1005002733541773
1005002843136689
4000377926696
4001152258091
1005003166926961
32985879093
1005003351606418
1005003136019135
1005003001338163
1005003143854243
1005003094310405
32847101817
32971621030
1005001570717312
1005002748304004
1005002542706546
1005002344083042
1005002869643758
32537593590
1005003154963595
1005003227535083
32951582467
4000853030297
1005002134172520
1005002348755645
1005003333810072
1005001603672707
1005002776183877
1005001930884621
1005003161385533
1005002870460153
1005001762294442
1005002063138568
1005002949350800
32884832653
1005001620441188
32951774950
1000007822258
1005003235491657
4001106113472
4000196336058
1005002327473629
1005002667419249
4000684697871
1005003230833487
1005003087788440
4000311902520
1005003355049411
1005002672602196
4000065557671
1005003112875325
1005003026171941
1005003383469296
1005002384846472
1005003103310873
1005002314316730
32797661041
32572402906
1005003367439354
1005003285898017
1005003051221130
1005003257320855
4000938959151
1005002994675926
1005002287874659
1005001442184355
1005003366963899
1005002664542199
1005003124924879
32993499281
1005002878364839
1005002116953990
1005002721902722
1005003009055921
1005002177648330
1005001980391826
33060077732
32968412607
4001107447162
1005003277556671
32881863732
1005002066380368
32619863639
1005002656942675
1005002140066100
32916341137
4001308411249
32886461705
1005003037409036
33008361948
1005001605963394
1005002612010816
4001316076155
1005002914499781
1005003048580669
4001214167994
4000970981147
33034718464
1005002717619973
1005002953210355
1005001993167405
1005003201272102
1005002809530263
1005002253534517
1005002367459119
1005002960373157
1005002558580754
1005003262339838
1005002597066995
1005003371956019
32864987329
1005002939570460
4000158843667
1005001977204451
1005002459974693
4000959122668
1005002483057482
4000847755353
1005003118512228
4000996477816
1005002381831458
1005002747348268
1005003361912479
1005003363532747
1005002745195370
33010506845
1005003175942147
32753282682
1005002161352897
32705466296
1005002766800239
4001106590392
32971990028
1005002265446984
1005002748945018
4001197726365
1005001593218963
1005003149399773
1005002907624427
10000002731735
1005003135287069
1005001792944964
32890203482
1005001977569803
1005002831003025
4001161755752
1005003129090824
1005001606129177
4001064789980
1005001463878237
1005002380439562
1005002477818665
1005003277722845
1005002755963802
4001199136343
1005002911089430
1005002657142844
10000089171219
1005002753440429
1005003292051165
1005002443108362
4000466027743
32793342210
32767381715
1005001401811377
1005001573897746
1005003199104986
32266170140
1005001464852431
1005001979371463
4000918232648
4001134939266
1005002527348939
1005002288134017
4000160587982
32861055129
1005002820939767
4000930923965
1005001669483627
1005003223891835
1005003223344523
1005002519082140
1005002513237664
1005002076380430
1005002314363264
1005003152659826
1005002778134805
1005003318305002
1005002794566330
1005003289192208
4000519478855
1005002251865591
4000650434935
32891442954
1005002809228451
1005003036921428
4000536436656
1005002973192681
1005001854888244
1005003212945447
1005001970696449
1005002934876231
1005001575267739
1005001482876817
1005003184424592
4001164958440
1005001877313151
32869846788
4000247275757
32971864152
32920816410
1005002136645186
1005003110310066
33042982394
1005002334787707
1005001893555557
4000080871682
4000776255248
1005003002155453
1005002742647058
4000045400599
1005003008931072
32796429607
1005002741977436
1005003244256538
1005003297603570
1005003386001251
1005003028081231
1005002593064963
33034253474
1005001441427750
1005001798250246
32869321237
32951529850
1005003092100778
32989534159
4000510075699
1005003192314620
1005002616860062
4000385937598
1005002438360904
1005002986281366
1005002204039512
1005002612789004
1005002425227437
1005002537264497
1005003083734561
1005003139748295
1005002567895331
33017901122
1005002663408167
1005002568174790
1005003318053352
1005002315653689
1005002612699439
32773359848
4001018660340
1005002453071269
32853390264
33001421783
1005001295663137
1005003161940386
4000572336710
1005003298486817
32970365901
1005003350035279
32410426726
1005003369876077
4001320859223
1005003326293977
1005002724569730
33016034625
1005002783764558
1005002986324751
1005002553765211
1005002589522445
32353365969
1005002566676219
1005003179397361
1005003181898768
10000395828364
4001097476786
1005003127899476
4000800512507
32850952358
1005002788717401
4001158200005
1005003006360517
1005002587409258
1005002920975283
1005003130233628
1005003352403675
1005002327887703
1005001374599267
4000627795092
1005003348433332
4000769239309
33028171988
4000088776068
4000626174689
1005002775437390
1005002588780487
32986483704
1005003105666640
1005003022215787
1005002258865072
1005003258548365
1005003161181180
1005002063763053
1005003155995619
4000414294651
1005003264792146
1005002612873841
4000485809597
1005002459565986
1005002649988104
1005003164004754
1005002918017756
32925951597
33024301957
1005002575739187
1005002710296749
4000853014036
1005002552263416
1005003391653845
1005001478846387
32887661985
1005002682399404
1005002286982409
1005003020784903
32881192361
1005003350818898
1005003197225042
1005003305549903
33063043162
705554676
4001155946730
1005003098165736
1005002315377096
1005003063497454
10000344011038
33003138523
33051843003
33014940383
1005002697236311
32890379653
1005002641344712
1005002974035859
1005003063436519
1005003088028379
1005002364656179
1005003069335201
32911052318
1005001616546930
1005002783827995
4000853049811
1005002253508634
4001011006410
33007566263
1005003144374329
1005003084720391
4001307484807
4000383564262
1005003364972243
1005002784705354
1005002205218144
1005003221530636
1005003203952961
1005003226997508
1005002649617975
4000031919611
1005003036322447
1005002616078132
1005002553239058
32852194519
1005002928479835
1005001621046270
4001138910326
1005002548777967
4001115269698
32436811142
4001217916058
1005002277997157
4000268680066
32715974408
4001257314797
1005001873305637
1005001292705267
1005003209498062
1005002997928178
4000922745815
1005002794518840
32977882867
1005002729774290
1005002790643241
1005001296065648
1005002669410033
1005002593208225
1005002046052950
1005003227488506
1005003088261384
32914445886
4001099463107
1005002907449837
1005003336191901
1005002468941039
1005001872197673
1005003036393145
1005001360962204
1005003114611158
32845142211
33006871440
32891479373
1005003004068555
1005001420262839
1005002549646996
32807492406
32745483767
1005002324368893
4000926812418
4000556685354
4000963528516
1005002233302605
1005002560051522
4000495897133
1005002565472902
4000784287312
32730941090
1005001742706619
1005002400010141
1005003005110455
4000087049292
1005002990921082
1005003213103982
1005002264395218
1005003086039547
1005003282177338
1447689458
1005001274990464
1005002408153089
32853303565
4000670233445
32700952490
1005001581005568
1005003115995820
33011374999
1005001898843315
33010703152
1005003170222197
1005003097885679
1005001698597961
1005001818723197
1005001933809055
4000427445311
4000917981694
1005001686237266
1005002303106373
1005001623977782
1005001338796935
1005002612601404
1005002122375629
1005003129524231
1005003244440646
1005002141392002
4001287944466
1005002770899984
1005002951968694
4000672939579
4000149607632
1005001320593685
1005002869553582
1005003267688174
4000155806936
1005003093767127
1005003118219448
1005003169924538
1005001907584442
4001361913187
33000401098
1005002788195458
1005003130224809
1005003087477562
1005001369213804
1005002814189698
1005003319119504
4001173178909
1005002889563536
4000156136249
1005003261248398
1005002046459697
32809182092
1005001609539613
1005001788563532
1005003056153896
32791936923
4001155351995
1005003334199567
32851513771
1005002510818415
4001050092926
1005002869839670
32829681374
1005002293414428
10000343887596
4000321875065
1005003395967648
1005001867328824
32980374573
4000822943291
4000149260972
1005003103553037
1005003334509536
1005002700920891
1005002701652919
10000142789886
4001068367039
1005003141663712
1005003269511529
1005002244166081
1005002695926653
1005002892247393
1005001812456055
1005002570345646
32890764739
1005003008681928
1005001798971049
1005003061272619
1005002302571787
4000890413929
1005003147112607
4000694633261
1005002655733643
4001204765573
4001127795348
1005003367652871
1005001414785468
32611016596
4001032219307
32861645267
1005002828587798
1005002624632527
4001285206336
4000748809545
1005003288795435
1005003158094760
1005002847163968
32718625840
1005003334790352
1005002622027266
1005003283226870
32262631723
32749042504
10000102668619
4001111978784
1005002956881276
1005001552337546
32728441842
32354930220
1005001977719705
1005002043961420
4000320698061
1005002315909524
1005003024436120
4000042639932
1005002524582404
1005001617210592
1005001894670723
1005002954572450
1005002927090874
1005001619445210
4001085262950
32832112811
1005002978059862
1005003266842838
33037285810
1005002592458365
1005002193886734
1005002272862479
1005002525375633
1005003184445322
1005003110735270
1005001543920815
1005003124550851
1005002350785606
1005003357134694
1005003271752804
32998178265
1005003233455459
1005003264674959
1005003338195200
1005003203313466
32946240115
1005003263435682
32721966895
4001195271447
1005001561355326
1005002536653240
1005003014288842
1005003328311222
1005001903185195
1005003201440816
32651839299
1005001900666507
1005002889870091
1005002618494360
1005003337945233
1005001975950202
1005003016236464
1005003376440698
1005003365687010
1005001354933457
33041236849
1005002352367143
1005001774727664
4000909481813
1005003363227345
1005002969578938
1005003111067319
1005003294090522
1005003097194673
1005003339076226
1005003055140618
1005002362856415
1005002796326664
1005002698069415
4001267404475
1005003168507120
1005002524307350
1005002872270778
10000012751004
1005003267799512
1005001671739471
1005003033326144
1005003190847888
1005003197109939
32803646315
1005003325207106
1005002747580664
1005002775788526
1005002119012845
4000074760637
1005002823460977
1005002315927781
32993246312
1005002999274942
33025143878
1005002118841923
32973387561
1005003121798440
1005002592887117
4001266423673
32733289849
1005003234782942
32851870813
32657488838
1005003114022833
4000015120342
4001274242993
4000177532826
4000672443732
4000684652807
1005003085595507
1005001939210888
1005002368967428
33030044568
1005001279575445
32815787895
1005003391492226
4001109274907
4000156468102
1005002958598357
1005003245274141
32906981281
4001265268948
1005002468498221
1005002787008385
1005003346512245
1005003120420187
1005001686816354
1005002439804743
1005001725498205
1005003265837221
1005002782989697
1005003120518484
1005001349025388
1005002941100674
1005003176068399
1005002647269856
1005001671179625
1005002679101854
4001224234064
1005002543044023
1005002723351962
4000563055922
4000310439196
1005001320572387
1005003235431847
1005003113338476
1005001949658172
4000623676151
10000294914345
1005002283239278
1005002077173459
1005001927667975
1005002741173941
1005003237211715
4000835204654
32976710767
4001222533099
1005002471003018
1005002406791150
1005001285105848
1005001435904862
4000629003521
1005002799162865
4000912929069
32659639255
1005002489116552
1005002543350974
1005003183548195
1005002983709125
32991393066
4000255440533
4000053053768
1005003063466512
4000137413612
1005003038168662
1005002522702206
1005003223771195
4001042988564
1005003018100304
1005002913717761
4000567330018
4000322038104
32994930680
4000463723561
1005003390712778
1005001319282610
32747441486
4000229651702
1005003389040921
4000096577046
1005002369257156
4001200261464
1005003303849390
1005003373435464
1005003089547180
1005003103555454
32819004448
1005002677827810
1005001962068370
1005002042888084
32975512833
1005001730841699
32703325520
4001031817858
1005003069353558
1005002575058681
1005002428906654
1005002119697413
1005001279053771
1005003196933643
1005001391169691
1005002877882406
1005002499977300
1005001352643046
1005003291925412
1005001509659552
1005002852491042
1005003140147763
1005002873419069
1005002037510636
1005002394812199
1005003312911910
1005003259086644
1005002938733765
1005003199366147
4000784365414
1005002227564968
1005003312445407
1005003222913064
1005001530578558
1005003163375844
1005002579053098
4001078640772
33053114043
32826826347
1005002110110061
4000978893911
1005003387715601
1005003154136325
1005003150173779
1621570885
32821224225
4001231677529
1005001942143634
1005003302995132
1005002910337107
1005001915867381
1005002478397392
4000099910239
1005002849334122
1005003339284409
1005002354445613
1005002587698841
1005003257797749
1005001430428474
1005002505032898
1005002920465325
1005003343262394
1005002907542452
4000174181644
1005001670193597
1005003072897334
1005002862777464
1005003338136623
4001131483574
1005002651915169
32888745260
1005001587424828
1005002907672268
1005002325724588
1005002598821911
1005002475124914
1005003120878952
1005002275653276
1005003024962306
32885909899
1005002945195220
1005002964833793
1005003207606743
32955752285
1005001570698145
1005003005345171
1005003356938983
1005002618379847
32978017341
4000744887351
1005003378250688
1005001346581648
32971967617
4001244841371
1005001311802229
4001122780787
32979420909
1005002950982444
1005002849871349
1005002672523619
32827732605
1005003325725325
1005002592788732
1005001677241834
1005002900926428
33053751437
1005002024255751
1005001597234745
1005003333517541
32854549700
33013240243
1005002390339851
1005002279771108
1005003120965423
4000018474617
1005002669794730
1005003060064796
1005002754646213
4000672687005
1005002027997742
1005003140450531
1005003267649881
4001081166968
1005001439606493
33037501353
1005002648904668
1005002562483271
1005003219048694
1005001302729599
1005003000679540
1005002879502692
4001291030346
10000062867293
1005003310162809
1005003369778571
1005002322054583
1005001845846603
32993597816
1005001553671821
1005002554416200
1005002967687796
1005001303616092
1005003065641320
4001267694171
32812451302
1005002763478764
1005002303616521
1005003280486088
1005002314296745
1005003163720347
1005003336983696
1005002431874376
1005003387460465
4000470645462
1005001769354691
1005002884961547
1005001631935259
1005003134984202
33016127287
32945381180
4000919608202
1005001665128751
1005003393524688
33008329765
4001260699004
1005002387032054
32933255463
1005002889206126
1005001408261807
1005003058599269
1005002144111642
1005002926566287
4000886143487
32312886379
1005002027251648
1005002870551297
1005002077271583
4001292031527
1005003300133047
4000779003737
1005002333199631
1005003349796828
1005002475789294
1005001265581179
1005003182445584
1005002624255733
1005002262279736
1005002796660001
1005002155166842
1005002696554489
1005002968970986
1005003278080234
1005002567262106
4000011573187
1005002922524077
1005002567865303
1005003228282606
1005003172978192
1005002153675444
1005003211795433
1005003302238908
4000444866285
1005002982733889
1005002536795610
1005003152186936
1005002016985469
1005003317466706
1005002136743809
32909620757
1005003095902515
1005001818090993
4000897442396
1005003260818658
1005002781027015
4001230983761
4000087252026
1005002905560976
1005003081098050
1005001414733226
1005001920488945
4000788319823
1005003076699131
4000943149248
1005002886223459
1005002754170544
1005003287170466
33047845279
1005001996862145
1005002400276198
1005003344403602
1005002302513346
1005003183363879
1005003112760318
1005001423791284
1005003228500126
4001105767792
1005002897953255
32776715163
1005002495833491
1005002431291580
1005002605949692
1005002567768171
1005002031750251
4000549403699
32848370242
1005001439070966
1005003098646164
1005003353347088
33027470555
1005002920566092
1005002595481137
33013296416
1005002324200402
32773571649
1005002878964885
4001280431240
1005003352004380
33020637943
1005002714490558
1005001830130815
1005003213074333
32993681669
1005001403000774
1005002864576575
1005002728284427
4000954297042
32948180274
32997489188
1005003382172907
1005002570185836
1005001798933462
4000220502807
1005001859029573
1005003386302522
32803529812
1005001731220404
1005001897655157
32869663210
1005002708062679
1005001721031693
1005002448667160
32432749314
1005003044024405
1005003006324578
1005003112018875
1005003171687189
32962312610
1005003239609589
4001036378983
1005002027583017
1005002824025151
1005003202317150
1005003114062935
1005002991342029
4000626546113
1005002814148338
1005003259274403
1005001849366433
1005003385860800
1005001351770534
33055806150
1005003087167042
1005001770548296
1005003281627203
1005002949468827
1005003122482273
1005003272746222
4001044497038
32932092270
32793473928
1005003147137179
1005002337689100
32828355136
1005003365913538
4001276003510
1005002986386468
1005003005413792
1005003017329072
4000156408231
1005001715720602
1005002940068829
1005002716136157
1005001487700899
1005003067023087
1005003321226309
1005002790633230
1005003321864382
1005003370416803
1005002795362788
32992940489
4001257920365
1005001971490441
1005002454293344
744830997
32800720404
1005003081836144
1005002420770330
1005002913173524
1005002667705250
1005002142572106
4000517172599
1005003281547467
4001093813958
1233360910
1005002648525604
1005002760858535
1005002613539724
4000265407342
1005002541106538
1005002011593441
4000864085143
1005003313718906
1005003004914534
1005002558151713
4001026728903
1005001952654140
4001039004255
1005002775962351
32823270975
4000780926183
1005001834914732
1005002346556224
1005002959281641
32881522511
1005001295399571
1005002973332411
32886262569
1005003215517992
1005002465125736
1005002508287882
1343946656
1005001463330216
1005002376268400
1005003150681327
33011928739
1005003027799999
1005002809565883
1005003210964591
1005003095293434
1005003281172792
1005003157934669
1005003309497035
1005001483484328
1005002302354440
1005003006301946
4001153989112
1005001864455976
1005003197368980
1005002989744005
1005002344985318
1005002423887911
1005003359831312
1005003346572219
1005003254887522
4000786826304
1005002679358064
1005001763589941
1005002139148023
1005001975601637