32990193801
1005002387567358
1005002181502026
1005002866712345
33006200317
1005001556193538
1005002623599291
1005003227165099
1558593554
1005002894031980
1005003126250930
1005002755171258
1005003153398317
1005001322873692
1005002835631195
1005001992282695
1005002483744806
1005002898852416
32985208606
1005001453064570
4001120665378
1005002371471762
4001156105416
32796889103
1005003296707636
1005003212691346
1005002766237932
33044657743
1005003187215572
1005003390950030
4000757515895
1005003227751135
4001061725491
1005002140309820
32970391793
1005003317612477
4000106018792
1005002289004311
1005003176058083
1005002258694049
32953624881
32983464623
1005001332902062
1005003133910065
1005002598787217
1005003108967544
1005001939822272
1005003107151535
1005003229251550
1005002737039317
1005002927250929
32874867775
4000599074554
1005001658463055
1005001424960535
4000170366760
1005003016674275
4000778852158
1005003287231275
33033812525
32968399871
4001171264681
1005001466508397
4000936169711
1005002944272142
1005001322749058
1005003201918048
1005003386357315
1005003308098543
4001348692378
4000505633839
1005001888962003
1005003349578751
1005002970418041
1005002492762367
1005001900464660
1005002908087570
1005003171327290
4000313329500
1005003263809423
32917607828
4000917387905
1005001954749559
1005002905240467
32996697808
1005003125901097
1005003375917918
4000520251915
1005003295778896
1005001656645653
1005001650851332
1005002453042778
1005002458105108
1005003015187009
1005002193946337
1005002341371609
32790232744
32999700824
4000884199365
1005002050637382
1005001463697122
1005002255455039
32887937150
1005002083929472
1005003277875731
1005003232424284
4000355027424
1005001337942377
1005002511726008
1005002705570362
1005001721396481
1005003083219826
1005003262811452
1005002745041253
1005002746066569
1005001349752314
1005003304823186
1005002608815620
1005002948733306
1005001413620709
1005003261949982
1005003319110175
1005001315059151
32901447047
1005002389169695
1005003023617194
1005002347353859
4000288508047
4000172517854
32853978033
1005002575347310
1005003161900968
1005002708389141
1005001590480171
1005003095326622
4000146086834
1005001874470689
1005003283509160
1005001541149080
1005002495647684
4001315013188
1005002084053232
1005002345127525
4001143546672
1005003192359192
33014675045
1005002952882514
1005002960083101
1005003281224142
1005002722494147
1005003279582936
33001926657
4000401475861
10000397741908
1005003311853321
4000755205272
1005003313466622
1005002630797622
32952476130
1005003351687707
1005003019338917
32810090412
1005002762161341
1005002626938620
4001045164412
1005002949539254
33010456648
4000352809382
604722783
1005003197806362
4000736109244
1005002408704538
4000362932259
1005003311723442
32745288089
1005003014920168
1005002707405720
32910210313
1005003332372932
1005002679163493
1005003140387657
4000642542321
1005003243417281
1005002740476971
4000731126221
4000097577073
1005001657457514
4000421289435
1005002489457039
1005002681311094
1005003331714816
4000765670714
1005003197937107
1005002747443401
4000770187762
1005002561190203
1005002094833874
1005003095029070
1005002027843615
1005003263591927
1005002511142673
1005003391456516
1005003374717802
4001041412266
4000430403331
1005003147538936
1005002456635713
33042635972
1005001452349508
32909727084
1005001763759616
1005003146184361
1005003081324118
1005001288510561
1005002973121561
1005002837327440
1005001518363776
1005002731415574
1005002988192891
1005002064662015
1005003106469065
32978801720
1005002576065272
1005003190266886
32398581823
1005002723789503
4000885737915
1005002717546342
4000833607626
4000592838726
1005003296596759
4000313513360
1005003146150625
1005003091786564
4000767152715
32847768339
1005003004019939
1005003113225386
1005001794945975
1005003391518847
1005002968098981
1005002978534703
1005003336649304
1005002685869917
32986147233
32896878508
1005002783996311
1005003026489746
1005002639108529
4000619600148
1005001835641439
1005003298878743
1005002951955377
32968893161
1005003146328972
1005002123934226
1005002394255165
4000567550876
32831528584
1005002540776975
1005001764972737
1005002863909167
1005003014227565
1005002900512558
1005003114418811
1005003250723392
1005001726114568
1005002567827605
1005003297023080
1005003016257005
1005002289184232
1005003095074794
1005003086101711
1005002515159352
4000586301620
33026536027
1005003142076681
1005002022303692
1005002259538131
1005003240690021
32996887211
1005003367251042
1005003149786979
4001161464278
32902343593
1005003164880429
1005002959915113
1005002793996559
1005001531258600
32953977194
1005003201573852
1005003139347119
1005003331121647
1005002489885707
1005002938351537
1005001656503523
1781154870
1005003122316044
1005003389052484
32798049667
4000250764597
4000454065357
1005003335953496
4001350473236
1005002322693979
1005002585058650
1005001977602907
32466933208
1005003322624217
33056059240
1005003261938763
1005001438664945
32837672312
1005002560068916
1005002522274257
1005003274969770
1005001599030740
4001167515980
1005001548287652
1005003313171916
32805599530
1005002794225262
32943283820
1005001364618489
1005002051873435
32828614693
1005001699772161
1005001370748666
1005003237733798
1005003184406729
1005001780299193
1005002107221524
1005002612878617
1005002840948954
1005002219814543
1005003090389767
1005003237950559
1005002863514040
32951168557
1005002488214743
1005002488597744
1005002971143138
33007517293
10000395908426
1005001627062220
1005003140069339
4000466364005
1005003307021581
1005001949133306
4000290679459
1005002662147895
1005001468199955
1005001741490740
1005003014255624
4000695468689
1005003257184301
1005003003334930
1005001367617766
4000626263473
1005002052465705
32812945403
32970478128
1005003340260228
1005003042219488
1005001401811367
1005003108343444
1005002722784109
1005003113076408
4000592892230
1005001588646316
4000900272467
1005003348166734
1005001402115948
1005003210337713
32822144310
1005003127594846
1005002829418999
1005003250853785
1005001732201004
32787267195
1005002975069649
33050581235
4000977499853
1005002821928770
1005003107877757
32979796444
1005001995946376
1005003081983116
32871654018
4000251814446
1005002492051580
32902546663
1005001652439002
1005002577415199
1005001587226196
1005002779856536
1005003105617196
32948347678
1005002019119174
1005001488684070
4000240125511
1005002910494257
32970638875
1005003222328841
1005002496021595
1005001405498004
1005001346329933
4001237561121
1005003145935055
1005002763273034
1005002698976044
1005003027260327
4000798227087
1005001970873966
1005001305939323
1005001356910080
1005003371878557
1005003327624185
4000290776647
1005001992087445
1005002569957261
32839372354
1005002615619769
1005002729727146
1005003343770041
1005003369776638
1005002413363548
1005001792722160
1005003205515121
1005003292816571
1005001343245962
1005001721744326
32960656995
1005003032193601
1005002641149209
1005003269825634
1005001923427894
1005002976201920
4000561804768
4001190870575
32914649773
4000382046507
1006090256
1005002196218557
1005002920071979
1005003305250712
1005002741211116
1005003372623704
32907023670
1005002194004048
1005002420424064
1005002005142216
1005003361556359
32892161769
1005002998980444
1005002607846817
1005001565307990
1005003331403538
1005003176965047
1005003384609695
1005003206745609
1005002286753163
32720680411
1005003135225521
1005001504139861
32988779032
1005001690824947
1005002311364559
4000906822124
32965009830
4001227867624
1005001856479811
1005001833319469
4000667993528
32851035884
1005001899295464
1005002674904376
1005001671395811
1005002281353093
4000272774584
1005002728603082
1005003302356015
32979485228
32823846784
4000348931845
1005002910561168
1005002996933596
1005003207304697
1005002810041627
1005002753962688
32825147402
1005003344001310
32228983218
1005001291389388
1005002517316096
1005002901136881
32328199088
1005003083538733
33045844569
1005002114881078
1005002371898476
1005002504803532
32972580437
4001062556984
1005003206458572
4000365587757
1005002674126934
1005003380595285
4000353025887
1005001748058802
4001043636212
1005002912098408
32980058876
1005002736864038
1005003366192787
1005002287741495
1005003017147768
1005001661422370
1005002775134647
4001269189457
32813623091
1005003274586175
4001165424309
1005002993116716
1005003257195947
1005002891974407
4000724008415
1005001657738337
1005003216940943
1005003082891951
1005003204871460
4000196532748
1005002884347284
1720506921
4000782024119
1005003357957329
1005002576913553
1005002564511191
1005002132571245
1005003355388608
32791676268
1005002946100839
1005003372861880
1005003223231466
1005002292243182
4000410504100
32886650566
1005003293388727
1005003064418424
32736816186
30000002551376
1005003205832324
1005003210748734
1005002361992584
1005002687199153
1005002951290867
32849636230
4001214384830
1005002613735414
1005003151044110
1005001695493427
1005002839985716
4000861564563
1005002702855771
4000151315418
1005003283509160
32883204838
32885850549
1005003004695404
1005001296204043
32782164677
1005003269529248
33012789371
1005002545682528
1005003001763326
1005003336720183
33046747573
32835191704
1005003383764256
1005002428133357
1005003041522006
4001047407599
1005001640570029
1005002373109064
1005001876571311
32862645804
1005003284254654
1005002520230322
1005002026949231
1005003144921828
1005003265180881
32957430997
1005002186834912
32931173107
1005003352690359
32696162750
4000916848331
32898492680
1005002885250610
1005002457991249
1005002368687084
1005002040742343
1005001816465753
10000395827392
4000085393171
1005001646074543
1005002664048294
1005002669136850
1005001612145242
32965397830
4000350386364
4001214204217
1005002827080037
4001340116681
1005002254752548
1005002856275715
4000571117210
1005002378931806
10000179485738
1005003241315697
32855813782
1005002266571665
1005003355146978
1921901491
1005003247083886
4001051199022
1005002864210147
32821146465
1005001873761983
4001314959369
32812334931
1005001812197962
4000382209990
32718423904
1005003162702596
1005002970393085
1005003175576089
1005002755601772
1005003309351792
1005002849033229
32965803085
1005002032574468
32919630731
1005002844061047
32998993493
1005001360242264
1005001407153468
1005002338696035
1005001389074754
1005001429935043
1005003234590694
1005001585736168
1005002559931250
1005002918013787
1005003081506596
4001081062491
1005002277960505
32857564987
1005002968913686
1005002427680666
33043058246
1005003280728286
4000503695462
1005001667144372
1005001858641897
1005002423861364
32823692903
1005003114677374
1005002660175145
1895306650
1005002663391878
1005003062441229
1005003002434626
4001097243573
1005001793321979
1005002805807802
1005003387586463
32873437956
1005001868442794
32948343359
1005001922680613
1005002939681782
1005002685704468
1005002871039099
1005001680411867
4001270697112
4001240041033
1005003155110969
1005001839774872
1005001792223818
32933053418
1005002460092542
1005002732548681
1005003340068336
1005001428976073
1005003113580770
1005003157146347
1005002259527283
33045013754
1005002920099368
1005003172789631
4000261258702
32863462420
4001216533747
32763661159
1005001834891229
4000901584708
32849426469
1005001836004371
1005003083765952
1005003294575640
4000039055819
1005002774601942
1005001303190087
1005003309099103
1005002129146669
1005002449755884
32606067230
1005003276265463
33003567842
1005003018228151
4000419771182
1005003330991681
4000515966718
1005002316679850
4000453106856
1005002246578745
1005002606143867
32840280792
1005003311751575
1005003287919476
1005001284478716
4000148326871
1005003252070112
4000704097364
4001350645114
1005001563380829
1005002971964323
32939766024
10000111494736
1005003261909981
4001179951013
1005002876660568
1005002814198155
1005003337186797
1005003118529045
1005003372093587
1005002433535797
1005003126144443
1005002658271687
4000456473426
1005003019287062
4000756565723
1005003181384690
32966497474
33020080595
1005002588178584
4000315527707
1005002693744655
1005002623885881
4000034500384
1005003265197858
1005003146749639
1005003016861118
1005002616647495
1005001610726896
1005003211962915
1005003367104204
32975085074
1005001788764514
1005002007044619
1005002780688038
4000682882238
1005002941011892
1005002347064557
1005002921955091
1005003112026119
1005002505000148
1005003088911616
1005002673021244
32828641749
32876870503
32966656561
1005002795412137
4000456216819
32711586807
4001244821385
32919519316
1005003172723862
1005003270679048
1005002868903746
1005003280002929
1005003171627368
1005002857315203
1005003168448381
1005003149852077
1005001803579874
1005002657136604
1005003175728525
1005003391425595
32949730814
1005002490499239
1005003351934639
1005003277165616
1005003132025169
1005003029043940
1005002885098612
1005003336690630
1005002321251671
1005003128110820
4000346741448
4000711839338
1005002470327440
4000640956540
1005002778544560
4000335781587
1005001785392434
4000202392304
1005001278006593
1005003386845412
1005003103429351
1005003037491080
1005003353458554
1005002949712891
1005002364852728
4001182492257
4001360900575
1005003168402117
1005003295054596
4001184625013
32826252045
4000064847665
1005002533153191
1005002949681033
1005003089247170
1005003221934759
1005001813292528
4000092636814
1005002502268664
10000402407139
1005002957188298
1005001327303027
1005001566302498
1005002246740331
1005001893441306
4001176695771
1005002208122882
1005001402603283
1005002913256990
1005002637244467
1005002002029326
1005002842011378
1005003110968823
1005002399644985
1005001566697067
1005002854810947
1005003215258617
1005003391047113
1005003075581192
1005003332958917
1005003161110181
1005003050650075
1005002059317490
1005002033893424
4000120196332
4000147689210
1005002651636252
1005002458393728
1005003294210755
1005001782476780
1005002833191254
1005003385950923
1005003134040262
32902263805
1005002839539263
1005002927780399
1005001941242701
1005003015764877
32796519665
1005002449029205
32998094094
1005001659131227
1005003018110992
32790159525
1005001607615514
4001127984101
1005003185943458
1005001779818369
1005003311933628
1005003342318384
10000309479465
1005003050210325
32821903050
1005002384310982
1005001356760445
1005003028188818
1005002768876791
32719127040
1005003371387521
1005002765400739
1005003377889243
1005002169904476
32995041518
1005001988405654
1005003266640721
32916659773
1005001763502671
4001039408587
1005001909002618
1005003241007268
32973723237
1005002767765257
32802000482
1005003262288422
1005003116162168
32966199565
32907047808
1005003349946736
4000435854472
1005003171304955
1005002007821291
4000409749439
4000044146141
1005003212471411
1005002924050619
1005001502936269
1005003247588962
4001042538534
1005002311050046
32948770504
32912314834
32770135269
1005003295981539
1005002680963744
10000340020891
4000067851549
1005002440634330
1005002862784429
1005003233575446
1005003391285527
1005002206261706
4000588742683
1005002329746016
1005003308430162
1005001489732344
1005003385010351
1005001920967028
1005001773524488
1005003032087102
32497766712
1005001755974814
32956643569
1005003062998848
1005003352907591
1005002136562139
33039284180
1005002952914022
1005003320471788
1005003360352402
1005002703799359
1005003157777065
1005002516514048
1005003014469236
1005003225077712
1005002946810231
1506451917
1005002990552391
1005001627055391
1005002009647663
1005002490716872
1005002261319060
4001155990714
1005001389859139
1005003002289691
1005002342356162
4000856937402
32837937577
1005003201711450
1005003326438493
1005003286088773
1005002524893447
1005002265120903
1005001362074992
1005003359307010
32829918690
4001238017350
1005001512928217
1005002841969264
1005001495817753
1005002328535358
1005002228091125
1005003247159680
32895641377
1005003205214065
1005003258053854
4000778459038
1005001826000527
1005002552310978
4000097502378
1005003252569429
1000001766501
1005003035270852
1005002655303912
1005002604410737
1005002967107118
4001359095464
1005002983614923
4000391331695
4001073081176
1005001430468719
4000878262418
4000035789103
1005002766734554
1593431504
1005002723560999
1005001343273384
1005003228416011
1005002884502130
33003931099
4000874460479
1005002231681355
1005003309651614
1005001505692559
1005001877658165
32977903358
1005001807589397
1005002982168063
32947632649
32539737742
32884820955
4000441818303
4001131264455
32812396351
1005002360187212
1005003324007538
1005002432640412
1005003102230845
1005002612557095
1005003293853837
32845695130
32803226812
1005002673557697
1005002047473983
1005003006284735
1005002348379550
1005001822048055
1005001966596922
4001124905194
1005003125278430
32834743970
1005003020089719
1005003137303835
1005003276656167
1005003227099168
1005002678397706
1005003238702139
33012838235
1005002484709568
4000557276427
1005001614832985
1005002504459587
1005002126136324
4000905718093
1005003135862331
4000027340688
1005002856674600
32700523859
1005003246125205
1005003015322194
1005002983774563
1005002689558328
1005003345394880
1005003066024301
1005002288387730
1005002843833628
1005002682098247
1005003142567526
1005003180620773
4001223279862
4001230539632
1005003276382328
1005002467587505
1005003075233326
4000397511877
1005002185737472
580193917
1005002328386029
4001022703860
4001366389340
1005002953329186
1005002500141494
1005003353424006
32959596750
1005003261088802
32842633572
4000102125605
32954311399
1005003123558560
1005002939819921
1005003112072000
1005003217075911
1005001915621922
1005003203257376
4000344281613
32427873097
1005003176303175
32912546731
1005002526042649
1005002774362920
1005003244217728
1005002747218656
1005002012327220
1569522486
4000248626570
1005003387808473
1005002700054702
1005002177348933
1005001714494499
1005003230620082
1005002847451281
1005003289189358
1005001678303863
1005002392516293
1005002907528476
1005002775359749
1005002537561209
1005002857158018
1005002833447796
1005002891070070
4001112284381
32450171621
1005003268310836
1005002703830357
1005003065379497
1005002848103967
4000864050779
1000001838404
4000058726366
1005003178340547
1005002681825687
1005001563085333
1005003083851459
1005001918659543
1005001697736577
32760014949
33052498859
1005003249864172
1377472300
32954533290
1005003390386854
1005001420010667
1005001825514603
1005003222781335
4000318193067
1005003292452038
1005002828816962
4000603377657
1005003019054386
1005002842453484
1005003264661233
1005001630998130
32693340067
1005001356311851
1005003031655250
1005003291574658
1005003307321704
4000802980187
1005001316105377
4000133440856
1005002552445491
1005003208643509
1005003278988115
4000251462946
1005002317263048
1005002290987066
1005002512623185
1005001592420380
4000868634901
1005001848872498
1005002454734608
10000002749114
1005003022994099
4001051153143
33012690163
1005002709886022
33049258980
1005002052574761
1005002278155648
4000535554474
1005002320820234
1005003069551749
1005002990001400
32905318083
1005001976404597
1005002949130568
4000335636197
1005002895287575
1005002945485917
1005003196763905
1005003387798129
1005003214394458
1005002661272143
32998995920
1005003089116293
1005003152650245
1005001288156127
4001169844923
1005002977667383
1005001850257010
1005003037867867
32828114824
1005003383326618
1005001894826223
1005002955182993
4000586806365
1005003176446179
1005001665053071
4000682829794
32982624428
32952730984
1005002411182288
1005001645987817
1005002976111831
1005002021786423
32951911975
1005002991053178
1005002565029567
10000343970636
1005002960267681
4000569220990
32830177373
1005002326014434
1005003380083903
1005003122058794
32854191113
1005001562107904
4001346664684
1005003324490832
32843658587
4001283314941
1005002488146611
4000565786035
32863173705
4000812425021
1005002108201221
1005001977446162
1005002520598228
1005001866431443
10000395833301
1005002007557147
1005002604595443
1005003148407401
33048013741
1005002830908552
1005002676656581
1005002635974380
1005003139710046
1005003214332014
4000629833500
4000142922965
1005001756432604
1005002441152736
1000003862085
4000898931489
32856972676
1005003073119412
1005003347300585
1005002878705243
1005003357862793
4000181145444
1005003357071931
1005002315313757
1005003363930469
1005002277240889
1005002449051711
4000311771116
1005003109661413
1005003102172954
1005003097193473
1005002979515100
1005002849459360
4000168840752
1005003227954096
1005003065158792
32775633739
1005002027092435
1005003050110298
1005003028389136
1005003134634979
4000972894025
1005002767447474
32791468155
4000152960794
1005001736233985
1005002689830058
1005001836148406
1005001429361451
32804682902
1005002649090609
1005002026829119
1005002290942709
1005001999021688
32959598418
1005001292189959
1005003167964866
1005002282745148
4000162805628
1005003299547474
32919634610
1005003057911651
1005002783192177
4000557972443
32699022221
1005002551386130
33039138325
4000190571873
1005001618451613
1005001657138023
1005002732801630
4000837148497
32863175675
4000320320508
1005002278433510
1005003386425260
1005003185829295
1005002786507204
1005002848919760
1005003267651443
1005003284760763
32789315717
1005002840379182
1005001629814105
1005002795494127
4001255616425
1005001882693337
4000005138272
1005002932888374
1005003135528550
1005002345904014
32898214958
1005002530785407
4001203840017
4001266772656
4000219245789
1005002780458454
4000296668658
4001230109777
4000108834175
33041860670
32944940881
1005002944995482
1005002911845616
1005003264471600
4001159454824
4000219870673
32880125327
1005003305730736
1005003193004999
1005002413625986
1005003307432923
1005003197892049
1005001493319326
1005003008097078
4001286855805
33043791280
1005001381772918
4000132422329
1005001836344165
1005002799484792
1005002886255545
1005001830325391
1005003102236738
32837325059
32809773060
32837331984
32963302481
4000706110243
1005001905275144
1005001997202466
1005002795479197
1005003037893290
1005003095176653
1005002273761318
4001038627341
1005003208234389
4000011607283
1005003381349567
4001061610630
32962106015
1005003082121473
1005001652781307
32974615302
4000442472076
1005001699663439
1005002107978947
1005002727329552
1005001524513812
1005003173061292
1005002907552338
1005002252077823
1005003201901193
1005002246364228
32846471335
1005003368309933
1005003185083847
32794076294
1005003014560673
1005003387222433
4000336859318
1005003064432220
1005002927663099
32847130023
33046122789
1005003076341838
4000229221008
32976499985
1005001598922060
1005002618423474
4000897408819
1005003363236946
4000035347687
1005003156365456
32820491454
1005003379809962
1005001348195728
32689942921
1005002783843573
1005002990399648
32730235446
4001255301967
1005002990832494
1005002965383355
1005002855910296
1005002134782188
1005002625234228
1005002151726785
1005001953265821
32725520284
32974445284
1005003167065283
4001223552769
1005001844098763
1005002776285687
32824874441
1005002338779839
1005002938145346
1005002291121779
1005002393591879
1005003000554738
32272019623
1005002211363300
1005001741588173
1005002835982978
1005003172359668
4000714757682
1005003247640499
33053863026
1005002674746582
4000711954935
4001200038181
1005003213905863
32762246575
1005002192038112
1005001693699419
1005001439720012
1005002892234321
1005003070331868
1005003085430214
1005003133800381
1005003108449980
1005001791843271
1005002409760550
4001224879213
1005001848401818
1005003345237876
33030168773
10000071711166
1005003342188148
1005001495408945
1005002596894499
4000029502538
1005002424313522
1005002918711224
4001028396229
32797843408
1005003311969721
32215897343
33003037318
1005003245525184
1005001599089560
1005003357102034
1005002829035977
4000971943022
32840692908
1005003043708105
1005002964798699
1005002002620466
1005002291432004
1005002865262238
1005002059891319
4000353706524
1005002717378899
1005002237967465
1005003287658189
4000955759599
4001294504399
1005002799527330
1005001538692587
1005003236662873
1005002669299686
1005003269757952
1005002723401796
1005002321695397
4000259665023
1005003032240623
1005002940880261
1005002313104383
1005003088251412
1005003274989185
1005002965008459
1005001734643145
4001063505632
32871866776
4001294122808
1005002831702079
1005002944519005
1005003151116935
1005002862011664
1005003152228342
1005002884925508
1005003093608251
1005001980259619
4001146204643
1005003157749932
1005003088423726
33010476324
1005003289341270
4000614497176
1005002890282833
1005001906657540
4000416445455
1005002575480493
32994937234
1005002669251609
4001205567680
33039149800
32972181516
32796473384
1005003026512949
4000816556317
1005001424457311
1005001999558634
1005001683092346
1005002380347972
1005001349811421
1005002810429564
1005003062207275
1005003321943498
32856147810
4000002179999
32977079509
1005002928714724
1005003305261480
1005001424975642
1005003356147643
4000833260294
32881668811
1005003249580354
1005003380216925
32981084833
1005002120173003
1005002932217565
1005003130048218
4000459597325
1005001530119018
1005003329441913
1005002265103495
1005003297413944
1005002939254909
1405340612
1005001714464527
32892371360
1005003088267400
32991092226
4001034063457
32719444397
32485982414
1005001775322427
4000762349745
33054738376
1005003371575440
33020649172
1005003364526551
32997811247
1005002336177446
1005002786990832
1005003020167394
1005002314552855
1005002605657327
4000414187578
32932768944
1005002592094044
32838674119
1005001432166427
1005001617179329
1005002873674392
4001237949830
1005003237918003
33020601750
32856269631
4001038963810
1005001464567702
32816382960
1005001722220197
4000712297049
32788602578
1005002011789337
4000265591516
32807382422
1005003270609456
1005001667627266
1005003302106926
1005002917101230
1005002829296779
1005003359343438
1005003307238087
1005002541526171
1005002454509032
1005003274553602
1005002254338897
32886018388
1005002761012106
1005003318908662
32827723638
1005002003279438
1005002973900253
1005003220824674
1005002618191198
1005002729413242
4000723536442
4000047370752
4000991019326
1005003061975502
1005003163010942
32249342062
1005003112338695
32859109869
1005003133060459
1005003164980595
32985649676
32999706571
32828587801
1005002390573791
1005002970494443
1005003300662238
4000883835889
1005002776822641
1005003182588953
1005001604475754
4001206040099
4000109191526
1005002863599738
32967730914
1005002661129759
4000614843437
1005001598288892
32968774315
1005002998139048
4001274608220
1005002648739267
1005001998461444
1005002047060918
1005003106397241
1005002446330876
32784568703
33001833689
4000199992025
32880882839
1005002318624174
32995650732
1005002951143193
1005003331984056
1005001414979116
1005002098905968
1005001386518207
1005003128626425
1005002351298890
1005003139778003
4000443081358
1005002952193694
1005002487572903
1005003329072697
1005003336096537
1005002291025726
32712392742
32865551806
1005003071700561
1005002281609135
1005002971474360
33044317851
1000007905481
1005003310075194
4000505578932
32955031039
1005001912949032
1005003265907346
4001242806538
1005002375572911
4000157615129
1005002768075181
1005003370889044
4001110875334
4000546601748
1005001828466647
4001269513100
4001156171314
1005003027382167
1005001774640408
1005001411641185
1005003258251314
1005002755860845
1005002272319112
1005001787658647
1005002966390649
4000521062763
1005003172320780
1005002286941013
32892986944
1005003345785854
1005003307739160
32829902039
1005002571236795
1005003294322632
32909427545
1005002448232698
1005001430047402
1005003323699375
1005003370110260
32968763719
4000708656877
32960609112
1005003118552500
1005003289261139
4001203487691
1005003236452867
1005002523474969
1005003037082144
1005001850102516
33037364263
1005002474914899
32847186174
1005001594448609
1005002646658802
32719524048
1005003208441754
1005001401842149
1005001627111459
1005003039529285
1005003287754775
1005002863343270
1005003345878953
1005002496140127
1005003211223496
1005003021182068
1005003175521238
1005002740743471
4001002830477
1005002234439238
1005002992041305
1005002751065670
1005002194200483
1005002612917374
4001244923215
32805199863
4000661002155
1005003140236142
1005001881259715
1005001417348741
1005002818776150
1005002976313153
1005002723510337
1005002541368460
32851592948
1005003386355312
1005003313865692
4000891592226
1005002873443930
1005001418976778
1005003345097023
1005003281460222
1005002892535982
10000061624046
1005003309887912
32966137303
4001119005115
1005003235553534
1005003302800587
1005001914174080
1005003002455300
1005002856119236
1005003212513740
4001038487630
4001322530740
1005002912961191
1005003086862932
1005001482983488
1005002254655651
1005001950077323
1005002372347581
4001015548026
1005002882212258
1005003149025903
1005003050841756
1005002705719176
10000395949623
1005002608990175
1005003034373089
4000472264485
1005003300245704
1005002618538209
1005001860173114
1005002926952360
1005002687611346
1005003093243975
1005003266787874
1005001439113666
4001194167370
32951230210
4001209173079
1005003251118112
4000032280963
1005001639812906
1005003066638176
32818791586
1005002926681979
1005003170614525
1005003130440140
1005002970595043
1005003323324629
4001238943132
1005002615778967
4000572605242
1005003085650149
1005002921178042
32850787335
1005003162428700
1005002919775750
1005001587050208
1005003346910065
1005002487210244
1005003274046521
1005002352074147
1005003323018913
1005002450601040
1005003106713902
1005002599925190
4000800945810
1005002815450715
1005001682688402
1005001728639438
1005003351639107
1005002599315110
4000163968663
1005003274783630
1005003145450663
1005003085607221
1005001648628155
1005002984838589
1005002214494707
4001297654705
1005003322579815
1005002336432824
1005001572406093
1005002578176641
1005001646102946
1005001785224786
32965170880
1005002791096781
32831233093
1005002877605413
1005003277495064
1005002723723429
1005003251804626
1005002443662565
1005002949509079
1005001497317530
1005002640345963
1005003074234180
1005003342106826
1005002100519324
32888489249
4000216633688
1005003224791534
4001056093357
1005002974212008
1005003342894416
1005002240247282
1005003001472140
1005003232243495
1005003309975688
1005001621709505
4001315401272
1005003326197697
1005002600246973
1005003296567374
1005003230724677
4000680522478
1005002310668998
1005003093186445
1005002920945315
32588518217
1005002176675233
32924933455
1005001978421690
4000020384944
1005001515764409
32858046549
1005003152395561
4000546562254
10000399945472
32970686371
1005003304017819
1005003056802802
32833634454
1005002632269400
10000402410515
1005001560598001
4000704317431
1005002605772295
4000200488895
1005002752664417
1005002976281954
1005003311374701
1005002907667201
1005003071424601
1005002953907176
1005003022696993
1005002879166101
4000564026839
4000977640127
1005003093334109
1005001663717056
1005003114702186
1005001992576160
1005002103740018
1005003230991314
1005002347363943
1005003051835363
1005002848841999
1005002057097806
1005003037454683
1005002357697840
4000795286478
32764477752
1005002732318691
1005002512654093
1005003002123396
1005003329997883
1005002513569680
4000563776312
1005002004313127
32796176456
1005003115666961
1005002652105275
1005003221370272
1005003001494299
1005003070190068
1005003090567393
1005002790278518
1005003089738612
1005001890620590
1005003365052332
1005002815052149
1005003051690794
1005001863672344
32862277702
1005003297528944
1005002727157342
1005001593814527
1005003165065249
1005003304089953
32968674867
1005002448260686
4001285878873
4001037711662
1005003265415106
1005003123737981
1005001489657425
1005003037854746
33049715940
1005001329792211
4000429204136
1005003150141042
1005003150094761
1005003160491985
1005002617272859
1005001793426238
4000679694667
1005001381105738
1005003387453535