1005003013112011
1005001457953067
1005003265590790
1005002618393996
1005003368037196
4000759569522
33047677507
1005003347198825
4000422900043
1005001686150465
1005002826702193
1005002321977995
1005001370139951
1005003108318888
1005002681804648
1005002642686432
1005003105483354
1005002861829182
1005002567392296
4001220614774
1005002752900700
1005001682769677
1005002174652718
1005002982811461
1005003189214303
1005002762279699
1005002604583153
1005002842301200
4000748265819
32701223592
1005003041251545
1005001658938831
1005002383808308
1005003311759817
32855668541
1005002782715677
1005001678680230
1005001830087060
4000121187312
1005002461001929
1005002220416216
32817919516
1005003151057774
1005001933139257
32991902280
1005003341698097
1005001530962142
1005003184413778
4001152560016
32492225379
32469282975
1005002880285719
1005003292876396
1005001731530014
1005002976299289
1005001630617509
1005001690578774
32832792838
1005003123883482
1005003064716900
1005003282360718
1005002064850905
1005001603439876
1005003070221432
1005003103043723
1005003226252073
4001038468922
32877948652
1005003347925022
1005002766902902
1005003076563423
1005003288629272
32972535816
1005003283079169
1005002007250618
1005001496713811
1005003368564500
1005002542545290
1005003293382604
1005002886199865
1005003302282896
1005002624955168
1005003214440405
1005002083928507
1005001896299667
32998818644
4000146047453
1005001580811682
1005002014342205
4000858233259
1005001890203366
1005002965712511
1005003125140356
616300869
1005003021416338
32998272011
1005002760943817
1005003290239026
1005003094385697
32974476207
1005003187243909
1005003349712167
1005003343165976
4000063613794
1005003280327642
1005002524566424
32949847385
1005002608863817
1005002997734617
4001166755071
1005002259796778
1005001960279817
1005003355993244
1005003156914246
32809392498
1005003082509327
1005003277912874
1005003248464362
1005003134043381
4000160523065
1005002557802488
4000484182224
1005002572280049
1005002780542586
1005003272475497
1005001640320431
1005002640126456
1005002204099446
4000105720666
32907083051
1005002657513484
1005002862702009
32873243904
1005002589551285
1005002585061421
4000868953034
1005003124867756
4000589997447
1005002697334056
1005002043509843
1005003168504943
4001237949830
1005003251726784
1005002820596298
1908914479
32719051331
4001278303384
1005001742354059
33025993831
1005003370635399
1005002099381849
32982270392
32897417358
1005003306855745
1005003244361642
1005003238458152
1005003334884063
4000744437117
1005001881915976
1005002911129808
32815433293
32723656690
4000904311662
1005003305355354
4001229143647
1005003088247419
1005003371954647
4000460395546
10000277500602
1005001699332655
32973802104
1005002093935637
1005003298910475
1005002840262868
1005002971722425
1005002297662111
1005003021073682
1005003187204828
1005002431673718
1005001329814137
1005001989848661
1005002753476603
4000358187686
1005003022511394
1005001551904934
1005002286022714
1005003340136729
32888003113
32821377581
1005002688387655
1005003295886234
1005003093084819
1005002855399949
33027383163
1005003123657715
1005002602602232
1005002116885742
32899607495
32950167190
1005001657168642
1005001595937224
1005003332675528
4001137764001
1005003199020054
1005003122544815
1005002607777177
32793941542
1005002695806833
1005003328780744
1005002977061714
32900803948
4001038478138
1005002582265223
1005001280311596
1005002814769606
4000426817591
32913060569
1005001620829777
1005002377783954
1005002668652078
32886466091
1005002839656076
1005002810223117
32974176927
4000282079684
1005003331391875
1005003142306919
1005002266159735
4001356192213
1005001449067123
1005002306086586
1005002965854510
33006783185
1005002866833146
1005001709034744
1005002174584527
1005002796124612
1005002134472436
32959059899
32966988732
1005002034414277
1005002894737513
1005003385303292
4000260050022
1005002856458047
4000255890820
1005003264506079
1005001329984364
1005003267657603
4001042197358
1005003295815206
1005002598727710
4000515791525
32862532443
33050285402
1005002776090806
32834624367
1005003020162893
1005002571471967
1005001581357775
4000066964780
1005003062031558
4000172988759
1005003146354801
1005002808965617
1005003124067867
32967198593
1005002852000433
1005001665686970
1005001439152229
1005003236706931
4000921737582
1005003094587346
1005002779856536
1005003161969584
1000004392466
1005003290884033
1005002565170151
1005001823979905
1005002313804026
1005001339167640
1005002256190353
1005002288889981
1005003263745968
1005001708854538
1005002789540953
32832336851
4000793008437
1005003259829069
32954162023
33029466658
1005003384717188
1005002937682559
33019398062
1005003164064133
1005003135628628
1005003275854277
32916393825
4000456778691
32841826737
1005002969750604
1005002456790779
1005002770447645
33004235302
1005001577517956
4001359955306
1005002775215753
4001191853398
32976270849
4001252536418
1005003386003994
1005002856913402
1005002532828163
1005003360524074
10000395816420
4000280468417
1005003276573160
4000210935769
1005002316346133
1005002253321240
1005002516853939
1005001477854007
1005001900413553
1005002617072301
4000397495095
33004933227
4001037968769
1005001511139792
1005001717312745
1005003071136214
1005002143331175
1005003144227217
1005002816894013
1005003362594316
1005003095410065
32930463468
32874908125
32814517038
32850799048
1005002974509065
1005002563431059
4000361658513
1005001551232500
32733062876
4000624485503
1005002740413760
1005001923282107
33030956275
1005002026871244
1005002667572802
32855371157
1005002774014997
1005002605582964
32854212334
32948701683
1005002824225301
32704624499
1005002241999766
4001156024035
1005002919053203
1005003228008070
33021811878
1005002056287865
1005001359964734
1005003275376462
32878185245
1005003337456692
4001092243280
1005002064161609
1005003324614457
1005002651646761
1005003346030279
4000610039165
1005002902260458
32690553862
32982793041
1005002282123839
4000989302562
1005001672632517
1005002297695663
1005003081645537
1005002241953925
1005002558660550
1005003013177825
4001038840213
1005002982626157
1005002560149865
1005002789218109
1005003106448398
1005002291459730
1005003365333741
32961099691
1005003339024106
1005002460370536
1005002937910372
1005003234388432
1005003208516050
1005002613256981
32822682332
1005003364449831
33002859733
1005002516303413
32901030293
32516967452
1005001699745730
1005002798203215
4001354619146
4001308129778
1005003007949965
1005003181136062
1005001987084250
32725202396
33001309680
1005003137327115
1005002727654126
32880902509
1005003353609859
4000907088566
1005003261699828
1005001637506962
1005002929658566
1005002864027559
1005003150817877
32905765613
1005001500772436
1005002917829734
1005002656893994
1005003328754744
1005002922247546
1005001541755778
1005003137764752
1005002388628346
1005003246965416
1005003033565469
1005001781145548
1005002621739187
1005002567927797
1005001571136856
1005001689153921
1005003000724138
1005002738079710
1005002416680887
32768227477
4000880024728
32841627910
1005002393243998
4001145656076
32972808454
1005001321582177
1005003189271331
1005001870601055
1005002259505111
4000474698597
1005003293076962
1005002505544110
1005001710471178
1005003292860836
33038848938
1005002965826520
1005003220970526
1005001502908839
1005003281098165
1005003387731799
32878609318
1005002543298988
32997141882
32822204004
4000017248118
1005002926938558
1005002976834419
1005002977905860
32956220169
1005003247512913
33015079901
1005002999947745
1005002837786221
1005003133822538
1005002796182323
4001200147846
1005001452349508
1005001360464675
1005002240633250
1005003286947813
1005002021925962
1005002903466247
1005002787105179
1005002613000204
1005003325539734
1005003277619266
1005003172414463
1005001612373544
1005003107059876
1005002982596776
32764519026
1005002897129930
10000343998465
1005001885813997
1005003114353712
1005003325594888
4000084763333
1005003035431169
1005002713167407
33008828832
1005003204176315
4000339175699
1005001695460433
1005003198776776
32825309930
1005003094580188
1005002219716269
1005002468299744
32998187792
32862922671
1005002748033820
1005003197861146
1005003278305531
4001160209666
1005002843105506
4000178505401
1005003335978312
1005003330914723
1005002949865169
4001127141117
32994993348
4000210290815
1005002676053693
1005002805814416
4001264405288
1005001936747419
4001028121166
1005002193954696
4000346281500
1005002219336942
1005002760133122
4000170696004
32839381497
1005003215057855
1005003325011743
32690823207
1005001349361675
1005002948445004
4000695751999
1005001368987746
1005002717462962
32926426111
1005003246778412
4001200707239
1005002546498892
4000061370807
4001049399046
1005003342055134
1005001367148010
32942034737
4001184512136
1005002990402670
1005003333453456
1005002555899826
1005002197168567
1005002440852426
1005001570499675
1005002746841744
32894367655
1005002864565959
10000109605336
1005003321258585
1005002236109259
1005003145761684
4001248700934
1005003387412081
1005002328152859
1005002907088909
4001187752903
1005002996986701
1005002255143172
1005003287868348
1005003367312529
32710681860
4001193316620
4000630481336
1005002475580148
32881620606
1005002692606909
1005003335047538
1005002197880983
1005003337174042
1005001457610627
1005003165248124
1005003154727799
1005002907706055
4001260046820
1005003336769007
4000919529364
1005003330463077
1005003087894064
4000216309523
32917312562
1005003359866567
1005003146168443
4000007750951
1005003345449544
1005001447832114
1005002336078131
1005003368598088
32820665715
1005003049992895
1005002610318585
1005003339896378
1005002842130398
1005001267535810
32810837933
1005003234869543
1005003277840007
1005002604539939
32968126943
1005002012436488
1005002787157520
1005001586330610
1005002358234311
1005002870398055
32830907197
1005002866745068
1005003288600218
1005002532521756
1005003318569099
1005002337328123
1005003152513073
1005002990356180
1005002419040499
1005001593612977
1005003021439141
1005003372696298
32835823838
1005002354053613
1005002329525039
10000025588280
1005003141623187
1005002548049157
1005001813353144
1005003365284050
1005002183828192
32573682983
1005002320914956
32851848405
4000032332661
33047656083
1005001524322241
1005003248833656
4001264131016
32793777885
1005002730316726
32850451379
1005002787848069
1005003337385221
1005003245605313
33024211567
1005001586209296
4000018859456
1005001717547187
1005003047415067
1005002753450528
4001025831868
1005001625945530
1005002835436771
1005002591690655
1005003378298537
1005002435938543
1005003318798714
4001206119030
1005002665272005
4000511522124
33014263950
1005002939075822
32919049601
1005003351875120
1005001994972809
1005002337825213
1005001794714876
1005001321909018
1005003040398523
1005003327785713
10000345001910
32914339975
1005002891775868
32961935703
32369290892
1005002741614194
1005001905808414
32477446036
1005003090157958
4000497856235
4001032834273
1005001973622217
1005003270349889
1005002050302948
1005001626171319
32903930574
1005003101823281
1005002042872456
1005003195911762
1005001356354550
1005002873480619
32949311468
32847761862
1005003373114594
1005003327888690
32878288341
1005002944438625
1005001277962981
4000737864499
1005002930557739
1005003041385561
32841108694
1005001622485044
4000493322887
1005002960684747
1005001544622343
1005003005327767
1005002602631937
1005001567940328
1005003339460109
1005001499179320
1005002307287086
1005003082333459
1005002693692112
1005002948204441
1005002286816825
4000922015299
33054268641
1005003149293193
1005003333009877
1005001987339867
1005001451498277
1005003218663457
1005003180629928
1005003230783097
4000188877042
1005002269340186
1005002333773637
1005002091159302
1005003337720731
4001031362788
1005002527661676
33061363008
1005003101895125
1005002693970138
1005003318976266
1005002775929289
1005002685246524
1005003368687407
1005001824204291
1005001573560157
4001042099779
1005003387224656
1005003249341535
4001278966063
32996178324
1005002974401860
1005003180255465
4000157496488
1005003384670270
1005002416897229
1005001512406270
32819509514
1005002695245577
1005002703245121
32979153565
32618820999
4001090600278
1005002589073291
4000777954892
1005002677815654
1005002578870200
1005002306535897
4001262933693
1005003010499382
4000610581185
1005002605806345
4000888889784
1005003337680993
1005001612483118
1005002616109268
1005002755105823
1005002797569758
33063711397
1005002696102535
4000492361390
1005001970043749
1005002537971567
1005002688148232
1005002619291031
1005003320399060
1005002898783759
4001230431255
1005002716797514
1005003238301176
1005003375130421
1005003009516606
1005003004389417
1005002937662938
4000566463362
4000803618467
1005001780750246
4000263937281
1005003124637258
1005002945207974
1005002440531404
1005003182494940
1005002776350534
32852096979
1005003338184391
1005002904913842
4000073003177
1005002886426094
32817323455
32977146520
1005002775586318
1005002623725461
1005002071499429
32832453221
4000159205837
1005003026748889
32965774355
33055480891
1005003354188340
1005003222323002
1005001970905484
4000226571584
4001105787415
1005002412258361
4000137990902
4000293118945
1005002363727431
33064151043
4001139086610
1005001875169121
1005003219437122
1005002411707624
32955922926
4001290984058
1005002623070661
1005001894976039
4000641371248
32289533871
1005002276645259
1005002920862788
1005003134960127
4000105577927
1005001869463867
1005002559366763
1005001584579374
33009561642
4001045737205
32877325610
1005002996039894
1005002776354563
1005003161722817
1005002299066496
1005002998976828
1005003036168327
32957425784
1005002632720875
32859200620
1005003069818853
4001117248179
32866995482
1005001469210189
1005002492468568
1005003000306348
1005003064584873
1005002863775863
1005003189470628
1005001836199934
1005002162666504
32813258162
1005003208231088
4000922549610
1005002974099284
4001306643569
1005003344698788
1005002806294558
1005003278744634
1005002289399131
1005003008806425
1005001574009530
1005002727090515
33003499870
1005003230424539
4000337094296
1005003219669233
32895221350
1005002343879121
32657884871
1005002838147115
1005002261292143
4001257907807
1005003196069548
1005001596857779
1005002700935666
1005003305730755
1005001779862667
32939546198
32956448495
1005003331633011
4000627251979
1005002712253444
1005002775653562
1005002536700781
1005003238337240
32813867212
1005003259116654
4001195485188
1005003299669406
1005003145484890
1005003282184565
4001049012471
4000182374409
1005001360071706
4001016257775
4001218073675
1005001867327399
4000227186780
4000920244760
1005002958806888
1005002799372831
1005003375213548
4001119978718
4000192129695
1005003001393658
1005003340957093
32983778440
1005001877503734
1005003334923402
1005003151691168
1005001868549309
32588992806
1005002788448105
1005001295663137
4001135798783
1005002284666588
1005003160927440
1005002935558640
4001123634401
1005003139786885
1005001315517336
1005001800338297
1005003299061741
1005002616135887
1005002388651909
32884205233
1005002525270490
1005003159992322
32662409298
32970785450
33015417248
33029944197
1005003151122575
1005003182518059
1005003050253820
1005002894954959
1005002717231765
1005001278534643
1005001797399311
1005001910256158
1005003346229175
1005003167691801
1005002967802301
1005003114076033
1005002715429316
4000495929007
1005002824902095
1005002271876489
1005003341940857
32665881821
1005002973610516
4001203144113
32665366620
1005003266318812
1005002518507427
1005002315549580
1005002153466130
1005003062099910
32990876353
1005003234947846
4000058734233
1005002990529362
1005003028396092
4000207965670
1005002253348768
1005002527386271
1005002661257579
1005001694204204
1005002960216301
1005003225012201
1005003002562978
4000145490649
1005002409601287
1005001758375579
1005003310064334
1005003133184712
32580869601
1005003391436675
1005002788877293
32838708739
1005002271864632
1005003003739055
1005002615860083
4001160239516
1005002789399867
1005003263342053
1005003009953179
1005003174522516
10000416098243
1005003213499748
1005003101184787
1005002857880326
1005003095980400
4001291742741
4001058085760
10000275338182
1005001385496389
1005002462612644
1005003280387659
1005003192440032
4000154753833
33029873239
1005003032129045
1005002600005185
1005002645079905
4000645863475
4001211056446
1005001622750495
32951171812
32964698155
4001081879207
1005002616096182
32838280095
1005003193011633
1005002935108836
1005001483021986
1005002348666016
4000771215802
1005003135879901
32712149698
1005001317767128
1005003110813950
4000120932346
1005001403505358
1005001457002915
33000854580
32724295359
1005003264028940
1005002716734682
1005002684284693
1005001890158853
4000812715558
32981398063
1005002989226224
32908109935
1005003287301080
1005003094587346
1005002006570759
1005002566298459
4001109304305
1005001320534610
1005002303707039
4001151264030
32964598693
1005003311897719
1005001423307581
1005003296916798
1005002567374313
32905820006
1005001757118068
1005002567178020
32870084667
33044684851
1005003128107665
1005002629811423
1005003365142120
10000099783158
1005002716776725
32944300654
1005003018407530
4000671843669
32992504860
4000672153807
4001164405676
4001116918162
4000932312742
4000935269297
1005001436022736
1005003335675874
1005002372055861
4000057201172
4001030583751
4000315077026
1005003292945938
4001211647734
4000138673151
33036129609
1005001527089941
4001248889373
33034276998
1005003385151914
32333509687
1005002774621434
4000897599074
1005002649073454
1005002256496083
1005002826872093
1005003276878653
32950712541
32970646855
1005003369535177
4001178866931
32944288716
1005001640100735
1005002964662597
4000986980179
1005003301987824
1005003223769232
1005002674872242
1005003284940104
1005001905929077
1005001520293401
4000788843501
1005001834455996
1005003087379283
1005003278359187
1005002080229984
1005003090645170
1005003087610236
1005003130210751
4001224507136
1005002925884266
1005002690426078
32954606844
4001191853398
1005002912561822
1005002654734939
1005002371990694
1005002281189207
1005001622232235
1005002745305453
1005003251603647
1005003102992904
4001307749695
10000399942945
4001193448987
1005001885809115
1005001956979794
1005003102310279
1005003157782824
1005003068432851
1005003203048910
1005003129423786
32869612245
1005003030459752
4001112452882
1005002980162999
1005002210848195
1005002502432288
4000928110004
1005003387861126
32980708414
4001119799321
4000474228699
1005002288246909
1005003169833254
4001266991767
1005003085918230
32992358979
33043369607
1005002362793126
4000836699054
1005002814936868
4000223789384
1005003172925554
1005002004669074
32981406527
1005002337801133
1005003389782892
1005003007514908
1005003062787331
1005001977082977
1005002598139415
32802304276
1005003201575020
1005003186561432
1005002998520833
4001339471203
4001309345845
4000032285674
32729701042
1005003223330908
1005003384982592
32968964461
1005002352935272
1005003104173557
1005002320878988
4000747249632
1005003091807697
32759784449
1005002647225737
1847872588
1005002567974349
1005001687978451
4000863372118
1005002939983806
1005003201476772
4000594874931
1005001344873070
1005003037953771
1005003320278430
1005003121829918
4000182189685
1005002070406447
4000166953816
32845236147
32840892300
1005003126257660
4001117227415
1005002352064649
1005002630240589
1005003122171702
1005002678478432
32863465744
1005001854254810
32853663429
1005003146304986
4001180406803
33047725085
1005003219726076
1005003022011771
1005002425366281
1005001547001502
1005002672677974
32996035371
1005003134967907
1005003234162717
1005002970126964
1005003233971568
1005003035616298
4001255925603
1005002052401978
1005002683349165
1005001367633328
1005003221873708
32968288876
1005003359518768
1005002128780262
1005003299299092
32972535047
1005003286010310
4000983060215
1005003275698529
1005002311338994
32858351264
1005002292572750
1005002816498324
1005003109689019
1005002851509256
1005002689455976
1005003115897069
1005002457621700
1005002775819695
1005003276627015
1005003080004343
32794679939
1005003374808460
1005003135824319
1005002883208078
4000280148965
32845972297
32919963217
1005002254483271
1005003237861735
1005001809556330
4000090158891
33041024521
1005001895261686
1005002367396363
4000157727825
1005002544484978
1005002957714794
1005003016566775
1005002377593996
32350111749
4001335396744
1005002345252699
1005003359649422
1005003070463179
1005001289407984
1005002595481137
1005001847391817
1005001429090836
1005002964945841
1005002284156496
1005003144338422
32833435113
1005002206839174
1005003276323824
1005003082164971
4000712732967
1005002753816141
1005003021839950
1005002476366474
1005002619649401
1005003219545327
1005002912234076
1005001918941200
32829678197
1005003034569121
33005375998
1005002405184039
1005003025987926
4000030408725
4000757978753
1005003249578301
1005003386261758
4001199045637
1005002900228474
1005002467306283
10000344003401
4000973139776
1005003303841499
4000264048807
1005002341206289
32675877895
32332209001
1005001375476524
1005003050800557
32844853420
1005003330447376
1005003175153685
1005003168499425
4000468899494
1005003205299541
1005002723422690
1005002406127555
32949848239
1005002439656552
1005002164590243
32888851388
1005003129986480
1005002790350336
1005003294527842
1005003167810379
1005003006262016
4000783287831
4001289368034
1005003129896177
4001359824667
1005002128956734
1005003111944944
1005002703203093
1005002808247751
4000247323291
1005002353299587
1005002505858411
1005003280388466
1005001895617895
1005002722956147
4000816427370
1005002674264881
32343609072
4001218835522
1005002383059356
1005003336578993
1005003271876627
1005002790073803
1005003051553096
1005002595038682
1005002522960964
4000333518455
32920847629
4000687311250
1005002347274827
4000222937261
1005003069365224
1005002369818885
1005003007306547
1005002224722884
1005002190979783
32532975851
32856463415
1005002618678306
1005001397658529
1005003191080595
1005003027263435
1005002965707031
1005001338998397
1005001928762542
1005003322075613
4000406785540
1005003126787902
1005003251673817
1005003197745994
1005002947383850
1005003210444378
1005003380392647
1005002876917951
1005003386339353
1005001764185296
1005003112380973
32822474938
1005002857775318
4001120414111
1005002926961551
4000890509002
1005002717231765
32946317165
1005003033772129
1005001838176987
1005003362474547
1005003266362236
1005002022376863
1005003309473483
1005003318773657
1005001381586239
1005002959327908
1005003062441229
1005002482334952
1005002669506687
1005003010567132
1005003340266447
1005003342226425
1005001768347998
4000756107078
1005002970572208
1005002337940417
1005002948366234
1005002855210322
1005003313280960
1005003382361778
1005002237889707
4001039910498
1005002960623636
1005003157790268
4000242483890
1005002144483094
1005003167281893
1005002539182966
1005002381613760
1005003036964022
32982640267
1005003342664498
1005002226256442
1005002710545423
1005001804244407
32860459864
1005002759346771
32959578604
1005003025471146
1005003392258701
4000959038311
1005001437743262
1005003301766681
1005003019161649
33020281027
1005003017469676
1005003285523533
1005001356425129
1005001339746381
1005001441379648
1005002039858190
1005003314180588
4000838011725
1005002097190514
4000242849490
1005001534980469
4000278205095
33038593507
4001265390949
1005002984458742
1005003388449591
1005003375281453
32400904787
1005003303949986
1005001937409002
1005003162310216
4000894085069
33021424186
1005002827859336
1005003173885464
1005002924767825
1005002350889283
1005003002268908
1005003224209588
33011235705
1005003199273665
32911080287
1005003188192283
1005002722776241
1005002380676451
1005003063241618
1005002277885979
1005002344114028
1005001620547665
1005003207114123
1005003129137635
1005003004504423
4000051402917
1005003310935539
4001345659440
1005002855997418
1005003115011276
1005001814655115
10000067529288
1005003342687466
1005003379003004
4000864505730
1005003247472983
1005001593413916
1005001764563920
4001160568122
33025291940
1005001577455439
1005001998964468
1005002437616418
1005003224442148
1005002950024401
1005001406842396
32921071128
1005002170735879
1005002736035416
1005002066603120
1005002341573481
32832626194
4001219830675
32958959471
1005001439215076
1005003210480328
1005002671822090
1005003208235903
1005003196765565
1008104084
1005003115384328
1005001488670888
1005003226513225
32971421719
1005002855588189
1005002796491538
32839744500
4000110719749
1005003293750610
1005003044872728
1005003384046806
1005001538676305
1005003085436417
1005001656699730
1005002578150493
1005001736701803
32841626452
1005001366061899
4001148757024
32956166324
1005002671638008
1005003218019992
1005002433549574
1005002275653276
1005003000435285
1000008275873
4000225596552
1005003043060119
32346525259
4001035651959
1005003349245764
1005002941588222
1005003335832237
1005003023916774
1005003219970157
4000041476628
4001107952221
1005001675301830
1005001631404118
1005002468374655
1005003052138223
1005003225859911
1005003197895426
1005002848328350
1005003071848699
1005002639196426
4001238078621
32830604222
1005002835974017
4000502106192
1005002729776948
4000219324247
1005002176384817
4001220667205
1005002458364855
1005002566826523
1005002453091219
32973696605
4001190969178
1005003356624294
1005002966531784
1005002483370816
1005002193986131
32994464128
1005001918265044
1005001770697826
1005002887444785
10000343885343
1005003116685192
1005003042114876
1005002830610802
1005001811967281
32839632717
1005001338230378
1005002911985013
32892203835
1005001814349287
4000039343761
1005002752168383
1005003311351922
1005003252288525
1005003069850567
1005002626575760
1005003372942117
1005002187191526
1005002443677294
32918559685
33057727671
1005002311003083
1005002171284342
1005003286816087
4000685044690
1005001605310851
1005001733067961
1005002448078896
1005001812756337
4000794180888
1005002974127121
1005002499305717
33018833455
1005002863410187
4001069332335
1005002587880482
1005002854773843
32955289035
577612050
32790227768
1005002903840941
1005003060944203
4000055436647
1005001410687070
1005003345893638
1005001960900259
1005001821246520
1005003298798821
1005002635980298
1005001992667029
1005002507111510
1005003003493661
32809336002
1005003089108469
1005003022419543
1005003279605370
4000418619939
32846161186
1005002193716991
1005003102050851
1005002532514742
32845907180
1005003359323190
1005003135645150
1005001977480632
1005002933459574
1005003221870486
1005002890739349
1005001469105003
4001079617467
32650761536
32966653125
1005001657869916
1005001996722625
1005002037978669
1005002921176314
33015687611
33033732455
1005003013323609
1005003197832050
1005002835290409
4000226197265
32760707750
1005002661725385
1005001313468672
1005002912069258
32845986178
32978225345
33023072253
1005001819095344
1005002567669706
1005003309491130
4001051033962
1005002207744962
1005001499679306
32783486569
1005001367640692
1005003340142010
1005002494981915
1005003041389239
1005002442685636
1005001519773841
1005003200608731
10000088950256
4001030244851
1005003015500062
4000173122321
4001025182313
1005002808814832
1005002946252202
1005002786874637
1005003163377761
1005003087407715
32991081770
1005001599170088
1005002136883794
32809805898
1005001709143824
1005002876128342
1005002957027706
32627322417
4001127730535
1005002425191418
1005002457039584
4000939162136
1005003208335309
4000609974921
1005001670686246
4000225427872
1005003091116221
1005003296911600
32977000581
1005002089015239
1005002711766222
1005003135309514
4000284215051
1005003261367901
1005002705564293
1005002694451890
1005001764449077
1005003380615977
4001158868120
1005003101788609
1005002922418907
32856605493
4000737997603
1005003334638816
1005002596685775
1005002933526455
1005001518310556
1005001782866803
1005002904362176
1005003098884045
4001101507769
1005001350115584
1005003319158029
4000311140252
32486152041
1005002678816710
1005002282564989
1005003158986334
1005003334038683
32966593117
33009802990
32833469576
1005003199143075
1005002063763053
4001032355167
1005003198436049
4000689600128
4000182757146
1005003094322075
1005002684062703
1005001826786920
4000855279979
1005003342104647
1005003386328393
1005003251795791
1005002515205756
1005002711359534
1005002985440494
1005001858298181
1005002622892265
33020408325
1005002311482822
4000368029835
1005002636957771
4001162997178
1005003305049586
1005001626670783
1005003350667171
1005001563058962
1005003187670200
1005002418263862
4001037313163
33005917814
1005003222440675
1005001411606769
4000884804416
32952122021
1005002454351987
1005001320079164
32676305528
1005003146190211
1005001572531004
1005003377184695
1005002957541778
1005001424956184
4001207241289
32953928021
1005001860262863
1005003031290890
10000395822275
1005002802258812
1005003219671275
32856084210
2033299002
1005001883939890
1005003113686678
1005002982007139
1005002223308492
1005002649171293
1005002914684575
1005003081393172
1005003314834162
1005002722753887
32815445880
1005001469860640
1005002760866635
33035078279
1005002260159697
4000747396992
1005003137873796
1005002731208817
1005003384144547
4000874616371
1005002001723876
1005002266219682
1005002865164951
4000626144343
1005002905355288
1005003008963481
4001256313192
1005003290979383
32858829603
1005002777085550
1005003179074872
1005001703439799
1005003356289698
1005001762403418
4001293837745
4001235802483
4001272619099
4001361453197
4000817983414
1005002014675854
32970345096
1005003335650644
32888126971
1005003019449526
32675908709
1005002142692826
1005001811047392
1005003366346911
1005001568209897
1005002625177072
32826095242
1005001868465970
1005002478349809
1005003213589908
33043029785
1005003224064193
1005003332475907
1005003324279146
1005003369812265
1005003316915551
1005002110564331
4000708890829
33048574186
1005002433879215
4001234374862
1005002235926076
1005002666410326
10000343894029
1005002567808465
1005002524971257
1005002826710012
1005001648043652
1005001992744044
1005003374878358
1005003144058846
1005002601283143
1005002372896352
1005002574838253
33055413139
1005003115509149
33041808684
1005002830921430
32962497498
32820878824
1005002715186537
32926039025
10000343998378
32903228003
4000816975776
1005002758882405
1005003235170509
4000905653942
1005001424074599
4000239886477
1005002120108142
1005002396063328
1005001476343196
1005003113228900
1005001872811083
1005002127040522
33010737185
4000076195348
1005002928224760
4000210319230
1005002072393087
1005002307619108
1005003311171511
4000425956845
33044582313
1005002766699278
1005002735489464
1005002481793406
1005002551735171
1005003256147525
1005002053315778
1005003051032768
10000059856267
32981958469
1005002400988390
1005003201590820
1005003078273659
32985361316
1005002889463707
4001210590496
32895144527
1005002890120455
1005003107378320
1005002551040540
1005001447174929
4001013022987
33015571160
1005001314738063
1005003105697588
32969249027
4001239180239
32816473526
4000744167728
1005002827832412
32743402586
4000075379518
32869276581
1005002569117347
1005003235697117
32858647974
33029869650
1005003042993895
1005003222286531
1005002310085532
1005003208412981
1005003138692439
1005003162251744
1005002982457636
32945416962
4001176471206
1005002079186264
1005003068825742
4000316526453
1005002783946412
1005003344578386
1005001830417546
4001099352306
4001185724516
4000637787775
1005002636581348
1005003307807193
1005001964983693
1005003387827088
1005002894915240
1005001727002547
4001068360844
1005003268244235
4000886182889
32410595539
1005003062066745
1005003369112277
10000395814791
1005003172140909
1005002084697288
32685757451
1005002062013658