1005002687500102
1005001732286962
1005002728397389
1005002309575000
1005002960335914
1005001501014617
1005003172268086
1005002983684019
1005003151540035
1005002713252669
1005002466253008
1005002854235342
4000067969444
1005002353329289
1005003261991964
1005002448616682
1005002225188381
1005002744906314
1005001952385306
4000549349833
1005003142800742
1005002645840800
1005002492341770
1005003336747967
1005003129244303
1005003259780984
1005002427826096
1005003083035546
1005003158027701
32847017200
1005001709622530
1005002285934863
32788919578
32792542434
1005003328565970
32884797720
1005003276947157
1005001375331732
32452012187
4001164839661
1005003278098057
1005002674296492
1005001816945726
4000464526931
4000640975702
1005002675015939
1005002904272315
4000988245054
1005002991569140
1005003245197896
1005002650146876
1005001768474460
1005003242421628
1005003213151117
1005002816215202
1005001389176087
1005003226222111
32788490458
32816268577
1005002485109053
1005003326331851
32948759749
1005003106276581
33026149616
1005002566675402
1005002912907153
4000240243108
1005003181815267
1005003140240037
1005003158326656
1005001457548746
1005001763465348
1005003372740817
4001178735527
1005002320141773
1005001772748454
32960719863
1005001506587644
1569499185
1005003036126754
1005001793292557
1005003149851390
1005003065179173
1005001518576183
1005003263895370
1005003154193586
1005001742484347
1005002961011172
1005002696136492
1005003096863659
1005002834068012
1005002745880807
1005002659081777
32966888929
32735474559
32619374199
1005002618801256
1005001478611212
1005001785031360
1005003205989497
4000045552622
1005003109888050
32912458106
4000220064787
1907979252
1005003258806696
1005001350163811
1005002275962661
1005001504735867
1005001323064099
1005002612878276
1005002542759608
1005001864816602
1005002831403220
1005002939921433
4001333072244
1005002770625435
1005003335172927
2039859504
1005003152445119
32981470092
1005002970981452
1005003228882115
4001213552700
1005001734169228
33040468155
4000257582563
1005002608897571
1005003129745428
1005003031731478
1005003213648930
1005003258171501
1005002053930216
4001245657584
1005002813243467
1005002387320229
4000865500753
1005002870693300
1005002196469607
32811895652
32812349215
4001172001032
1005003326972920
1005003140053481
1005002814640391
1005002211320328
32995568046
1005002617338459
1005002162379580
1005002259384182
1005002254091911
1005002755672860
4000675064935
1005001605504527
4000314934156
1005003262356280
32797955589
4000344123829
4001198118871
32844099842
1005002207874898
4000365263585
1779217304
1005003160759627
1005002710805771
1005003303978450
1005003350153845
1005003362971319
1005001430107028
33020904402
1005002427629747
1005002834613326
1005003100863467
1005003300046047
1005003276716957
1005003148136942
32705506191
1005003222689160
1005002824779564
32760424775
4001104088975
1005003204239707
4001084520218
1005002510754750
1005003280442608
32701108769
1005001785511967
1005001315271639
1005002517901485
1005001582727603
4000187499985
4000332564732
4001223995979
4000905950851
1005003150289793
32820746706
1005002670725634
1005001908686974
32972881337
1005001763228943
1005001926594975
1005002520163634
1005003038367190
1005001456243935
32959490477
1005001780364685
1005002991414520
1005001514425716
1005002951253843
1005002616286610
1005001987672490
32795155989
1005002828167586
32977687874
32917223882
4000883694477
4001208164414
4001333278624
1005001540928158
1005003039181303
32789180236
32979336657
4001275405468
4001345107344
4000497322271
1005001862701620
1005003047512386
1005003188501308
32888315167
1005003104228491
1005003050905191
32861644867
1005003168331715
1005002937679545
1005003030796506
1005003077636949
1005002598427159
32815825768
1005002277805264
1005003289717686
1005003257236558
1005002523128197
1005003173533829
1005003193396469
4000987140786
1005002485554636
4000678092205
1005003249326389
1005001839942837
1005002929516804
4000610097486
1005002586892203
32801616914
4001062128974
1005002224081989
1005003372107462
1005002817042745
1005003275695339
1005002918107488
1005003362132826
1005003197129570
4001228844333
1005001504677039
1005003269042534
1005003176763090
1005002746829774
1005002382154297
1005002851057477
32830234389
1005002268299153
1005002908851362
4000132198519
10000345049840
1005002565317137
1005003269554289
4000310061200
1005002776972103
4001037146198
32963591817
1005001641341554
4001085452706
1005003120035761
4000806262699
4000333086323
32805737556
1005001447109271
1005002541875353
4000629993992
1005002428000858
1005001652100046
1005002283667048
4001241020365
1005003377779722
1005002991344017
1005003217741197
1005003118888814
1005003289357831
1005002962695465
1005002266313565
1005002739251196
1005003374527894
1005003300139151
1005003294802453
4000088807596
4001244761163
4000809950279
1005003015985340
1005003008719389
1005002577960222
4001293026628
32737028455
1005003151226073
33029703278
4000805117988
1005002115649225
1005003207032425
4001048428218
1005002521990671
1005002860081868
1005003269902450
1005003151735938
1005002629691354
10000363483816
4001338503972
1005002949395278
32986073269
32950566974
1005001789956856
1005003297897881
4000329814305
32930636597
1005001335544986
1005003299896008
1005003251056104
1005001281022074
1005001386079684
4000609969939
1005002723605952
1005001921977606
1005001841515238
1005003218283039
1005003095994874
1005001493827411
4000453516847
32891308366
32850644596
1005002650186420
1005003088313551
4000808676192
1005002900241579
32860942359
1005003253721379
1005003244885623
1005002679104691
1005001326430759
1005003048686411
32850174773
4000321048710
1005003128748918
1005002974421989
1005003356613727
1005002878606786
1005002779920772
4000194032304
1005002299467409
1005003334812321
1005002395009689
32661957470
1005003033628094
4000638122781
1005001547256051
32859093833
1005003153490141
32863490803
4001108963983
1005002941382480
1005002999224079
4001143424137
33024527170
1005003106684581
1005001457486718
1005002676601410
1005002883744374
1000001850374
1005003198901376
1005003290240714
1005002544748853
1005003297045771
1005003064174080
1005001710387073
1005003100792305
32900116677
1005003038105894
1005002315268360
1005002048526127
32704824980
1005002489619132
1005002250437382
1005003386341252
32917765508
4001151431633
1005003387812472
1005002982232846
1005003019979427
1005002685844697
1005002835308451
1005001733102796
1005002660980681
1005002549479402
1005002749276816
1005001303951666
1005001664307391
1005002015701185
1005003094129946
4000575516936
1005002988171807
1005002491105037
4001045952848
4000916752313
1005003289306186
1005002586473744
33050047077
32913890222
1005003140610438
1005002559863238
1005002950644854
32879940192
1005003362128565
1005003204346538
1005003062842738
32870625561
33000244035
4000979875368
1005003114610549
1005003087611646
1005001441647320
4001264889491
4000708854588
1000008255762
1005003059442687
32901213353
1005003223697458
4000263870226
1005002594755097
32792692469
33010717620
4000032863550
1005002828601507
1005002385216325
1005002997253142
10000324321058
4001096134949
1005002924376179
1005002939221771
32621123091
1005002905288968
1005002166220504
32976094915
1005002082365825
4001239309128
32600816879
1005001539395693
10000036156824
1005003391691972
4000882345686
1005001498656333
1005002094729351
4001156114413
1005002795325007
1005002615808424
1005002688828752
1005003266025577
32853628204
1005002913080182
1005002525291068
1005002814348340
32999665227
1005002736752901
4001226156661
1005002782323513
1005002228410552
1005003228660702
4000296579039
1005002387125210
4000626180693
1005003339687313
4001227531245
4000504485700
1005003324213375
1005002345854110
4000210214296
1005002940025524
1005002589495474
1005003128460696
1005003382575719
32318518445
1005001658109102
32833558190
1005002577485540
1005001506814959
33008141159
1005001693638050
4000987148034
1005002313828226
1005002029301225
1005002881728768
33036072254
1005001457674596
32969831681
1005003265659600
4001155527596
1005002693815497
4000804301771
32413857190
1005003001308939
4001244833163
32827462225
1005002332561373
1005002313352020
1005003282831042
4001250979278
4000207327894
4000135087974
1005003326727096
1005002702730410
1005002721871433
4000130487477
4000563756965
1005003187887815
1005002344926866
1005003092584578
1005001492054739
1005003310023297
32982287621
1005003017297593
32950456963
1005002027468806
1005002932467683
1005003117933032
1005002275829806
32357859223
1005002186891232
1005003147964739
1005001964754615
1005001387532517
1005003334382839
1005001996662260
1005002313754107
4001350718264
1005002910974147
32978697213
32835105841
4000773237255
1005001451298098
32902753897
1005002973701900
4000842734139
1005002781787124
1005003336647383
1005003298445414
1005002480150034
1005003387505260
33024377616
32845702244
1005003187532413
32843437416
1005002882576366
10000397718784
32857146197
1005002323149796
1005003090341891
33025166936
1005002139637961
1005003030622710
4001299244858
1005002504001164
32837553652
4001028081554
1005003140448207
1005003335121030
1005001587072237
1005001842024023
1005003342022579
32825824419
32691861471
4001233607632
1005001421703207
1005003140674648
4000907229684
1005002948180793
1005003205223924
1005002956615885
4000002696152
1005003242323979
1005003313763220
4001251738408
1005002878995362
33003275554
33006982786
4000329979074
1005003038243113
1005003294997726
1005002475994875
1005002796837275
4000068548446
32722980800
1005002844664440
32515569050
33026406014
1005002084067543
1005002971069573
1005001860358451
1005003019829989
1005003239892180
32617161252
1005003079356496
4000105611928
1005002567827214
32840485889
1005002635267443
1005002990604061
1005003176660969
1005002313875337
1005003067010321
32815670640
4000837837241
1005002753370425
1005002801047762
1005002117112207
1005001777587931
1005002303746311
1005003256869181
1005002997765966
32916026135
1005003323192124
1005003183185022
1005002704070210
1005003169887457
1005003253559063
1005003293427598
1005002834145784
4001113265055
1005002842806351
1005002577709787
4001162245293
1005002814095874
1000007450779
1005003135600511
4000525758250
1005002939512641
32796323798
1005003266435737
1005002918857389
32867420392
1005003318077344
1005002771650089
1680262345
32962337002
1005001471913242
1005001970553148
4000652487759
1005002801817259
1005002946914042
32320996487
32973193473
1005002397683984
1005002879102944
1005002600639405
1005003133282005
32779379106
1005003085904967
1005002622963602
1005002990410832
4001065648957
1005003337648128
1005003325618551
1005001538447279
1005001568103350
1005001868620065
32862424559
1005003287763843
1005002301474189
1005002255457439
1005002617492748
4000817512435
4001268164135
32337629705
1005002616211818
1005002608934443
483312385
1005002842399375
4000201586608
1005003236064849
1005003095944350
1005002864933932
1005002592908007
4000856306495
1005003372488756
1005002391304505
1005002753634837
1005003347150800
32841603317
32522627963
1005001514705130
1005002843936949
32854841250
1005002382702449
1005002662409148
4000917897004
1005001972813409
1005003338070426
1005003083885139
1005001913392450
32888802086
1005003259112780
1005001897061283
1005002682988768
1005003341413241
1005003090105398
1005001559747580
4000361187880
1005002476668682
1005002856978333
1005003161416374
1005002680173830
1005002356642357
4000497260752
1005001448421935
1005002570284996
32970639504
4001273508289
1005003314376772
1005003361184480
1005002567857684
1005003115690754
1005002647224793
1005003395277892
1005003092379122
4000104086372
1005001709509363
1005003317135156
1005003225075658
1005002266290458
4000292683353
1005002062711751
32957114748
4000159447926
1005001560799790
1005003347201112
1005002681028459
4000918138737
1005001430446510
1005003194454464
1005003275085554
1005002316962397
1005003221157181
1005002982113345
4000721865441
4001051314579
1005001441277840
1005002960670020
4000220602500
32616118639
1005001548188275
1005003147349709
1005003387239431
33001918420
1005003223176304
1005002965279971
4000811851860
32732395218
1005003145054763
1005002933144448
1005002286552283
1005002694349984
10000343998378
1005001456253267
1005002710846084
4000801840678
1005002869933387
4000775799318
1005003241605116
4001172851463
32933731000
1005003121669962
32775509993
1005003298931572
1005002369653489
32916529620
4000264143159
4000535048964
1005003273118827
1005002345785565
1005003102846917
32955281283
1005003272248850
1005003351431072
1005003064742518
1005003371123312
1005003256041451
1005003321178832
1005003321462280
1005001540972694
1005002054930790
1005001803101920
1005002793850281
1005003219563217
4001137155133
1005002783809610
32903580827
1005003170392473
1005002976472321
33020290233
4000314561555
1005001750830793
1005003299072418
1005002775001996
1005002897062745
1005002023831882
1005002901093444
1005002664091128
32323176823
1005003378458488
1005002324191541
1005003115288419
1005002483970501
1005001417559301
1005001619696883
1005003277835750
1005003364050336
1005003217581564
1005002963932858
1005002308956065
1005002558023711
1005003388554026
1005001736523980
1005003178356268
1005003062065630
1005003258891165
1005002758293845
1005003311443439
1005003228863420
1005003081979092
1005002404479939
1005003384133890
1005002131400003
1005003111276735
1005002174671172
33001757125
1005003146288391
1005002648842438
4000279876481
1005002688141001
1005002212306864
1005002432564580
32968516142
1005002033117565
32954717167
32855790600
1005002883840926
1005002802203197
1005001968393440
1005002983668359
1005003320025364
1005002951004659
1005001664493351
1005003358992977
1005003383565000
1005003015130555
1005001878972430
1005003058962726
1005001559872102
4001271025950
1005002449038617
1005002318822662
1005002074201013
1005002246338540
1005001710949957
32959056647
1005002838168104
1005001405214255
32911033139
4001022878832
1005003391185967
1005002920288903
1005003233432152
1005003109692140
33063695715
1005002579573846
1005002473711430
1005001851679095
1005003177469391
1005002198689336
1005002730701289
1005002727557178
1005001700968227
32968063161
1005001304314645
1005003391184982
4000833843865
1005001298222382
4001146072718
1005002988610807
1005002891526250
32891023966
1005002350558438
1005003210726589
33057887119
1005003175972208
1005002986582381
1005003160954504
1005003065335469
4001310621939
1005003397221286
33027886482
1005001850555618
1005002970538081
1005002739907869
32998772885
4000901217426
1005001441294817
4001040876425
32462353393
1005002362819773
1005003160114086
1005003141281997
1005002949775642
1005003108685277
1005001633154883
1005003017392596
1005002566137437
1005002949571548
10000047489134
1005001772064849
32903823442
1005002425497874
1005003109357588
4001028264755
1005001883156424
1005002554333298
1005002910773948
1005003330423714
32908530360
4001117042343
1005002303869832
4000726315505
1005002504839853
4001112327715
32849638200
1005002475352951
4000069790495
1005002203941816
1005001998387544
1005003350614655
1005001915745165
1005002929055395
32934175384
32274263986
1005002753947439
1005003033500101
4001045521894
1005003105474564
33032403064
1005002888696837
1005003069818853
1005002284754280
1005002770428119
1005003388385409
33007486654
1005002865300734
1005002727603576
1005002651944755
1005002907558240
1005002224395763
1005003269387473
1005003278082187
1005003232139393
32859171686
1005001984782124
1005002907552588
32987650403
1005002949495796
1005003383848054
1005002760387278
1005001997593731
4000167922350
1005001468047250
4000393494576
1005001912563177
1005003320159283
1005003139202563
1005003069656124
1005001624162232
1005003235029561
1005002238666699
1005002899872835
32855446195
1005002718460603
1005002996164612
1005002962863284
4001244699521
1005002569937501
1005002272885695
1005003221873540
1005001698136335
1005002822401502
32849735416
1005002417595578
4000355727226
1005002767465597
1005002846872810
1005001617141852
33048442145
1005001639958390
1005002954154920
1005001929617081
4000843765245
1005002930673552
32984766997
1005002877096714
33047376121
1005003243964276
1005003164374602
32787994339
1005002567715803
1005001299103715
1005003100722528
1005003089854761
1005003300756966
1005001604465559
32859264975
1005003341457111
1005003360021705
4000119082104
1005002746098853
1005001872879720
1005003236702504
1005003214963697
1005002935964372
1005001967890525
32867969363
1005002298276108
1005003029979716
32981302914
1005002264690902
32995859609
4000996504374
32993166838
1005002770222749
4000037582045
4001019073028
1005001781721142
10000344002392
1005002142990248
1005002795178245
1005003350609574
1005001912539311
1005002618863066
1005003048325912
32718584641
1005001675524185
1005002453095145
32575670395
1005002840542843
4000202392304
1005001850269713
4000865211093
4001252586925
1005001858172484
1005003213330706
1005001598276542
1005003319927691
4000169412476
4000188747808
1005001897827457
1005003154339974
1005003263188147
1005003236321448
1005002050425344
1005002726596365
1005002961242007
32763887881
1005002204389261
1005003364085171
32908668510
1005002450465040
1005002552472639
1005001620184483
4001066597309
1005001877659672
1005002777135880
1005002009124952
1005002256836063
33014948298
1005002205923160
4000939578933
1005002686416106
1005003007916262
33025415773
1005003284820062
32986536479
1005002570156583
33051907223
1005001869088172
1005002314208410
1005003219535539
1005003195371677
1005002926934267
1005001698587641
4001099629979
1005003262009256
4000394116459
4000636219293
1005002052014233
1005002669702085
32581859783
1005002547371536
4001027454855
1005003256527724
1005002257918930
32798762318
1005002988743204
1005003265317093
1005002698225737
4000544452805
32587922740
1005001788908376
1005002636862859
1005003110871944
4000640987026
1005002708434892
1005003178975141
4000923364878
1005002661509771
1005003272709294
4001046257438
1005003147756856
1005002826000087
32809473522
1005002719497626
1005001529056764
1005003330671144
4000938881606
1005003129877087
1005002607325061
1005001933534354
1005003351947599
1005002710487092
1005003328356406
33034920940
1005001588619309
1005001915215274
1005003382897707
1005002814838400
1005001591767194
1005003308780755
1005003168928702
1005002679759077
1005002311797559
1005002785450496
1005003320802239
4001307980496
33033191390
1005003309620653
1005003175918822
1005003198640069
1005001441415578
33010306087
4000183004688
1005003292128079
1005003308220949
1005002950858632
4000076025030
1005003133929555
4000863533059
1005001495398074
1005002369301362
1005001513234470
1005002053323335
32954822062
32889461018
1005002975861627
1005002120164792
32863844655
32854407326
1005002642854106
1005002927867539
1005003211856889
1005001658463713
1005002169142985
4000738434026
1005002992652816
1005002672444164
1005002412087828
1005003341861853
1005001398131302
32823402794
1005003239464122
1005002883527752
1005002254203674
1005002476191716
1005001853300784
1005002153520162
32852002882
33010091012
1005003308159555
1005003285184011
10000036137631
1005002645692224
1005003189365871
1005002224019130
32669546667
1005002310611023
1005002019003111
1005003384288449
1005003391075381
1005001912394869
1005003361939320
32862426925
4001144060825
1005002947798864
1005002746919655
4001306083424
1005003208870169
1005002796299966
1005002705556213
1005001896070741
1005003088277114
1005002293318792
1005003257565985
32919580898
1005001926583053
1005003031075285
1005002538838975
1005002611462573
1005002990078849
32565007587
1005001671759741
4000709727894
1005003173873098
1005001645528325
4000318376583
1005003265466714
1005003192121627
32853351095
1005003384110995
1005002615781845
1005003306009247
4001086645107
1005002435433508
1005001889749285
1005003094044113
1005002702749877
1005003270540052
32772320853
32992358190
1005002205780136
1005003149185057
32799563589
1005002804624982
4000068787474
1005001544883604
1005003123458791
1005003145230530
1005001861424496
1005003278852613
1005002931625500
1005003074327519
4000615147734
1005001293021377
32957848746
4001347121315
4001364251914
1005002953985225
1005002783133335
1005003049485947
1005002604479955
1005003123288367
1005002984919073
1005002392527140
4000135353473
32864733741
1005001587623415
1005003078567939
1005002435984200
1005001456431633
1005003040621880
1005003097212031
1005003324078708
1005001580447041
1005003008801254
1005002205020506
1005001649251593
1005003031384788
1005002993024215
1005001525521023
32577739301
1005002229733297
4000271445370
1005003022098020
1005001889267804
1005001820166833
1005002551713600
1005001625057416
1005001588275493
1005002405459577
1005002341592861
1005001877172597
4000785183029
1005003123266227
1005003309978444
1005002313758927
32842667015
1005002386881228
1005002890455533
1005003322570758
1005001840866826
1005001670615122
1005001311587407
1005001493246941
1005002120487559
1005001780321115
1005002858748337
1005003285242437
1005002360077853
33009136327
1005003049974971
1005003064937109
1005002110949025
1005002348626960
4001035207955
4001235933701
4001356213546
4001092276045
1005003069530772
32960155633
32967975426
1005001809741331
33026960344
1005001968046093
1005003347821585
1005001733050520
33046256656
1005002561018884
32766215194
4000280144943
1005001903148149
1005002090197446
4000870190538
1005002244665872
32827951932
4000867479157
1005003198710188
1005001614745765
1005003306951907
1005002905359352
1005002219865561
4001097878608
32948715717
1005002467605286
1005003309269104
1005002988930508
1005003365481420
2036610781
1005002723061469
1005002004223650
1005003026906278
1005003290611455
1005001785829607
4000473821131
1005002476742823
1005003267550742
1005001700939909
1005002796266136
32620010997
1005003032648879
32253924484
32964134234
1005003318302469
32994214185
1005002941286136
4000789993286
32829208402
1005003330068029
1005002411558628
1005003092775400
643597958
1005002191474139
1005002387945937
1005002624265679
1005002538073256
32902613651
1005002565255657
1005003322058634
32804492051
1005001518626791
32837134150
1005002843081963
1005003376074153
1005002459295059
1005003129933689
1005002777526910
1005003173041812
32808812436
1005001467732664
1005002364320375
1005001920732350
1005001520400568
1005002475287478
1005002394863444
4000610050617
1005002586630504
1005002316682294
1005002828105861
1005002805771686
32964519361
1005001526292896
32958228764
1005003345682622
1005002999141162
1005002814112716
1005003385289694
33016818779
1005001666153495
1005002537503845
1005001369340442
1005003307833350
1005002245301305
32955661886
1005003206871117
32899419330
32983778842
1005003285883245
4001360785336
4000349751272
1005003391629924
1005001460016766
4000019973262
1005002753950269
1005001675214951
1005003110988090
1005002829932843
1005002872271940
1005003071238424
32581823934
32833979635
1005002095158040
32886629960
32912364898
1005002617056018
33046163393
1005002826079947
1005002318623871
1005002496936922
10000005137395
1005002901283993
32858446200
1005003071804201
1005003384562647
32934691360
1005003251182241
1005002944662205
1005001756331405
1005003258514544
1005002673560528
1005002510596530
1005003080852888
1005002995770039
1005003287517986
1005003276061976
32817062118
33022957874
1005002499262498
1005002327196491
1005003124376038
4000052146540
1005002077230420
1005002966218788
1005002105279653
32640770104
33059416685
1005003326768529
4001226498795
1005003313927078
1005003110144625
4001268321189
1005002662855127
4000982519107
4000464823045
32885835701
1005002510378044
4000243447935
33051229385
1005002728956997
32849017820
1005002780724441
4000704590025
1005003359702695
1005002405870148
32885368610
1005003279844038
32998104913
4001225222486
1005003019354884
1005002938209190
1005002326298709
1005002595881753
10000018163194
1005003091135006
1005002426487529
1005002310279745
4000041237200
1005002186514409
1005002794318557
1005003299772380
32901609269
1005002109708749
4000712167253
4001131892323
1005002876738527
1005001803456249
1005003305363504
32788893724
1005002708278037
1005003057117058
32828659036
1005003153550952
32797247779
1005002355857017
4001190267595
32830861080
4000986764978
32672522904
1005003198000186
1005003014319057
1005002371802015
1005003010384468
1005002330134144
1005003041204542
32844733831
1005002259361977
1005002244993991
32978535785
1005001362542052
1005001609315904
32369225511
32960504443
1005002783867527
1005001808029051
4000064671913
1005001558494324
1005002718289358
1005002064982638
32876053504
4000670767042
1005003121982405
4000274382540
1005002292072500
4000028800849
1005002789307169
1005003323408474
32563426563
1005002377844754
1005003318698299
1005002778710700
1005002562282744
10000395944857
1005001977569558
1005002120615685
10000062871098
1005003384039674
32987422742
1005003199550240
1005003342180211
32315074089
1005002737165112
33041065968
1005001954921885
1005002510354658
1005001271277898
1005003250208261
1005001899732004
32822735235
1005003172669722
1005003002263163
1005003372125311
1005002493845920
1005003026143899
1005001551186302
1005003270542667
1005002244300751
1005002395260713
1005002847295850
1005002174850475
1005001582070835
32954372473
1005002992823247
4000555795336
1005002737411246
4001217182575
1005002062084368
1005003375162477
32981427982
1005002176588469
4000426729267
32788356707
1005003164025385
4001110141184
1005003136102110
1005003268646339
1005002592950240
1005003110213534
1005003317721280
1005003171625808
1005003299526508
4000855651207
4000217385663
1909816288
1005002118941142
1005003290973736
1005003090047428
1005003031573531
4000147343473
4000467564377
1005002631734666
1005002811386704
1005003208555183
4000584722969
1005002584065429
32899730409
1005003336330748
4001226680920
4000266529952
1005002988846200
32995751460
1005003282725713
1005001391140792
1005001967007344
4000460237803
32617894188
1005002737152412
1005002192408194
1005003017741304
33022500238
1005003276176709
1005003337371450
1005001982469307
1005003367914298
4000842801280
1005002254392347
32982739090
32454598007
32916852894
1005002277375428
32849623580
32985645023
32966210272
1005003146369417
1005002939874279
1005003393349127
1005003019137936
1005003384346481
1005002937927444
4001144902284
32524879641
1005001917353028
1005001387100427
1005002289474328
1005003124623425
10000003093931
1005001774008652
33052503554
32719687731
1005003314472464
1005002940671981
1005001970967600
1005002313751518
1005002813861601
32500688715
1005002389352020
1005002924417303
1005003315549680
1005003302487420
1005002201348094
4001230298588
32970929614
32390949004
32970886505
4000589300551
4001248012781
1005002271774604
1005003388170621
1005001435672319
4000619992073
1005001686141254
1005003326470112
1005002043479399
1005002167344898
32813178482
32899030032
1005001451793302
1005002836981395
32962440901
1005002527103860
10000000180513
1005002709840443
1005001266452662
1005003263402433
1005002653242231
1005002289738851
32825036641
1005002687121906
1005002802238418
4001259877036
1005003093652953
32704290569
1005003040639468
1005003077031954
33056345498
4001244207191
4000435188549
1005002664465006
1005001387332374
1005002782734720
1005002600209654
1005003145934072
32831910098
1005002487348965
1005002095397639
1005002214900791
4000287385821
32570336566
33040520866
4000432616118
33019466820
1005002805041474
1005002695370152
1005003330590309
1005003076356485
1005002443654599
4001284521463
1005003302282759
1005003151901824
1005002945523592
1005003148229881
4001046186382
32866737331
4000211133687
32874794577
1005003300802436
1005001520276641
1005002301964528
1005002865476994
1005003154723871
4000194271562
32793336667
1005002984918799
4000726462226
1005002980097084
1005002484742322
32950894634
1005001387147809
1005002926718692
1005001321274665
1005002411582405
1005001971590905
4001362391075
1005002547025923
4000370400978
1005001295647054
4000894381912
33045118331
1005003309617608
1005002739799185
4000527998633
1005003242148190
32672811635
32906464397
32802586606
33040099148
32970750945
4000188665999
33058875293
1005002526427188
1005002952015219
1005002490216592
1005002731125040
1005002732047326
1005002546014498
1005002631073859
4000855694074
1005003169155503
1005002607857722
1005002924751505
32411248032
1005001309015113
1005001721504088
1005003093832091
4000990285022
4001263107595
1005001604528471
4001122215638
1005002703608663
1005002894605802
32991897412
1005002072683389
1005003381474447
4000128548145
4000965706420
1005003346293823
1005002512844735
1005003193665343
1005002976588465
1005003151919541
1005002586873458
1005002484291423
1005003300832278
1005003070069598
1005003080364395
1005001423779118
4001136575031
1005003338991257
1005002421043227
32884833157
1005001430773006
4001239123469
1005003214311673
4000504330180
1005002801535025
1005001506344258
32827099523
1005002133794055
1005001817970364
1005003198649878
4001224555088
1005002084248581
32617953587
1005002327198726
890688863
1005001675331223
1005001658172358
1005001792673513
1005003275238494
1005002868407774
1005002536953754
1005001522340268
1005002754624485
1005003085518698
1005002989472606
1005002250606498
1005002373234128
1005001391767921
1005002986582381
1005002889241625
32993563226
1005001511435068
1005001693212827
1005003356072321
1005002336306059
4000511235940
1005003001527799
1005002050321973
1005001788830955
1005002712250568
32879881760
32789861574
1005003187885592
1005001566815727
4000935281677
4001273769979
1005003387491400
1005001383817786
1005003077391424
1005001596954345
1005003376015416
1005002199275934
1005003277953511
32891586426
1005001736449021
32822205386
1005002283076208
4001137934012
1005003140147763
32832718539
1005002633518370
1005001387731237
1005003226448792
1005003377203916
33055706235
1005003342945830
1005001850370039
1005003365779827
4000258903351
1005001913045403
32790537280
4000972179313
4000834566275
1005001877728398
4000358296370
32958547710
1005002389602582
1005002622797921
4000374012107
1005002969834689
1005002656858404
1005002891447629
1005002838618809
1005002003358702
1005001823712246
1005002291171784
1005003298324412
1005003343012900
1005003341497684
1005002597121382
1005003005813200
1005003215346301
32855370013
1005002184307673
32929054469
1005002762480727
1005002398846525
32847493771
32964206840
1005002345677254
1005002125004913
4001223456548
4001000047808
1005003042847099
1005002969687415
33029899166
10000199565712
32920626660
1005002877324231
32884574713
1005003107255327
1005003286026645
32981890120
1005001978206184
1005003224589350
1005002376799205
1005003385585213
1005003337901686
1005003314737648
1005003096908744
32672356559
1005002857804411
1005002984844028
1005002950295385
1005001971751278
32958196694
1005003115715527
1005003173153701
1005003378718675
1005002603852181
1005003099291464
1005002291901822
1005002095101685
1005002488028152
32965299512
32824561879
33045461270
32991298803
1005003367484573
1005002865026205
32766804334
1005002849094731
4000943954688
1005001686067744
4000193346738
4000144093609
1005001912466564
1005002702740838
1005003120634730
1005001792977741
1005002726878554
1005002642029010
1005002908819588
1005002164317727
1005002233899917
32749468388
1005002668525216
4000791124130
4001103941005
1005003290285280
1005002668480987
1005003365191299
1005003366928347
1005002900819296
1005002465886864
1005003042143699
1005003090293472
1005003070088001
1005001285216444
33017558474
1005003353350514
1005003021195952
4000731266599
1005002743942900
1005002423847480
1005003376680547