1005001692235364
32920422861
1005003206602895
4001341964030
1005002393733091
1005002990446496
1005001961680716
1005002758789592
4000993387250
4001023949363
1005003369103327
1005003366262052
1005003186912686
1005003235514248
1005003265304043
33016069283
1005002555939925
1005002265072934
1005002096162915
1005001675358725
1005002576065288
1005002940104176
1005003308508352
4001324448229
4000462565629
1005003179176397
1005001707999446
1005003001751175
1005001685348933
1005003173752629
1005003370874830
4000633182780
1005003332826814
4000402443076
1005003227409650
1005002334429416
1005003239930378
1005001566232224
1005003263890398
1005001433966522
1005001353830739
1005002257664919
1005002232385754
4000403162855
1005002928783903
1005002000241564
1005002966838016
1005002949651874
1005001845454976
1005001385837058
1005002643214438
4000042540796
1005003193624340
1005002630503665
1005003129043423
1005003312986588
1005002818398308
1005003301564802
1005002615686791
4000108875657
1005003226011334
1005001936366256
4001172596166
32791536324
1005003040621880
1005001864677498
1005003025936996
1005003356061469
1005002272192158
1005003029756816
1005003267657603
32914314067
1005002056607336
33004349876
32988914658
1005002003455636
4000982499299
4000584691105
1005002652544016
1005002589587803
4001231197675
1005003195379192
1005003208197941
1005002435288077
1005002952123307
1005001859627500
1005002884452974
1005003224584390
1005001657594779
1005003106073668
4000308604349
1005002469027211
33054297335
1005002856180084
32749697945
4001293098707
1005003158529297
32710358772
1005001894564624
4001110251758
1005002116572864
1005002957474880
1005002094795829
4000108074864
32884956710
32957422904
1005003208553175
1005002323206618
32803060147
1005001863765190
1005002953418967
1005001652804218
1005003149510158
1005002666436369
32846316689
1005001452598219
32837417825
32497458862
1005001518436083
1005002570630393
1005001282687482
1005002966360440
1005002282206676
32838215055
1005003387579542
1005003035353864
1005001785956225
1005001788918934
32852584815
1005002496937292
1005002196801444
1005003379888563
1005001987681817
1005003129552427
1005002510455422
1005002828189782
32950650943
4000466019508
1005001885879988
1005001969033156
1005002951797565
1005002309030095
1005002889774201
4000048211659
1005003019136716
4001247358430
1005003079853671
1005002394437181
1005003346511579
1005002350435868
32826481910
1005001698471641
1005003339009142
1005002578057700
4001360338263
2050367454
1005002857401134
4000879023229
1005002608973192
1005003263878105
4001287032469
1005001692264310
1005001383254230
32844755712
32848419411
1005002073680429
1005002618992403
1005001784575407
1005001581099494
1005003250850972
1005003264959158
1005001645544637
1005003223918958
1005002875884656
4001272696984
1005003223979536
4001070501765
1005002531576701
32830236278
32911025656
1005002788164617
1005001511377671
1005003072153979
1005002947322062
1005002907444275
1005003246179331
32933067634
1005002990876687
1005003083803852
4001256321603
1005003332498700
1005002543488381
1005003171911273
1005002367608462
1005003379311612
1005003099144176
1005002747088810
32937491330
32789136461
1005002678734789
32934647883
1005003264809795
32665889471
4000903373123
1005003328012083
4000266972025
1005002119771479
1005003227790201
32966552979
32828078390
1005001742692058
1005001742710128
4001016303501
1005002551481669
1005002976564277
10000391239370
32827365097
1005001819385729
1005002159677458
33020928377
1005003235300667
1005002996268565
32935672285
1005003014300717
1005003120477173
32699170340
4000499241108
4000783050317
1005003098557919
1005003001987231
1005002794852754
32829055525
1005002920308590
1005002005145433
1005003021787502
1005002658557411
32981327581
32216253237
1005002657681723
1005003193333628
1005002938464123
4000784864070
4001004460922
4000442946264
32967599793
1005003000836986
4000196270167
33057755710
1005003037390707
4000185739963
32727512559
1005003086323892
32730099219
1005002422295799
1979294898
4000661126122
1005001943956311
1005003387787545
1005002316301306
1005003081209334
1005001770071565
33037328677
32861186227
1005003310156690
32874149373
1005002647253803
32897870621
1005003112890912
1005003294689229
1005002708096438
1005002632810317
33041381637
1005003008846501
4000416414947
1005003187452811
1005001738222032
1005002983144991
4000945656670
1005003304211209
1005002991884555
1005003125850350
33050172677
1005001543580709
1005002770521770
1005001588704797
4001032211015
1005003118343071
1005002614266794
1005003276183438
1005003366299527
1005002631716726
1005003308428525
1005002443054776
1005002443721092
1005003370582928
1005001779991704
1005003064891583
1005001814985389
1005003253520884
4001022009135
1005003285176746
1005003067589529
32890565484
1005001683324707
1005003098790097
4000803146194
1005003322272641
1005001391622700
1005001586500761
1005002244488854
32687541569
4001233180575
1005002611426161
1005002527954520
4001062365331
1005002363543589
1005002341781482
1005002510534366
1005003212025963
1005002317709116
1005003027919218
1005003369260634
1005002827027694
1005002996352282
1005001405276016
1005001377743449
1005002139719907
1005003205894325
1005002662861312
1005002978313586
1005002740959046
1005002651499642
4000572419684
10000402355002
1005002857965956
1005001362407234
4000863046269
32994357224
4001296560948
1005003101065377
4001205037450
4000085393171
32831580730
1005003066911053
4000748535938
1005003209534709
1005002801960306
33034019910
1005003223135239
1005003239601036
1005002828973011
1005002689844005
1005003328778258
4001205648966
4000196182017
1005003145875992
1005002128570509
1005002622849553
1005002976948242
1005003225994552
1005002911697457
1005002359678449
1005003344339440
4000242707144
1005002765781563
4000106161686
32559924031
1005003385159786
1005003369190692
1005002611480284
32801872443
1005003041998196
4001345723579
1005003384619240
1005003299028385
4001139093675
4000031752378
4000589877523
1005003386321351
1005001597222586
1005002513568861
1005003084272210
1005002728735062
1005003226171052
1005002347104090
1005003019458576
1005002600367973
1005003313431947
1005002641661447
4001211826674
1005002554743909
1005003144166143
1005003386356649
4000022510195
32992366473
1005001458147205
4001073937725
1005002779852443
1005001899096094
4000061577938
4000777564072
1005002523595753
32810848454
32975409060
1005001309957934
32969703871
1005002229693480
1005003157177422
1005001790556492
1005002790718357
1005002236304013
1005003098067014
4001268352213
1005003033160073
1005002548445932
1005002175014245
33003794363
4000955028793
1005002536368835
33004308642
1005002666999743
1005002990902432
1005003278179197
4001280844277
1005003064597007
32837121521
4000338938388
1005001950749330
1005002354258741
1005001848451993
1005002375150629
32868257827
1005003388011164
32950944852
1005003298813756
32987922609
1005003073797202
32959628287
1005001917840608
1005003206704634
1005001785940851
1005002259035954
1005002626467342
1005002091194615
4001091015670
1005003032438209
1005002854733379
1005001818888627
1005003212289033
1005002910563743
32815339490
4001154064601
1005002394226871
4001108109164
32664326542
1005002984834264
4001068393412
1005002011567800
32313043187
4001151240515
32982624802
1005001346848089
1005001867349348
1005003328719079
32975208389
1005003177076918
4000377122348
4000571081323
1005002541559580
33009763520
1005003320931805
1005002732960097
33045365591
1005002656105970
1005002647319190
1005003037384303
1005002856588969
1005001781087547
1005003280527032
1005002443398927
1005003057064182
1005002707097565
1005001918799315
1005001356389241
1005003136873822
1005002959327890
33043881538
33032083368
1005002559969091
1005003343124486
1005002950521525
1005002598085456
1005003125820473
1005002939350765
10000046874550
1005002416679377
1005002675595914
1005003365249426
1005002591576842
33001228284
1005003316679041
1005003200421059
4001118996760
1005003048485664
1005003280233765
4001022828222
1005002584143773
4000466151306
1005003314814851
32913711674
4000132523168
32788956423
4000759786888
1005002636356049
1005002756174945
1005002392285911
1005003309915323
1005002645955967
1005002534852359
32981327581
1005002293288168
33038119481
4000303112239
1005001769649652
32687450843
1005002328678457
4000626605895
4000791494008
4001282193081
1005003087701971
1005001882382487
1005003351026982
4000463223343
1005001644753330
4001217920230
1005002810779996
1005002438063367
1005003157117143
4000437275526
1005003365187009
32995664115
1005002910479728
1005002629346197
1005003192824091
32920554168
4001236479976
1005003245751688
4001272839154
1005003315001864
1005002214512162
1005001769801571
4000886083022
1005002254436204
1005002314340146
1005003300256570
1005002003573804
4000527963531
4000484749283
1005003241951321
1005003350199158
1005003341755228
1005001775533507
1005002559351088
32696605093
1005002904104973
32902899565
32421942140
1005003098563122
1763384692
1005002122436718
4000322170437
1005001702768790
1005001286870062
1005002608751944
1005002382958908
1005002953418506
1005003061088416
4000630861957
1005003211168156
1005002608781296
1005002044171210
4000927001259
4000822676172
1005002316661831
4000395414780
1005003380031645
32967267165
32889233989
32982241903
32847769880
1005001909911817
1005001375767501
1005002137750275
33005221052
32869492419
1005001697962848
4001116918162
1005002513753728
4000134591071
1005003280943930
4001010851284
1005002934996441
1005001643646434
32964682165
4000799969958
1005003259897784
33040863396
1005003299191242
1005002485714150
1005001484036102
32952645996
1005003337407096
1005003206600447
1005001943989438
1005002344507149
1005003196046791
4000464084294
1005001464434925
4001179443592
1005003170276155
1005003043567578
1005003329191764
1005002047493749
1005003379964691
1005002020378811
1005002932584561
1005002197942895
1005003195424878
1005002786880456
33043713185
1005003346508625
1005002709808196
1005001791565954
1005003066577759
1005002854527142
4000131797102
1005002776528406
1005003311427440
33023066861
1005003379766871
1005003248569193
1005003294982407
1005003280852738
1005003212597678
33016274404
1005002755659435
1005001863806922
1005002125576531
1005002254963706
1005003239539789
1005002899593898
1005003041957832
1005003103252789
1005001994201796
32913667602
4001048412189
4001118354913
1005002647258427
32900888153
4001107650012
1005003347047247
1005003292150984
1005002961084111
1005002168721146
1005002327580441
1005003022907421
1005003323512605
1005002504455052
4001241784577
1005003333294582
32975817385
1005002238539557
32750464707
1005003345442318
1005003390732392
1005003159476634
4000521911778
2045695481
1005003026418094
1005003096712044
1005002616230614
1005002977674234
4000013195533
32981161738
1005002879613525
1005003201218900
1005002876144256
32752626599
1005003152625996
1005002835042169
1005002970064574
32858848689
4000361698322
1005002505287813
1005002370334785
1005003325637768
1005002976163155
1005001629618780
1005001351768926
1005002553288190
1005001840509236
1005002847021225
1005001908455124
4000800844563
4000138111962
1005002624073553
1005002898370529
1005001286455600
1005002241686671
4000058155570
1005003367686777
32658482004
1005003251347664
1005003365489074
1005002340644435
1005002508122923
1005003036107560
1005002362221056
1005003165704688
32835132019
1005002751686149
1005003329177670
4000019350135
33008140971
1005003006387370
1005002683696405
1005001317870650
1005002593609088
1005003186942724
1005003017013900
1005003166850983
1005003238806409
1005002465901559
1005003221567284
1005003271739077
32735907108
32999347389
32857485112
1005003288100197
32958022277
4000119049967
1005001285501683
4000843952454
1005002797232564
1005003228343164
10000395286085
1005003186068990
1005003105872316
1005003268127728
1005001900182511
1005002759299315
1005001470820545
1005003093853258
32882244433
1005001836374243
1005002937992036
1005002244766251
4000068807424
1005002698248649
1005003334943580
1005002952999485
32985759604
4001351857678
32992120695
4000033224830
4000919629755
1005002907513354
1005002862542889
32650168533
1005001835301572
1005003122060419
1005002317685026
1005001940162116
4000929280029
1005002012123893
1005002829543926
1005002774529054
1005002503410972
1005002646645888
1005002748476055
32844871768
1005001456879068
1005002748859050
4001058090428
1005003006537839
1005003224896151
1005003333817141
1005003097347763
1005003208489304
1005003082298987
1005003309858296
4000274382540
1005003227858677
1005002661751684
33008105431
1005001651989426
1005003094322202
1005002808666263
1005002685041608
32329679666
32656516864
4000358051832
1005003134983433
4001036614607
32801836486
1005003245209982
32705386345
4000010408908
1005002549671736
4000629028516
1005002646755248
1005002217453663
1005003036232224
1005002911829662
1005003109652128
1005003391407048
1005002293280843
33049816553
4000971864023
1005003008725664
32824853156
4000662396430
32989414375
32455718518
1005003046761875
1005002618036787
1005001540051633
1005003129630289
4000540603168
4000708737342
1005002928220823
1005002776942212
4000398995701
4000589398380
32784305643
1005002765543443
32557896732
1005001457056934
33008524237
1005002926231541
4000119106955
1005002589067867
1005003178514949
1005001936048164
4001251466471
1005003313248473
1005002798865921
1005002898930254
1005002696132480
32617966345
33018371849
1005002963001781
1005002314218564
1005003330025837
1005002046511958
1005002912666588
33003307903
1005002855233818
4000767876724
1005002339336173
1005001268292224
1005003250813222
1005003078455746
1005003044264557
1005002317194624
1005003304153798
1005003265151897
1005003172031119
1005002007846226
32637439692
1005001511535459
4000955993696
4000918951799
1005003195408041
1005003152380509
33058767015
1005002237737623
4000003250552
1005003219418168
1005002571850763
1005002157191373
1005002329455964
1005003390759418
32985644437
4000452804579
4001344230840
1005002897413034
1005003182094457
1005003191334113
10000100550994
1005002925973232
1005002656494731
1005002570864613
32978013925
1005002878124513
1005003129440933
1005002033136469
1005002730680773
1005002515818101
1005002552853697
1005001798589093
1005001920885272
1005002934433689
1005002828620816
1005003315914510
32912308197
1005002969587559
1005001439182214
1005001948987138
1005002030326296
1005002124185216
4001267320782
1005003203571946
1005001708128983
1005003133901079
1005003101036073
32921217076
1005003258320529
4001089477725
1005002703098938
1005002861895429
1005003111185203
4000708866179
4001289069158
1005001867263643
4001118230860
1005002397759505
1005003327435555
1005002489970386
1005003002631820
4001068351902
1005002774146099
1005002990003752
32392672943
4000939898043
1005002305224712
1005001799444888
1005003302914094
1005002995598943
1005003352344438
32894441677
4000040250919
4000527422355
1005001997247081
33004717647
1005002655207838
1005001883214662
1005003217655459
4000924477248
1005002139917815
1005002958303731
1005003158129356
1005001819231891
1005002122445278
1005002993934636
1005002954272432
32941969574
1005001780759012
1005002315243737
1005002318068334
1005001447270261
1005003287517986
32770856534
1005002866646694
32892921969
1005003048464300
1005002787843811
1005002798226027
1005001525354536
1005001350803604
4000641837313
1005001793165343
32595825566
4001094684484
4001145850012
32977706022
1005003336043596
1005003160958955
4000941051485
4000511521646
33018713342
4000684904614
32876214266
1005001853334439
1005001703825159
1005002353462643
1005002723401796
1005003037522018
1005003325883949
1005003267235873
1005003323237875
1005002715959662
1005003021801396
1005002760314261
4000350211730
1005002566514344
1005003200064761
4000511629994
4000397565026
1005001863770019
1005002802663620
1005003032024374
1005002952406313
1005003336253366
1005002688851804
1005002467465590
1005001507073100
1005002318191491
1005001401788553
1005003080971924
1005003196844409
1005002277128843
1005002705657427
1005003163981841
1005003163764095
4000404580351
4000212163241
1005002033371534
4000714228730
1005002101322170
1005001641142631
1005002798149258
1005002603031971
2053308808
1005002783745558
1005002080526486
1005002737906015
1005003341972739
4001242451232
4000890463169
1005002851875345
1005002027911360
1005001267716259
1005003222140407
1005003303996733
1005002033530582
1005002820793378
1005003101759773
1005003032789329
32950175324
1005001861447260
32814183406
298550591
1005003294509753
1005001802742854
1005003281305403
1005002093777094
1005002346795705
1005001822200784
1005001572067943
32950084690
1005001452280520
1005003124547073
1005003167295332
1005001411582891
32959784652
32350786604
1005003270814949
1334602821
33044094141
1005003236340910
1005002618711173
1005002554265171
1005001391284825
1005003221699402
1005002603125056
1005001493259846
4001001025203
32799911617
32820334062
1005002339926856
1005003357878849
1005001942469986
1005001428985887
4000258172587
32895512078
1005001822251993
1005002824036092
32882690832
1005003387667178
1005002367197362
1005001445773182
1005002992098037
1005001733099449
32281356232
1005003278125852
33010580851
32863497586
1005002833792685
1005003101326089
32903007548
1005003107179351
1005002731081284
1005001539840675
1005001966986406
1005002655433146
1005002707488034
4001321656059
1005003195818661
10000323675225
4000868509979
1005002050359894
32831377031
33006140180
1005003357156597
1005003312401540
1005002565644914
1005002956455727
1005001665691365
32846877719
1005003363827270
32848145511
1005002605987513
32829173791
32902493472
1005002221001001
1005003144271236
1005003201476772
1005003336176731
1005003338825657
1005001389128455
1005003343771390
4000934823956
1005003197549183
1005003386248758
1005002912790411
1005002347604611
4000916891670
1005003082370358
1005002790711105
1005003278484643
4000442634932
32798244159
1005002787249131
4000846824807
4001142022404
1005002000237849
1005002939955134
1005001500505334
1005002894700434
1005001873986004
1005003318796078
32972538936
1005002560774502
1005003043539229
1005003146216296
1005001912519329
1005003337821582
1005001431151541
1005003357455514
1005003176485901
1005002956022857
1005002520326202
1005002054123212
1005002515899888
32720077531
1005003208839045
4000506235786
1005003031593333
1005002981864330
1005002781748914
1005003140690667
1005002911664076
32835761554
32627393145
1005002468197308
1005002716792541
1005002964500897
1005001389691769
1005001946582580
4001229647339
1005003191703344
1005002224571368
1569522553
1005002661679781
1005002512057967
1005001579677823
1005003299697289
1005002650166141
1005002920962440
1005002886227914
1005003009859622
33017526504
4001110076369
1005002657189183
1005001452260491
33000774522
1005003380200854
1005002648994264
1005003385000544
1005003206580686
1005002520280643
32956625264
1005003171884205
32863476618
1005003321736526
1005002966715843
1005002904126906
1005002933621542
1005002732177426
32462503738
32878185732
1005003193831783
1005003255962340
1005001501053232
1005003163197818
1005003286313986
4001175028142
4001118678135
1005002754395591
1005002358174995
1005003181656731
1005002608866816
1005003315509430
4001216827083
32848463778
1005003077137374
1005002350108885
1005002634529932
1005002921336868
33054374570
1005002787447012
32917992525
1005002703908575
1005002905272654
4001037979725
1005001321419519
1005002091695722
32774583435
32856022145
4001014249769
33038326627
1005002336586299
1005002866243174
1005002558820814
32919763256
1005002926490656
1005002708625177
1005002305768880
32895164190
1005001970464656
1000008079296
1005003359607478
1005002084542414
1005002139638922
1005003170239723
1005002974506438
1005001905521919
4000245484848
1005002645744981
1005003027041588
1005003165650311
32972472481
1005003183181031
1005003166997618
1005002641658889
1005002068734623
32791372923
1005002546133253
1005002474195944
32668944466
4000104179890
1005002618381779
32978853192
1005003037057079
32582675674
1005002897255044
1005003257472232
1005003315120176
1005003179329406
1005003257836102
4000622909686
32662704571
1005002645692906
32998120230
4000218046316
1005001626466866
1005002780377266
1005003277845657
32835507054
1005002443097619
4001107510091
1005002417697797
1005002694579163
32823129745
1005002221094161
4001270082444
1005003193457514
1005003362119858
1005003350659755
1005003172707541
4000585501832
1005003368089457
1005002313592369
1005001642697864
1005002132638260
1005001779742964
1005002747191016
32912646974
1005002878111214
1005001957459030
4000321182670
1005002563797989
33041142867
1005002859013844
32835871059
1005001404891231
33005971212
32980742108
4001017800253
1005002998955204
32873492551
33049182783
1005002811208382
1005002549546954
1005002122442709
1005003057458904
1005003089356381
1005003278455267
4000330203614
1005002764140003
32815171898
1005002051935763
4000988257011
1005002076149580
4001061846433
1005002613804991
4000366935927
32837098861
4000672977545
1005002474037673
1005003375887617
1005002709456596
4001003220757
737254658
4000196332231
1005003278642116
1005002356105009
1005002974081768
1005002289223957
4000146768780
1005002617907320
32998083514
1005003016308432
4000078167693
1005002614351469
1005003192016601
1005003026682820
32412919671
1005002625137328
1005001991947633
1005001894010548
1005003362177102
4001055163772
1005002097512670
4001292457617
1005001580069521
1005002139994908
1005002971946783
1005002970949339
1005002003859021
1005001587057311
1005003060180590
1005003277815711
1005001699386157
1005003124194938
1005002599135198
32967503385
1005002615788657
4000983473574
1005002756066012
1005002969766309
32886192717
1005003084323459
1005002828230492
1005002171834318
1005003305183591
1005003290294457
4001297121168
1005003038871399
1005002876802982
1005001773312652
1005003290761418
32890664410
32698856810
1005001374395864
1005003230623893
1005002515062658
1005002530120560
1005001942056362
1005003292495463
1005002064738945
1005002239513924
32958881003
1005003008753812
1005003022046267
1005003234397829
1005003288025552
1005003100781088
32975281100
1005002547209247
4001363275742
32798507960
1005002549791747
1005003065408025
1005003072367443
1005002483705089
1005002992116270
1005003204316249
1005001947792487
1005003169023610
1005003265140084
1005003096395543
1005002895825994
1005003153049229
1005001883661027
4000935293303
32894946949
4001294042615
1005002939304989
1005003151669040
4000674961917
1005003171275380
32824507572
1005003076961335
32786008180
32836878894
1005001550107702
1005003341789139
4000321346220
1005003113539397
32721321796
1005003268152765
1005003245655331
1005001594629516
1005001915670060
4001152491591
1005002743294296
1005003303338295
1005003183552340
1005002898526205
1005002180704521
4000975913790
1005003238762302
4001219921365
1005003355232106
1005001540647684
32898104136
1005003339487177
1005001869236120
1005003161302116
1005002989060280
4000661572253
32962907270
1005002438513414
1005001917695373
1005002207585299
1005001878879305
33030643962
1005003226197358
1005002964931904
1005001757254850
1005002789192158
32914123439
4000742641141
1005003272067159
1005003029827467
1005003069148395
4001158672558
32996962731
1005002493451349
4001117121934
1005002130447031
33049650474
1005002377377206
1005002688479207
1005002976316494
1005003296692446
1005003118578296
4001217505727
4001047302743
1005002111713551
1005001451579117
1005002813199516
32607834712
1005002533714574
1005002840857979
4001109109449
32901425938
4001106963455
1005003183554013
1005002030161447
1005003379895873
32887963822
1005002388631639
4000768405902
1005003267300622
1005001285598957
1005003019241306
4001258844872
1005002633713252
1005002440150332
1005002790659092
1005003320977279
1005001586174354
4000823049461
1005002337552159
4001236103710
1005003001007783
1005001923884553
1005002695858276
1005002443639838
1005003072326681
1005003283491746
1755859469
1005003366407180
1005001993700688
32913028992
1005001762501093
1005002940118930
1005002022041840
1005002950666685
32758805609
1005002880180812
1005003113669845
1005002392757321
1005002359757928
1005002866764867
1005003129677736
1005002426025499
1005003228029126
32829523261
1005002939120305
32422028591
32992176484
1005001870337569
1005002312536415
1005002207892814
1005001831096762
10000395856292
1005001742169509
1005002219226731
10000223204798
1005001802746124
1005001402391364
1005002428629640
1005003268469678
1005003343488541
1005003170212256
4000111258268
1005001628037740
10000382144611
1005003004747492
1005003129313445
1005002379123219
1005001611215960
1005003059904753
1005002567869000
32975875486
1005002519918262
1005003305032187
1005002817183370
32828245076
1005003166322357
1005003331642378
1005003023583591
1005002268082453
4001305524567
1005003202850436
1005002862985031
4000505815453
1005003015287655
1005003223532949
1005002836978562
32929365956
4001103859926
1005001912516316
4000082232725
1005001639478059
1005002981531664
1005002398900033
1005002584415433
1005002927365294
32858183627
1005002996793316
1005002447284731
1005003133899458
1005002378696869
1005002686511284
32923539043
1005002146098873
1005003093130377
1005003206474995
1005001347250072
1005003319108644
1005003309481518
1005003243580399
1005003047692576
33025404943
1005003175780287
1005003001856803
32899464305
4000101024484
1005001709609304
1005001561829536
1005002935354799
1005003261494100
1005003170008605
32947056571
1005003172399783
32965320351
4001298876258
32792835475
32773295357
32913557950
1005003327962756
1005002707779513
32847657300
4001296902915
1005003048111355
1005002617380004
1005002661894111
4000674063308
1005002896659232
1005002676813581
1005002615882555
1005003000982859
1005002959148593
1005002856432635
1005001591076578
32993221241
32954355859
1005001619211885
1005003094115404
1005002974017231
4000460643098
32869504637
4001061801059
1005002973868371
1005002907490466
1005002032619522
4001066817972
1005003091851802
33007991645
4000265398073
1005002602551310
1005003372973194
1005002702163755
33025426015
1005001831096762
32720117028
1005002808416489
1005003382360856
1005002613265952
4001164248922
1005002271873715
32504575806
32986763895
1005003334841439
1005003175130267
1005003384850317
32846048469
1005002081449636
1005001898766581
1005002212533642
32843962074
1005002924015526
1005003237168929
1005002995461177
1005002884793206
32641687313
1005001494523760
1005003331649468
1005002616440541
1005002695234261
10000322355653
4001191456923
32973612169
1005002982321571
4001151050517
1005001954547125
1005003148164477
4000080128852
1005001593741221
1005001890707939
1005002611276500
32793625367
4000151031353
1005002443377551
1005002863633198
1005003019161490
1005003027515137
1005003222379913
1005003270712651
4000785246882
1005003275812663
1005001617813787
1005003350904546
1005002349584767
4000322122651
4000562432600
1005002080808851
1005002871389786
32846229417
1005003307877237
1005003344853446
4001107932526
33009601559
1005002298962821
1005003327401447
1005003135489309
1005002833539151
4001297097345
1005003099265518
32834179745
32973109694
1005003081113221
32885109370
1005002879164528
32809381083
1005003342295356
1005002724519296
4001219970436
32926148702
1005002068560764
1005003008042558
32807154465
1005002078910856
1005002907644401
1005002989644977
1005002954365914
1005003014919366
4000558804794
1005001941478551
1005002474119037
1005001703992752
4000842266297
32826446231
1005001884436074
1005003161658552
32885028245
32809436292
33000118948
1005002672881354
1005002670730978
1005002997350143
1005003294314936
1005002249078644
4001193345183
1005002876927666
32826418830
1005002681248181
32985127011
1005003375168593
1005003387480632
32876245005
4000780597009
1005003347097711
1005002439647211
32894168696
32952743900
1005002120599943
1005003350642272
1005003210649201
32913669145
32848990898
1005002287007910
1005003119697519
1005003198064813
1005002918340984
1005002624179438
1005003125615930
1005003118029476
1005002996264621
1005003037537862
4001093555942
32857095995
1005002755948560
1005003276071556
1005003386897489
4001099629100
32961472310
1005002957863033
1005002562223252
1005002925939421
32807964683
1005002388295429
1005002975833583
33032664241
1005002424248231
1005003322711069
1005003309663429
1005003244431093
1005003316740251
1005002982589651
1005003354698156
1005001843346773
1005002322439583
1005002358629427
4001204756387
1005002613049381
32739225311
1005002090174274
1005002301138576
1005002251915932
1005003000898843
32730235446
4000764522413
1005002523812732
1005003264325864
1005001502231541
1005002761404592
1005003093186445
1005003181121982
32978447627
1005001668204081
1005003192657280
1005002803107254
1005001867991388
1005001597528758
1005002029276760
4000786479971
1005002710338507
4001022510050
1005003342973644
1005003146805928
32744561640
1005002618944804
1005002886999246
1005002548818239
1005001789288209
4000681126144
1005002425780630
1005003265803871
4001268766077
32976039608
1005002240813881
1005002768132745
1005002253827756
32251126586
1005002187764712
1005002734213150
1005001500998738
1005002935519604
4001326985195
32864819372
1005003326108812
32906098697
4000905566289
1005002918373407
33058113565
1005002900992854
1005001839826093
1005002796386068
4000026067891
878212017
1005003113271565
1005003338999075
1005001386193028
1005003047225496
4000859463743
32923607771
4001199877190
1005003237203841
32434207812
32774072835
4000817096902
32957614385
1005002814958903
1005003380713090
1005003037354342
33021257844
1005002565364237
1005001849220357
1005003017524387
1005002656769899
32908423658
32296654685
1005003153307593
1005002774130820
1005002747235602
1005003019125594
1005002301466294
1005002990899971
1005002468026737
32958271998
1005002598963649
1005002985118082
1005003005283367
33031764145
1005002640667911
1005002685210883
1005002637888607
1005002365080523
1005002333112314
1005001598536947
4001037271972
1005002974071847
1005001861389911
4000927187946
1005001431003117
1005001639846410
1005003119220487
32854115726
32798878545
1005002637937771
1005002470984667
1005002991694474
1005003315075477
1005001664530190
1005003160385267
32839111155
1005002966971963
4001191889163
1005001551238374
1005002958139914
1005003383324540
1005001750244977
1005001308605423
1005002478534150
1005003069071965
4001047648415
1005003389884418
1005002215232386
32806199984
1005001555431395
4000313439379
1005001763072557
1005002722503940
1005003170064847
32886801653
32952490080
1005003257237007
1005002328322850
32840490029
1005003139473495
1005001980439238
1005002519026756
1005002352957573
1005002260568045
1005003202538382
1005002401526901
1005003134438249
4001364237947
4001176329763
1005002649062650
1005003340790450
1005002814429060
1005003186285626
1005003122934995
1005003137529457
32835383387
1005003230365180
1005002275894560
4001275017194
1005003008052292
1005002656716392
1005002657218336
1005003196558469
1005003350037127
1005002783588280
4000317687168
4001080801579
4000001734367
1005002968959371
1005003329688585
1005003379947983
1005003370523000
1005001924811995
1005002046961172
4000284694761
1005003172297402
1005003380326559
32803662313
32818461354
4000805026897
32864390536
1005002760627201
32818356151
1005002071343413
33040044895
1005002022704033
1005002614079896
1005003155185463
1005003390106699
4001241328302
1005003270579706
1005003214426581
1005003003765037
4001182669958
4000781438972
1005001699915056
32870868642
1005003224726297
32809510412
33036352829
1005003226525914
1005002207985165
1005002523099029
1005002185089859