32957410177
1005002649146045
1005002701608009
32996740610
10000012922145
1005001976269939
1005001760782378
4000452523671
1005002011989375
4000856505188
1005001587104344
1005002805166557
4001212717441
1005003293010015
1005002849169587
1005003167027800
4001154378845
1005002589044369
1005003175931261
1005002581508836
1005002937538111
1005001345678368
1908051297
1005002345017276
32895160699
4001210790713
32917983760
1005003123103181
32997819796
32854919915
1005002783889001
1005003326930021
1005003106205712
1005003226469910
1005002122601030
1005001923650124
10000024311483
32390671565
1005003347569913
1005002000645198
1005003113953897
1005002654970459
1005003007978162
32946514758
1005002164963765
1005002961038422
1005002122565280
1005002520364018
4001172986335
33019063723
1005003176581142
4000158033292
4000041628409
1005003243726293
1005002751568358
1005002559008088
1005003097033271
32947965960
1005001597216653
1005002978791056
4001214391369
1005002932321933
32828815393
1005002320567810
1005001836169070
1005003200818353
32776374396
4000448564163
4000216837039
1005002207506745
4000970637225
4000551430780
1005003350787652
1005003035732285
1005002326954180
1005002783482061
1005003197763559
10000306567739
1005002408694913
1005003208332167
1005003134922555
1005002035793212
32825049459
1005002710047391
1005002656750659
32942900560
1005002291954038
1005002878746844
1005002823132213
1005001317361760
1005003126905165
1005002023325941
1005002522929519
1005002565615784
1005003224985271
4000986222187
1005001933754705
1005001996913715
1005002101045289
1005003092858594
1005003146850544
1005002657906017
1005002548799652
1005002275637173
1005002439929070
1005002675069427
32487689608
4000388973898
1005001658385197
1005002943363654
1005003114298234
1005003247608580
33011367319
1005003028306013
1005002312866608
4000418326715
1005002571314388
4000860197777
1005003309912456
1005003026033842
1005002253983791
1005003030331995
1005003212982842
4000430194851
1005002258698468
1005001388154666
4000245902735
1005002428087931
1005003103578894
1005002762784002
1005003247681196
1005002616634027
4000382585118
32747477916
1005001880287267
4001143810983
4000360770972
1005001525598585
1005003275932860
1005003017293842
1005003375123506
1005002176018194
1005003368846217
1005003329801666
1005002623909194
32957573618
1005003308404272
1005003148435970
1005002394781844
1005001576549548
4001277677648
1005002626431616
1005001987636231
1005003119831219
4000971453090
1005002730843975
4000406287240
4001166773670
32859864845
1005002249001376
4000622950448
1005001506317370
1005003123138681
1005001889793712
33007256310
32759823269
1005002732532070
4001217099801
1005002820878491
1005002616007531
1005003056017934
1005003069827274
1005003053997198
4000544554190
1005001699342824
32870934523
1005003316876830
1005002454172941
1005002240465475
1005003178607338
1005003307273867
1005003286623785
1005002963883569
1005002656878274
1005003359512735
4001208418807
1005003114279478
10000402363027
32954914943
4000384798820
1005003317926340
32613617560
1005003253566150
1005003023316998
4000470725182
1005003358666668
4000571073983
32623792961
1005002086238693
1005002538176653
1005003246499940
1005002574816562
4000730997819
1005001797752796
1005003087941515
1005002252632400
1005001629853647
4000843737670
1005002701233213
1005003231439460
4000995556408
1005003320427285
33035416937
1005002741296671
32859648246
4000251343630
1005002812843047
1005001834867599
32819004710
1005002809950109
32621974147
1005003073020219
1005002796124612
32809027145
1005002850918670
1005003134004424
1005003387527248
1005003348378676
32872317436
32845839246
32948176312
1005003395966372
1005002843505398
1005001860521510
4000809237193
1005003031221676
32762879144
1005001266849228
1005002362956080
32824540424
33001689011
1005002657463698
4001053048788
1005002997716964
1005003204425548
1005003305753457
1005003134920037
1005002687813232
1005003163968332
1005003130019137
1005002392636361
1005002383082471
1005002383082471
1005002662661436
1005002773581596
1005002089252024
1005003219456959
4001163714201
32789837890
1005002533761655
1005002947658397
4001054320404
1005001518722966
1005002295260656
1005001960693650
1005001853911606
10000374297999
1005003309913853
32959268702
1005003010048806
1005002003800305
1005003017072247
4000978994372
1005002857158018
1005002575102506
1005001608496708
32958808357
1005003136149836
1005002027110010
32700792836
1005002272182913
4001194959867
1005003339965355
32902561206
1005001877799767
1005002359307702
4000287972129
1005003266696201
1005002703045937
1005002694492596
4000736990626
1005002984399782
1005002787202170
1005002140268266
1005002925518091
4000967403256
1005003009727579
33037477349
1005002847639847
1005001505438368
1005003042852166
4000858636909
1005002333711339
32852978951
33028446118
1005003022172661
1005002339872206
1005002716995562
4000687710140
1005003167295947
1005003150121100
1005002283007692
1005002323764046
1005001514833941
1005001355610802
32445328613
1005002689220422
4001245119992
32789160351
1005003356805501
10000002740362
1005003241009841
1005002994143593
1005002879228988
32932636169
33007556821
32725278437
1005003136502388
4000221425325
33062275916
1005002369376593
1005001439140251
10000096666885
1005003037604012
1005002788329544
32950876449
1005003326258435
32887908933
4001276179821
1005002996431345
1005002657038884
1005001821884439
4000626072418
32808973812
1005003313885384
1005001862341248
1005003205792900
1005001627059026
4000077307061
1005003175770076
1005002235138172
1005003194162339
32845149528
4001097694862
4001161618902
1005001308509976
32990498949
4000548906433
4000013040421
1005002259711063
1005002052514543
32883915559
1005002947304946
4001042164480
1005001676443792
1005003195890552
1005003246839625
1005002567977852
1005003095396317
1005003193292223
4000412385326
1005003306025242
1005002748514724
1005002977812901
1005002297644579
1005001939619155
1005002937976114
1005002314845474
1005002965813970
1005003299494380
4000289247235
1005002775662563
4000448649630
1005003302817395
1005002745932701
1005001444585656
1005002711820768
1005002311438023
1005002082086868
1005003304634345
1005001353830739
1911319770
4001025370768
1005003300301997
10000002733759
1005003311862802
33007873662
4001246176473
1005003274386726
1005002027614751
4001163445645
1005003059938522
1005002559935840
1005002399993444
1005001446995510
1005002317187660
1005002530969193
4001347537159
1005002899143854
1005003185338327
4001312947590
1005003387704937
1005002377338958
1005002590033687
1005002885030089
1005002971192233
1005002472554083
4001173849627
1005002052171398
1005002888615667
1005003309697496
1005003089221217
1005003239203508
4001289136841
32767777454
32929434951
1005003163988579
1005002840026836
1005002313054533
4000071102339
4000799769974
1005003100452479
1005003255686893
1005002700502380
1005003387308495
1005002123911039
1005002805688936
4000822867656
1005002738057518
1005002883057632
1005003272746388
1005002730733992
1005002963355501
1005002854487532
1005001943197133
4001214025096
1005002537743909
1005002568862083
32814755035
1005002865165733
1005001487736855
1005003058526887
1005003362612201
1005002852397268
32952898479
1005002551490566
1005002798036367
1005002713081582
1005003226017925
4000628515389
1005003209075117
1005002436895614
1005002835768015
1005002799213396
32752574774
1005001592460721
1005001848872519
32987320760
1005001965144733
1005003123812593
1005002123432193
1005002287997341
32807548644
1005003119798884
1005002927163482
1005001922817506
1005003191177075
1005001367544947
1005001746089997
32800818986
1005001496740038
32946598356
1005001967663149
1005002558647894
1005001518418172
1005001391981928
1005002091076273
1005002569932048
1005003342848534
1005001601694914
1005002651508097
1005003118400137
1005003210589251
1005003351587516
1005002873651532
1005003150741069
32917788032
1005003334953759
1005003041255484
4000598787391
32961738825
1005002783825500
1005002608886811
1005002401786767
32836286979
1005003331357606
1005003335948431
4001019317147
1005002313710564
1005003158480499
1005002714854644
1005002011163417
32848364315
4001200269676
4000189371357
1005003385173238
32848320696
1005003087666092
32773928438
1005003223795905
1005002281673858
1005003367778225
33030659187
1005002574523265
1005002717739779
1005003016419983
1005003123477765
33001225674
1005003282210846
1005002534642575
10000293452418
1005003017927688
32992201465
1005003191053969
1005002636870261
1005001681395913
1005003066612621
1005001621548070
1005003151919133
1005001588199612
32888082027
1005002306308331
1005002904711131
1005002856395213
1005003299289217
1005003205804995
1005003344993984
1005002597817815
1005001947469943
1005003128429790
1005003290306939
1005003178317745
32841697380
4001130638265
1005002702096627
4001044944062
1005001404607296
1005003390847661
1005003065929124
1005003136530531
1005002136394286
1005002253212014
1005001264940697
4001287747347
32777113207
1005002949559016
1005002428167984
1005001304476998
1005001536542140
1005003332887805
1005003190116511
1005002250504214
1005002122382871
4000041671948
4000887125532
1005002297020372
1005003315733595
1005002836509043
1005003081928109
1005001962453335
10000395843751
1005002953496754
1005002074261560
1005003066740428
1005002333374257
1005003229545223
1005001320360871
32847103042
4000935059067
4000017801783
32948792362
1005003230475669
1005002399980479
1005002899548088
32954400916
1005003314600713
1005002015660358
1005002056868527
1005002475164619
4000774976892
1005002636472780
1005001355282280
4000038978937
1005002634696294
1005001769795921
1005003284870196
1005002863191534
1005002618111840
1005002323709585
4000800476386
4001237652726
1005003341061195
1005002893356351
1000001735015
33052205935
32747947847
1005002651897530
1005003347011070
1005003360406339
1005003209086602
1005003134694484
1005002941082009
1005002467033079
1005002995029681
4001286398387
1005001820161739
1005003266313655
1005002651702081
4001270486877
4000046179172
32997899753
33024471904
1005002259551806
33054245586
1005003089553934
1005003178218729
1005003047952688
1005003386902572
1005003166189930
1005003167120657
4001143880485
1005002738686709
1005002129095980
1005003102259016
4001204848283
4000835449131
32368438343
1005003074054435
1005002813975061
1005002386975975
32810431695
1005002234138504
33040113042
1005003366157152
1005001619950954
4001276795369
1005002787860443
1005001975961253
4000699621601
1005003192744182
1005002315433594
4001204253681
1005002921760369
1005001971929277
1005002454343407
1005002074783735
1005003305999659
1005002446592048
1005002789699849
1005003334110971
1005002607676387
1005002862414049
1005001715663451
4001355342314
1005003052715109
1005002737593875
32800647167
32368712196
1005002483037796
33004457539
1005001472086471
4000040255920
1005003247562242
4000923880155
1005003369112439
1005002438377777
1005003337254999
32918528065
1005001916439647
1005002907540968
4000963729940
32830094274
1005003225168659
1005002816453586
1005001868385971
4001192004107
1005001700997446
1005002622798577
1005002650091841
1005001992942839
4000341019588
4000419750854
1005002540500419
1005003273619331
1005003113302659
32976248280
1005002815017384
32948241274
4001042274113
4000772716445
1005002849273592
4000245339599
1005002281468824
1005003313870989
1005002532937964
1005002357525091
1005003064213771
4000504199195
1005003078454195
1005002552276432
1005003165268518
1005002365702582
1005003038660115
4001060992588
32921914481
1005002698152164
1005001548010838
1005002175699694
33003066922
32834960271
1005003180661024
32907430640
4000369687398
1005003197134652
1005003253302639
4001061106202
1005001265682180
1005001468279465
1005001868509696
1005001769325200
1005002882638042
1005003281597635
1005003389381017
1005001954771453
1005001645261820
1005002240888871
1005002485176419
1005003247738675
1005003360095115
4000035503254
32789967194
1005002683962807
1005001597004950
4000439291670
32667602646
32998067963
1005002755711302
4000193879227
10000020957014
1005003083268563
1005003257737689
1005002679278300
32931402715
1005003014249756
33025677970
1005001608991491
1005003071915767
1005003034998640
4000282962462
1005002307385899
1005002450480049
1005001611877918
4000561585798
1005002454385129
4001231028240
1005003212434048
1005003085678048
1005002709319299
1005003319648313
1005003337418448
1005002966301488
1005002141545308
4000064333813
32810691623
1005002861775692
1005003075470944
1005002316004351
1005002439730678
32839656401
1005003140634033
1005001657710942
4000661100739
1005002142314904
1005003134971226
4000045435553
1005003144399916
1005003086431033
4001351121980
32772195450
1005001346007884
4001036608492
4000674511015
33016103930
1005003107123493
1005002491821305
1005002276271913
4000021406948
4000906692014
1005003246498882
1005003332287535
32821356602
33003686457
1005003161292760
1005002431131334
1005002983777626
4000917783702
1005002395029926
1005002339650300
4000313504078
1005002646787588
1005002652595830
1005003162958829
1005002860983248
1005003322041297
1005002616310095
1005002125255221
1005002711038104
1005002539229936
32847559993
2035483155
1005003375332512
1005002898376417
32975392977
1005003310925759
1005002074088211
1005002311949054
32964777136
1005002270505106
1005002732518267
1005003175998582
4001200699503
1005002566913263
1005003097146580
1005002186268201
1005002590674580
1005003032614153
4000683665918
1005002326787307
1005002534538424
1005002272299060
1005003166728578
1005003092825306
1005002293905902
4000203170886
1005003294872208
1005003080191253
1005002038840583
1005002956100085
32839057215
1005003019647472
1005003309898287
1005002996049649
1005003374633651
4001017432127
1005002306550056
1005002821506313
1005001902993082
1005002511373366
1005002669057366
1005001476396597
33013207308
1005003185819085
1005002823070691
4000990100125
32767121723
33027012456
1005003108647362
1005003197699740
1005002324166006
32830797551
1005001714707062
1005002357097384
1005002307532956
1005003384925645
1005001965069787
1005002390933817
1005001763650547
1005003246553944
4000341637270
1005002856640151
1005003270119066
1005003385550318
1005002863135703
1005002810154212
4000488938249
1005003044054969
4001152818846
1005002986946235
1005002878177426
4000623719947
4000150179213
32951216530
4000661066607
1005002946556477
32957372703
1005003356115398
1005002719529500
32713312108
1005003008063387
4001114216666
4000129764495
1005003298934892
1005001587672899
1005002907380639
4000019020517
1005002908671398
1005001972484376
1005003068972107
1005003383287043
32998041380
1005002618069188
1005003063110340
32947018567
1005002551005154
1005002828765208
4001228045503
1005003003951003
1005003281051916
1005002658311875
1005003356594311
1005003045038295
32596314056
4000803178600
1005002323157962
1005001851772490
33036987142
4000957690914
1005002288109275
1005002779833226
1005002882676542
1005002389165285
32967629236
1005002973278171
1005002848805840
1005002932470590
1005003157241890
1005003335888334
32791177653
1005001780365015
33005434737
1005002465062229
1005002370315192
1005002963917153
4001241058311
33063382826
1005003209628572
1005001586039245
4001200489850
1005002915170839
1005002571802744
1005001841668108
4001107477480
1005003343012087
4000170401653
32717447867
1005002238085490
4001175738619
1005002244769394
1005003058412654
32613128465
1005003008029465
4001054634961
1005002548783917
10000395912855
4000739613322
1005002771632086
1005002710738160
1005002147756411
1005003147058882
4001178877566
1005003247460330
1005002142425528
1005003243636153
1005003129904024
32890252344
1005002500491523
4001254638905
32848527947
1005003152346333
4001038625350
1005003150754122
10000039037518
1005002190451930
1005003290082329
4000145497417
4000127681852
1005003222747231
1005002772184418
32926551969
1005002780311765
1005003374664629
32792631261
1005003019137682
1005002334320733
32967431770
4000668635657
1005003347324431
1005001305840794
1005002313999998
32662363544
32979023392
1005003156652090
32830694575
1005003018488809
1005001746601187
1005001800145887
4000002149960
1005002320609956
1005002073708387
32841360700
4000182249082
1005002211523283
4000978998742
1005003162941908
1005002913344659
1005001639034583
32960792086
32973514876
1005002902396650
4000555027494
1005002951062117
1005002856836036
4001236485312
32948774944
1005003388211071
32811009667
1005002542049502
1005002867935715
4001099499222
1005001774413058
1005002774384176
1005002989440095
4000334082430
1005001708905864
1005002632810693
1005003098212028
1005002489134668
1005002973067490
1005001649388159
1005003337346484
1005002289780222
1005003313620822
1005003149649735
1005003370075921
32951038741
1005001999151514
33009139718
1005002812947417
32753870862
1005003306864721
32924195523
1005002735637051
1005002513718111
1005001587754392
1005003241814718
4000888786293
1005003057557506
1005003140735183
32859750018
4001122555517
1005003085598165
1005003350456677
1005001573829414
1005002949358367
1005002963559843
4000377072779
1005003189009020
1005002042888132
1005003019381600
1005002998454603
1005002841387944
1005002433247072
32660472136
1005002064941486
1005002537843353
1005002703275006
1005002660826497
1005002878457179
4000515532320
1005003315022685
32973028665
1740653959
4000962054553
4000064389992
1005001877550844
1005002376943733
1005003201646790
1005002676363648
4000049525499
1005002434844637
1005002993850464
32915195986
1005003031804600
1005002264785992
1005002963922371
1005002476751875
32949885126
4000274465181
1005002790985377
32795618828
32571297412
1005003379651276
1892238479
1005002661453872
1005002647276452
1005003171847889
32957977145
1005002287423985
4000722038872
1005002489735012
1005002508807450
32948200478
1005002954413821
32873287237
1005002997543094
4001170008526
1005002393621809
1005001717806334
1005001726951098
32343188030
1005003000640690
32632478617
32973712231
1005002805162361
1005002282473084
32886613318
4001360835427
1005003341540764
1005003192333556
1005001658423356
1005003324976535
1005001693620528
1005002964931904
4000138673151
1005001833745735
32673804912
1005002814003882
32987805395
32978188490
4000559374001
1005003355229082
4000212661231
1005003113850033
1005002307327758
4000298391331
32823913593
1005002971191654
1005003108208241
1005003133440255
1005001683096561
1005003368489871
4001220439426
1005003356881708
1005002080702495
4001187909118
1005003334843226
1005001926554267
1005003199609652
1005001628220409
1005001989920230
32663186596
1005001500523614
1005001317171699
1005001391393075
1005002309491181
1005002367295727
32409381719
10000395929280
1005002753726833
1005002022559852
1005003302185213
4000209382847
4000597640732
1005003109182937
1005002938815721
1005002312566023
1005001677940310
1005002906458682
4000603404831
1005002017207357
1005003377521551
1005002802150856
1005003244187600
1005002703321149
4000097516394
1005002383214449
4001202780805
32823709522
32990922866
32911722906
1005002214174722
1005001441386979
32863049507
4000559673505
1005002866723098
1005003062119036
1005003148118241
1005003175536556
1005001851764217
1005003213463228
1005003026609259
1005001321444852
1005002852071751
1005002998957620
32868930639
1005001830381867
33042687166
1005001386233186
33030043036
1005003158148128
1005002832867087
1005002975977697
4000269909853
1005003232942011
4000081482319
32846258762
1005003341680069
1005002244324688
1005003213987328
1005003389466188
1005003236357066
1005001469415323
4000086108895
1005003158995952
1005003331928728
33003943118
4000939685259
1005001793178404
1005002791252211
1005002926967581
1005002938410090
1005002401103476
1005003266219534
1005002848199900
32940759546
33021708620
1005003098891805
1005003215272027
1005001389730285
1005003301484436
1005002849330930
1005003367632245
32984062293
1005002974424858
1005003351431651
1005002592543533
4000937705020
1005001374263217
1005003340228319
4000175565823
32817174306
32866885926
32952157063
32859273753
4001118391433
1005002624974670
1005001393164443
1005003258138972
1005003064663309
1005003135809605
4000858804850
1005002605879110
1005003293047566
10000148049369
1519362379
1005003135998339
32663929999
1005003207915845
1005002395974325
1005003316342027
1005002316453330
4001089740541
1005002802469955
1005002483229197
1005002876801490
4001035926915
1005003178417060
32979183006
32912973114
1005002416580141
1005002971606886
1005003304030729
32789445021
1005003170560241
1005002828596747
32848207577
1005002966746502
1005002347632973
1005002577633699
1005003123551354
1005001827211667
1005002717173802
1005002937965989
33033750689
4000185728499
1005003186797457
1005002053860766
718353734
32990497210
1005003008806425
1005002538334318
33003311792
4001023318561
32858606243
1005003328843342
1005002439713116
32974895929
1005003282744795
1005002570902493
1005001327097264
1005002286277289
1005003197925009
1005003143507318
1005003316819138
1005002475894887
1005003382183647
1005002965570348
1005003357508662
1005001482650835
32815006222
1005002984368431
1005003293733621
1005002059245827
1005002250084416
1005001860760677
1005003123196806
1005002836982222
1005002434788171
1005001723577037
4001328222826
1005003123815097
1005003039598167
1005003058237877
1005003197987220
1005002394502856
1005003173403491
1005002001314426
1005003070795990
1005003133114311
4001068438058
32761746523
1005002769473063
1005002284673496
4000444648427
1005002789539066
1005001921484882
1005003339203234
32967468282
1005003351259441
1005002755271691
33023348668
1877121672
1005002198056088
4000207270863
1005001489560558
32825028852
1005003355521433
32958244550
1005003014456922
1005002833981153
1005002730587991
4000116991056
1005002588262321
4001230375418
1005002901665116
32900202871
1005003069399455
1005001407602196
1005002758547841
1005002055132188
33035475221
33014987659
32829923868
1005001543397308
1005002934478415
1005002317024969
32325272362
4000311547754
4001129855068
4000142080874
1005002959551746
32720271498
4000210293528
4001237659111
1005003031249288
1005003001176304
4000234631684
32896407559
1005002592833767
1005002424122331
33045572410
4001242767805
4000859548871
1005002813190806
1005002204297061
1005002609999810
1005002760429864
4001315120541
1005002648274774
1005002384663402
4001213732645
4000558464858
1005003037646546
1005002964697514
1005001376693019
32832804865
1005002612895587
1005002888036005
33051683031
1005003067611494
1005001868198029
1005003072765383
1005003274564044
1005002791041493
1005002602439497
1005002836137559
1005002913456881
1005003311165625
1005002605226361
10000000066497
1005003185975056
4000718340531
1005003138176760
4001270385364
4000278030048
1005003219916898
32899682007
1005001863778039
1005003180910093
4001054199511
1005002953322009
1005003037616821
1005002799426970
32889409500
1005002413520154
1005002328846955
1005002945014820
10000343882315
1005002567975893
1005002084214114
1005002927610276
32837437953
1005002608536436
1005003111253526
1005002421522349
4000517602563
1005003213800687
1005003391358048
1005003146757236
1005002668840653
32832651116
1005002866670602
1005001478735413
32990945356
1005001758531986
1005003293914615
10000402334988
1005003212170821
32841291931
1005003283348060
1005003374422260
1005001809037774
1005003101165691
4001047927898
1005001915033103
4000837355357
4001220686352
1005002966366174
1005003368652121
1005003083905244
4000929733462
1005003172421245
1005003311150398
1005002333624042
1005002674427455
32959408940
32866844980
1005002381498329
1005001664568268
1005003303013828
1005002793697716
1005001432141160
32808388667
1005003219162007
1005003124913161
1005002254440507
1005002068704475
4001232594920
1005002264337414
1005003148767205
1005003114873282
1005003137197946
1005003269242335
1005003261912273
1005001763739746
1005002447280458
1005003294342038
1005002696664606
32815387005
4000182222776
1005003100422482
1005002603138809
4000791020295
1005002345913214
1005002907622057
1005003093788244
1005001779899565
1005003318794083
4000955995000
1005003276537672
1005001514513687
1005003063725386
33015256555
1005002559875797
1005002780659810
1005003091449140
32965328940
32914690291
1005003027704727
1005001477231373
32968256175
1005002921917337
1005001451609153
1005002877838753
1005001702877040
1005003249946713
1005003157655058
1005002928933520
4000002688780
1005003146156688
1005002864511013
4001148106820
4000008138980
4000232853428
1005002572704126
32767652331
1005002949236281
1005002023634025
4001019269390
1065881723
1005002622397676
32953404039
1005001441357901
1005002350748597
1005003387463662
1005001693622907
1005002707038985
32918050328
32918768570
1005003081441045
4001039335518
1005003063816703
1005003072913760
32968341161
4000709910270
1005002082338299
1005001820709663
1005003366290394
1005002490025842
1005002878213330
32829034247
1005001338016861
4000943189198
4000304513279
33018404355
4000222027299
1005002951176153
1005002527386271
1005002758439802
1005003178321675
1005002889563536
1005003368654088
32801543275
4000922212935
1005003027484052
1005002937562518
1005002722815301
1005003313438701
1005002918002883
1005002363414456
4001235703594
1005003265599755
1005002700992488
32996195249
1005001941112005
1005003064355950
1005003296034405
4000039518277
1005003313232531
1005002676136352
1005002967359071
4001290239773
1005003386401719
32822225301
4000570071211
32793819657
1005003390865920
1005003233438114
4000616065338
1005003037203212
32995995870
1005003295056851
1005001726569628
1005003189837810
4000190209127
32995308116
4001113300517
32895964421
1005003315822447
1005002861618688
4001019062518
32969644018
10000002479100
1005001556284019
32846934875
1005003373995593
4001224511358
32752270442
1005001637652665
1005002911372107
4000808601140
1005003323971474
1005003211492552
32972796949
33021462597
1005001715829053
32818081245
4000811226954
1005002837994732
32862243487
33057813067
4001341646640
4001166878131
4000238808217
33012501442
1005002668077792
1797927236
1005002580689806
1005002652922049
1005003336322986
1005003050896466
10000343913176
32806914020
1005003014004204
4000564085044
32865347393
1005001314594401
1005002964658002
4001082915302
1005003117851688
1005002225283086
32861415637
1005003202833273
33046146964
1005002680435303
1005002994480164
1005001971538190
1005002277158655
1005002325784767
33016218282
1005001967461131
1005002720578856
1005003227506619
1005002254279904
4000756655266
32796878963
4000530295132
1005002634729957
1005003131813639
1005002616812326
32879830052
1005003057382478
4000114565419
1005003090048812
1005003095498901
1005003019174107
1005002787796688
1005002598503323
32648853120
32920351988
1005002759924898
1005003299264501
1005003115885164
1005002991476820
1005001960938072
32887686535
1005003292121899
1005003183836530
1005002617828006
32982782079
1005001932914865
1005002727503709
1005001566557896
4000154211959
1005002717001145
1005002938167476
1005003161631196
4000894711706
4000793966200
1005001821522297
32647611928
4001133946427
1005002542634677
1005002267791550
4000390860283
1005001621405492
4000617460195
1005003032169349
1005002879346798
1005002950490601
4000119094055
4000829522484
1005003361342177
1005003176843629
1005002991133889
1005002116992874
32811594114
1005001855964340
32876237865
4001295120819
1005003150653987
4001127855958
1005003020213270
32523377073
4001189512333
1000001505102
1005001413331907
32975210942
1005003020524155
32971274652
1005003292408166
32602809944
4000823685171
1005003228573556
4000882913321
1005001963917401
1005002224063448
1005001639872868
1005002421658284
1005003197025978
32880292759
1005003157390251
1005002313115548
1005002895927465
4001155693354
1005002056098571
1005003265271244
33048036502
1005002945695164
32809881008
1005003204721652
1005002951353030
4001083458799
4000893380683
1005001999989463
1005002112578777
33047631119
4001061286898
1005003144433170
1005001315741943
32963999088
1005002558125993
1005002260920539
1005001929175391
4000277454460
1005002958214884
4000311734240
1005002716144155
1005001320668025
1005001497354137
1005002777043593
1005002857734925
1005003263993904
1005003345014746
32864010237
1005002442405271
33012187624
1005003259314423
1005003302006759
1005003032000929
32870198057
32999381910
1005003370665081
32821158960
1005002827827885
1005003302171037
1005002789380028
1005001753994992
1005002304710204
4000331003020
1005002949483116
1005002426343396
1005002434076075
4000110911671
1005003280849022
1005003252420415
4000837350982
32968583101
1005003145210223
1005003251708821
33014480814
4001076007970
1005002415778606
32974571669
1005002990529362
1005003188572557
1005001908923055
4000132406557
1005002723046494
1005002679077968
1005001966049817
32975598616
1005003298545512
1005003140251272
1005003278242064
32953251488
4000975220969
1005003290288990
4001111592961
1005002907537675
1005002753622181
1005002003374101
1005002176988406
1005001501884241
4000979883115
1005003107795253
4000194926224
10000022840633
32961613864
1005003135954854
1005002306309069
1005001457637583
32990439004
32882288398
1005002965292945
1005002063254487
4000756567089
1005003117195385
1005003049915206
1005002377396207
32894945746
1005002510221370
1005002802835986
1005001416764508
1005002795125089
1005002827823469
1005002478340161
1005002061483470
1005003382242489
32873481266
1005003354189453
1005003137014113
1005003309619350
1005002363697335
4001166213252
1005002929062763
1005002426407809
1005001864788013
32833601852
1005003026747949
1005001859431661
4001054115682
1005001703172145
32875968880
1005001957373563
1005001947983127
1005002616917325
1005003140387242
4001154056992
1005003165738156
1005002746132317
1005001349956698
32531236310
4001235862169
1005002614213707
1005002810866724
1005002604760075
1005003346357003
1005001269770225
32856965687
1005003074008839
1005002851288202
32966723630
1005003296242727
4000865184357
1005002947661626
1005003319938678
1005003271185096
1005002632791586
33011244738
1005002978700417
1005002200796782
1005003259840404
4001047511231
33002136354
4001157132547
1005003326981142
4000266495025
1005002912057287
1005002674235516
1005003376236521
32863436368
32827004615
32826324552
1005002996182222
1005003095385816
4000057042426
1005001737562076
32964665576
4001237607531
1005003047394544
1005003048756138
1005001789583319
32962174507
4001217540122
1005003014436957
1005003324557464
33053473830
4001196631191
1005001545179665
1005003143022538
32861174347
1005002193802936
1005003149326501
4001057045391
1005002754518445
1005002864261057
1005001467801598
4001204540434
4000585476810
1005003207391654
1005003269676474
4000238436661
32811431041
1005001665529818
1005001475398739
1005002918674723
1005003328219614
1005003018240055
1005003360308121
32972659738
4000763568674
1005003384886976
1005002323863887
32958007078
1005002345095690
32975337124
1005003390993108
32835942590
4001134214188
1005002052176437
1005001515639199
1005003311639545
32501553869
1005003003443944
32859464790
1005002142594243
1005003328048985
32951536898
32961657963
1005003038640617
1005003223849503
32876269655
4001184431635
1005001948028766
2043475296
1005001799007771
1005002411328276
32898179589
1005002336210126
1005003371705432
1005001587827026
4001192769254
1005003101739762
1005003240036308
32805695865
4001290542815
1005002886343863
1005003329833517
1005003378798031
1005001297489404
1005002448662842
2031741563
1005003150244538
32890216051
32999469016
4001179571930
32781665567
1005002100184364
4000246970280