1005003175287807
4001265655481
4000848847614
1005003146438198
33017457452
32831195458
1005002794581205
1005003171206770
1005002069879577
1005003076682503
1005002711700115
1005003327883889
1005003300755941
1005003339815360
1005002490782017
1005001492940819
1005003088456432
32997961574
1005002953546276
1005002913118642
1005001598622233
4001322307525
1005002427890305
33057499701
1005002239750172
1005002982978206
32831444111
1005002709293460
4001358612232
1005003183595938
1005002470330641
1005003124541274
1005003193933751
1005001989040694
1005001879873523
32976567903
1005002071162205
1005003387494024
4000515887971
32887679595
1005003297571516
4001031296912
1005002732941908
32789847284
32957330725
1005002596318919
1005001722761501
4001151382874
1005001816987697
32914385705
1005002760236816
1005001718852529
1005003193304513
1005003212328466
1005001518448090
1005003287641355
1005001826016467
1005003226916816
1005002175726816
1005002963814070
1005003207241892
1005002512569110
1005003273018059
1005002753629746
1005003291141537
1005003095763484
4000398953512
1005002680718347
32839874655
1005003008588460
32315923945
4001058906655
1005002134218127
1005002930661490
4000731006637
32996432819
1005003298412742
1005003149269656
1005002233983721
1005003251655546
1005001912231629
1005002314401580
32876098390
4000072277889
32794914384
32956065672
1005003130848300
1005003081810161
1005002933720116
1005003395994513
1005002711545901
32965117895
1005001869843236
1005001482911764
1005002592916669
1005002624222451
1005002974154195
1005003050734580
1005002945986224
1005002622235646
1005003170695022
1005002946570965
1005002994461772
1005002094398777
1005003113309853
1005002849305251
1005003008589159
1005002878381741
1005002271410651
1005003323173487
33033716688
32891053054
1005002980589554
1005003259158170
32911785474
1005003212413838
1005003035926877
1000007394650
1005003329877396
33001037470
32852084054
32885021306
4001173342376
4000916531537
32828698429
1005002313498524
4000808102613
32453685377
1005001987951393
1005003128885800
4000265814775
1005002723281496
1005002012172990
4000789956700
1005001560918621
1005001816324779
4001031460265
1005003362599900
4001151322767
1005002500610037
1005003305716021
1005002424120819
1005002855388662
32799568485
1005001501443462
4001278804726
1005002350418240
1005001638360686
1005002575417586
32837818528
1005002594635238
1005003295965933
1005002982589651
1005003092182649
4000628034347
1005003318430025
1005002541564433
1005003324664951
32987961695
1005002394369639
1005002431669905
33050322569
1005003384251190
1005001597289569
1005002760052177
32837713734
1005002536033954
1005002132393403
1005002517877598
1005003176600893
1005003277664514
1005002651449685
1005002605936664
1005003298043011
1005003391159097
1005003200932929
1005001565692554
4000844605087
1005003323753678
1005003157495960
32825295158
1005003117598400
1005001578878605
32798281195
1005001295433206
32960540349
4000283229832
1005002110071105
4001295004786
1005002549412063
1005002844384224
1005002868378943
1005003145252272
1005003251086317
1005003197814908
1005002682283299
4000555010463
4001242286700
1005003375122750
4000741811153
4000066468306
1005002905695705
1005002452550921
1005003151736576
1005003085509003
1005003140850049
1005003150256915
1005003220791762
32806443128
32734310229
4000988121386
1005003315101244
32996727624
4001230371830
1005001697689257
1005003282757935
32452028638
32553645085
1005001694207437
32955678219
32516629220
1005001848640254
1005001844573905
1005001651094335
4000808354014
1005003126955546
1005003176330248
1005002557752734
1005003114886691
1005003319728240
4000917237562
1005002971131072
1005001500731715
1005001753041299
1005002710264418
1005003217511162
1005003149669844
4000805356145
1005002812934703
4000853716874
1005003083649290
1005002611759284
4001359140953
1005003346299011
1005001393145889
1005003360387230
1005002310885594
4001080928907
1005003081591301
1005002350399176
32858851333
1005001960664503
1005003172700651
4001119280162
32860497576
1005003182150688
1005002510518702
33037268307
1005002990464616
1005001623135256
4000216137752
1005003388403934
1005003040046194
33001148442
4000567346536
32742668174
1005002252013687
32260446092
1005002495605197
1005002291408781
1005001687831458
4001127040834
33033832163
1005003349449266
32836555721
32948381572
32911285247
1005002438124759
1005002551569599
4000040905290
1005002398372946
1005001889950435
1005003204930891
1005001704164444
1005003002657715
1005002862827172
1005003316235907
4000430752045
1005001332185311
32837259796
1005002040188635
1005002624524218
1005002789244519
1005003090491510
1005003297877682
1005002852222939
1005002948946339
1005002519549516
4001092170711
1005003006475203
32888095393
1005001653624091
4001230425899
1005003347094155
4001236463921
32855222775
1005003351592591
1005003263604208
4001256437105
1005002613503926
1005003005692510
1005003016776507
4001140610112
1005002876679794
1005002072839186
4000378322403
1005002633566502
4000549849308
4000496529971
1005003265611152
4001293945815
32459872925
1005002841977967
1005003375077926
32954009816
1005002689212513
32895350553
4001190623564
32242415929
1005003042149999
1005002491599775
1005002651493685
1005002631975002
1005001274105221
4001147259636
1005003341364282
1005001845762882
1005002926642808
1005003316252332
1005003355341380
1005003352870759
1005001808159626
32833586120
1005003179513271
1005002753640768
32846577531
4000688659779
1005003381889665
1005001762179059
1005003190929337
1005003243701022
32967647294
1005001286232918
1005002461999708
4001244455538
32809627934
1005003182689232
4000257496406
1005002271665639
1005002113403017
32687537080
4000784287312
1005003069708583
1005002467789945
1005002314472206
1005002360108727
1005002737653017
1005002941726305
1005002209975974
4001211486274
1005002623511189
1005003022992039
1005002504840684
1005002622625971
1005002394904456
1005003254784720
1005002409576688
1005002572742019
1005003165772820
1005002971377658
32858915130
1005002246270086
1005002649682213
4000865401210
1005002518287618
4000660949649
4000258926814
1005003226816537
4000935837852
1005003114398109
1005002247309431
1005002545798860
32978143846
32973954664
1005003336942635
1005002557214945
1005002600183450
1005003165099832
33035053666
1005001525391573
1005003163802645
1005003209331319
1005001501645302
4000764661781
1005001471102259
1005003167674365
1005002636734867
33030629609
1005001559857569
1005001820826327
1005001678118000
1005002932836747
1005003251562117
32873412745
1005003348379591
1005002122354641
1005003380290400
1005003372206468
1005003134483411
1005002273868636
1005003001281137
32831913907
4000400557678
1005003036726305
1005002918857254
4000900280170
1005001802548389
1005003236355601
1005002253800259
1005003018955933
1005003304928426
1005002387554206
1005002026857470
1005002848341874
33046722330
1005002321470588
32929320916
32921772254
1005002310203598
1005002821028740
1005002785309458
4001260488386
1005003009069259
1005003223918958
1005003070874025
1005001581496783
1005002997440900
1005003178316676
1005002709527275
1005002947835183
1005003109925774
1005002779833502
32878533579
1005002561124716
32857709704
1005001642639983
1005002601189141
1005003292135708
1005002591033267
1005002827316170
1005001825266255
1005003352588262
4001263785539
4000930209432
1005002657095974
1005001592942129
1005003058995761
1005003322874130
1005001921790925
33034883044
4000954809282
1005003140059538
1005002264865750
4000124509737
1005002810436564
1005002022253256
4000730456381
32794628727
1005003234843109
32252671626
32831901533
32962780131
1005002912593546
1005003145139551
1005003387858159
1005002392977662
1005002567307078
32305299555
1005003217282804
1005002397697936
1005003375850413
32952882574
1005002891872906
32888437609
4000970871016
1005003033092784
1005003293388727
32945805241
1005003102278980
1005002232144504
32974122155
1005003059377654
1005002702589439
1005001810885954
32689724008
1005002378939087
4001270217599
1005002012646302
4000960274061
1005002866738193
32925031312
1005002696462200
4001164915704
1005002056287865
32863695991
33020067869
1005002722791809
32892878729
1005003234094526
1005003316313571
1005002564754264
32885695145
1005001895430930
1005002682099151
1005003095364110
1005002388086608
1005002176476506
4001326431780
1005003058122497
1005002040113862
1005003294762436
1005002470286736
1005003170478251
1005001632216798
1005001488688210
4000013848220
1005001452300582
1005002313544015
1005002805065791
1005001593488542
1005003035287564
1005002880099465
1005003140548192
32236155104
32812168917
32771111990
33053130876
4000305500134
1005002912853908
1000008705446
32836709702
1005002394222365
1005003363203391
1005003332583773
1005003292712870
1005003191179483
32967535000
4001269145284
1005002572543715
1005001678797097
1005002795016202
33012398673
1005001954956554
1005003382956405
1005002073620765
1005003064478375
1005001339427376
1005003119179405
32812206610
1005003116623443
4001350437787
1005003133171267
1005002989876307
1005002915302943
1005003050938170
1005001990458829
1005002655476955
4000053889567
4000694679531
4001165386535
1005001784656809
1005002340472231
1005003022342193
1005003353637024
32992683759
1005002490269754
1005003217398232
441661872
1005003258750561
32954088667
1005002741115010
1005003309625501
4001177597414
1005002551614622
4001127605904
1005003312762884
1005003158987655
1005001705426894
1005003244122506
4001223701407
1005002612990774
32872563516
1005003386952183
4001253322611
1005002811892655
4001355408239
1005002880381036
1005002863495299
1005003155762434
32375967580
1005003002913742
1005002941042024
1005002270964226
1005001868140453
32863424249
4000902800934
1005001405742841
1005003281379435
4001006139134
1005002495728873
4000723555170
1005003241132496
1005003008013066
4001068808762
1005002663565750
1005003344492266
1005002782230856
1005003342170598
32587615555
1005002210513709
1005003246685585
4000910867421
1005003023431596
1005003389377153
4000788596983
1005002428106284
32843040403
1005003300410861
4001079775485
1005003388422944
32871929243
1005002541080919
1005002663503814
1005001424503477
32820151267
1005002334061370
1005001630817518
1005002836312427
1005003031298889
1005003274312260
1005001270792309
1005002291789012
1005002477341656
1005002505819898
1005001700339536
1005003145431380
33007518405
1005003177467282
32851225478
4000154110164
33031602072
774990812
1005003058293474
1005002439961178
1005002004438736
1005003376091267
1005001423282145
4000454564698
1005003258229053
32964337532
1005002616235588
4000203671847
1005003337949944
4000754191648
1005003172066563
4000608985709
1005003128871465
1005001540685396
1005003135572475
1005001368952985
4001052698226
1005003361220311
4001027106783
1005003119103844
1005002552257212
4001201628892
1005001757364361
1005003166159782
4000828655761
1005002681287005
4000626021947
32902667839
1746095023
1005001330637025
4000842624217
1005003221204435
32798339442
1005002512512308
1005003221860209
33003671303
1005003280372436
4000018013919
1005002609644791
32992971644
4001076866362
1005003317358712
1005002656794463
33038883871
1005003112532930
1005003296358289
1005002313714010
1005003032467399
1005002817283992
1005001525330615
1005002840698973
1005002655912081
1005001596758974
1005002024403209
4001192455479
1005003096436843
1005002829325063
1005003250255727
1005003088592664
4001105790977
1005003281649298
1005001584562956
1005003183050368
1005001429922346
1005002748935228
1005002875243749
1005002947265843
1005003266075175
1005002027202645
1005002942495701
4001039816346
1005002899723968
4000905533381
1005001621484923
1005003129852855
32916436532
32833172575
1005002977370795
1005003384567794
1005003387772617
1005003135904255
1005003345158361
1005002939668334
32855930283
1005001386103985
1005001864637251
1005001316120468
4000030385399
4001171300483
1005003211651769
1005003147521155
1005003212491317
1005002277876854
1005002650396865
1005002750908464
1005003110519556
1005001386927718
4000712585580
1005001473910531
4000572548865
32453677502
1005001343293717
1005002937986907
32934539500
1005001586172947
4001223017397
1005002643771418
1005002663613969
1005002253517183
1005002798064838
1005002988357476
4000194233922
4000038520608
1005002142511417
1005001515006650
1005002926886128
32857866158
1005003344726406
32837105520
4000483531343
1005002842080669
1005002662419144
1005002992382146
1005002690726343
1005003304952118
33052178810
32839113955
1005003246465339
1005002955267104
1005001368937554
1005001381561248
1005002394027956
1005003301589467
4001309832560
1005002570341367
1005001591968417
1005003299316829
4000204353116
32985939659
1005003210844435
1005002532370678
1005003110103158
33055370713
32378817007
1005002616302016
33000118948
1005003099418595
1005002454090221
1005002396785544
1005003177524065
1005003312327254
1005002393760018
1005001878314695
1005001847671083
4000538292806
1005001639329122
32851791098
1005001381230336
1005003298518275
1005002286220602
32753370742
32947390934
1005002206306628
1005001334139406
4000934249536
1005003064557428
32848575094
1005003342664588
33033644113
1005003192285739
1005003324083717
33001629474
4001146711309
32797915343
4000602780897
1005002981748594
1005003197900653
1005003345546601
1005002593232165
1005001798941172
1005003276691302
1005001862897795
1005002052244194
1005002028692414
32988941629
4000986672978
33006783534
32792020131
1005002767320112
1005001447039730
1005002347239508
1005002637775181
1005003340951739
4001037761162
1005002667235383
1005001784270114
1005001338012905
32636625429
1005002680996412
1005003183483591
1005003240242980
1005002678351711
1005002978874758
1005003190140312
1005002926934366
1005002577553234
1005002368942401
1005003280392752
1005002605780097
1005002238255854
1005002946579275
32806314781
32952152463
1005003222022301
1005002361681290
1005001626098814
32957277291
32726166596
32902967736
4000305500134
32945464565
4000190094029
1005002033563337
33016535643
1005003337379774
32991030711
1005002649267915
1005003049962466
1005003303352780
4000670514398
1005002765841992
4001293706217
4001310587962
1005002789197287
1005002300998673
1005003324148041
32885492592
4000703351768
1005002571615391
4000311282697
1005001726591446
1005001831112157
1005001705681053
4001335592107
1005002014605604
1005003364684771
1005002567697864
1005003227945563
1005001632562911
1005002387766430
1005002198391671
1005001695493427
32689243722
1005002281705415
1005003364037185
1005001350488330
33002155586
10000343980372
1005001594179662
10000344956874
1005002790286876
33041331996
4001247096727
1005002382257982
1005003152748569
1005002467330854
1005002232617130
1005002984733025
1005001334622250
1005003072432741
32889626021
1005002959110485
1005002354354189
1005002350396309
1005002467706285
1005003256908082
1005002624299198
4001110731236
1005002988563772
1005001374332120
1005001949133306
32774409617
1005002564627826
1005003135840677
1005002641886154
1005003385923322
1005002798201264
1005001268450978
1005002115630564
1005001317105300
1005002978962855
1005001273310250
4001143776412
1005002861986233
1005001896936670
1005002232270391
32971244407
32691259357
1005002611097777
1005003342726406
1005001417425086
4001044410818
1005002977585250
32823128921
1005003071101397
1005003286464672
1005001450776777
32925807168
1005002281288826
1005003324929629
1005003176883664
33006864082
1005002450575190
1005002970417125
1005001859986862
1005002359496500
1005001869488192
4000799752394
4000916638545
1005003074030083
1005001877152279
1005003279598522
32844963486
1005003385447371
32799242177
1005001640093568
32839263786
32911267460
1005002633164507
1005001700984037
1005001998574158
32951030271
1005003337149653
1005002483474197
1005002771241911
1005002897634159
1005001355917518
32989773272
1005001593183854
1005003289071768
1005003123913665
1005002755660893
1005002982080834
32852589576
4000631939976
4001209231834
4001264318617
4001127562561
1005003004432093
1005002640609906
4001131377771
1005003315470742
4000771402253
4001050174241
1005003037484736
1005003096629587
1005001914884095
1005002833583705
1005002894614434
1005001345386664
32813091987
1005002333048554
4000472106749
1005002829016831
4001011347796
32979622673
1005001504246352
1005003372837197
1005003371435199
4000112110020
1005002953322911
1005003205127114
1005003337078279
1005001900778276
1005003229512751
4001017620139
32762195855
1005001989183115
1005002931990735
1005002616283353
1005003091021906
1005002611216196
4001174548639
4000004892621
1005002310158890
1005003081949393
1005002636767944
32940584867
32809306663
4001283513422
4001308015243
4000895785137
1005003102578038
1005003130028959
1005002454284419
4001070485066
32836390707
1005002510667424
4001257324642
4000127006107
1005001592266435
1005002650997866
1005002885008473
1005001864760208
1005003361856401
1005001460556465
32836113187
1005003276945540
1005002419375426
1005002766032287
1005002344067673
1005002245142206
32820827022
4000414349121
1005002974136389
1005001461645966
1005002688148232
1005002495450964
32866033074
1005002329122377
1005002603676084
4001234703344
32360939607
1005001506501691
1005001950632425
1005003274407144
1005003299001958
33000105720
1005002313842667
10000343881718
1005003268077376
4000056259517
1005003334166883
1005003337974588
1005003287112969
4000173517576
1005003337932327
1005002950494295
1005003366799780
1005003129714186
1005002839691443
32932040693
32824120587
1005001464489974
32984278833
1005002307627903
1005001632704837
33049739215
1005002149912818
1005001373436781
1005003140118882
1005002625089541
1005002788946681
1005002730285916
32997546062
4001285886736
4001231684320
1005002622729529
1005001391623742
1005003370996568
1005003351424056
32969745168
1005002017542464
4000310493036
4001115703770
1005002921351719
1005003260220578
1005003318519440
1005003183206049
1005003335036758
1005002822797918
1005001405715105
1005002652216424
1005003384168589
10000181266183
1005003172426683
1005002919083610
1005001603676708
1005002341136466
32956951187
1005003355970540
32993918943
32854349901
1005002676090063
1005003372784556
32505208992
4000781354704
1005002393215633
32930644820
698095672
1005002987624558
32885801250
1005003135608519
1005003257427047
4000108688751
4000967317246
32533143971
4001027787282
1005003124578707
1005002766427489
1005003095426332
1005003030434936
1005003027156402
1005001941777494
1005002512916547
1005003128136313
1005002949670011
1005003300595497
32993557667
1005003035842372
32388954751
1005003379943505
1005002535453956
1005001637833927
4000956188698
1005003363968467
1005003345948743
32605387860
32854192306
1005002964781464
32752333787
1005002382915884
1005002439602451
4000067383129
1005001963652144
33052541065
1005003059048088
1005003251647164
1005002586404142
4000314127669
32990196559
1005003251724384
1005003300741982
4001058247427
4000798213400
4001238021031
1005003154857166
33036202661
1005002557940191
1005002567809300
1005001450153257
1005002567586929
1005002072466327
32818894130
1005003327883889
1005003313468796
1005003299387795
4001197408794
4000476065664
1005003297940318
1005001439564925
1005003144283488
1005003036289428
1005001584691600
32823578663
32914433288
1005002612564353
1005002956022857
1005002578014021
32953043597
32877519832
32670291000
4000874698131
1005002317595858
1005002599971320
1005002689797616
1005002772180809
32972840857
4000813256872
1005003342252354
1005002538848780
1005001588268357
1005003037376658
4001280476549
1005002350592186
1005003387822394
1005002736984155
1005001867052118
1005003321328678
1005003309645205
1005002083966494
33047486644
1005002420758701
1005003181615758
1005002623854196
1005001640195281
1005002924969337
4000076497353
1005003192143824
1005002649130712
1005001529068734
1005002984933747
1005002516745801
1005002717233337
1005002751906132
1005003378912010
4001247025485
1005002509231897
1005002532025478
1005002651476876
1005003205945178
1005001803714687
33021294746
32821168320
32953060355
4000330746354
1005003330782240
1005003270356337
1005003195881356
1005002010881572
4001021881079
1005001983529841
4000502946811
1005002975116298
32894581697
1005002050241651
1005003282099669
1005002828966254
4000165788817
1005002594640800
32752681713
1005002608429250
4001215922544
1005001867192960
1005002130953872
1005003072123658
4000859441748
1005002057175439
1005002227977115
4000822292822
32962405479
1005001769018727
1005002656369824
1005003032396227
1005002964763306
1005003287409130
4001204825239
1005001434047154
33052529093
1005002954181249
1005001672587197
1005001949184003
1005002339733742
4000130023348
4000674590619
1005002828286628
4000938975105
32965141499
1005003262555969
1005002488412737
1005002198929090
32824498727
1005002542803130
1005002513319095
4000341738230
1005002070391029
1005002974278074
1005003093110193
1005001267276285
10000423500684
33012103701
1005002945095830
33058429804
1005002527644124
1005003379512415
32802812160
1005001948063800
1005001899529869
1005002379242596
4001278671585
4001153346977
1005003366087891
1005003128122501
1005001717866938
1005002611418901
1005002462685892
1005001873262179
1005003060623352
1005003282140879
1005003102153288
4001084818003
32590814172
4000456153981
1005003261933962
4000857608170
1005002699715224
32749071508
1005003250987875
1005001431129345
32963731283
1005003195479914
1005002560035163
1005003176733359
32700705021
1005003285382563
1005003259662626
1005002882497874
1005001808605859
1005001475251648
1005002358537653
1005002495596098
1005002851142992
1005002210134870
1005002248280977
1005001804827199
1005002347104090
1005003178213449
1005003305784245
4000263238095
1005003346475565
1005002698082977
1005001816967752
1005003038651263
1005003267922016
1005003304050157
1005003041452879
32409244602
1005002843027837
4001211756255
1005003125286260
4000399243583
1005003251666038
1005002399910756
4001186009364
1005002339539565
32684451716
1005002313071104
32941879050
1005003332707504
1005003076817043
1005003265964793
4000867646245
1005002831475796
1005003263863545
32734290455
1005002754409101
32981752856
4001221126644
1005003090216815
1005003371507444
1005002737930193
32420138821
32887991829
32994256026
1005003238955933
1005002771567144
32878057193
1005001639748721
1005003221742553
4000560975410
4001122564230
1005003275663088
1005003324534442
1005003379931791
32867780975
1005001287157666
32897236102
1005002973978697
1005003228170766
32904811383
32739152505
32844419841
1005001724072526
1005002842071677
4000818222419
1005001451064494
32961795957
1005002037127369
1005002314328540
1005002405392650
1005003336133112
1005003065056871
1005001847734999
1005001883674148
1005002978017453
1005002561998330
4000067555670
1005001592053753
32858041690
32869904048
1005003319170508
1005002558304617
1005003336789166
1005002590331513
32901442250
1005002512247075
1005002346854693
1005002263735419
1005002244634799
1005002799113541
1005003205214065
32854070374
4000300061388
4001207158911
1005002333238717
1005003194649983
1005001556374319
1005002282635406
1005002376826397
1005003061027204
1005002918130537
1005003140802283
4000939671715
1005002618925212
1005002424006583
1005003135249725
1005002914393924
32755360040
1005003019520271
4001271550839
1005002403529745
32890314209
1005003008004652
32896148910
1005002985458626
4000862628376
1005003277388282
4000936323234
1005002708658487
1005002721850151
1005003345522290
1005002793740591
1005002178043181
1005002930494165
1005003283183144
33030100505
1005001844116934
4001360704253
1005003017455782
32911315939
1005002466129371
1005001881494383
1005002432331544
1005003076208168
32796382726
32887744065
33004297820
4000405683138
1005001804178530
1005001475198063
33009959329
1005003228568759
4000830822583
32665147213
1005002599585263
1005002863147586
1005001343246765
1005002314399243
1005001868466800
32655591352
1005002727114264
1005001861732052
1005002611587357
4000873717977
1005002542873916
1005001616675690
1005002562156864
1005002761712044
1005002946546144
32714372215
1005003053666240
1005002608867262
1005003382020212
32546511736
1005002717175330
32719589637
1005003151957098
1005001741502334
1005002340288531
1005002478005228
4000274529345
1005003313235469
1005002770628416
1005002315501641
1005002578248101
1005002399428406
1005002870632727
32830860886
4000733138710
1005002326814584
1005002645816884
1005001570903862
1005003324986330
1005001864778096
1005003365448597
4001026634479
33009042542
4000989105144
1005002897576639
32507719461
32628825955
33049810275
1005003195563119
1005003065993426
4000308025898
1005001695610963
32929533212
1005003076784738
33044440730
32910262322
33047029735
1005003352881693
1005001698061603
1005003376695141
4000833582280
1005003371128910
33012796337
1005003257970700
1005002922644442
1005002245780727
4001317228439
1005001973323625
4001264244130
4000235092656
1005003308023912
1005003010992327
1005001450418546
1005002270648989
1005002487134610
4000599513425
1005001910510601
1005003001683795
1005003044287089
1005002624604274
1005002740192934
32989115974
1005002160492475
1005001380696757
32837425573
1005002549627737
32855560860
1005002277080017
4000466359992
1005003333789972
1005002984409754
4001094268514
1005001797830542
1005001920318240
1005003192564115
1005003176507088
1005002994614957
1005001473631353
1005003069337929
1005002924773975
32851531955
1005002914802079
1005002787125914
1005002946044566
4000641033154
4000718226300
10000395832036
1005002749505455
1005002968294574
4001301772401
32805772221
4000444577384
1005001413343856
1005002186369457
1005001831919777
1005001661302891
1005003048751987
4000162708274
1005003338056295
1005002535237544
32982709323
4000303609938
1005002787971966
1005002521994555
4001130137797
4001228873127
1005003086027527
32986745812
1005003349393817
33048594341
1005002613090307
33004874135
1005002904905522
1005003218012868
4001295810820
2037398199
1005002360301781
1005001470049927
1005002805762793
1005002497818255
1005002327710779
4000926479238
1005001821966217
1005001992504573
1005003281051807
1005003087116768
1005003104158345
32898302292
1005003022115542
1005002976329556
4000288904456
1005003244982850
1005002669001860
1005002264363910
1005002808042309
32830782681
1005003273437705
1005002905485925
1005003349548106
32832051817
1005003267989328
32753217587
1005003250061131
32511091122
1894378169
1005002635644060
32243307493
1005003335151857
4001076620978
1005003216798832
32996274676
1005001802537355
1005002688210436
1005002748411581
1005002976336918
1005003055463599
1005003385331385
4000811064104
1005002424372699
1005003283797146
4001322585532
4000131665052
1005003234283918
1005002394814445
1005002522635057
1005003082169826
4000534081014
1005003122080326
1005003266355047
4001233206918
4000371306576
1005001273206020
1005001405699682
4001274339226
1005002199143411
1005002840759225
1005002470695122
1005003357188541
1005002616928728
32996286288
1005001713292574
33001322485
4000978696924
1005002608844953
1005003025734398
1005002589778123
1005001441339540
32766703409
1005001953649860
1005003217856804
4000983659192
32962981444
1005003281264804
1005002568323113
1005003275190973
1005003276507784
4000354216396
1005002582758112
1005003268058285
33025579434
1005002077553091
32974059035
1005001457990106
1005002668125560
4000686909401
1005001367952944
4001224382525
1005002509141878
1005002678857975
1005003344274690
1005003305035802
1005002065810011
33046892100
4001242335178
1005002239213440
32810148465
1005002702913864
1005003158990544
1005002989518483
1005002977254116
1005002789826703
33059022427
1005002780413991
1005002783887621
1005003219050071
1005002375065493
32958275964
1005003237909870
1005001331008628
1005003098252067
1005003369793752
4000917417167
32681323711
1005002715680143
1005003381358065
4001193276659
4000589515727
1005002685257551
1005003254921847
32848643367
4000265398073
1005002597579137
33059415808
1005002990652161
1005002499003412
1005001692370420
32797156291
4001050865695
1005001540746374
1005002866143258
32602311034
1005001625102078
32946045768
10000402426240
4000566673206
33011521000
1005002820663952
32890238720
1005002700765338
32792835475
4001183489892
32971179233
4000075251101
32854804714
4001019147954
1005003313198761
1005001441475894
32898352473
1005003102878823
4001118280288
1005002442079396
32821517028
4000100605020
1005001361024510
1005002798420543
1005003328849616
32697889594
32985063833
1005002330638599
1005002814623344
33045118331
1005003309267636
1005002067623907
1005003317552053
1005003233752349
1005002633471740
1005003005175874
32913377871
1005002753619861
1005002491809499
1005002657803732
1005003175089192
32620844504
1005003017888179
4001195780764
1005003269078404
1005003180431280
1005002663931333
1005002744958573
32880672398
1005003288082958
1005003098747727
1005003386888623
1005002898863268
4001255225879
1005003341672105
1005001397702517
4000335691768
4000238887238
33020206749
1005003206701788
32949834937
4000451253467
1005002363392173
1005002512605627
1005002581908867
32692831394
4000097779264
1005003384244759
33000392579
1005002301126251
4000227817205
1005002489616690
1005002471607654
1005003323257801
32610300371
1005002609216757
1005003128550863
4000423500597
1005001583026356
1005001346396581
4001176831221
32882187406
1005003256939989
1005002304946982
32738668296
1005002307570503
32629696608
1000007025020
1005003280527444
32976383298
1005003152000745
1005003343561149
1005002322813960
1005002662294767
1005003152387271
1005003162251744
1005002663792663
4000173882418
1005003097077279
1005003216217896
32916240222
32935974104
1005003015591836
32725194892
1005003193027808
1005003157999150
1005002063976376
1005003021980846
1005002053554668
32916765072
4000263086488
1005002015217088
1005003122568989
1005003173378475
4001211597636
1005003193268059
1005001562796771
1005003209399114
1005001648446733
1005002983010045
1005003331631415
1005002511038227
1005002322878017
1005002272305156
1005003266508103
1005003251432946
4001070485066
1005002087293426
1005002171588317
1005003106856365
4000390337909
1005003090311813
1005002003579577
1005002073525985
4000941186334
1005002383565119
33034629165
4001080077216
33016289734
1005001714030288
4000524879438
1005002443460863
1005002344575909
4000286054433
1005002342285975
1005003011853537
1005003331018266
1005003051652649
1005003122276291
4000257375688
1005002689931951
32976206825
1005002808212217
1005001450369145
1005003306679988
1005003321278046
1005002988566580
1005001956248918
1005001708727424
1005002644820760
1005002109557689
1005003328017983
1005001800505667
4000771340124
1005001433966522
1005003201512775
4000857913375
1005001290593344
1005003050093310
32821133237
32347386136
4001338666906
1005002944028912
1005003208482462
1005002120547687
1005002902535025
1005003294584179
1005002656917568
1005003067662257
4000669308742
32849597433
1005003207071736
4000615479357
1005003001682781
1005002014300623
1005003231778833
4001105963928
1005003172472586
4001086083822
4001285312851
33047908955
1005001651094335
4001250081135
1005003362094161
1005002134849527
33050855895
4001034609237
1005002938721647
1005003062132961
1005003119870526
4000029083128
33038769342
1005003367803231
1005002612222702
1005002325139589
1005001640770518
1005002030195664
32554234300
4001246275671
1005003213074333
1005003264920105
1005003264430553
1005002573432406
1005002776545872
4000176854145
1005002767643196
1005002417126759
1005002599429287
1005003023908402
1005003164068351
1005003315375877