1005003388168020
1005003296596223
1005002475446070
1005002955144941
1005001374758732
1005002786257742
1005002776373749
1005001894388266
1005002811879910
1005001459260554
4001263936250
4001130698900
1005003146861858
1005003138985435
1005002387628341
1005003181997260
1005002357724597
32285972857
33020849071
32981262036
33049914670
1005003365159586
1005001530545957
1005003017125968
4001201083955
1005003094218888
1005002897400568
32949371329
1005003316871923
1005003148268470
32994996421
32956546867
1005003102225232
1005002482925699
4000867625596
1005003112247681
1005003014681377
4000146312264
1005002012170016
32866535093
32982453244
1005002714732912
1005002680006708
1005003195957391
1005003154772575
1005002258607054
1005003123733637
1005003221881309
4000331972150
1005003278797870
1005002711071044
1005002943849930
1005003308179985
1005002567450062
1005002288277593
1005003022225277
1005002608870668
1005002388763540
1005003155917151
4001219696473
1005002866738193
32846576625
4000991281711
1005001325659309
1005003282783531
1005001797822568
1005003288946280
1005001831825813
32954011490
1005002094332989
33052131402
1005001760449150
1005002056409249
1005002130120258
1005003371301641
1005003083878765
32899637282
32811651881
32836884489
32899604404
1005002827170335
33007608693
1005003276329256
1005002957499805
1005001956360959
1005001763306129
1005002924853271
1005002066682853
1005002907188470
1005002475499282
32426775611
1005002717208616
1005003290297612
32826218691
1005002578295076
1005002859663982
1005001656242514
32979465549
1005003214516171
1005002822023846
1005002314430398
1005002957285982
32902504794
1005003120888823
1005001649172593
4001036845771
1005002325174400
4001143501406
1005001950272701
4001191977479
1005002870109858
4001161959822
1005001764855535
4001152708083
32840115476
1005001266883528
1005002576333099
1005001590590915
1005002280669689
1005001678403124
1005003148784717
1005003089152383
1005003350452947
1005001430527753
32956572697
1005003172189657
32739331372
4001070008358
4001065102767
1005003107331040
32918324087
1005002698467832
1005003129258381
1005002394259955
1005003337634667
1005002926770009
1005001941388819
1005003298919410
1005002212986138
4001233058350
4000990819481
1005001960511963
1005003368054006
1005002928112710
32968979444
1005003385409021
1005002090819593
1005002710486464
1005001806117559
1005003270134877
1005003212849388
1005002866722168
1005002914117448
1005002781864878
32975156623
33032397498
1005003078572805
1005002375241020
4001278930573
4000736002865
1005003287765536
4001364987846
1005003161056290
32669815617
1005001403096787
1005003292186260
1005001375847385
4000015913637
1005001269910557
1005002753913958
32865707439
4000742599536
1005001475742689
1005003356087735
1005002475072963
4001035950945
1005001518321279
1005003193588332
4001038811622
1005002324922586
1005003165343609
1005003273699488
1005001872615016
32893664937
1005003157890386
1005003373966489
1005002323347288
32947853084
1005003276935203
4000945068177
4001211228567
1005003171410559
1005002835023731
32497030808
4001197660435
1005001522170113
1005002274347408
1005003337467030
1005003334071507
1005003347311198
1005003371356537
32811145303
1005002389446121
1005003185625032
1005003020609642
1005001945911527
1005002540969513
1005003184038961
1005002753820147
1005003209693505
1005002043464520
1005002612612617
4000022027213
1005002661250398
32942947769
1005002685978510
1005001476088254
4001270751143
32763262499
1005001912363924
1005002072531672
1005003290220139
33034217286
1005002310177718
32993815012
1005001803369999
1005002717229370
1005001898875192
1005003163012774
1005002840540709
1005003062593135
32898909999
1005003352300784
32854508748
1005003250999248
1005002682265519
1005002932302436
1005002512975304
4001307180852
32966537276
4001302873629
33000046654
1005003117160599
1005003035865213
4000600420878
32948660741
1005002956063111
1005001678700348
4000903931965
4000270409370
1005002612779908
1005002619692315
1005002782608467
32989200241
1005002822612804
1005002430794551
4001333821205
1005002580248036
1005001537171863
33014108850
1005002654703515
1005003019822566
1005002323900594
1005003339648269
1005001889926610
1005003026255550
1005002542629692
1005003308099358
1005002794387534
1005001397633144
1005002945653347
1005002891009588
4001160209666
4000989746685
1005002241518175
1005002789185825
4000226380364
32983533690
4001218828974
1005003307033731
1005002322693979
1005001940283531
1005003292565517
1005001652328366
4000043591815
1005002879836201
1005003321177605
1005001350947623
1005002583361413
1005001586514128
1005003241854014
1005002477095053
32908749265
32905573522
1005001822054262
1005003389890934
1005003188560119
1005003246130768
1005002417687352
32838905612
1005003204632606
1005002014605962
33018938677
1005003167918938
1005002818560471
1005001789078979
4001149282161
1005002352850803
1005003276539094
4000155096362
4000429977674
1005002603577195
32775501720
1005002959684700
1005002551981225
1005001476957557
1005002018944576
4001032109638
32999327592
1005001436744837
1005003205531036
32976331418
32965244962
1005002686769348
1005003317849174
1005002156016452
1005003179070394
1005002287586594
32999517882
1005002631694471
1005003366306248
1005003102686895
1005002573622529
1005003015397740
1005001885239547
1005003119790066
1005001962257322
1005002364094078
1005003389750308
1005003171266613
4000562945447
33038666520
1005003019572386
1005001568337238
32977683727
1005002316116053
1005003241581381
1005003307452260
4000918141727
1005002797365867
1005002946203583
4000120504155
1005003264862117
1005002386410130
4000011860007
4000208364715
33027078039
1005002206024484
1005002740859931
4000858903403
1005003032543977
1005003322014576
1005003189710618
1005003329515033
4000998283118
4000730600124
1005002302010264
32976575976
1005003353942345
1005002073984410
1005003240509095
1005002790553824
1005003270444089
32848027634
32861581017
1005001785561371
1005002877603374
4000906948484
1005003064382078
1005002803145627
1005002815027291
1005001874780312
1005002583108393
1005002653108263
4000212461167
1005001531138320
1005002314882297
4000042336137
1005003063538790
4000925663077
1005003244016138
1005003087274640
1005003111319746
1005002428448155
1005002099659805
1005002205915289
4000935877310
1005003279683368
1005003096827246
32848313715
33004213048
32905800942
1005003279962742
33018570669
1005003119394514
1005003324917882
1005003134463022
1005002613305941
1005003384370995
1005003338932906
4001278726388
1005002966611728
32842633540
32921654346
1005003326436203
1005003088772158
1005001798412808
1005002920052858
32918522669
1005001287947941
1005003330385711
1005003251189941
32450964711
33060843260
1005002282801036
1005003283477040
33049686489
4000166922696
33000278822
1005003124016290
1005002364479812
1005003205296501
4000453109678
1005002010684875
4001050727436
32846600485
1005001578767883
1005002326261717
32604677836
1005003140855784
32840905203
1005002964715895
4001168696904
32838891937
1005001587651857
1005002682183771
1005002875739043
32852625744
1005003271615333
1005002094844939
1005001478988816
1005002380908949
1005002181256076
1005002022293830
32799725136
1005001609274564
32427809004
1005003001339985
1005001607708226
1005003083870241
1005003188564215
1005001953833122
1005002719677744
1005003181636257
4001059082209
1005003368613997
1005002047369648
32946751908
32625284268
32877722317
1005003283655062
1005002091879691
1005003247710026
1005001580452074
1005003148030831
1005003015776573
1005003385317189
1005002375555308
1005002433909247
1005003079627141
1005001766992191
1000001110877
1005003258970256
1005001863997124
1005003156470239
1005002538545767
1005002650423018
1005002587883875
1005001588399014
1005003069040471
1005002978200390
1005003288012208
1005002618494360
1005002819751570
32969868046
1005003275746768
1005002964090326
1005003191555440
1005003246026352
33023865473
32932919870
1005002111754083
1005002224446780
1005003368901229
1005001430676255
1005003240692014
1005003092877670
1005002953466772
33023780463
4001309077873
1005001869582315
4001319750852
1005003343333374
1005003337408993
32572501910
1005003036881928
32973909761
1005003333354835
1005002584289595
1005002514588240
4001105940276
1005001510684995
1005002634429169
1005002317665557
1005003252058221
1005003107196401
1005003264964239
32888468585
1005002370408798
1005003359316330
1005003348277770
1005002976478887
1005002492738508
1005003344328636
32895480315
32974956397
1005003282525630
10000002729801
32909792564
32968738139
32885204235
1005003197141620
4001220653899
4001071861807
1005003061062031
4001138698441
32910198490
1005003067254202
1005003345824841
32371685733
32961291165
4000764853333
1005002394602567
1005001758079220
1005002347030968
1005002758885990
1005003015339604
1005002751988754
1005001715154147
1005002717348083
32946961430
33040231523
32996521052
4001318544005
1005002244846461
1005002855029223
1005002608815888
32810006645
4001010877709
32978832111
1005003219528612
1005002702706767
32892294165
1005002974541034
4001176804884
32311857733
1005003111535129
1005001836330517
1005002062847256
1005001790373106
1005003337030828
1005003030725734
1005002973228236
4001005203050
1005003384878374
1005001354656661
1005002447372711
1005002321096146
1005001958750425
1005002084466706
1005001637629874
32907552104
4001135116115
1005002221141597
4000793597135
1005002971147434
32843222342
1005003339254708
1005003120949115
1005002738838409
4000238654764
1005002657907619
32901104097
32331074005
1005002683615148
1005001570722938
1005003335678981
1005001868718390
1005003014237683
1005003171679330
4000568088216
4001322301267
33025109453
1005003330790294
1005002693714476
33003092838
1005003292314747
1005002280380898
1005003132729735
4001122755962
1005003239995398
1005002878754735
4001171960209
1005003070366631
1005002224111753
32849328611
1005002454904716
1005002342264218
1005001521010037
1005003336807983
1005001527026674
1005003347022442
1005002207614736
1005002480434023
1005003319761166
4000533661067
32817999639
4001034811245
1005001588283451
1005002328381933
4000912852673
32853569128
1005002014146854
1005002672325144
1747117408
4000095792717
1005001859404023
1005002987955484
1005001579680234
1005002053711980
1005003339759898
1005001320164621
1005002305169887
1005002702422260
1005001361355731
4000830822583
1005003008093624
32849136322
1005001833658991
1005002176442822
1005002133693448
32844081721
1005002168331647
32878923764
1005002291508473
1005003344498818
1005003119289077
1005003181948571
1005003130670389
32838055548
1005002270891435
1005003059664340
1005002395317582
1005003134042976
1005002480827669
1005003104665512
1005003081698137
1005002590208568
1005002107305514
1005002401441865
1005003200733648
1005003212041000
1005002515678156
32867658152
1005002250204893
4000708866677
1005002489637428
4000132257674
4001222034445
1005003252241188
1005002252189945
1005003205643892
4000173982781
1005002524104616
1005002231562707
32971127034
32957604194
1005003344700972
32819647018
4000747733499
1005001535235905
32397517460
1005003306127928
1005001929263040
1005002918422581
4001266697232
1005003233637926
4001220270215
33010623730
4001050024104
1005003166941630
4001273271219
4000947928813
1005002886273186
4001118534757
1005003241468869
1005003382235875
32858801296
1005003225982569
32889210336
4000354336936
1005003123456225
1005002967256853
1005002768471602
4001310884376
1005001995326495
1005002297678608
32701059223
1005002519692202
32638812392
1005003199835395
4000912395565
1255927146
32949762532
1005003022417868
4000048017983
1005003388412976
1005003178346355
33044927553
1005003239987814
1005002589044369
32892411720
1005002012392378
1005003186978316
1005002824015362
1005001982415320
32821077308
33059611644
557121676
1005003327889394
1005003322438815
1005003276913692
1005001373471712
1005003337685190
1005001651946726
1005001290550551
1005003008030504
1005002945014820
4001277480676
1005002397049680
1005002476059477
1005003336295491
32678109337
1005001677708393
1005002709198333
1005003097700392
1005003302129567
1005003363310389
1005003283563788
1005002828696436
1005003112228126
32849318996
4000785080919
1005003328916673
1005003259200475
1005003118375391
1005002313342792
1005003134916007
1005003187086944
1005001304802180
1005001337749706
1005002880498920
4001241775037
33020649415
32824883215
1005003077436324
1005001797782082
32822971006
1005003022418669
1005002980949180
1005002580245184
33010667097
1005003239999821
1005003094088761
33012755384
32866541699
1005003069231209
4000135941463
1005003325353134
4000540894520
1005002513771472
1005002485262850
1005002989390688
1005002755661602
4000538059941
1005003209206238
1005003130037132
1005003094593164
32889224931
1005002989124347
4000261771291
1005003158935724
1005003265375051
1005003229114303
1005001987554013
1005002604069694
1005003234433721
33032726755
1005001803655724
1005002350759742
1005003176330340
1005002739372378
32958161306
32986167155
1005002931741568
1005003332044432
1005003338295039
33058092778
1005002526590517
1005002873186554
1005001929095746
1005003169019249
1005002777041193
1005003261999082
1621701509
1005002348959178
1005002481242738
1005002958339156
4000115628982
4000803651015
1005003259460526
32836912512
1005003090083853
1005001682611269
1005002611096658
1005003287134392
33002316160
1005003383951762
1005001658804818
1005003331563586
1005001793114302
32963505017
32972047267
4001071587610
1005003290311677
1005003286526690
1005002194261668
1005003387011546
4000429736918
32921558815
32867329372
1005003178063193
1005003149821761
1005001888793627
1005003152156915
32952707471
32940794013
1005002288339220
1005003056811426
1005003248509948
1005003103974241
1005002668065115
1005002500234744
4001234147335
1005002551494888
1005002756033071
1005003132142334
1005001270513656
4001230372375
1005003017847845
1005002245057850
1005003070701561
1005003240635021
33037572063
1005002884961547
1005002327657207
1005003332245843
1005003319629791
1005002376881275
33013778567
4000990952735
1005002717144778
32833843778
1005001902607923
1005002175991749
4000927640901
1005002366076878
1005002109840663
1005003388166338
32861842551
1005003119687219
4001283441220
1005003343016157
1005002538227469
1005001890624327
32864461658
1005003355183960
4000907690356
1005003342318034
1005001593940528
1005003030036136
1005003195933767
32751391823
4001299160740
1005001902051686
1005002697357275
1005003318621413
1005002778590205
1005003290210901
1005003142684572
1005003195756125
4001094766397
1005002697254945
4001052983423
1005002711317451
1005002453090840
1005003099416843
1005001877711060
1005002990592494
1005003363714510
1005003069831410
33051237484
1005003032111123
1005003120061492
1005001425075315
33024924291
1005001315331975
1005002476949399
1005002809586135
1005001495543457
32920694041
32728157501
4000694552222
32808625967
1005003340096487
1005002884336369
1005002667491129
1005002680187179
1005001529342646
1005002034162062
1005003298025342
1000005872276
1005002246760365
1005002803347067
1005002739408375
32885902890
1005003003880322
1005001632438198
1005003297305275
1005003263067529
1005002502371664
1005003062888905
1005002675603025
4000206821049
1005003282776729
1005001695881653
1005002608965261
1005002855778923
1005001457538675
32816454152
4000903946305
1005003020712632
32820273586
1005002280564563
4001248201320
1005001797907483
1005001787009188
1005003071400398
4000206606056
33022461958
1005001670807084
32955280352
32757694278
32906476916
32823820893
1005003064245019
1005003001325020
1005001817740993
1005003197921882
1005001612732484
1005002716521001
1005003309972755
1005003151164820
4001014968152
1005003013272116
1005002518149221
32854970638
1005002133463700
1005002650113512
1005002096362985
1005001617132573
1005002924703936
1005003156152315
1005002881663569
1005002337710565
1005001669500082
1005002932896783
33003399298
1005002136759831
1005002865172926
1005003263342053
1005003080798029
1005003139747713
1005002724224113
1005002531317275
1005003004181820
32950708046
32702204846
1005002588042782
1005001860253339
1005002553570789
1005002116358966
1005002524936160
1005003136235856
1005003298716964
1005003379466495
32921278604
32354211043
1005001602254416
33028106490
32974834043
1005002783873064
1005003101512647
4000800933245
1005002944530172
4000377676639
1005003152113895
1005002685098248
32996635048
4001291001061
1005003106689347
4000168765516
1005003375952173
1005003048594835
1005002693011226
1005002763314856
1005003251997593
4001061122313
1005003336510403
1005003013594771
1005003129481476
1005003094166900
32820036053
1005002558028792
4000859846550
32316925288
1005002897369102
1005003321066135
1005003022523351
4000483838313
1005001598061976
32869592483
1005003197257424
1005002941501499
1005002210567604
1005002897030414
1005003297036227
1005002782019651
1005002331852845
1005002659175939
1005003316576766
4000383497972
1005002689898477
4000835111754
1005003218226098
1005003031047356
32944988497
1005003330396522
1005003187552033
1005003349972073
1005002660882153
1005002101262701
1005003285449904
4001263373962
1005003246054374
1005002085005484
1005002433663437
1005002748271023
2028205220
1005002814650688
32902699798
4000836572114
1005003304089953
1005003343231873
1005002175822208
4000189464421
4000434139145
1005003302580640
32975395813
1005001381207423
1005001934340298
1005001346384538
1005003246419840
1005001527991950
1005002950705899
1005003219920445
1005002401084990
1005002650546298
4001149454962
1005003387814379
1005003287213360
1005002431348139
1005001728237447
1005002003678702
1005003362133399
1005002347135511
1005001848515124
1005001429438769
1005003020165411
1005002753374041
1005001748447497
1005003290825310
818083104
33031376406
1005002656831348
1005003336690099
32800297054
4000816447151
1005003291675389
4000922130375
1005002730673665
32818029384
33007176642
1005003012080736
4000084529458
4001090957394
32815567098
1005002715118148
1005002840650990
1005003131987550
32951352169
1005003338994168
1005001625786199
1005003342751087
1005002827871649
1005002062165118
32991002276
4000738556534
1005002354560094
4001171869544
32862664367
1005001948344379
1005001413221147
1005003311958286
1005002700650698
1005002571202220
1005002273168249
4000174813056
1005002136188375
1005003281667864
1005003261747812
1005002549443817
1005002033215741
1005003303084576
4001031039560
1005003391555124
1005003165778574
1005002525187684
1005003140558651
1005003104133596
1005002229775421
1005003005202030
32814692490
1005003302370955
1005002977221776
1005001531076045
32837445327
1005002847501835
1005003342016953
1005003346018321
32853420606
4000061424245
1005003292502937
1005001657487716
1005001320643800
1005002253424558
33014832558
1005002593236424
1005003307310099
1005002635997713
1005002950940139
1005003057121076
1005003278246557
32992430537
4000669229752
1005003337505937
1005002879591063
1005003383229591
1005003063500050
32996110263
1005001640205170
1005001418310075
1005002498913813
1005002618546349
1005003125969705
1005002668340409
1005002281828367
1005002212905029
1005003349245936
32246478149
33030458965
1005001697478527
1005001930887569
4001077235460
32901740063
1005003391287321
1005002467033079
1005002971614093
1005003228162418
1005003341644517
32870297561
1005002831883976
1005002052570366
1005003020609642
1005003095227919
1005002347674499
4001133215772
1005002511601295
1005003220860754
32786009843
1005002598077439
1005003380115731
1005002234881886
4001166483816
1005003310073885
1005003095605348
32861346665
1005002938659910
1005003143061559
1005002730731077
4001365147515
1005002938282945
1005002667813331
1005002890554648
1005002522124655
1005002868186357
33038834036
4000107438787
1005001446958472
1005002842419457
33010270603
33021776530
4001102118113
1005001355023247
1005003205136225
1005002686433371
1005003145127062
1005003032155419
32716293179
33036737473
1005001605322234
1005001576198703
1005003318732412
1005002578299404
1005002951677955
1005003182949243
1005003042053222
1005002774217077
1005003107639986
1005003341748106
1005003019139950
1005002293154363
1005002208323482
1005003354713614
4001157887353
1005003331227690
1005003362125865
4001257269493
4000864342334
1005003228343576
1000005443541
32995142895
1987946594
1005002315230755
32973775179
32961490351
1005002397827182
32836975387
1005001921579278
1005003014652454
1005002592615069
1005003217031749
1005002982081856
4001183466930
4001296386962
1005002597485416
10000278807366
1005002372647050
1005003197926060
1005002870557692
4000589664615
1005003366252463
1005002412699687
32515325972
1005002762852796
1005001431156975
10000068878440
1005002448175122
1005003331653533
1005002996680068
4000412385326
1005002990176100
4000336410307
1005002447935841
32909880552
32855202120
1005002726978827
1005001357407426
4000994645060
32922569752
1005002183397038
1005002080919810
4001047003779
1005001290972125
1005003333475318
1005001513848280
4000530111066
1005003175435090
1005003351355137
32974986629
1005003363975846
1005002328096353
1005002854999521
1005003316510613
1005002876346445
1005001855068887
1005002656670882
32827523564
1005001834508766
1005002774503708
1005001867311459
1005003375586535
1005002066254263
1005002273468375
1005001912432732
33025713593
1005003347693164
1005002276014232
1005003214331933
1005003149287031
32888913258
1005001560663764
4000074748678
1005001567308002
1005002176988406
32845291840
1005003121844135
32932120665
32898545306
1005001686529160
1005001864127881
1005003204414232
1005002930871358
517294700
1005001761766096
1005001427327579
1005003037763791
1421853895
1005003236789254
1005002802082397
1005002401906762
1005003163211392
32578089104
4001127283501
1005002108010878
32964603723
1005002284139192
1005003192104911
1005003292211220
1005002677467978
1005002051847134
1005001847273160
1005003135912646
4000392653478
1005002911963128
4001108854219
1005002964753796
4001021672915
1005002574859445
1005002908266012
4001235473031
4001215898397
1005001365367834
4000089535941
1005003313916939
1005003375958963
4000378460808
1005003042295480
1005001949579404
32869703643
1005003270262893
4000292959563
1005003007439734
1005003184066707
1005002176969466
1005003365901514
1005003295134177
1005002884939056
33064339486
1005003197029008
1005002519821878
32844530027
1005002578609424
1005002926761718
1005003310093253
32846762854
1005003249108469
4001121179510
1005001708748699
1005003090912801
1005001914596510
1005002352145500
1005002308969192
1005002393838803
1005002646237934
1005002705204523
1005002854614771
32939664333
4001275687763
1005002456890887
1005002598437870
1005002982540335
1005003364673741
1005001803815700
4000185332847
1005002053921086
1005003336340223
33037294065
32894047843
1005002715891910
1005003110960995
4001268465701
1005002159539985
1005002682562213
32870742459
1005001339075257
1005003139951472
4000941802560
4000991297276
1005003266305628
4001223635197
1005002958842088
1005002232378918
1005002562707193
1005002905388833
1005003390805299
1005001441431470
1005003358098949
1005002074057682
4001356344236
1005003250722913
1005002949166852
1005003380989131
1005003222413607
1005002402156104
1005002938854130
1005003285558922
1005003155935649
1005003230251321
33022987051
33059131848
714429483
1005002198169574
1005003360502750
1005003266675959
1005002613139888
1005003073032298
1005001550641074
4000538525247
1005003339438076
1005003030567337
4000738711844
4000203323577
1005003135543175
32809796664
1005002938042973
32838117905
1005003123535791
1005003310383724
1005002276759388
1005003030615713
32431337006
1005002122553259
1005002979579396
1005003242245394
1005003129566157
1005003123648473
1005003251742548
32967892210
32903253212
4000411491645
1005002990918681
1005002212650628
1005002220205061
1005002840134521
4000543724375
1005002954770820
1005002502289812
1005003198249738
1005002790227759
1005003014743747
1005002533181977
1005002901929300
32835925971
1005002750311348
1005002696421424
32955821127
4000037322046
32796394238
1005003170504859
1005003313729600
1005003094414216
4001223899120
32963852591
1005001598708187
1005003253438534
1005003305289073
1005002657075410
32918920308
1005002795819402
1005002232166940
1005002907673192
4000923128254
1005003103149952
1005003386248935
1005001372989556
1005001869100627
1005002983862417
1005003181702991
1005002613310825
1005002674978403
1005003257896284
1005002554894035
4001313790870
1005002185719171
1005001383150916
4001165790808
1005003293028175
32817230991
1005001465902715
1005003346920161
1005003299540547
4000215465491
4001037302798
4000179068255
1005001917589104
1005003380728052
1005002991744673
1005003085148276
1005001505334223
4001100177283
1005003375182884
1005003387692277
1005003324547121
1005002949211624
1005001731312820
4000469325523
32998574242
32801409491
1005001614577150
1005003136350019
4000010134073
1005002905138793
1005002393403630
4001197991493
1005002833755681
1005002440666753
1005001582534982
1005003313522397
4000030939624
1005002616573872
1005001371715618
1005003101471657
1005002827567885
1005002115690299
1005002387941867
1005001937174463
1005003301118541
1005003252676698
1005001572854688
1005002253212014
4001204145707
4000200609205
1005002622792642
1005003197350422
4000203476231
1005003222474309
1005003097500204
32841812980
4000527624407
1005002840631986
32823356020
1005002337643448
1005003171407738
4001146558619
1005003375025867
32908483038
32956675803
1005001476568234
1005003351005653
1005003209352207
32821390337
1005003065338372
1005003237583601
1005003276393941
1005002212260785
32869510859
32985773698
1005002357661320
1005001441494075
1005002645824845
1005002885300805
1005002879782309
32961845962
1005003380039884
1005002623599250
1005003333841098
1005003343408656
1005001733021402
1005002668689136
1005003083077346
32511133747
1005003065375861
1005003083349573
32918580260
1005002608924638
1005002363252474
1005003225321661
4001279951526
32972601302
1005001742283177
4001119011241
4000248669226
4000019176694
1005003369913936
1005003002364180
1005001884266274
1005002806787055
1005001642498635
4001292440162
1005002320071049
32997282861
1005002504283961
1005002121190256
1005003061110438
1005003278253937
1005003342412314
1005001388352652
1005003324645475
1005003272348221
32671725437
1005002567022835
1005002401183227
4000022136601
33056723090
1005002067170588
1005002671758461
1005003208191306
1005001441296159
4001188372714
4001209180105
1005002680979511
1005002027970193
1005003117293705
4000937670110
1005001581312363
32775257496
1005003349785307
4000282361418
4000113151583
1005003106298119
1005003097635364
1005001932922727
32757666474
1005002320648107
1005001822555012
1005002398690051
1005001882508001
4000499648068
1005001688904337
32948180861
32920671300
4000982631760
1005002649720293
1005003337438714
1005002534538613
1005003170740504
1005003042422318
1005002658400235
32857126955
1005001758036139
1005002021376710
1005003087892873
1005003151334272
32849203106
32812379113
1005003160758891
33040504446
4000039004493
2047339136
1005003196440691
1005002814128600
1005001591178228
1005002107387789
1005003176554799
4001272504192
1005002140453010
1005001930826373
1005001678583537
33036238986
1005001839529811
907923879
4000764287272
10000037986680
1005002285982353
32922131701
32496309545
1005002394630122
1005003094134991
4001025234965
1005002984157316
1005003131390150
1005003020658021
1005003074054435
4000269756696
4000248049639
4000219079724
33036719084
32893544603
1005002059335546
1005002295372341
1005003160337775
1005002885514282
1005003073787009
1005002715001000
1005002839957329
32960265272
1005003315941335
1005001962872933
4001138866537
1005003354737506
1005003086437496
1005001868461663
33010448768
1005003182482601
1005002937417774
1005002727656279
1005001999800279
32957557345
1005003328226811
1005002323373847
1005003193348488
1005003093858975
32963342741
1005002043948777
1005002114420797
1005003204098560
1005001645511630
32891029201
1005003151159811
1005002684940490
1005002877791226
32688304845
4000176136553
1005002042196580
1005003307670332
1005002122046626
33002961769
1005003384981408
1005002865055889
1005002070635387
1005001955286122
1005003292815828
1005002930428785
1005002790560351
1005003360281324
1005002587682892
1005002986171528
4001115257416
1005002205833655
1005002513291360
32843433883
1005003217216708
1005003246824877
1005003172558751
1005002808423652
33013146889
4001119368176
1005003102326188
1005002625662535
1005002918341722
1005003197297013
1005003128760301
1005002023671137
1005003233575159
1005002328104863
1005002356387318
1005003233882221
1005003020886215
1005002719706504
1005002363091147
1005003293406337
1005002348995219
33004594509
32462235469
32726055256
32962674398
33025702009
32811823131
33000840731
1005002863515401
1005003330526677
32844796359
1005002171405636
1005003231498051
32618242346
32823082855
32708716019
1005002856852127
33013513097
1005003163741454
1005001605076611
1005002963808016
1005002322066613
1005002696792022
1005002524313296
1005003276551139
32816199703
1005001987890559
1005002988872633
1005003163802858
4000041160741
32849422407
1005001814066895
1005002862044941
1005002375237643
1005003391310290
4000722262707
1005003390290629
4001045530226
1005002287398928
32733036453
1005003367709669
1005003194239157
1005002959817781
1005003261790367
1005002872959062
1005001805112800
1005002029066623
1005003362146257
32870351398
32213715023
1005003172878627
1005002314593398
1005001961916885
1005001850204760
1005003082147912
32837817679
1005002847606775
1005002553830636
1005003218704184
1005003391369787
32867165671
1005002207937893
1005002950021036
1005001985526346
32979843023
1005001948373659
4001014995012
1005001910697050
4000219611471
32718371492
4001228476245
1005003152011545
32859913478
4000906267862
32903692139
1005003308846489
32833807341
32701211296
32573099192
1005002897649706
1005002889912837
1005003163482455
1005001343570788
1005003344012684
33000621294
4000409440256
1005003130110501
32982204765
1005001870487174
1005001987796141
1005002946961779
32924558497
4000319685423
33013452571
1005003116612330
4000388884984
32814332725
1005003123469971
1005003155528133
1005002956934824
1005002379185231
1005001571736961
4000556873487
1005002724714507
1005002886362558
1005002953846074
1005002752276033
1005003021878810
33056543763
1005002164880245
1005001968566954
32837377648
1005002234984555
1005002583288790
1005002862125591
32735960571
4000689976075
1005002666277257
32476593200
1005003162530970
4000889471572
1005003221309262
1005002022697748
1005003212949957
1005001630880240
1005001533728846
1005003264983229
1005002270510190
1005003129557553
1005002392842675
4001104108140
10000402347491
1005002386319790
33027234592
33052790429
4000050822328
1005002566217711
1005002654451656
1005001708118989
1005001999371303
32962450402
1005001770479307
1005003024834207
1005002332947558
1005001617657925
4000288062305
32846758180
1005003178309695
1005003289981449
1005003131349473
4000777063352
1005002459081342
32854194758
1005002990346646
1005002920957399
32852382774
32839283810
1005003037102794
1005003287633352
1005002320885112
1005003223842247
1005003356613807
4000152223267
1005003242426295
1005003125723501
1005003383065232
1005002957871379
1005002967727745
4001173262455
32917529486
4001295760823
1005003303430987
1005002656209321
1005002803273192
1005002292125901
1005003023495933
1005003320626809
1005003248562494
10000399963078
1005003178319447
1005003062040807
1005002695887787
1005001928588249
1005003196730204
1005001580609775
1005003101101171
1005003277722956
1005003314356153