1005003368828616
1005002676258273
1005001632652832
1005003198227362
1005003123127491
1005003109299097
1005002650319495
1005002272549516
1005002939705983
32860423528
1005002761643516
1000001785196
4000471676557
1005003303627872
4000178113827
1005002707798720
1005003175801602
1005003391889198
1005002774544213
1005003173819045
1005002278171881
4000739778638
1005003338830246
1005002983266479
32906880757
1005001578033248
1005003325670569
4000627404012
4001107412642
4000986553637
1005003238871508
1005002938889932
33014343003
4000189254202
4000785458129
1005003290761456
4000790267538
4000308282846
1005001462793475
1005002604453230
32931013152
32473127513
1005002401216219
32836307575
1005002593773148
1005002238999011
1005002080615188
4000210302261
1005003299029733
1005002166046678
1005002782634973
4001113458412
1005003395277892
1005002939606558
1005003018271244
1005001833594984
1005001483484298
33022710883
1005001730536947
1005002457725944
4001116957546
32812607438
1005003135143858
1005003256428673
1005001456760861
10000343985170
1252548847
1005002226549475
4001156113801
1005003153245453
1005002371638890
32646341097
1005003267361936
1005003065972836
33050581609
1005002546446678
1005003281334155
1005002334394076
32450816971
1005002788502267
32953670657
4001246038042
1005002991423530
1005003075955437
32874965513
1005003332434506
1005002898082241
1005003202592946
32878471215
33002837110
32960717933
1005001586796568
32879606388
4001241802234
1005003380402094
33048950204
4000780497316
32995823234
4000413886614
1005002570311260
1005003281287811
1005003350948006
4000499507186
32840002947
32959824364
1005003259367834
32954808437
1005002277376243
1005002828614781
1005002730676488
32879213766
1005002823989444
10000395213992
32956922305
1005001922053685
4000062855938
1005001966840755
32942768952
1005003306392272
4001222000173
4000001696872
1005003086268299
1005003344643717
1005002899972106
1005001296983402
1005001307590728
1005003234109296
1005003114867276
32876112906
1005002388888277
4001345203935
1005001518190530
1005001774846838
1005003027514246
32723131090
1005001798626911
1005002978464537
1005003352739785
32516189391
1005003367090447
1005001438794620
1005003271107748
1005002937843208
32824252103
1005003084055089
32865618568
1005002621661392
4000256359654
505231133
1005001544800705
32846871536
32980712004
1005003071611198
1005002478531402
4000078350787
1005002240958418
1005002905764592
1005001693909643
32455256284
4000370383493
32995052083
1005003342734388
1005002717465664
1005001640163349
1005003003779196
1005002183540327
4001251526110
32839471646
32987459642
1005002775570898
1005001626883297
4000723063513
1005003106663924
10000027888986
1005002906547356
1005003205056347
1005001473536711
1005002781286996
1005003360038790
32882555335
1005002599938276
4000187277835
4001358806032
1005002386558623
1005002907542686
1005003009767467
4000448999470
1005003228149873
1005002104839554
1005001813501995
1005003093641785
1005003119646421
1005001725377913
1005003160279361
1005003040445291
1005003349999840
1005003353393242
1005002941356106
4000186814788
1005003293388727
1005002654790719
1005002394526192
1005002406219996
33041703346
1005003001772046
32845377519
1005001597664891
1005003365474999
32975701669
1005002695983839
1005003202640768
1005001750749472
1005003119771889
32914152858
1005001603705989
753000576
1005002253295774
32900873726
1005001350839052
1005003291306536
1005002870090492
4000176360202
1005002179335742
1005001515786040
4000884633362
1005003385450386
32913163074
32771339281
1005002879215961
32832074551
1005003018191354
1005002630919948
1005003236649628
32861343523
1005001950223718
1005003330882882
1005003157289349
1005003333869237
1005001789210646
1005001890679260
1005003069628781
1005001556691144
1005001511641100
1005002484544682
32996644406
1005003177915905
1005002890247680
1005002852163839
1005003381682102
1005002833335217
4000661021757
1005002534026836
1005002292464848
32790776236
1005003282403755
1005002934933108
1005002087344147
32966560173
1005002525449708
1005001782816099
1005002592324788
4001014501193
4001119606997
1005003272767167
1005003188204762
4001018732758
1005001830161719
1005003363938725
1005002886211251
1005003103501726
1005001581266198
33023653951
1005001804393056
4000906855690
1005003083877844
1005003062171477
33055389995
1005003287920894
1005001418461424
1275028118
1005003245327526
1005002647299220
1005003127867386
32870148943
1005003261538061
32980366603
1005003127536629
1005003140684480
4000054936044
1005002602114437
1005003255530504
32966563571
1005003259128084
1005002695780302
1005002790336468
1005002793207095
33001527087
1005002504169126
1005003224638024
1005002789054719
1005003092657753
1005001465379126
4000098680522
32875937407
32809750094
751312105
1005003360140497
1005002293671152
1005003180427697
1005003127338457
1005003218273708
1005003299586409
1005002121230518
1005003180640235
1005003243800185
1005002664522802
4001056674545
1005002042427049
1005003292612017
1005002698313755
1005002004350714
4000148829185
4000852999645
4000210304349
1005003151200882
1005002974839625
1005003191746818
4000252978820
4001123044656
1005001355629539
1005002395418461
1005002866178487
33034274015
1005001338428006
1005003386908155
1005001511784615
4000663653025
33025364426
1005002791486449
1005003042388125
1005002099118925
1005002113122220
1005002003120034
4000769462949
1005001856572246
1005002768147569
1005002598588990
1005002022912741
32968365412
1005001622277963
4001149776763
1005001810771299
1005003209738090
1005002689133979
1005002858160412
1005002534684210
1005001895383000
1005002617196781
1005003209545667
1005002761314193
32735301087
1005002755980473
1005002352791212
1005001948237005
1005003001870847
4000506456611
32860549785
32368364939
4000277073179
1005003141985128
32954122603
1005003091290619
4001275017969
1005003134022262
1005003200385908
1005002884053188
1005002611708787
1005002723045656
1005002974798415
1005002798688126
4000413984450
1005003303885737
4000855722499
32313131392
4000207633815
1005002282398471
4000837868428
1005003162978882
32862978910
4000089553961
1005002610680214
4001260577045
1005002730703508
4000905520447
32889948373
1005003309951517
4001170493916
1005003204117591
4001235654657
1005003391433216
1005002926896043
1005002344740947
4001126650184
4001065682074
1005003212993277
4000626072068
1005002786359468
1005001817241894
33056811235
1005002841064968
1005002247225934
1005001452860184
33014863037
1005003114650031
4000908555598
1005001334626610
32843244824
1005002313815137
1005003158925013
1005002396607956
1005001286972201
1005003214373627
1005002769082010
1005002524264763
1005002023034937
1005003213418337
1005003097513720
1005002442941020
1005002100492248
1005003121932773
32776985962
1005003319589693
1005003128859476
1005003040150644
4000782703640
4000865455327
1005002843029510
4001197018017
1005003176965060
4001206040099
32979345064
1005003001636005
1005003153058367
1005003000602926
1005002439907936
32887543000
1005002265072934
4001108234751
32998317036
1005002994836740
1005002979196365
1005002978448300
1005003239928153
1569510893
1626380132
4000188850508
1005002707664796
1005002939832104
4000897486713
1005003015958583
4000382955795
32646213880
32973227144
1005001670155284
1005003161307685
1005002852079701
1005003335585399
1005002447548114
1005003311897697
32787577779
32818464299
1005003275761601
1005003038181713
1005003196274157
1005001677290302
1005003383333617
1005001764426642
1005002970779216
1005001645628619
1005002621787507
1005001338627079
1005003329152953
1005003148659765
1005002864638607
1005001797569006
1005002651032666
1005002905403125
32979889550
4001316775220
4000441866513
1005003234143630
1005002878707884
4000763449727
1005001688904337
33006558365
1005003170720671
10000220814834
1005002674378109
4000287986870
4001299649499
1005001431942105
1005003242259102
1005003103186101
1005003042118350
1005003018586124
1005003051885582
1005001375297157
32809402211
1005003017311353
1005002830485689
1005003333304874
1005003278908840
4000794776078
1005002537530288
1005001364191797
4000024894359
1005003037935758
1005003365779450
1005003106898752
1005002533761655
32663885646
4000882383632
1005003310938694
1005003345740778
1005002883805530
1005002284535559
1005003262030404
32887078239
1005003286574949
1005003104665317
1005002320559735
1005003223818915
1005003348161637
1005001568297277
1005002123891986
1005001520513430
1005002701420252
1005002112704749
1005003007224439
1005003379909908
1005002559176777
1005003280903554
1005002766015812
1005003097938060
1005003121702656
4001334520836
1005003070246763
1005002438513414
32882225097
1005003345302275
32852511979
10000395855563
1005003010409568
1005001821595670
1005001591027456
33012322518
4001341547076
4000574526203
1005003099182281
4000398808661
1005003209877940
4000714902676
10000000983010
1005003179399113
1005002428554059
4000068305494
1005002328718150
1005003338026390
1005003310845695
1005003344918073
1005002971591995
1005003251640973
1005003145128801
1005001441282688
1005002908154758
1005002912714944
1005001609745478
1005003390246565
1005001885139056
1005001885334072
1005002920928395
1005001661525282
32958250558
32218677121
1005003386310215
1005003017906937
1005002477131544
1005003123518644
1005002413420155
1005003244647639
1005003322093987
32983295329
32849479002
4000405129789
1005002605163629
1005002233107674
1005003285772961
4001341571273
1005002608194679
4000469615175
1005002363744889
1005002393469062
1005001867281694
1005002402118380
1005002957293351
1005003351950240
32750424475
4000956031516
1005002094423054
32985909623
1005001379136928
1005002631130293
4000092076200
32917800025
1005003297940318
1005003336145702
1005001637669578
1005003385144008
1005003270757431
1005002809253192
1005002628314717
1005002983161933
1005003300758584
1005003299774745
1005002584462244
4000337744692
1005003277323360
1005003195309144
1005002883696254
32819292922
4000483948861
1005001614459605
1005002890283857
32862630851
1005002382494680
1005003168435815
1005002585098242
1005003259341850
1005003252182875
32951866082
4000173374379
1005003141301209
4001321612759
1005003336799669
1005002664348661
4001171789644
1005001410789565
1005003287558039
1005002204004771
4000278497125
32976015956
4001037313163
1005003061973858
1005001934870448
32906842941
1005003337086041
1005002213798035
1005003377652570
4000080303442
1005002099781947
32814504779
1005003028439707
1005002737323052
1005003062481611
4000007553934
32874285304
33055520073
1005002679383490
4000970047313
1005003304046909
1005002281807646
32799821223
1005002171665855
1005003212231079
1005003190566121
1005002654408645
1005001772321711
1005003278320164
1005003145988966
32945961344
1005003293874441
1005002949651697
1005003116444797
1005003104375667
4000258068818
1005002982102102
1005003058497798
1005003123596786
1005003266768103
1005003053536075
32727067320
1005002560111604
1005002303954709
1005002405332616
1005003342596830
1005002655264675
1005001620535478
1005003336926132
33043712745
1005003142960765
4000961837988
1005002592395734
1005002775654028
1005002260201185
1005003025944165
1005002613414010
4001110657404
32620614196
1005003237643320
1005002808389590
1005002623988155
1005002324042529
32818176307
1005003073665926
1303762429
1005002476582557
1005003002777316
1005003251948785
1005002409606622
1005002476668095
1005002220181225
1005002353248528
32858646558
1005001593785636
1005002589468679
4001098482348
4000277439359
32909806167
1005003012154402
1005003311107183
1005001309695849
1005002540455029
32968042390
1005002283101893
32880470554
4000464365070
1005003382860600
1005003372091408
4000229964637
1005002483764805
1005003211878280
1005002605617546
32978140589
1005002438984470
1005001736325528
1005003292231169
1005003028865423
1005003199239029
1005002608921567
32893526258
1005002906427286
1005002615241449
32948056491
1005002752100630
1005003229906685
1005002428228488
32296237991
1005002976608143
1005001968281914
4000227116736
32530208859
32861441962
1005002784316577
32827443005
4000254652347
4000685784604
4000768153889
1005002949264694
1005003001199663
1005002483472493
4001255846638
1005002699370324
1005003328669674
1005002912200233
1005003170319924
1005003384915116
1005003193612113
1005003181610728
4000346286431
1005003261841468
1005001672561063
1005003333250962
1005003272408156
1005003080250539
4001237614543
1005003385878668
1005001808287828
1005001921827336
1005003130547380
1005002856402404
1005003055388824
1005003152554127
4001110668355
32829554395
32868552285
32920956748
1005002080105017
4000202459114
1005001350545129
1005001581578158
1005002536950589
1005002765500728
1005003030965978
1005003332478846
1005003208604619
1005003135666025
1005003167295175
1005002599881549
1005002650287215
1005003069111925
1005003193868324
1005003228035580
1005002605436895
1005003008971143
33025634827
1005003148420962
4000143965149
32987470727
1005003334101980
1005001615126903
1005003088530094
1005002753651491
1005002581185032
4000198056458
1005002900323995
1005001758567264
4001115040929
4000119259939
1005002214845869
1005002633515044
4000719825833
1005003076736627
1005002731497742
1005003159850625
32999499222
4001322107579
1005002966683141
1005003048039414
33011881218
1005003147819671
4000666059454
1005002959552848
4000575389429
32876842160
1005003250919107
4000022815821
1005002050329194
1005001471417868
32797493354
1005003266933259
1005001737081724
1005003117253060
4000966159692
1005003129199804
1005003195740764
4000182148855
4001295898488
1005003264778283
1005002453419521
1005001882544380
1005001387090516
33063142355
1005002340567357
1005002668279514
1005001345880053
4000687088257
4000739607546
1005003270338080
32328585469
4000888928327
32979748946
32947888811
1005002490429029
32895752926
1005001722065215
1005002185628275
1005002681804648
1005002779474143
1005002846637285
4000321954001
1005003211553599
1005003004309150
1005003168889729
32999762389
4001079931803
1005003283392269
1005001432630885
1005002974901104
32716229644
10000395851409
1005003319887008
1005003192123212
1005002353363276
1005002875905088
10000343970636
1005002899430967
4000659559845
1005003150695827
32813775041
1005002604547411
1005002546622468
1005002830010478
1005003335760600
1005003014786733
1005003304076589
2055244151
1005002624797061
1005003300595417
1005003006397518
1005001588795222
1005002625950854
4000126453472
1005001509861166
32588210783
32970086021
1005003161835899
32817486151
1005002502296408
1005003278433125
1005002970461136
1005002399847629
1005003357735178
4000076512403
1005003277319869
4001247922809
1005002730584174
32981722125
1005001684080498
1005003325121558
1005003316015007
1005003339475490
1005003138837883
32961440699
1005002318325068
1005003160880777
1005003202263600
1005002569370395
1005001300035154
1005001406326688
1005003185653835
1005002987984322
4000077760952
1908114399
1005002985050291
1005002256279713
1005003312387118
1005002190433797
1005003326302454
1005001430859263
1005002869943815
4001145654724
1005003336204694
33050914071
1005002186046537
1005003362982333
1005002862108335
1005002224231303
1005002738611968
4001239870471
1005002723948026
1005001470084778
4000166871361
1005003088352836
32880370760
4000077250673
1005003138010832
1005002776351087
1005002679791791
1005002971508212
1005002136900375
1005002383164468
1005003276535872
1005003081801478
32951944659
1005001887989502
1005003303968068
4001022702944
1005003385526745
1005003119948022
4000386845914
1005002821601124
4000701486182
2010785979
1005002260576272
33058092778
1005002224519983
32999658392
33016760828
1005003092653038
1005001730675587
1005003297611845
1005001485065928
32775476237
32967386599
1005001438688248
33023865181
1005001309390202
33050344348
1005002028467355
1005002572604078
1005002608444545
616815404
1005002532357466
4000062417440
1005002639084668
1005002779832391
4000785150476
1005002551898609
1005002717491941
1005002548011916
1005002956767041
1005002548125024
4001037339102
1005003283890863
1005003338942586
1005002885922175
1005002661224605
1005003343413484
1005003076630279
4000626905883
1005003141450326
1005003168440705
4001223999270
1005002522034170
1005002926965312
1005003333823787
33063438474
32819516490
32493134835
1005003211750902
4001014855253
1005001310179785
1005001788879739
1005003221855135
1005001441415578
1005003155016423
4000804442456
1005001971064912
32570192552
1005003123859509
32893347364
1005002175553384
1005002990441598
1005001803904630
1005002483664502
4000385276119
32566495099
1005003386485027
1005002821803812
1005003131294522
1005002715663750
1005002925602403
1005002949650173
1005002747011701
1005001800366828
4000592959520
33010415662
616553230
1005003103621880
32821925333
1005002647373006
1005002712744787
1005003313007683
1005003369676648
32716694494
1005003306483437
1005001867352476
1005002262449471
1005003338955944
1005002388746384
4000802027104
1005001789660061
32934315924
1005002883947426
1005003332992450
1005001981470914
1005002280388986
32700031302
1005002986703694
1005001840409305
4000729632372
1005003108469067
1005003019487342
1005002538959107
1005003047307553
1005003301184080
1005002702865052
1005002939936177
1005002963758085
1005001695552331
1005003359275388
1005002798915133
1005002943674872
4001034537771
1005003256181467
1005003208905897
32742091425
1005003250166187
1005001315604662
32859769226
1005002515955470
1005002964564875
4000678141704
1005003299173951
1005002954395481
1005003334884063
1005002499868009
1005003111103456
1005002776305476
1005003330995770
1005003303312215
1005003386256930
1005003177653360
1005002960197344
1005002637242848
1005002123934226
1005003172947933
1005002230618254
1005002323433812
1005003139965999
1005003236758155
1005002234162622
32850770208
1005001511294489
1005002754381589
1005003243809549
1005002926537608
1005002594346199
1005001659155581
1005002293822109
1005002350057346
1005003200687117
1005001511013495
1005003213923121
1005002618677379
33057192514
32655153785
1005003188654950
4001275190793
1005003205241475
1005003117020956
4001000418472
32581096088
1005002894788779
1005002879120532
32962328852
1005002967204205
4000864307500
1005002897634159
1005001623652877
4001254863034
32924227390
1005003032849281
1005002208002273
1005002176493370
4001144914589
1005002238223344
4000971916428
1005002965191223
1005002944231144
1005002907098459
1005003369050155
1005002332029629
1005003022963297
1005003329956155
1005002911676136
32843242963
1005002582985646
1005003347094394
1005001493393408
1005003036190045
1005002995313066
1005002393760018
4000147632668
4001147353246
4001294888640
1005002298833169
1005002941269797
1005001493154107
1005002851859478
1005001496834257
32929405959
4001006412247
1005003331012973
1005003387165871
1005002219565788
1005002122348575
32971652431
32826511068
1005003382520300
32846109621
1005001284757457
1005002982654626
32823657061
1005003360289770
32869393814
1005002789657486
4001244588682
1005002199779562
1005003175491045
1005001296415965
32872563516
32788919578
1005002456612553
1005002272530772
1005003339373434
1005003165443972
1005002315962511
1005001518037846
1005003129041060
4000310665001
33053473433
1005003190914378
1005002512245108
1005002884665947
1005003366085050
1005002925304681
32769110315
4001344759350
1005002557523251
1005002927287050
1005001838385293
4000953864313
1005002989655828
32947053339
4001240154536
1005002703873694
1005002383267835
1005002038089905
1005003061939641
1005002776913618
1005002963287522
4000369962182
4000121462825
1005002252722918
1005003017183014
1005001507207670
1005001278590577
32817144542
1005002512349415
1005003184937485
1005002666345092
4000104528780
1005002447353767
1005002767963866
1005001781802440
1005003161606234
32716757690
1005003298019700
1005003218036821
32838230540
33049529106
1005002588127615
1005003183018189
1005003264760488
1005002058406580
1005002965148688
1005002945557077
1005002007844269
32851240100
32791647747
1005001425833953
1005003336689559
1005003166471013
32897325018
32984751440
1005003242742458
32610828168
4001225183893
4001305708534
32976068984
1005003263674033
1005003086572581
4001275142650
4000567575638
1005001275538369
1005003326293227
32977547057
4000024508944
1005001493214034
4000695521806
1005002102397359
1005002871017654
1005002794102455
32995214143
1005001587057311
4000934663451
1005001445767447
32996797176
1922342263
33003576725
32749372282
4000263581938
1005003220006531
1005002920793058
1005003007784429
4000956376172
4000102833797
1005003331630681
1005001727818063
33011984960
4000298472812
1005003336174652
1005002981832203
1005001990052501
1005002342867768
1005003007637726
33055352120
4001173239836
33014354192
4000028493076
1005002811458491
32983364764
1005002877514937
32908516902
4000357582083
1005003177427288
1005003309825452
1005001762780021
1005003239300851
1005003240121504
4000101326675
1005002420570316
1005002328834859
10000267795587
1005003217292432
1005002994758739
1005002348362899
1005003269890617
1005002333370947
1005002426958150
1005001570926177
32800275009
1005001777078548
1005002394110559
1005002289005874
1005002606082480
1005002592794482
1005002854427202
1005003357562181
1005002224793432
33010588179
1005003187189482
4000219428161
1005002631799460
1005001648337865
32858363301
1005001873349033
32824585595
1005003172587859
32827610322
1000001342040
4000379107401
32983802225
1005001675459092
4000186765112
1005002070369206
32845591837
1005002097333134
4000231513995
1005003375952990
1005002296497505
1005003206437227
32810263630
1815943597
1005003269429934
1005003047713058
1005003276554386
4000894775509
1005003258109947
1005002022546602
32985963483
4000073575801
32822946493
1005001819290979
1005002632169989
4000860756303
4000520248495
1005001860717744
4001219195919
32500993974
1005003302902423
32435241798
1005003348252872
1005003234334559
1005002656438618
32948689234
32959512978
1005001967852230
1005003213106371
1005002727368959
1005003032141918
1005001912602088
1005003207461946
4000427895432
4000835243253
4001148969369
1005002679841243
4000055612435
1005002039198230
32977586100
1005001526953479
33024704825
33028864403
4000707599136
1005002043010769
4001305727666
1005003182459138
32871810266
32600538677
4000144025883
1005003376839912
4001182236322
1005003117696693
4000791634468
1005002920006643
1005003172610866
1005003170502498
1005003312374950
4001306507853
33009747172
1005001370480358
4001123165352
1005001617938175
4000986446244
1005003274849494
1005001689944200
1005002907179246
1005003203690740
32958007360
1005001620281088
1005002015458752
32827780346
1005002698133664
32863797574
4000220530262
1005002626507861
32755034096
10000001446509
1005003368351855
1005002808462260
1005003000538717
4000074088416
1005002396460678
32780245793
4000926790195
1005002734836277
1005003344861362
1005003133881802
1005003342219184
1005002754299781
1005003309750877
32852191576
1005003032350300
1005003207646766
1005003133476725
1005002474017626
4001267201961
1005003107327477
1005002596954373
1005002324073212
1005002901325029
4000363259670
1005002652571277
1005002578101362
4000385945982
1005003115715527
1005003364687445
1005001736634699
1005003144221558
32966276854
4000238722682
1005002839617198
1005002487656226
4000253412166
4000090861436
10000406357528
1005003210406865
1005003329717075
33048833603
1005002983782925
1005002747713980
1005001421481793
32844176359
1005003238763640
1005002877569913
1005003049583269
32914837225
32832512252
32922447265
1005002786732126
1005002688822711
4001327128280
1005002339232154
4001068008934
33009183725
4000043051017
32821512429
4001189398169
1005003025575573
1005001927467092
4000340506441
1005002252224977
1005002771993838
1005003144679945
1005003139458364
4000725688257
1005003152354750
1005002734933905
1005002649174828
32741256244
1005001942010451
1005001916566095
1000004392379
1005002007821919
4000052900131
4001068421211
1005001901393707
32854162359
1005002960835225
1005002574630662
1005003229729400
1005003165292996
1005003146702847
1005001705503483
4001257907807
1005001678206679
1005003264734057
1005003091087820
1005003329082809
4000124245686
32899080209
1005002939616560
1005001544246481
1005002724544921
1005002946270932
1005002272613792
1005002291411688
1005002697741539
1424431956
32854443885
1005001780934288
1005001500177363
1005001970459722
1005003257104479
1005002384453631
1005001360438338
1005002080540477
4000722971546
32773878351
1005003161359171
1005002939681084
1005002011112457
1005003110748628
1005002739165230
1005002049145270
4001272696984
1005003213942983
1005003298042129
1005003363864082
1005003067296937
1005002717560778
1005002400341435
4000365518510
1005001344261035
32905372934
1005003305673969
10000343889878
1005002790531398
1005003356755066
1005002406394831
1005003204099816
1005003135806097
32990878442
1005001682077836
1005003099074501
1005002846884334
1005001579879062
32826053627
1005003224215907
1005003027000442
4001205274358
4000025529141
1005002985341725
1005003317950933
4001295872820
4001066186987
4000336356871
4000327059773
1005001683248780
1005002689196569
1005002313539714
1005002576994333
1005002995206828
1005002605832588
1005001681951582
1005001381294340
32702593971
1005003234702776
1005003112661715
1005003287647273
1005002970886106
32265459276
1005002571572604
10000114141931
1005002580933371
1005001465345441
1005002420455488
10000089276813
1005002588089725
1005001741603099
1005003065176006
10000399951537
1005002266390580
1005002914293981
1076558664
1005002925683089
1005002958215995
1005003003746554
1005002754841201
1005002759694696
4001063507889
1005002762185146
1005001992818976
4000073983966
1005002952843216
1005001713958711
1005002856990830
1005002516781310
4001289346261
1005002356544760
1005002856577760
32478994721
1005003109579779
4001189790338
1005003267605646
1005002714018994
1005003247624028
1005003222920760
1005002028722165
1005003184427585
1005003355556212
1005001636489945
1005003292371244
1005003334807230
1005002966647025
1005003002716297
1005001518510133
32849331221
1005003096855038
1005002966772019
1005001461598895
32752539608
4000941304900
32699362435
32674935661
1005003131437724
1005003257974910
1005002375579587
1005003287633925
33013519312
1005002483004851
1005003195670143
1005002365702582
1005002517113133
32844784683
1005002044525175
32807329263
32981431438
4000218966583
1005002337727378
4000217880131
1005002589247578
32945988581
1005002420616199
1005003151240045
1005003310253401
1005001393052576
1005003333947138
1005001814064605
1005002531191705
1005002562443359
1005002856450446
1005003284942732
1005001929726372
1005003201621562
4000438459455
1005003265108550
32926153214
4000734967848
1005003237254176
32782916700
1005002884850974
1005002344870311
32765871935
1005002722455185
4001207085641
32873187076
1005002288810249
1005003337931654
1005001952769534
32902363359
32972891430
4000317620438
1005003378273889
1005003341018992
1005003178063193
1005002960484925
1005002487073835
1005002316765396
1005001457555212
1005003261695369
1005001687651714
1835983850
1005003184177984
4000698982205
1005001343354555
1005003337647401
1005001859987734
4001135922585
1005003018369824
1005002534211951
1005002671928159
4000290585365
1005002862056704
1005001806257766
33063591891
1005003301163917
1005003187744724
1005003190496777
32877046848
1005003304995194
1005001529425900
1005001447294176
1005003027264419
32838286029
1005001312043674
33044185143
1005001778819018
1005002562331348
4001247101590
4001015350864
1005002218776003
1005002238003051
4000893428840
1005003292654690
1005001941558520
1005003388475488
1005002502371664
1005002345289344
1005001912922428
1005003223323819
1005002434072930
33034476173
33031907623
33055467920
1005002700902620
1005003100368051
1005002313551782
1005003380774734
4000982275541
1005001702824854
4000530493309
1005002759027208
32723872830
1005002241436812
1005003253532420
1005002322265074
4001322788969
1005001804410692
1005001579793080
33040153511
1005002830421417
1005001869036664
1005002648774397
1005003214402899
1005003172925554
1005001972386988
32993966649
1005001565096400
1005003330554828
4001118954962
32968742663
4000161191266
1005001977975545
1005003127386378
32920260591
1005002588073960
32825775262
1005002846789210
1005001698464291
4000113135368
4000867693195
4000891457184
1005003216984260
33022791770
1005002959399102
1005002389950764
33055162431
4001307326840
1005002835633696
1005002090201487
1005002492653300
1005002730673665
1005002325269909
1005003261763821
1005001697777961
1005002568326231
1005003391300710
1005003349571365
1005002489001830
1005002880454269
1005003119906345
1005002063254487
32833738500
32961092735
1005003327392887
1005002176608116
32919497798
1005002951709457
4000661075752
1005001620928534
1005002753640768
1005002291467228
1005003188872675
1005003080349792
1005003023920921
1005003140784688
1005002658293009
1005002325035609
1005002086130846
1005002599701834
4000803291631
1005001412091280
32270459697
1005002794905880
1005002883434398
33000675198
1005002130886155
1005003070567045
1005002604526459
1005003264261423
1005003084845375
1005002984328467
1005003065758914
1005003344848426
1005003198253260
4000165285247
4000719988970
1005002682187982
1005003291927311
1005003145849673
1005002558010088
1005001955199551
1005002702195988
1005002622415035
1005001830922163
32988254834
1005003228022330
32957637314
1005003134649354
33013577159
4001039689739
1005003261706862
1005002226911959
32865048808
1005001977323515
4000113665069
1005001730949280
1005002964515187
4000514046365
32636398071
1005002015444534
1005002401237893
1005003124414324
1005002641159323
1005003385847986
1005003206212215
1005003338006867
32973091527
1005002842222782
1005002360740711
32889034700
1005002949894399
1005002967017648
2033473042
1005003154406632
32851281433
1005002885991142
1005003349418633
1000001705697
1005003223350517
1005003139080698
4000890075990
1005003144347903
4000811036470
1005003160165292
1005002910911336
1005002483944152
1005003101574605
32958247812
1005002356095809
1005003236570461
4001212505029
1005002623784146
32973958208
1005003205894265
1005002722510137
1005003368780741
1005001943540215
1005003195631600
1005002240933558
1005002433622695
4000097541785
1005003018068015
1005002133922058
1005003021584829
32823017636
1005003231474121
1005002803077501
4001274593920
32789118474
1005003108469067
1000001454450
4001159446738
32976594205
1005003317706567
1005003211163273
4000786981393
1005003159005096
32810145967
32978149863
1005002895196287
32359406666
1005002616959915
1005002330506072
4000770912146
32885861469
1005003277264859
32320192929
1005002388914060
1005002588495310
1005003085241313
1005003223080130
1005003014342440
32897865003
1005003331286862
1005003244896445
32898656436
4001264341035
1005002397057196
1005002495404289
1005003093102197
1005003122504608
1005001303434322
1005002799697207
1005002094833874
32832884139
1005003308867713
4000649184691
1005003005156340
32851024869
1005001992951381
1005003183050679
1005003386252552
32909684803
1005001900673524
1005002862978120
1005002003751070
1005002783809539
4001289900906
1005002304321650
32697011615
1005002301372833
1005002482502092
1005002776303141
1005003151682025
32830744725
1005001581125066
1005002849024707
1005003154640760
1005003289019681
4001125805053
1005003026322263
4000905522374
1005003161261657
1005003380033164
1005001505940301
1005003373862947
4000036779658
1005002337307731
1005003067610423
1005002966268805
1005003284663105
4000205253939
1005002652636495
1005001714488727
1005003356369533
1005001514781698
1005002753977329