10000395919660
1005003343696859
32779366635
1005002555295580
1005002885543139
1005002667805797
1005002524386402
32843812618
1005002250765167
1005003106348554
1005002885428359
1005003301285219
1005003077409790
1005002318803040
1005002622759804
1005002357832288
1005002801677241
1005002622868345
4000097974417
1005002181350049
1005002574985447
4000580705258
1005002985750531
1005003160970810
1005002794347634
1005003092731972
1005001764422377
4000492907891
1005003288960189
1005002611122476
33037432223
1005001850633376
1005003157342499
4000352632444
1005002777433788
4000539436957
1005002848670624
32678956574
1005001399560254
32893483027
1005001511203112
4001228518713
4000188569489
4001135499764
1005002734717920
1005002889333560
1005003015995685
1005001773914169
32985545094
1005003367826051
32981073797
32735860460
1005002663303227
1005002983289897
1005003036216705
1005002083993726
1005003171564554
32468036013
1005001917190638
4001268446072
1005002231651856
1005002863185781
32722298459
1005002647194900
1005002989000165
4001005191734
1005001482563810
1005003102623533
1005002095881172
32973047347
1005002662335343
1005003145449639
4001272691500
1005001591535918
1005002518210286
10000397749365
1005001607002891
1005003281819380
1005002950771947
1005002320330343
4000039535709
1005003169619278
1005003328346638
1005003193881288
1005003183201862
1005003336235899
1005003339131670
4000964337476
1005002915904799
4001256134717
1005003269910098
4001225272925
1005002856518488
32785188346
1005003391287694
1005001465010797
4000550494361
1005002655109631
1005002130724644
32854699697
4000592300931
1005001825420556
1005003087167624
1005003188117033
33051682551
1005002371906475
32990453494
1005002923953006
1005002459283471
1005003204097581
4001155860694
1005002241975571
1005003044556408
1005002240933558
1005002996438442
32921998320
1005002666643498
1005002823783475
1005003002299492
1005003223933138
1005001429169759
1005003334799517
4001180275531
32642136948
10000028424474
4001136132107
1005003128707886
1005002052566323
32348509947
32472682781
1005001408540587
32791393809
4000350232700
4001269493179
1005001864254472
4001045758763
32397980964
1005003170026919
1005003285722264
1005003367224671
32858575056
1005002631258465
4001066009727
1005001550744519
32894188768
1005003248501090
33014707419
1005002618757503
1005002473392721
1005003376207477
32858759555
1005003206650376
32961767150
1005001677321632
1005002848186501
1005002111526262
1005002952548315
1005003135508067
1005001877731903
4001080135667
32889752951
1005002765744016
1005001313638570
4000932596200
4000956332868
1005001718334115
1005002335828080
1005002984400524
1005003305133403
33015224086
1005003278514908
4001187270751
1005002862702009
1005002958629236
1005002542763401
4001188983142
1005003134815093
1005003094348897
1005001437617033
1005003043693596
1005003333705043
4001013373252
1005003250975802
4000429774670
4000563951556
1005001933477160
32862681328
1005003149507332
4000941109684
1005002242040932
1005002288967958
1219496277
1005002423650374
32968522675
1005003309901652
1005003360179120
32867356892
1005002284338808
1005003325971362
4000556643539
1005001808288350
1005003266787746
32875436300
4000270340969
1005002767004718
1005002237364838
1005001593045769
1005003310290057
1005003371321643
4000660864728
32353754765
1005002317491040
1005002984051204
1005002690355081
32851336712
1005002991430535
1005001738248193
32932476423
32897181436
1005003338006039
1005003281026685
1005001672452574
1005003290498029
1005001872714181
1005003215460558
32861416961
1005003326221668
1005003211999738
1005003246071879
1005002696388440
4001118473803
1005002433745851
32886366760
1005002525244403
32915832448
1005002857836858
4000461614751
1005003060547299
4000053843793
1005003319071296
1005002895895200
4001344202669
1005003337295244
1005003310020533
1005001993749817
1005002502278604
1005003087404300
1005003008861014
1005003101505576
10000009120731
1005002442074845
1005002470417259
1005003298963951
32467587740
1005002128430986
4000407273172
1005002354521807
10000310543138
32975799659
32933514085
32964856182
2021778658
4001105883016
32908918104
1005001514586250
32869502919
4001230303837
1005003008230806
1005003278042423
4000865421189
1005002846772771
1005003239757362
4001280796491
32994114556
1005003334956360
4000199225175
32817680895
1005002341548064
1005002891692026
4000469137014
1005003334765587
4000162876686
1005001867870179
1005003290212728
1005003328066718
10000360721802
4001251204654
32889396410
32865653066
1005001965134982
4001219644239
1005001453426018
1005002294280018
1005003178384373
1005002028924968
1005003041413117
1005002806453745
1005003168894999
1005002333743333
1005002954729787
1005002433694688
1005003090384650
1005003273592360
1005002990475251
33004211374
4000143903898
1005003203991871
1005001377260041
4000878186626
1005001952953873
33039950106
32443974477
1005002668604192
32969245136
33061367866
1005002700454056
32888908764
1005002476636535
1005002021955836
4000829661135
1005003214411635
32723297278
1005003067746140
32417894750
1005002878511040
1005001446255216
1005002124041776
4000196148468
1005002711389333
4000893931224
32920903855
32919462662
1005001561442255
1005002085497762
1005003329813304
1005002237764030
1005001882504119
32922478251
1005002741023103
1005003244428082
1005003138639798
1005002607972229
4001339256112
1005001313781203
1005002426297229
1005003228343164
1005002462937382
1005003151390832
32759091794
4000856902779
1005001572217273
1005003361200331
32892288329
4000969921116
1005002501124439
1005002781754075
1005002346455682
1005003305100091
1005002588153344
1005003234843109
32704022699
1005002043073183
4000963364593
32956661616
1000008316461
1005003333440580
1005001940171461
1005001482597520
1005001714671810
1005001473932768
1005003112196580
1005003098357569
32844449598
32902355135
1005002563811161
1005003292398434
1005002538394441
1005003198697824
1005003071635627
1005001362711467
1005002876177828
33015565111
1005001607631083
1005003010115649
1005003322941480
1005003204497819
32738636535
1005002877457655
32866643804
1005002602046642
1005002389125685
1005003387688924
1005003248525490
1005002542970778
4000901298720
1005003109822584
1005001890908144
32570328964
1005001588647583
32882133844
1005003069918143
1005002675238922
4001134755490
32956717206
33011538428
1005002893549555
1005003245668691
1005003209640837
1005002826425846
1005002600294705
1005001905013984
1005002884880749
1005002973078850
1005002808684303
32977507824
1005001756310257
1005003130264755
4001148768095
1005002122547235
1005003208352162
1005002218417475
1005002511977490
1223914701
1005003386226885
1005003144469803
4001076751365
1005002672488550
1005002171606145
1005003278986307
1005002938297779
1005003367923974
1005002664428180
1005002674829177
1005003282120877
1005002353927412
1005002572284840
1005002856137382
32978763717
1005001899187442
10000334832771
1005001692498639
32952063378
1005003311172091
1005003248592178
1005002835981259
1005002989318754
1005003352669174
1005001947734983
1005002854574000
1005001971657878
1005003130037814
32564721156
32978784977
32844240451
32917665348
32990891275
1005002791144367
1005003266508982
1005003338577391
4001221301255
1005002824727034
1005003292438654
1005002412737723
1005003206834113
32829877742
4000135455858
1005002259449606
32961671304
1005001916222848
1005003196676058
1005003194601357
1005003286968762
1005003350393788
1005002857137931
1005003390010019
1005002405861233
1005003274327981
1005003354938291
4000492827795
1005003135769430
4000997030222
1005002100254694
1005001650747473
1005002379035347
32980208623
1005002329164559
1005002494379198
4000365073887
1005001508170640
1005002765268947
1005002259260001
1005002116382773
1005002938364469
1005003019730135
1005003146363865
1005002258658387
1005002176521924
1005003190556885
1005003385367160
1005003327672752
1005003150720343
4000691774290
1005001970738221
1005002974419757
1005002603714532
32894377600
1005002581896994
1005003026584818
1005002775615421
4000791522129
1005003197301247
1005001983056528
1005002685545126
1005002567111026
1005003193393485
32809386747
1005003146996372
1005002897605085
1005002995151094
1005002947494509
1005002358522643
32814433498
1005002440427042
1005002906010799
1005002367377282
32963096998
1005002051542902
4001130180840
4001294063660
1005002565993344
1005002234046959
32853506471
1005002734046337
1005002937198380
1005003351921355
32946824883
4000894248994
1005002252954137
1005002354307835
32811750886
33009308225
33017288419
1005003056633637
32975291125
1005003007987314
4000966096871
1005002883769381
1005003125008365
1005002960972854
1005002598730743
32993313314
32962686244
1005002921042475
1005002791511941
1005002559144114
1005002965938659
1005001654185443
1005002283459925
1005001566966515
1005002865982726
1005003030497349
4000762052971
1005001367653706
1005002322724046
1005002923735244
1005003161887973
32944701128
1005003354113979
33010031585
1005002905303923
33020132104
4001112050005
4000677551000
1005003316463171
1005002345199928
1005002722740509
1005002740270793
1005002763831970
32831029602
1005002618244124
1005003010600355
1005003140217728
33056412545
4000466435251
1005003153926539
1005001501397522
33000478522
1005003207739236
1005002523596250
32838980926
32811245359
32886236565
1005002610033566
1005003182436600
1005001430830095
10000395853490
4000826398864
1005002554063118
1005001592939407
1005001460283186
1005002957378543
1005001652095671
1005002613016563
1005001922215013
1005002546262702
1005003102326364
1005002988617135
1005003203286097
4000696777887
32863434664
1005001942620673
1005002425893338
1005003158826857
1005002567769299
1005003345700487
1005001409176102
32848941913
4000284628912
32719564156
32258570562
1005003109314275
4000970567358
4001205452333
1005002722878225
1005003337555762
1005003334373060
535482922
1005003384155528
1005001798026527
1005001949158696
1005003124592753
32959173913
32936037205
1005003282138358
1005002822779122
1005002624090970
1005002329222351
32945437566
1005003380339039
1005002609758400
4001339750887
1005003324972306
1005001501644956
1005003003740535
1005002730747796
1005002862923876
1005003048602511
32707268687
1005003308139931
1005001859710597
1005002944034770
1005003350979439
1005003031920943
1005003339862422
1005002610184624
1005002449320946
1005003251470878
4000771275766
1005001757908548
4000592912992
1005003292875813
1005002951801325
1005002957957082
1005003180585964
1005002380924440
1005002582417468
1005002121103117
1005001620625248
1005003274466608
1005001704169254
1005003195692346
1005003335010251
4001115266757
1005002597709807
1005001437828221
4001237764027
1005003108727067
4000164722221
4000022457422
32920075938
1005003302184200
1005003183394049
1005003351671384
32979334407
1005002867783347
1005003167372735
4001049967842
1005001897809146
33041822732
1005003177275068
4000067394599
1005003106474752
4001163388928
32796217208
1005001506254047
1005002889133669
1005003150229271
10000395809651
1005003255539088
32915670764
1005003337590560
1005001638811346
1005003387893019
1005003342220186
32798673838
519145335
1005002218560726
1005002660403076
4000151873854
1005003047147682
1005002745468320
4000461727249
1005003073124898
4000580838170
1005001604023626
1005003141284102
1005003336149734
32965357053
1005003215565187
32997513982
32955766759
4000206312864
4000959708621
1005002796781187
1005003110017779
1005002780133151
1005002679925268
4000718510531
1005002618540762
1005001607989209
32883610248
1005002498203940
1005002055537405
1005003093702403
1005002198743234
32846150462
1005003035352054
32966537338
1005002593202335
32861431611
32844964939
32777351162
1005001856065587
1005002821675013
1005002790461678
1005003391427510
1005002683645775
1005003124945151
1005002960528573
1005002017220923
1005002767421603
1005002995548613
1005002435800058
1005002657158025
1005002907514363
1005002052622169
1005002760386736
4000668375774
1005003152348066
1005001287902742
1005003022335847
1005003324777160
1005002630654243
1005002970354953
1005002984969729
4000087834331
1005001388345291
1005002619845683
1005002083913752
10000343882913
1005003161853754
1005003187466053
32684657793
4000534108800
4000817669451
4000413721089
1005002559008088
1005002641002661
4000492720208
1005002470592546
1005002505481356
10000381310541
32683610656
32358139547
1005003129639057
1005002682555882
1005002383545879
1005002438549031
1005002871685547
1005001943033576
1005002837439015
1005001705622450
1005003355698209
1005003364862405
1005002576307659
1005002587530605
33005048407
1005002721901794
1000004717408
1005002870533523
1005001880829312
1005001882375482
4000349600292
1005003282877764
32378179586
1005003390958110
1005003095424450
4001022413894
1005002624121779
32777308485
1005003359968104
1005002562040679
1005002448808219
1005002802076882
1005002651178262
1005002832110176
1005002252245386
1005002933897584
32522627963
1005001311931533
32843254788
1005002482992752
4000164031359
32461765408
1005002278844827
1005002824308192
32897836077
1005002593457863
4000335149871
1005003321083588
1005003353865236
1005002935512826
1005002490957987
1005002882441400
1005002231850846
1005003275025232
4000926933212
1005003236297896
4000182533718
1005003381398404
4001283103679
1005002318337046
1005003391357172
32966342022
4000886222566
1005001882495074
32817820384
32828108163
32708360314
1005003346027365
1005002470590762
1005002118775454
4001237431738
1005001972614570
1005001430366870
1005002267925439
1005001803679088
1005003370057875
1005002735502065
32948148461
32622739196
1005003273826425
1005001305340882
1005001966536112
1005003313170428
1005003390877568
1005003125850350
1005002755941799
4001294741899
32294414784
32746002302
1005002856290375
1005003304987924
4000470438809
4000186994646
1005003267583393
1005003197236712
32969437062
32869180665
32959182144
33005437286
1005002817064087
1005002255055478
1005002604759277
32817104699
1005001429447335
1005003271081152
32838533741
1005002477936244
1005003171104376
1005002599802051
1005003391560492
1005003153363289
1005002500353328
1005002519828815
32897107577
1005002346854693
32915732209
1005003017198927
1005003074928056
1000004392375
1005001821880564
1005002552291689
1005002898480170
1005001693161371
1005001568309317
4000928121158
1005002271504719
32217363336
1005003018280598
1005001593319138
4000164462348
4000203629232
1005002094011975
32827452744
32846369117
4000685625262
32650466452
1005002898936723
1005001571968344
4000265442400
4001278918182
1005003103080912
1005003251873603
1005002228488840
32935123187
1005002717507009
1005001780602922
1005003387703882
1344488468
4001286017363
4000233885252
1005003310646384
1005003186879812
1000007485874
32996071080
1005002758498638
1005002981605797
1005003086311234
1005001436170670
4001276246848
32803705893
32903040745
1005002777985268
1005002231562707
4001159420419
1005002107896456
1005002371519880
1005002608768906
32989493461
1005003299545889
1005002350852544
1005003185057543
1005002842821973
1005002014732251
1005001320407028
4001245259236
1005002625347378
1005003330854426
1005003318730801
1005002220128185
1005001882230488
1005001915313254
1005002769265296
32408366374
1005002315149170
1005002118698569
1005002985436754
32893805402
1005003097434770
1005001560355960
1005002572920281
1005003117408111
4001199438020
4000842448040
1005003082984872
1005003388069078
1005003171685324
1005003297885738
1005003386258656
1005002413440706
32996687673
1005002460256347
1005003339138321
1005002755649219
1005002551246634
1005002327237647
1005003261254112
4001104580059
4000705727840
1005002406170171
1005002672071555
1005002994606135
1005003207783544
1005003269038959
1005003387724995
4000778256401
4000627022486
32894804919
32963607714
1005003328103842
1005002393594026
1005002855594447
1005002655205846
1005001738129941
32966196072
4001122864008
1005002323310086
1005002873626438
1005001546829532
32884615818
1005002258291013
4001284998747
1005003361303495
1005003283302822
1005002332489230
1005002270318193
32819715136
1005002604662761
1005002975984981
1005001424863894
1005002313082939
1005003167257905
1005002254810830
1005002647232979
1005002597457347
1005003337807462
1005003122871171
1740670342
32848246858
4000424930543
4000331356340
4001332329592
1005001547596524
1005001487809138
32841866239
1005001680631063
1005002733225841
1005003299205966
1005003223731616
1005002876052498
1005003342678717
1005001414978544
1005002443144107
1740386544
4000890797725
1005003197314043
1005003117273596
1005001653030765
4000625256161
1005003258543287
1005002605615534
1005001803432347
1005003070665893
4000598596191
1005003102544684
1005002970583092
1005003183334668
1005003038699445
1005002710432036
1005003235678115
1005003266305628
1005003388381228
1005002990371473
4001293721203
1005002475500468
1005002606814055
1005002497391049
1005003019559787
1628969553
32948771598
32881276045
1005003243155756
1005002286056076
1005001335747086
1005002631020455
4000856980475
1005001732121171
1005001935853369
1005002616705631
1005002572475317
33036755829
10000039406778
4000437031997
1005003073672517
1005002789166504
32812135866
4000695694383
1005003164095871
33049712459
1111209081
1005001303782307
1005003388433795
32954013150
1005003385077243
1005003011964976
1005001459891028
32809976007
32856636651
1005001474819991
1005001512411629
1005003277902285
1005002592363552
1005003311044610
1005001761639732
4000341051815
4001080197224
1005002571179637
1005002875137725
1005002003525534
1005002688711456
32954314090
1005002308969124
1005002347037628
32989177340
32982534074
1005002682204093
1005002926875958
32979598496
32877906209
4000853477194
1005003337738131
1005002996777738
1005002090607027
1005002830053169
32963200068
1005001481272469
1005003278907354
33029519604
1005002875203235
1005002963549363
32847402418
1005002837523950
1005001419384958
4001047875326
1005002855117127
1005002630299278
1005001852110349
1005002739304350
1005002196734708
1005002449267965
1005002014296713
33041045560
4001024714885
4000018681359
1005002935094846
1005001488819164
1005003381456892
1005002346867805
1005002933123374
1005001393200223
33055517901
32974617588
1005003142337514
32862088806
1005002314352290
4000130555325
32961099712
1005003312341212
32856162510
1005003273159848
32741880332
1005001955928519
4001149334272
1005003324952704
1005002993012154
1005002104924969
4000889615640
1005003020774739
32896769214
1005002073546309
1005002410832708
4000147218184
1005002476043441
1005003001931911
1005001627764208
1005001704012894
4000492666902
1005003233587360
1005003311308019
1005003056679933
4000642523319
4001084095481
1005002008646720
4000125459415
1005002974024078
1005002824314360
1005003315394992
1005001588862347
1005001543478183
1005003178573290
32946424685
1005003327808143
4001235073839
1005002928026199
1005003389660352
1005001758059249
1005003384624067
4000883367293
1005002618644129
1005003355597863
4000196058585
1005002513386332
1005003383867342
4000507240648
1005003148155777
1005001900059671
1005003004079890
1005002279144877
4000840520723
1005003262875879
32902171705
1005003339143815
33003670911
32899187557
1005002900909200
1005002946202803
1005003313817975
1005003172948126
32835681433
1005001469478269
1530343968
4000695382707
1005002676427312
1005003332505563
1005002884554279
4001179220433
1005002547578752
1005001316749288
32725731051
32958746151
4000843318952
1005003077936033
4000349261585
33054996106
1005002959179710
1005002762962150
4001050269942
1005002110513230
4000892236015
4000776689650
1005002857813160
32963662429
32822752423
32677882588
1005003247402207
1005001889873439
1005003108873463
1005003304412752
1005001747395259
1005002280939404
4000177847477
1005002762607059
1005003016511223
1005002655413026
33024683504
32909928884
1005001436070107
1000007422938
4000748051545
32723955640
1005002100465647
1005001575451070
32358459388
1005001405455362
1005001387555304
4001065981553
4000127802388
1005001980615362
32732448947
32863962494
4000413631654
4001256125205
33008885108
1005003296591114
1005003343660706
1005002511064836
1005003122638983
1005003253252120
1005002288994619
1005001448491217
1005002551482046
32787715439
32855857914
1005003053693439
1005003245851653
1005003082796457
1005003274366960
1005002219896947
1005002700224084
1005003047516424
4000466490391
1005001858019315
32919236069
1005001885652977
32955137032
1005002443162165
1005002058505656
32754540666
4000567810894
4000783080948
1005003038201291
1005003139011162
1005003219202488
32951454208
1005003123295048
1005003255864407
1775142814
32852302858
1005003120413364
1005001889111621
1005003337777704
4000824353912
1005002876409101
1005002725650544
1005002235981570
4000019295069
4001278734596
1005002051880465
33019361679
1005003145406600
1005003257534363
1005003219460208
1005002545165261
1005001768203597
1005003176955220
1005003155272633
1005001414508567
1005001882444342
1005001898705810
1005002971398024
1005001641614075
1005002125202860
4000190817625
1005002856634805
1005002803846345
1005003309708333
1005001720732099
4001217802276
1005003129348645
32814071611
33021184960
1005002253078369
1005001810744466
1005002419027679
1005003193648981
1005001693767637
1005003096528691
4000133794302
32810006870
4000089834420
32616667233
4000865414493
1005003201269990
4000094631611
4001037755120
1005001704284032
1005002820563751
1005002376666483
4000730014907
32957080998
1005001920241433
1005001823957216
33009554033
1005003134085973
1005002401111211
32973109781
4000691755951
4000848628006
32973551773
1005003107406931
4000404284001
1005002540912572
33009484137
1005001891689291
1005003157469333
1005002926484276
32895521325
1005002940777228
1005002374921434
1005003125547882
1005002332704240
32660381241
1005002363176043
33046098333
33001830749
32940186216
1005003028963216
1005001385429820
1005002384317726
32952887451
1005003367511259
4001282801715
32804033900
1005003161797207
1005002615927628
1005002717317859
4000653340110
1005002558998730
4000118451333
1005003382137911
1005003345623049
4000675029147
32736679374
1005003018231019
1005001677916461
1005003225332253
1005003095656865
4000198069333
1005002196101882
1005003238951130
1005003344378643
1005003337738406
1005002930834875
1005001893195766
1005003342083668
1005001971776357
1005002501020207
1005002776676551
1005003228186054
1005003012963436
1005002489801892
1005001914870041
1005003149432112
1005002344625856
1005003307156957
32887783408
1005001743165042
1005003230543430
1005002299266928
32973349730
1005002932612523
1005003203633205
1005003363553822
4000434481301
1005003338738295
1005002932418389
1005003135693455
1005003166745326
1005002444126625
1005002491420224
1005002046023690
1005002748739838
1005002654459558
4000356219669
1005003201844361
4000143692443
1005002304946982
1005003387494902
1005003389166212
1005002766548803
1005003358681057
1005003063954971
32977334563
1005002722661979
33005093815
4000582519397
4001221900072
1005003323867567
1005003212120381
4000468580394
1005002895582263
1005003091421484
4000180162877
1005002322728501
1005003334782815
4001347258778
1005002312033298
32688909735
1005003251920405
1005001591141594
1005003210504928
1005003318744655
1005002398865447
32964127788
4001083372265
1005002523598743
1005003177980432
1005001887546943
1005001539910621
4000723346723
32918154805
1005002427761734
33030073356
1005003228838050
4001308046109
1005003322024738
1005001699312631
1005002955123063
4000130133468
1005002829275467
4000250442302
1005002369030085
33023774203
4000127492590
4001004820316
32697891664
32851648778
1005002723644963
1005003392951138
4001330893614
1005003338009644
32786379432
1005002261011344
1005003375317812
1005002428621228
4000504347193
32722047449
4001167622091
32826949203
32982280494
1005002704982596
1005003083121667
1005002789888157
1005002315946534
1005002338963694
1005001683269771
1005003255076704
1005002315702649
1005002787762680
4000462882996
1005002291516339
1005001924143659
1005002303971368
1005002711455249
4000714213818
32357451083
1005001622574564
1005002583182947
1005002926008002
1005002854718751
1005003276439707
1005001792239793
32973730568
1005002795629939
1005002412870258
4000241854676
1005002547365808
1005002862062498
1005002115437717
4000645381404
4000773643638
1005002381139570
1005003333731747
4000096939550
1005003107134747
1005003250568891
1005003160410052
1005001296622044
1005003250651450
1005003117210168
1005002925657561
1005003380022732
1005002855852344
1005002682024986
1005002900463352
1005002358705678
32918552892
1005003152646158
1005002990411428
4000771139638
1005003305800217
32756215136
1005003113457522
1005002985068332
1005003228295837
1005002957118215
1005003168746711
1005001750920387
1005003173231015
1005003147502509
1005003329231575
1005003320594829
10000343993850
1005003234445309
1005003366166597
1005002582214028
1005003355415128
1005002973597426
33050938376
1005002431354154
1005002975124383
32800493236
1005001894564568
32973227144
1005002326419337
4000170243201
1005002848482459
4001260630872
1005001483406659
32825280432
32998548012
1005001411957400
32938662422
1005001708849955
1005002963978057
1005003130170659
32977306791
1005002282693471
4000068590331
4000256366390
1005003348285831
32809505208
4000644505205
1005002192053874
1005002130818075
4000226978766
1005002862747499
1005003370635399
32967546524
1005003001494351
4001241904488
1005003249822512
1005003122000557
1005002342456872
1005003388214570
1005002602651382
4001077963963
1005003363256449
1000007381760
1005001689797105
1005001702647142
4001219102341
1005002971240000
1005002833599784
1005001579448159
1005001806341144
1005003133986800
1005003346441488
1005001373364796
32750436095
4001062301751
4000755454905
1005003272663931
33016356724
1005003368872864
1005001926554267
1005003186101334
1005003384758330
33001143970
32897399691
1005003367671919
1005001514603072
1005003154967505
1005003153890446
1005003189524669
1005001340014849
1005002835118247
1005002611692661
1005003045522440
1005002344472295
4000392858248
4001203144113
1005001871429287
1005001509659552
1005003025219481
4000183573925
1005002656749923
1005001438019633
1000001179496
1005001351451900
1005002722758373
1005002984281765
1005001337869784
1005001278771390
1005002593054217
1005003192780886
32969088778
1005002310324726
32961910637
4000847830703
1005003211839622
1005002954652447
1005002443123244
1005002350454252
32455680012
1005002598606329
1005001394877049
1005003208755426
1005002989697594
1005002780195885
1005003213886338
32618879208
32973734996
33050894470
4000583637727
32910737356
1005003329544256
1005003272906095
1005002571886676
1005002119060835
1005003094164268
33025018990
1005003259850486
1005002372446152
1005002622397676
1005003332458108
1005002357666962
1005002859978041
32822060547
1005003348382515
1005003239174207
1005001504142873
1005001792168810
1005002949343658
1005002298441020
1005001395539345
1005002264627631
32842493110
1005002810779996
1005002747230415
1005003096696356
4000310668656
1005002964944110
4000589918126
4001031207873
1005003090530507
1005002577187457
1005003086883047
1005002310449831
1005002768673067
1005003055949524
1005003229072893
1005003275473531
1005003275306215
1005002876712502
1005002608959321
1005003189334160
4000847679896
1005002356877038
1005002755920973
1005003037256389
32885637730
4000250232729
1005003336937215
1005001499430101
1005003183996738
1005001269991410
1005002935326004
4001157918281
1005002879784900
1005002424550318
32865151837
1005002570534436
4001179678207
32751721749
32890931962
32948319920
1005002117672807
1005002315516929
1005003346711039
1005001592964185
1005003332444678
1005002302165717
4001278416889
1005003018098627
1005003075122922
4001268812995
32910201026
1005001591979494
4000259693422
32865443038
1005003281085809
1005001781377423
1005003278523807
1005001311300573
1005003381112444
1005002759017231
1005003326038979
1005002538005824
1005001672464849
32879607079
1005003333286450
1005001699500135
1005002631147062
33037481115
1005003166609637
1005002245951960
1005002684106266
1005002983824306
1005003356942874
4001361453197
4000570071211
1005002796916492
32914417479
1005003009499130
33039763230
1005002326679695
4000944933441
4000709640891
1005003380132541
1005002495741130
4000720233533
1005003144109160
1005003339787411
1005002287001708
1005002847820776
32814918709
1005002058571184
1005003167575363
1005002919174861
1005002837396673
4001039038635
1005002926859539
1005003382297264
32845624297
1005001354963006
1005002600743443
1005003322736124
4001239249860
1005002828106237
1005003050875391
1005002939338948
1005003197261287
1005002198814979
1005002836130452
32851861054
1005002052601319
1005002940162505
32948148118
1005001710645636
1005001468323311
32815714424
1005003106652796
1005002741034945
1005002505247305
1005003098257910
1005002083993704
1005001392488931
1005002955157185
1005002493723060
1005003341520352
4000300765782
1005001604423324
1005002756788228
32831414531
1005002704938980
4001162623057
1005003369771146
4001255576146
1005002856746522
1005001510253595
1005003315087499
32973723716
1005002794079819
4001029619347
1005002237728187
1005002619909381
1005003044526542
4001104073263
1005001349912290
1005001438477778
1005003084419868
1005003060329596
1005002970141457
32952854820
1005003065954850
1005001566417939
1005002535237544
32838278679
1005003021558221
1005003245146977
1005003383787878
1005002774336578
1005002961765549
1005003143863729
32982212705
4000490266998
1005002740396158
1005002821758723
1005002133235480
1005002003846021
4000438121892
1005002688787279
4001058144424
32961549646
33032968004
4001044550794
1005002978267244
1005003139648152
1005002617759161
1005002717027343
4000054180412
1005002678644682
1005002872401204
32965079382
1005002347020662
1005003195008742
4000385447214
1005002913224650
1005001566037019
32995376370
1005001814537844
32904414169
1005002594488208
1005002775322092
1005001834268881
1005003330976948
1005002298093499
1005002617592514
4000597796217
1005003090401858
1005002885585318
4000038371915
32836057448
1005003223060492
4000856247615
1005002931726411
1005002960860737
1005002990313405
1005003296929310
1005003076780099
1005001466284511
1005002341351888
1005002794508495
4000936124545
1005002624424068
1005002692111638
1005003048618356
32961962855
1005002205770613
32892619492
32855982869
1005002240458442
1005002869116743
1005001425411410
1005002701097121
4001204625412
32891132235
1005002920130593
4000866882638
1005002214548861
1005003115242200
32969522489
1005002351321363
33024540024
32907684685
4000865409642
1005002069394073
1005001316679530
1005001313126687
1005003336932331
33009142054
1005001717267554
1005001479064231
1005002453102696
1005003067832262
32741364675
1005002785966962
4000991681872
1005003337144627
4000714228730
1005002945307416
1005003273132659
1005003307408340
1005002884536172
32839730682
4001285163585
1005002604551437
1005003148711222
10000395882730
1005002584994674
4001229060109
1005001841827839
1000001169209
1005002984081669
4000599609504
1005003344766930
1005003056569787
4000789991150
1005003129641935
1005001625771320
32806655140
1005001567269907
4000773999226
1005002997711891
1005002496166341
4000188812191
1005003109868941
1005003326786944
1005002919109022
1005003101839449
32891173225
1005003092167309
1005002976834405
1005003223517923
1005001565400576
1005002607969434
1005002638459408
4001179696971
1005001750090787
1005003094570845
32884347891
32283396009
1005003304181931
1005003289841090
1005003223234063
1005003118267689
1005001556913861
4001328358815