1005002542086149
1005001369472039
1005001797548927
32941482546
1005001530078597
1005003020256000
1005003233923127
32888506849
1005003096643665
1005002253866954
1005003157136380
1005003310183637
1005003202991092
32993578945
4001108029698
1005002567851532
32806967608
32884968303
1005003220578565
1005001273391422
4000704335525
1005003374176317
1005003293595997
1005003288951054
32919205422
10000197450221
1005003167810717
1005002386781916
1005002877225974
1005002432120049
1005001913492690
32258501342
4001200809250
32932899420
1005003134955892
1844931117
1005002613274483
1005002657219054
1005003383243396
33026961987
1005002596724333
1005002647190991
1005002431302347
1005002703165211
1005003201998356
1000001284186
1005001302184501
1005003037273452
1005002083732686
1005003220041298
1005002960478570
1005003238776903
1005002400808941
1005002650316599
1005001780195250
1005002252571088
1005002464966558
1005002317086105
32821702435
1005002978891290
32906689825
1005003193770534
1005001807202397
1005002083872806
1005003202753958
4000843588623
1005002259468202
32984434994
1005001288166182
32966887880
1005001648446733
33041332456
1005002315481196
1005003092421434
10000011809948
10000315947866
1005001703041463
1005003273386095
10000372135095
1005002329260164
1005003088093425
1005003208510940
1005002767307768
1005002639022452
1005003276945544
10000343960931
4001270346929
1005002953579450
1005002870367153
32958519577
1005002683142656
1005001948159694
33027046412
1005003038323483
32906382531
4001322181034
4001249282080
1005003357553694
1005003066692476
1005003204155205
32997774152
1005002786791126
1005003284955662
1005002667178018
1005002943767696
1005001980401801
1005002652161478
1005003388510196
1005002652486300
1005002582423829
1005002953428378
32818945761
1005001268806091
4000597907133
1005003264802227
1005002876616965
1005001441258831
1005003060454959
1005002460921519
1005002657154261
1005003234944438
1005002894980031
32879656467
1005003314254293
1005002197829211
1005002428721045
32885183353
1005003291076408
32857825234
1005003203581858
4001080672470
4000597253748
1005002731810872
1005003302380772
1005002617814266
33012196331
4000726432263
1005001882749161
1005001444734768
1005002341972479
1005002924602192
1005002996703265
32282756991
1005002783650584
1005002136124681
4000907745102
4000889595612
1005003115441905
1005002288908863
1005001917843818
1005002097028231
1005002868595882
1005003097950726
1005003225455205
32831724940
1005002983884094
1005002626530088
1005003126100868
32858503301
1005002492671246
1005003354119946
1005002618398857
1005001825042840
1005002277721743
1005001930884621
4000857570882
1005002510860783
1005003334440105
1005001617491473
1005002283709600
32991670518
1005002770377508
1005002129350550
1005002656615831
1005002766657423
1005002081820383
1005002912924569
1005003262526083
1005003151717066
4000341479323
1005003153340273
1005001652011451
1005003120076584
4001042340687
4000051155975
1005001894943279
1005002557462667
1005001303474995
1005002106019110
1005002595219514
1005002363174329
1005001441431569
1005002922212431
1005003163816345
32981295628
1005001472333469
1005003307590896
1005002363756027
1005001266185919
1005002448205768
4000842787181
32976083920
1005003202471566
1005002894766745
1005002301217235
4001098479847
32965789222
1005002618757921
10000395835039
1005002112569859
1005001451172497
1005001493637213
4001037386763
32969991439
1005002792292470
4000336659320
1005002658103447
1005003242411384
1005003210196515
1005003150420690
4000677391458
4000981893124
4001197323066
1005003328006034
1005003304592941
1005002325329487
1005003090383054
1005001333804247
1005002649865704
1005003139891175
4000909094629
1005002506759188
1005002323307265
33033782144
32990937540
1005002940301225
1005002875890857
1005001334757354
1005002834070300
1005003390104449
1005001499867483
1005001877639508
1005003339021595
32862145860
1005001287269854
32752786966
1005002689131894
32971420930
32978181328
32972891430
1005003303182239
1005003391119135
1005002598846008
1005001397944256
1005002921189012
1005003161382260
1005003288245011
1005003189257475
1005002186040337
4001192693477
1005002577207059
4000186897593
1005002040095889
1005002034471635
1005003115174209
1005002848891466
4000610063616
1005003209172295
1005003021827968
4001304649687
1005002461022845
1005002220877656
33023815140
1005003183256870
1005002753901807
1005003128073646
4000903660473
1005002784690633
1005002324108920
1005001563119311
33000721015
10000214680533
1005003066985485
1005003239445821
1005001360156980
1005002352219150
10000345056467
1005002349626780
1005001567292583
1005003219922831
32968407987
32859831026
32981798977
4000930239911
1005001593284253
1005002973416987
32915607325
4000880414421
1005003232418034
1005002959749049
1005002260828533
32835407642
32422564557
4001231286436
1005003173839620
4000392886839
1005002622797875
33059679102
1005003099195956
1005002655469607
1005002855756255
32992851670
4000610080333
1005002813268516
1005001869843236
1005002616274462
4000991292947
1005003255242956
1005003361825978
32679764754
1005002846099839
32965019757
1005001715469876
4000662533984
1005003381096989
32899170409
1005001997205919
1005002835559815
32981072860
4000316887959
4000641185318
1005001696520344
4001033997221
4001294353610
1005002522769827
4001042326341
33024296682
4001140817304
4000219352643
32882703640
1005002918570607
32800750787
1005002174702859
33009536405
32828089919
1005003107500199
1005003390250177
1005001427345880
32942924053
32970200799
1005003041661762
32814092482
1005003001670805
1005002133955169
1005002943467229
4000088566754
1005002991187187
32779311168
1005001998392862
4000677325366
1005001698462540
1005003370744511
1005003342986143
1005003057393390
1005002176327696
4000126231908
1005001572780938
1005003339083206
1005002705287107
1005003311005558
1005003069552954
10000055576123
1005003058610241
1005002132365103
1005002470823285
1005003086976784
32846418656
32305011285
1005002608753348
1005002638177602
1005002852463731
1005002555917047
1005003327758696
4000829033294
4001043108081
1005003218567446
1005002397818088
1005002475606508
1005002372644882
1005003235788163
4000834804757
32749211063
2033479649
32671602325
1005003360392370
1005002737069058
4000161917871
4001133897744
4001150703511
33045528405
4000166352104
4000149246953
1005002759198872
1005003137070225
1005003388412911
1005003043092108
1005003319052562
1005002073325079
1005003355235094
32881147894
1005003354920356
1005003143841612
1005003093712144
1005003211124414
1005003014431471
1005002895723476
4001139077782
751055524
1005001774817927
1005003332476140
4001125846624
1005003265269315
32898567557
1005003292084706
32753054431
1005001688897242
1005002628801467
1005002130394403
32863045782
1005002551707125
1005002705277010
1005001324980585
32867637504
1005002788938478
32820929843
1005003188008358
1005001644326428
1005001887915619
1005002227564968
1005002114872763
1005002376071975
32608987475
10000144726353
1005003333000982
1005002373239207
1005003137702227
32821769864
32943235146
1005001906943572
1005002842009472
1005002880167508
1005002990593197
4001199400162
1005002710280113
1005001266967601
1005002000195686
1005002884653786
33048477182
1005003212772823
1005001962600467
32811101552
1005001841506189
1005002745413389
1005002495366839
33061510241
1005002546910586
1005003170539030
1005002350201574
1005003174851958
1005001992235739
1005002856557535
1005003256473649
32981265700
1005002992089069
1005003016563126
1005003252410495
1005002883613478
1005002053240680
1005002985278293
1005003385884695
1005003298943264
32828265083
32946818464
1005003323861477
1005002141406056
32808972919
1005002418290906
1005002795124750
33012305931
1005002895371193
1005001688193304
32821201374
1005002561076726
1005002453820844
1005003223859212
1005002960935707
1005003241718903
1005003109266043
32797594916
4001209115220
1005002866593331
1005002103699581
4001105658137
32975048029
1005002927428231
1005002294178510
1005003208265964
1005001593633551
1005003385876968
1005002870407237
1005001490133608
1005001834754355
1005001905045982
1005001989567901
1005002107842743
1005003207467820
4000763960878
32970616969
1005003380794966
1005003025513674
32921012538
1005003080399928
1005003329513719
1005002801820519
1005001632519899
1005001441374122
4000196417489
4001145482117
1005002990984871
1005002906924948
1005002624780265
1005001827080688
32876971866
32995060098
1005003045258413
1005003259620110
1005001425894501
1005001665056824
32994480032
33032688519
4000853787906
1005001905901274
1005002632204128
1005003014180623
1005002675869734
32788124434
1005002755348192
1005003270706291
1005001721793709
1005003219541635
1005002978228964
1005003344684808
1005002776311404
4001308038363
4000537337524
1005003263929099
1005002752883629
1005002715471998
1005002073949210
4000712176372
1005001943487829
4001013627795
1005002940109008
4000253154753
1005002618016894
1005002372936978
32840444258
1005002530264580
1005001878309053
1005001957539854
1005002680769450
1005002881891827
1005003258568439
1005002357455601
32910013764
32798386920
1005002876683659
4000380798025
4000321627950
4000017967147
32849802541
1005003344855457
4000986156483
1005003067316348
1005002324462152
32968919279
33021278737
32786916321
1005002284076975
4001048038235
1005002220790350
1005001379740516
4001326029584
1005003064707669
1005003275367536
1005002869177142
32836658576
1005002363678456
1005003342517025
1005001602592159
32968039458
1005001952210895
10000142561778
1005003036851920
32798027674
4000786219595
4001312866200
1005001820369878
1005003150874274
1005002244714638
1005001734725696
1005002615901399
1005002593189256
32855979532
1005002510929405
32320325698
1005002675524238
1005002510491537
1005002680979626
1005002618574762
1005003287867118
32817259995
1005002632416935
32766001603
1005003258444586
1005002050756097
4000220531618
1000008316627
1005003221858486
1005003087440531
1005003292796241
1005002828754244
1005002316550805
4000852667977
1005002569838402
1005002033407414
1005001892016360
1005003124942878
1005002998982657
32981755811
1005002354471959
4001041809571
1005002477079923
1005002146514446
1005002920215369
1005002708911358
1005002376488208
32983080716
1005002253534517
1005003290510232
1005001838826476
33035989635
1005003246240430
32896956167
1005003222391743
1005001320228232
1005003151630401
32868093242
1005001726514669
1005003393127436
1005003254257099
1005002797484650
4000419032942
1005002323701457
4001036138685
1005002755861733
1005003312027629
1005003055463599
1005002350777654
1005002931516866
1005002388903161
1005003088433781
33012734130
1005002578256626
4001248377562
1005003295246737
4000203807753
1005003249980905
1005002957075253
1005002313518444
1005002319411489
32727767270
1005003316500814
1005003330519251
4000032926193
1005003351875118
1005003330378863
1005002593236257
32976253857
4000084479504
1005003230027680
1005001793969661
1005002365508622
1005003308186635
1005001987223798
32999935444
1005001666376035
1005001296919795
1005002664326530
1005001286154404
4001077302579
1005002791126426
1005002685178627
4001139155661
1005003053444829
32850494987
1005002525256813
1005002822509439
32905609381
1005002754741943
1005003157289349
1005003081755722
1005001493251221
33009945607
1005002765833165
4000784482563
1005003281003091
1005001722036613
1005001598455783
1005002732165797
1005002643148102
32747310459
1005003391336240
4000837241574
33062955177
4000298954949
1005003382575111
1005003161532688
32867303902
1005003104808533
32808776558
1005002604139851
1005001773893950
1005001788833600
1005002546617391
1005002747040341
1005002795480324
4000308908674
1005003032706737
1005001430161081
33039706704
1005003117255342
1005003099983556
32915526820
1005002862204684
32958156665
1005002630824273
1005002756032181
1005001749945691
33022868898
4000260050022
1005002338637939
4000559657769
1005003039651889
1005002555225059
1005002752165274
1005003367796049
1005001622200196
32974505943
1005003386297626
1005002108626511
1005001555737377
4000210268962
1005002635155658
1005002926757074
1595210442
1005001555196409
32946298205
33040120639
1005003282829051
1005002693822892
32949602376
1005002263812421
1005003384431202
4000619297547
1005001694041219
32767189684
1005002012172581
1005003179294877
1005003158991518
1005002974808286
1005002077371729
33002690633
32963719809
1005002128799169
4000629243755
4000390706180
4001034696959
1005002264363910
33053167337
1005003326749082
4001300384259
1005002939250970
4001084083492
1005002835304335
1005003230629668
4000866445313
1005002647241691
1005002992212642
1005003186388197
1005002934774426
1005002855310278
1005002277372754
32958342610
1005002923746028
33060434744
4001294827896
32967895768
32876313708
1005002131076452
32918287526
1005002905887856
1005003080819350
1005001608796440
1005003304740283
1005003109556657
32766426674
1005002779888855
32777037311
1005002971212209
32971367874
1005001405741948
32861285001
1005002753845208
4001360010665
1005001359225421
1005002996257622
1005003211816428
1005002973494560
32746921131
1005001741020292
1005003159058561
1005003326366150
1005002939800768
1005002736279451
1005003030362176
32870332352
33059384166
1005002679089884
4001085629451
1005003089035608
1005002897154380
1005003298982213
33014105849
1005002917496353
1005001845515989
1005001739553050
1005001914535362
32939606117
4000291366194
1005002897525718
1005002595474195
1005002125497684
1005002577946906
1005003365014040
1005002733221686
1005003102534534
1005002363159863
1005002083814909
1005002329731045
1005003026840090
1005002315974073
1005001469369239
1005002939423335
4000279008526
32738907025
1005002742977098
1005003329865355
1005001977436706
1005002717774785
1005002277040638
32600622869
1005003271417908
1005003147562874
32952229059
4000656283450
1005003357054105
4001050315797
1005002504821958
1005002340129671
1005002133944247
1005003004078455
1005001961256506
1005001711373090
1005002361511828
4001277704790
1005002926779019
1005003207681392
1005002949831570
1005003380528904
1005003292818866
1005002080959477
1005003359724549
32985783699
1005002939132789
1005002257913310
1005003166429286
1005002940572977
1005001285968729
32906543378
1005003194457078
4001192951134
4000905672699
4000419772309
1005003223447678
1005001686030805
32789806062
1005002848095135
1005003228464891
1005003244654215
4001038373110
1005001632407102
4001079853154
1005002377198564
1005002531489383
4000119068338
10000181011118
4001155152909
1005001769715838
1005002660462409
1005003305757414
4000475150105
1005003119244974
10000062977419
4000008178775
32857225054
1005002007833026
1005003103311558
1005001453915215
1005002689680852
1005001601537640
1005003110016498
1005003060337874
1005001695358806
1005003158991518
1005003382448430
1005003014329529
1005003035955992
1005002863496474
32893209975
1005003079890498
1005001730199771
4000365419523
1005003297539757
4001038999848
1005003139656379
1005002854603654
32810384719
32832239126
1005002840885643
1005002813576249
4001230752190
1005003104685273
1005003329320393
1005003031152202
4001072347109
4000688876209
1005003342189106
1005003118373106
1005002443067797
1005002382336298
1005001463863890
1005002287344167
4000458961710
33035628119
1005002522406071
1005003297238658
1005003309992130
1005003337869188
1005003108775293
1005002610508228
1005002969862876
1005002558970797
1005001655269464
1005003069479686
1005003002132686
1005003240176945
1005001695268334
1005002504107802
1005002861451765
4000149132116
32379695170
1005001556476592
1005003051297876
1005003208609445
1005002551510100
32962659180
32953135800
1005003279877524
1005003387960301
4000807514079
1005001435956572
1005003089074637
1005001910099919
4000734979623
1005001863167325
1005002328342669
1005002317818415
1005002695871308
1005003201537435
1005002911626334
1005002789743850
1005003114975073
4000758642744
4000774308072
32801279157
4001308913206
1005001894668050
1005003213791974
32892306629
1005001419537103
1005003229405742
1005003158625551
1005003254401058
1005001439113490
1005002518829695
4001333741902
1005002419859896
1005003122427871
32998649163
1005001547652655
1005001678508436
1005002760970411
1005001731578043
32957632729
4000793694167
32774703008
1005001599895929
1005002761123924
1005003024360649
1005002679166574
1005002384761865
32841055175
33040077152
1005002211308761
1005002753960685
1005001657001439
4000340334065
1005003135142793
1005001321129374
1005003214498587
1005003351590665
1005002304490766
32699170340
4000198042273
1005002599349614
1005001406654594
1005001664448326
1230117089
1005002603764793
32694814282
1005002719086290
33036967209
4001253736969
1005002014904159
1005002790596335
1005003081882892
1005001439152840
1005003225987993
1005001516174963
1005003149803768
1005001776737229
32793962316
32952264968
1005002669433243
32822695414
1005002248788489
1005002132865640
4000685020589
1005002697279515
32794293608
1005003159682215
1005002485728182
1000001464709
1005002989746022
1005003104354744
4001315972729
1005002050313000
4001150698214
32857944847
4001220981094
1005002483486797
1233360910
1005003232334820
1005002525541196
1005003243414338
32859148071
1005002651499578
1005003285370459
33014195787
32962710617
1005002868973130
1005001972487202
1005003025839638
1005002230233066
1005002356253950
32968112077
32948756469
1005001817904133
1005002975949374
1005002789842869
32960783023
1005002599906218
4001035114406
1005003157288371
1005003363963893
4000346289397
1005002074633956
1005003200544194
4001200910063
1005003239676752
33034187795
1005001657928199
1005001695500496
1005001985660002
33026901647
1005003068532632
4001331850937
1005003098058382
1005002968149592
1005002727265304
1005002739685099
4000902779577
1005003285905056
1005002652119025
1005002292405349
1005003177120182
32851748670
1005003320488456
1005002357761271
1005002587784350
1005003142690006
1005003272814084
1005003263604626
1005003223139483
4001237222581
4001320611703
32819967664
1005001828522967
1005003256017592
1005002083794720
1005003336917037
4000769616141
1005002081663921
1005003199842167
4000970831804
4000482552049
1005002749847099
4000711911278
1005001803742375
1005001388427399
4000215361946
32925974525
1005003312699225
32969017880
1005003009240994
1005003222757113
32986716396
1005002368987217
1005001715497623
1005002907858635
1005003306127928
32990609767
1005001652773677
32998709005
1005002978644109
33034786116
32875988167
1005002851498285
1005003387425273
32987917769
1005003278270456
1005002526710432
32865110726
1005003365363491
4001076600427
4000507012557
32981323308
1005002992978729
4000768772757
1005002780606693
1005003356346823
1005003220590550
1005003093806350
32692022581
1005002558210087
4001213629958
1005002700878604
1005003240097650
1005003331743834
32896760491
1005003092858647
1005002591525062
33042954506
1005002717313118
32981713173
1005002655219385
4000851047849
4001018581308
1005002763789102
1005002559806246
1005001940966147
1005002868147981
1005003178442929
32620506711
1005002244068809
1005002873255270
4000247487801
1005002783146101
1005002198461074
4000990917024
4001364913459
1005003048605901
1005002810442202
33019223278
32839811283
4000873993272
1005002984313534
1005003268483393
32587436682
1005002728276100
1005003202610071
1005003096708095
1005003391705419
1005002866715205
4001150457543
1005002672461288
4000760516706
1005002378276402
1005002557661367
1005003150496872
32965908980
33007403370
1005001667044023
1005002631955203
1005002777516770
32742616353
1005003315770083
1005003162639549
2018193451
32876226562
10000125221689
1005002059795894
4001094946751
32949109904
4001158864793
1005001392689989
4001237913568
32831813129
1005003031433809
4000091495368
1005002243953966
1005003267487874
1005003375844453
32852901578
1005001605069331
32793620042
1005002263543663
1005002886239573
1005002779993259
1005002283916115
4001104727514
1005002918454025
1005003205985300
1005003140394649
4001286879735
32649162340
1005003324303344
1005002389072296
1005002856178025
1005002732163375
1005003109963974
1005003366036158
1005002650209390
1005003211407209
1005002682424868
1005002313194435
1005002444906181
1005002924061452
4001084561232
1005002885929457
32973092564
1005002421502413
4001167589750
32992936349
1005002924863660
1005002128448015
1005002651047856
1005002827931172
1005003295810957
1005003291010013
1005003322057733
1005002570871211
32879719955
1005002409800332
4001001982343
1005003042180816
1005003113590647
1005002870831588
1005001681696943
1005002670076939
1005002419066486
32796080651
1005003360023463
1005003305730675
1005001989438910
1005002259863634
1005003376084874
1005002734759890
1005002611366757
32986508320
1005003108967544
32879604387
1005002156044333
1005003105885064
1005003140550881
4000291526244
1005003242137912
1005003070955881
32886848621
1005003287256946
1005002790185938
1005003146308999
1000004392885
1005003216516218
1005002793659926
1005002157079699
1005002608345875
1005002774824677
1005003179346687
1005001831704895
1005003185195715
1005002572640040
4000756678924
4001210512998
10000395860831
1005003063486189
1005003004996206
1005002700888200
1005002483147653
1005003093057832
33049903864
1005003324235299
1005001926414809
1005003238553026
1005003165563304
1005002388881641
1005003333456843
1005002388685641
1005003257335907
1005003383056507
1005003104099874
1005001731152720
1005003252285965
1005001578925022
1005003153184065
1005002909363034
4000944523719
1005002994325535
1005002849330870
1005002954159758
1005003264651253
4001148969369
1005003344367780
1005002011142826
1005001889355661
1005003169862796
10000125221689
1005003096565519
4001148099815
1005003292104107
32808186431
1005003049989680
4000533407083
1005003363344045
32972636880
1005002627049686
32791269534
1005002829085447
33002847890
1005001717324284
1005002870506356
32985683897
1005002958658130
1005003299448397
1005001437529903
1005003311942098
1005003345902170
4001213603519
1005003037365560
4000232675719
1005003392578610
1005002984708386
33010182501
1005003141915197
1005003251685535
4001178427606
1005003139067595
1005003074491774
32971934905
1005002727459864
4000971300607
1005002886619816
1005002952898849
1005002365770629
1005002756057037
1005002393072012
1005003365562025
4001214353525
1005003331231246
1005001469068095
1005002141047468
1005002827329728
1005003331198676
1005003098432367
32229539254
1005003065076485
1005003374469554
4000173038756
1005002074548447
1005002395745858
4000945540029
4001045408687
1005003221869641
1005001901112384
33046932431
1005002882853449
1005001889009903
32635557178
1005003264872168
1005002291656602
1005001566055142
4000936686586
4000888231479
1005003346602574
1005003256640712
1005001621794917
1005003239853313
1005002481237833
33029407421
33047758830
1005002625976181
1005003305244498
1005003349301260
1005002426436972
1005001994002279
1005003270710127
10000365654581
1005001549242196
1005003287869287
32865649136
1005002746733309
1005002862771126
1005002984841854
1005003179395754
4001234343524
32976450910
1005003076740304
1005003297963139
1005001936119080
1005002431132940
4000030447942
1005002643903629
1005002696699432
1005003050253233
1005002277935381
4001162800880
1005002344933999
4001189164448
1005001810971470
1005003222727119
1005003017655488
4000627256143
1005002509104569
32865906143
1005002228039938
1005003377673673
1005002933262991
4000044819455
32901958085
1005001277776799
1005002613984804
1005001597238707
1005003385146785
1005003232249574
1005003002717027
4000535032099
32617974465
4001200029665
1005003301569280
1005003072903367
32923399918
1005002846531630
1005002673894375
1005002995640003
1005003332900552
33041746668
1005001572438150
1005002318111062
4001121701357
4000618767398
1005002509237665
33049015435
1005003152152178
1005003269793750
4000353268345
4000035906045
1005002325670068
1005002639065988
1005003184424592
1005002886989145
1005002530444055
1005003321075684
32907604668
4001274998621
1005003083892013
4000251297717
1005003250688330
1005003176885107
1005002647326127
32951378894
1005002052623262
4000188812742
33005141936
1005003359740689
32983582908
1005003214492068
1005002567788816
1005002828700717
33007287203
4000759848102
1005003336159348
32496182763
4000233676784
1005002454811477
1005002362399273
4000048994276
32877139775
1005002197708671
1005003187520450
1005001922126260
1005002842638866
1005002824658607
1005003129167135
4001344838237
32907718083
1005002085214537
1005002530875921
4001172942463
1005003224158906
1005002856661488
32973835287
32983966149
1005003274240367
1005001879807810
1005002394735322
32978829673
1005003224104015
1005002879027047
32960010497
1005001769141655
1005001639565396
1005002947441570
1005003378436515
4001314534095
1005003139653539
1005003309900178
1005002427799436
1005002443099417
1005002409544213
1005003357399191
4000576034799
10000312840668
1005002652689502
1005002643183123
4000587471898
1005002975975826
32838730638
1005002420019141
1005003032950771
32972169664
1005002636989196
1005001487786582
32647694869
32914664691
33035455845
1005003194435351
1005001731303384
1005002552180509
1005002704497210
1005001532988868
33011500612
32959116115
4001271550839
32843842260
1005003203269322
32832225237
1005003078908702
1005003342035934
4000308382196
1005003176874131
1005001747357885
1005003159974857
33051080463
33053719940
1005003077687179
1005001999905470
1005002997371783
1005002929330542
1005002737809662
32951541816
1005003023255248
1005003137014113
1005002995910155
1005002256915176
1005003314051171
1005002511314908
1005002852955051
10000343722835
1005002754254856
1005002814065926
1005002307973712
1005002980081871
1005003222287759
32832119653
1005001496454828
1005003063744627
1005003321379001
1005003181903899
1005003022273283
1005002405407113
1005002884588492
1005001412569156
33056000583
1005002847662370
1005003096860104
4001066201868
1005002029893499
1005002989739872
1005002233621662
1005002107405119
1005002282914734
1005003202365245
1005002969810044
4001066869470
4000333706086
1005003092886581
33023350786
1005002964263458
1005003330460647
1005002563967440
32989950460
1005003368334414
1005001682456869
1005003346983110
4001302785455
1005002245268939
32973501117
1005001987005567
1005001463604043
1005003321268818
32983381469
1005003217988375
1005002824249211
32922587738
1005001430937562
32776965902
1005002571944044
1005002827194178
4000139881078
32895294624
1005001268915900
33006821514
1005002434370728
4000954981156
1005003150289556
1005002997500081
1005002990746965
33039188940
1005002630258800
1005002745603417
1005003023357067
33051580500
1005003095588629
1005002298476700
1005002070433482
1005003300219721
1005003356004858
1005002545475213
32960135713
32805778878
1005001695647155
1005003161306476
1005002065261860
1005003121740612
1005002369945405
32892442711
32976347018
1005002996028354
1005003281412451
4001289067858
32813152952
1005003252005234
32992479341
32998107038
32809075777
1005003360397461
32976427217
1005001744328790
1005001722004358
1005003255802201
4000087636358
1005003258376288
1005002670016612
1005002641844532
4000373507979
1005002511924749
1005003095202435
4001148474221
32843932252
1005002516703920
1005003346046930
4000643438095
32852429287
1005003064195420
1005003270529556
1005001483442565
1005003383669999
1005003344350992
1005001493151283
1005002797580852
1005002711744079
1005002808510133
4001065851863
1005002878318832
1005001501685501
4000263505933
1005003274701028
1005003248537796
33044126954
1005002829707425
1005003058003358
1005003118968753
4000164339985
1005002907554956
1005003096395854
4001339580052
1005002122547230
1005002308562889
1005002957949064
1005002392080016
1005003129647337
4000558069324
4000287185322
1005001463650881
1005001640965406
1005002518928878
1005003065955533
1005002719470247
1005002996458468
1005003191218068
4000816598444
32885564120
4001186697679
1005003378011980
1005002864938166
772490311
1005002368920119
1005003152220099
1005002932627741
1005003280987434
33025112416
32843260395
1005002767632768
1005003367491174
32887226438
4000844088547
1005001846596642
1005003337148381
1005003392798213
1005003376784540
4000349820078
1005002011460911
1005003100682666
32809722438
1005002977042565
1005002574812614
1005001841399481
1005003283887552
1005002345925397
4000610064876
33056059240
4001199840201
1005003153392067
4000968169025
32881139574
4000668762967
1005002311247355
4000381141349
1005003003746554
1005002859401877
1005003136649323
1005003228820910
1005001375577959
1005003386694715
1005003021061023
4001295469009
1005002485399831
1005002702658888
1005002856071956
1005003229903401
1005002723609576
1005002258704291
32807461853
1005003069950072
32898169223
1005002835276497
4001068146670
4001054313947
32617857978
1005003181442398
1005003387515362
4001031636332
1005002228823462
33038330182
4001135163479
1005003165813762
1005001518696339
1005003225125604
32610170270
1005003278279382
1005003264808568
1005002323659651
1005002284619538
1005003128129452
32981871652
1005002961002298
1005001529254944
1005001802761538
1005003033226277
1005002265545394
1005001988189136
1005002925306828
4000313297202
1005002289620962
32920582132
1005002314289858
1005003365922586
1005002618728828
1005001429708186
1005002192102546
1005002219971857
1000007977879
1005002760064209
1005003365109317
32985912554
1005003306932242
1005002321529202
1005001797984631
1005001965142375
1005003358499087
1005002625709824
1005003230620082
1005003384812303
1005003141366590
32823685375
1005003042092893
1005003280426615
4001226709468
32252776902
32861752918
4000015919961
4000668260744
1005003296672236
32956490934
4000169139670
1005003299298869
1005001531392424
1005002766066025
1005003265950173
1005003113076006
1005001591243253
33031917580
4000269136249
32954180434
1005002693678041
1005002954004707
1005002731024469
1005003133358696
1005002258851472
32834275309
1005002532878595
1005002922084689
1005003032960534
1005003025810391
1005003278885238
1005003294267932
1005001379679993
4000731899828
1005002073085637
4000756696385
1005001995630387
1005003300587529
32932765365
1005002237820952
4000179035427
32821286774
1005002724827213
4000393366245
1005003255310623
1005002733012123
32831889895
1005002102014143
1005003286768723
1005003196495590
1005002682639501
1005003210781250
1005001506043909
4001365212970
32832622191
1005003291377800
1005002588681276
1005002232012137
1005002675322456
32831638921
1005002863232800
1005003307344023
1005001602291936
1005003348440122
1005003274468945
1005003271065973
1005002801179834
1005003245062607
32910524215
1005003336349891
1005003218141254
1005001361568629
1005003391340373
1005002359312724
4000294682295
1005002908531175
1005003228726480
1005002293164683
1005003101012755
4001295022210
1005003350762359
1005003096897660
33030387539
1005003083149998
4000922680282
1005003128735529
1005002622618677
1005001355162100
4000293982516
1005003019299716
1005003277592926
1005002774579121
1005003221737345
1005001458214540
1005003089385721
1005001914564874
4000040176104
1005001874259185
1005002282046887
1005002415756056
1005002927456467
4000057949485
4001241807739
1005001975959484
1005003224480358
4000263193409
1005002469138539
1005003096593807
4000909960141
1005003135957468
1005001775581591
1005003343593004
1005001666732308
1005003006494051
1005002698244070
32261057801
1005002579619650
1005002929131257
1005003257343558
32313669463
4000271737661
4000742974171
4000324622482
4001127691247
32968392250
1005002730079755
4001061356435
1005002150972068
1005003016453059
1005003141127665
1005002005813784
1005001854806463
1005003017487713
1005002965983387
32854872757