33005606869
1005003221867870
1005002809897053
1005002848492146
1005002989785690
32639772928
1005001731657168
32804644655
1005002966250174
1005002651745138
1005001417101296
1005002963791912
1005002210046565
1005003230109726
1005003183469612
1005003241594242
4000734534151
32601438474
1005003165211408
4000598844707
1005003357701413
1005003117989798
1005002279328512
1005002008026289
1005002921829186
1005003371157245
1005003031919853
1005001699330780
1005002033286451
1005002956817904
4000434375800
1005002020655648
1005002190582055
4000305247033
1005003204396884
4000027392569
1005003091795755
33032021537
33035780913
1005001736611992
4001110901120
1005003292095749
1005002489781663
1005002001075539
4001204345781
1005002782120952
1005003127348929
4001129455409
4000110739637
1005003140867601
1005002949536298
32924159435
1005001267690841
1005003341385432
1005003139629655
1005003254306895
1005002740751644
1005002590736478
1005002632351763
4001100595550
32740042360
1005003240606557
1005003147919893
1005003053223581
1005003336149593
4000516706600
1005003266997882
4000529684491
1005003344766784
1005002788656604
1005002685450401
33037542611
1005002133958247
4001270861326
1005003086229927
4001005791869
1005003309364521
1005001451489548
32632371477
1005003026942526
1005003037470771
1005002967124736
1005002247685273
1005001315678879
1005002953194692
1005002028301247
1005002805155265
1005002239581360
1005002598209162
1005003192867653
1005001351800397
4000209531916
32960435200
1005002660100273
1005003355969553
1005003363663301
1005002532675792
1005002972981930
1005002885924643
1005001862038187
1005002100685865
4000219359836
33055432399
32954775486
32864308193
1005002649693898
1005002650305707
1005002797260168
1005003266875732
1005003299820242
1005003386186000
4000208000132
1005002007312008
1005003291060664
32791856122
1005002616222646
1005003347862036
1005001602593193
32818303443
1005002823087015
4000068376727
1005003237361903
4000987240901
1005001630865573
32982935537
1005002508202888
1005002820336956
4001203834404
4000236431101
32498988464
1005002050428873
32855678123
4000961774112
1005002664024249
1005002926006226
1005002967423567
1005002450691152
1005003334728654
1005002196910406
1005002353043659
1005003127595454
4000083775454
1005003081030625
33032337390
1005002935720320
4001238538763
4001031689056
32711354050
1005003383371115
1005002971236914
1005003307289752
1005002282373112
1005002787484286
1005002476085023
1005002661440099
1005001489777731
32813472962
1005001567842839
1005001915598925
1005003091470526
4000782926625
32727568508
1005002099171668
1005001457714441
4000979640266
1005001423011839
1005002061998675
33020372540
1005003189454837
1005001600306219
1005003353900909
32980428029
1005002608835166
1005003337915879
1005001708467609
1005002124996531
1005002079260307
32836377802
32813190440
1005003281571644
1005003347543868
1005002775874915
1005003251340883
1005002908379295
1005003252414561
1005002107565091
1005003076069973
1005001783146737
32772243331
4000643012904
1005002724748219
1005003124608867
1005001391980471
1005001962377389
4001309201630
1005002811950285
1005002685389926
4000684877632
1005002854408208
1005002854622683
4000208146034
1005002538042620
1005003375703485
1005003246493035
1005001365268024
32718300797
1005003087553710
32921145870
1005003251723750
1005001616812158
1005001921754400
1005002277367736
32900218708
4001314927373
1005002305509733
32768082299
1005002591436827
1005002369582008
1005002358438330
1005001350235539
1005001869473652
32890652524
32972037450
1005002276502724
1005003349900612
1005002472768460
1005003010073427
1005001940136086
33023367860
1005002397822278
1005003083617581
32979072370
32831736213
1005002802039527
1005002554103535
1005002813214812
1005001656943810
1005003296718828
1005002981786232
32864901430
1005002901463987
1005003322341049
4001173318450
1005003227491397
1005002240552293
1005001995075931
1005002548107360
1005001353984255
1005001760172810
1005003238148343
1005003313735382
32848606170
1005001807626463
1005001326114300
1005002305776907
1005002698199901
1005001424010446
32951631308
1005003118121821
4000785246882
1005003330057361
1005003007378262
4001140525575
4000793592769
1005003332829591
1005002540753535
1005001450501888
1005002587055464
32893439855
1005003310026128
1005001963880135
1005002708818283
1005002139725923
1005003387435244
1005002938039873
1005003037558007
1005003229337342
1005003102672078
1005002678932039
32954774181
32909045943
1005001339661411
32926354653
1005002991261542
1005001645489595
1005002929983378
1005003304023524
4000421245849
1005003168704118
1005003081306422
32982031407
1005002252437281
1005003250632343
32755740362
1005003383254292
33051974369
1005003118323744
1005002365618255
33032898031
1005002677577238
1005002393093375
1005002284339571
1005002518068465
1005003215987678
4001272078529
1005002317595930
32968094445
1005001457234809
4001275823649
32904250185
1005003307603185
4000755468987
32728942751
4000891787865
4000704917204
4000314115239
32861823139
1005002817501275
1005003373743232
1005002776004948
1005003053108992
32704262189
1005003290156623
4001125686133
1005002842312270
1005002489985978
32891771325
4001067493688
1005001658109102
1005001854570839
1005002096472622
4001350653754
4000229221578
32853788800
4000113817150
1005002732304124
1005001733161287
32891463190
1005002228171653
32830755746
1005002421122658
1005003001689027
4000593700095
1005002790292346
1005002272136786
1005003122710008
1005003101493257
4001143409541
1005003195799707
1005002767576668
1005002282596905
1005003344842074
32956513639
1005002350576502
32809079487
33035009808
1005002799512630
32813182526
1005003109720760
1005001970291205
32822914204
1005001656792981
4000945707100
1005003051956565
1005002506462744
1005002751506999
32930297665
1005003092581803
1005003282305603
1005003268270652
1005003105568331
1005002337804527
1005002177018310
1005002593692175
33041955162
1005002302927866
1005002872691306
1005003344675859
4000790301656
4000353949810
1005002553653550
4001231108362
1005003208471503
1005001482841979
4001151455052
1005003156655955
33018916041
1005001491106540
1005003326195648
1005003337893826
1005003209282797
1005002710805860
1005003042068070
1005002919407774
1005002509972346
4000230621337
32747687974
1005003004424924
1005003342226869
4000628684571
1005001493552391
4001175894808
1005002264828837
1005003199549985
1005003161589669
1005001519293467
1005003194724728
1005003361327825
1005002922549865
1005002085330225
1005001757836385
4001050545521
1005002907873031
1005001880791213
1005002826346041
32547688969
1005003150249482
1005001572531004
1005003093519600
32815844441
32886872428
4001230302822
4000459529435
4000932631615
1005003186623621
1005002777237874
1005002023500730
32886748861
32966623214
32843383415
1005002949189580
1005001291943064
32830857140
1005002594309480
1005002329669723
1005002235883362
4000436868255
4000064369169
1005002427815855
4000200279225
4000116588218
32964674864
1005001625432566
32953624777
32884755338
1005003168756548
1005003147423358
1005003250656778
1005002224677178
1005001552154693
1005003105352418
1005003311312527
1005002847662772
4001041379562
32857749479
33038433656
4000188083746
1005003080649374
33003876022
32817076612
1005002122280775
1005003273391486
1005003379377955
4000202055984
1005001906397400
1005002189684031
1005002941267990
1005002857444782
1005002645818926
1005002612700647
1005002641745286
4000241814642
1005001868248250
1005003019295800
32962999013
1005002846634139
1005002019854282
4000022419626
1005002932629951
1005003129436346
1005001367698420
1005002139111232
1005002185177307
1005003336609345
4000181173326
1005002660726209
1005003123385231
4001241987519
1005002926315331
1005003158593311
32797182058
1005003255323205
1005003055876536
1005003267065235
4000200636166
32840979816
1005003361974265
1005002245834766
4000079279248
32796035622
1005001454207236
1005002564545913
1005003365609287
1005003204319769
4000108532074
32833711268
32917709789
4001235641037
4001088916593
32980378511
32723898400
1005003165521513
32656208101
1005001423762299
1005001531211199
1005003157765000
32950960251
1005003016715623
1005003271671682
4000351015266
4001328737429
1005003368330391
4000062012334
1005001698601479
1005002772449082
33038153827
4000804695277
1005003343815085
32933374539
32790504641
32835670603
1005002548637668
4000586309891
1005002003543082
1005003376659364
4001111853560
2025947530
1005003057711114
33030159236
1005003001336940
1005003033663092
1005003277337288
1005002983281546
32908422601
1005003087225910
1005003003980112
1005002624683127
1005003229684809
1005002974151361
1005003200012512
32675679871
1005002357758430
1005002710767918
1005001927186406
1005003149965645
1005001780432545
1005001844436604
32909137766
4001216184311
4001172069771
1005002885351013
4000013062613
500187697
1005002992768120
1005001695658103
1005002522365810
32321420309
1005003370521182
1005002907580367
4000425220477
1005002948747004
1005003240513939
32915784681
32967427165
1005002517725530
1005003269926832
4000083197919
4001034733712
32788306835
4001365217777
1005002648539444
1005001441437506
1005002453607077
1005003125356218
1005001838771088
4000922157879
1005003118327997
4001261106320
1005002970229436
1005002972140080
1005003002231247
32818782745
4000299992891
1005003251024344
1005002060917222
1005003207458269
1005002933659530
1005002277250354
1005002810329568
1005003030146351
1005002927217440
1005001988954773
1005001658687825
1005002983931293
1005002321737962
4000287933961
32807394223
1005003275970598
1005002600051344
1000008509594
4000190220347
1005001431649231
4000784965090
1005002806487039
1005002207925407
1005002458799013
32796377072
1005002451037955
4000368388390
1005003213184911
32266050540
1005001998937329
1005003334320419
1005002055943422
1005003239435364
1005002972270880
4001160031694
1005003168268673
1005003349821675
32852929907
4000295252108
32847589606
1005002875498464
1005001640522974
32958411629
1005002635282557
32976854768
32831393752
1005003298899134
1005003197726145
4000252216347
1005003343325094
4001305589622
1005002289563312
1005002328180751
32890666286
1005003155111288
1005002989756204
33056906212
1005003280918205
1005002780826296
33007564517
32956967512
1005003302057700
1005002546189434
33048115109
1005003150371152
32818724492
1005002859555832
4001117120337
1005002491900163
1005002835212033
1005003076279195
1005003312139899
4000138987725
4000972860686
1005003027225257
4001274706287
1005002921830091
32979252832
1005002118850550
33053689528
1005002503086684
4000879472426
1005002753339313
4000528820682
1005002958130041
32820681378
32579017065
1005003078584775
4000469959968
1005003338939292
1005002465206103
1005002053935775
4001282431689
1005002776292397
1005003169051827
1005002599461190
1005002643866614
1005002220486537
1005003197298338
4001266956523
4001185963369
1005001989142421
1005002574843241
1005002732657271
1005003190709181
4000921904136
32800904237
1005002547238320
1005003309372590
1005003021015301
32854644991
1005002910849817
4000510748198
33046917905
32972629239
1005002911323268
1005002260220877
1005002661814854
1005003351724796
4001076260797
1005003091643642
32826470119
1005002842046191
1005002319052769
32982836174
32807963205
4001091643821
32961118970
1005001448381141
1005002695362897
32864491948
1005001934998587
4000039843739
1005001698908014
32997480107
4000165929387
1005001924229533
1005002146469133
4000320320508
33046697906
1005002861605908
32804493955
1005003107911962
33056382961
1005001478932124
1005003305564316
32863480839
1005002545601125
1005001519834212
4000354912808
4000686517201
1005003096780677
1005003116234351
32808827020
1005002957088785
4000504330180
1005003059272869
4000140567474
1005001389261542
1005001429693395
1005003302793941
4000505745686
1005001566733903
1005002784522867
4000804819886
1005003168865843
1005003379864028
1005003244784287
1005003299090448
33014326506
1005002007905726
4000041230395
1005002736987228
1005002395537553
1005001632760624
1005002901288371
4000400589397
1005003390765094
32978895612
1005003296285741
1005001954437671
1005002687116872
1005002066138643
32971843094
1005002777890639
1005002702374252
1005002722483842
4000755476733
10000345032634
4001152021922
1005002903637761
4001302643439
1005003092948168
1005002755677458
1005001844694449
32862786338
10000217997114
1005003340911054
1005002196885007
4000336883210
1005002586793105
4000627568903
1005002299872512
1005002731695878
32975677518
1005002727661001
1005001541056090
4000435694300
1005001857181926
4000200298719
4001268142896
4000684654578
32859690768
4000204371628
1005003028695934
4000927165840
4000126378919
32962230305
32916254736
4000987633902
1005003063520241
1005003221515461
1005003374061315
4001358663653
4000767498325
4001053108445
4000250658759
1005002880415884
1005001476475549
1005002489651528
1961738077
1005003119510643
32973440680
1005001616938271
1005001860718817
1005003373064055
1005003370923987
1005003345584072
1005001655172788
1005002710373630
4000922087372
1005003186142535
1005003280071710
1005003300010157
32563298365
4001313658167
1005003058424612
1005002932378666
4001230026093
1005002885498220
1005003094116878
1005002321745803
1005002513223763
1005002605634399
1005002963033119
1005003012789910
1005002512880295
1005001462785955
1005001813174896
32962105426
1005003183196551
1005002689706930
4001178693645
1005003182503304
1005001591767194
1005003326482038
4000481553499
1005002119193677
1005003097047847
1005002258484994
1005002716716468
1005002316440018
4000972291991
32885295177
4000742383290
32977175858
1005002042206807
1005003385375393
33006169830
1005001419689824
1005003331155235
1005002286783815
1005003128063899
1005002050404745
1005002964490444
1005001429030461
32993893445
1005001362931365
1005003065354897
1005002203928657
1005003056750230
4001150989754
1005003209032605
1005003289962466
1005002500186015
1005002603864788
32685629874
1005003113412309
32867528236
1005003009763604
32998831141
1005003387228316
1005002849177094
1005003338013253
1005003228431641
1005003021143791
1005003015416893
1005002026978958
4000329689975
32998878471
1005001987431478
32406371790
32909894765
1633134448
1005002191062695
1005001996809342
1005003169959730
4000604699061
1005002565169564
4001137665057
32972865015
32948176300
1005003199975856
4001248071813
1005002810095866
1005002974090722
4001153539473
1005003148179495
4000247144825
1005002400350004
4000173807086
1005001464758577
1005003284692616
1005003251868031
1005002253645883
1005002997272449
1005001441141698
33053981842
4001304522552
1005003157277613
10000397730349
1005003298409177
1005003043034569
1005003299550448
1005003383394438
1005002988255740
4000424701477
32687526066
4001189048955
32852014345
1005002866718118
1005001947180396
1005002960028885
1005003324874709
1005002796861985
4000935767910
1005002181053191
1005003016923625
4000335781587
1005003217060380
1005002483561124
1005002858112571
1005002594660577
1005003366215519
33059032233
1005001786024552
1005002394192122
4001196557134
1005002970308912
1005001531002588
1005001614568474
1005003297887190
4000632795807
1005003343771390
1005001566543161
1005002613037139
1005002762577282
1005003377464045
32907559588
10000364334339
4001132627552
4000809766533
1005003210412831
1005003090011022
1005001441442622
32907634847
1005003178354505
1005002492155715
1005003069606521
1005003337819080
1005003196622452
32899636266
1005001515984016
1005002305203050
1005003337510624
4001154617573
4001257470672
1005002782738092
4001362392634
1005002307086854
1005002331690546
1005002950999061
32951786453
4001313070695
1005002995066524
1005002961093788
32977555128
1005002562740404
1005001524031742
4000752567111
32981490277
4000047396371
1005001378046192
1005002735046153
2031873110
1005003318618462
1005003228515987
4001300316653
10000002553148
1005003136563693
1005003369517578
1005001616494872
1005002936534125
1005003207623477
1005003013933259
1005003136337587
1005003077264585
1005003361504698
1005002529276389
1005001704524293
1005003024551348
1005002977606474
1005002738843696
1005001644311736
1005003376685470
1005003177145572
4001062299063
1005003156906371
4001173286973
1005003149659702
1005002785101984
4000556480859
1005002027717511
1005002959576940
1005003297037030
1005002417253090
4001130390756
1005002963614422
4001310264503
1005003108607179
1005003383271707
32891297718
4001025385575
1005002708883212
1005001785360914
1005002995036730
1005002401741586
1005003092350051
1005001761372846
4000396444826
1005001349346516
4000856589620
1005002919934789
1005003003253956
1005003031599185
1005001789182535
32836864713
1005001793232277
32958850953
1005002780806156
1005003014290903
1005003228884391
33056183032
4000725749322
32828015507
1005002991730526
1005003347192919
1005003244436955
33008021742
1005003148164477
4001061566307
1005002295175463
1005003310474183
1005001855026531
1005002147764472
1005003028009480
1005001556935954
1005003099997811
1005002608860933
1005002985548405
1005002358601984
1005002995954162
4000116966917
1005003256630778
1005002631409953
1005003124862802
1005003351907845
1005003180743034
4000039753902
1005002696363428
4001207384691
1005003269071845
1005002719865568
1005003323846466
1005001963260017
32915314134
4000960425572
33004897413
1005001961621031
32890978802
4000068024400
10000352494350
1005003339466137
4000708806900
1005003037854746
1005003374680189
1005002995093746
4000188876200
4001055866777
32839905197
32613298205
1005002994025150
1005003090193954
1005002264932118
32899645824
1005002481510045
1005003382238372
10000062871098
1005003141115329
4000748312191
1005003361316610
32590577428
1005002239086035
1005001429956305
1005003291474699
1005001805659173
4000211620102
1005002677021565
1005003388350966
4000941847565
32852455086
1005001811100214
1005003057102532
33033873274
1005002704775005
4000749095554
4000384681377
1005002428120166
1005002534702654
1005002861662357
32842770017
1005003245728691
1005003385033968
1000001860013
1005002006099873
1005003224190581
1005001317309795
32980053696
4001277566159
32997392242
1005002982444958
1005002089137085
1005002060182988
1005002982757774
1005003070987340
1005003257251539
1005003077545349
4000197852823
1005002470417259
1005003102246429
1005001994972809
1005002776914051
1005003060890000
1005002302347990
4000429774670
1005002704367575
10000357205503
690020271
4000292136860
4000927571098
1005003371203721
32910142752
1005002841121903
10000239854236
32799032572
1005003206144418
1005001893360551
4000419500655
1005002957711759
1005001514447384
4000258061466
32855041121
1005003126717799
33027910491
32795045057
1005003385003234
1005002690393959
4000467382263
32991402667
1005001407714311
1005002882086199
32922628998
1005002890661828
1005003051127213
1005003359854015
1005003330181970
1005002667708502
1005003155011255
1005003077672175
1005003370751156
4001116931533
32841935715
1005003148213297
1005003175581703
32817014570
4000378396307
1005003387446194
1005002220181225
1005003109950713
1005003295024307
33022145241
1005002475606508
1005002313926023
33037873831
1005002796950560
1005001989087072
1005003018187325
4001146135107
1005003298261667
1005002790554731
1005003182847296
1005002223797628
32837146719
1005002125013249
32830009465
1005002937632707
4000691290357
1005003021831820
1005003096534137
1005001978103209
1005003063682324
1005002723723734
1005002282402346
1005003337226768
4001156188391
1005002531276508
1005002069152313
1005001599769569
1005002212422437
1005001767997158
4000202148515
1005003290241346
1005003219370813
1005001457294642
1005003321246137
1005001998532036
1005003151059255
33023516356
1005002155103445
4001228674699
32862645804
1005002688449385
32735781184
1005003063241618
4001221489423
1005003232679555
1005003304979277
1005003168866248
1005003130400335
1005003093504116
32975282944
4000266554561
32877706960
1005003032114564
1005002828038603
1005001928372463
1005003137613476
1005003076439821
1005002944625564
4000475658546
1005003001555774
32817005388
1005002389235456
1005002033918012
4000051428465
32955106756
1005001864418906
1005001573245043
1005003014581835
1005002869890243
1005001452778714
1005002616166909
1005002766631610
33019547128
1005001287912055
33011304788
1005002537602376
4001050379598
1005002751206121
32989386421
1005002755169661
1005002682352440
1005002947041985
1005003318677867
1005002669365239
1005002833685603
32969747401
1005002960379345
1005002949711033
1005002616970849
4001212517358
32845163767
1005003308180980
1005002635924921
4000338380633
1005002638478537
4001025195777
1005003266783933
1005001690820824
1005003233545438
32262391414
32838995681
1005002066061295
32892242892
1005002229644642
4000311091748
1005002939304989
1005001651661313
32976200679
1005001977770239
32915575572
1005002219668361
32615600992
1005003312753032
1005002819830083
1005001834272897
32956528585
33028599497
32701211296
1005002403432834
1005002394222498
1005002589383225
1005001649530642
1005002025021217
1005003304579986
1005002721706492
1005002459762918
1005001293180657
1005001635772987
1005002647312128
1005003050327446
1005002261875248
1005002607944249
4000036859674
1005001948213152
4000313431455
1005003042136794
1005003201099143
1005002698555771
4000720014185
1005003164020880
32759121592
32899482327
1005002605474527
1005003001703728
1005003316963349
1000004615471
4001031369794
32815925445
1005002089508586
4001204061367
4000894836894
1005001360424892
4001270995181
4000492467640
32703403831
1005003330453519
1005003257497803
1005002666687410
32866733044
1548261946
1005002303986037
33040373609
1005002900674684
1005002044090476
4000458859893
1005001736699630
1005003062434685
1005001343225289
10000395932242
33037870135
1005003098460396
1005002944336982
1005001462695862
1005002064980196
1005003283734603
32939602633
1005002828209407
32456440530
1005002711232559
1005003109592748
1005003127157405
1005002822744994
1005002748216337
1005002991538364
32870516318
1005003379357013
1005003083257980
1005001474387214
1005001729244214
1005002008704493
1005001816545987
1005001805922401
1005002311843628
4000785270536
1005001525500550
1005001419911115
1939484365
1005002347135511
4000397015580
1005001842691956
1005002899108649
1005003123797048
1005003156591857
32830029153
1005001457310989
4000937614206
1005003293520613
32523430408
1780359744
1005002751755142
32964839275
1005003196923413
4001231127174
1005003072181747
1005003339722651
1005001345691774
1005003224153857
32959644840
4000666260201
1005002829201125
1005001854819983
1005003058954044
32638652739
4001284463673
1005003387176998
1005001877056934
1005002565850927
1005003155944514
4000314138836
1005002133133950
1005002556072323
1005002277153720
32976687698
1005002317463782
33002296718
1005002694027306
1005002599363751
1005003334216327
1005002364463786
4000546682455
1005001816667628
4000364534198
1005003365579797
1005002947667652
1005003117855531
1005001432118361
1005002506082755
32828213822
32974732748
1005002687770111
1005002542644413
1005002657636679
32884715302
32914019154
1005002517855169
1005003038378065
1005003275183347
1005003380801877
1005003253629448
32927782249
1005002606180637
4000626076053
1005001997347124
10000175409681
1005001915966744
32662994126
33000228101
32982339003
1005002696055752
32948345790
1005002647293335
1005003321367940
1005003276886363
1005002988638040
4000109016745
1005001457826009
1005003093734911
1005002340452783
1005002019354559
1005002125455835
1005003037307972
1005001446388574
1005001882884797
1005002905896156
1005003028117512
32871046408
1005002483073784
1005001689241062
1005003329965452
1005003291222614
4001222937566
1005002447489894
4000883235685
1005002877879146
32863005396
32942796434
1005003328062734
4000199911735
1005001694000566
4001038765946
1005002856082094
32808023397
32831529437
1005003087436166
1005002770293109
1005003183434858
4001201638123
1005002979787810
1005003346436606
1005003296033684
4000627702930
32992937089
1005001566218012
1005003364847420
1005001499487780
1005003213644021
4000583664866
32956676758
1005003019309339
4000412756499
1005003267607636
1005002895327235
1005003154569890
1005001619724651
1005003278803178
32974852383
1005003089615858
1005003351299440
1005002953606972
1005001360404522
1005001638229560
1005002304293321
1005001592418770
1005001688711337
2036770826
1005001632349383
4001131712218
1005002381329542
1005003100974677
1005001715970027
1005001319798106
1005002970879441
32725801442
4000347943712
1005002490228166
1005003108647489
4001162107438
4001118922858
32974385674
1005003023319838
4000641435076
1005002046617039
1005003120235537
1005003336780503
33011282131
1005002851165871
1005001750992062
1005003229681549
1005002323491413
32956679792
32986733800
4000997437209
32822840171
1005002337707388
1005003052649096
1005003302693398
1005003376029197
1005002371604727
32618596850
1005003080881006
4001183664566
32878965072
1005002894918671
1005002584044027
1005002924053558
1005002894723925
1005003368930470
32982287621
1005003144431491
1005002007342031
1005003123375614
1005003387744098
32679068742
1005003357229049
1005002434464812
1005001736798190
1005003031814879
32794422172
1005002432336567
1005003001240311
1005002603790573
1005003192025331
1005002864641024
1005001920541486
1005002310639859
1005001401825252
4000919108426
1005002781614936
1005002840420260
1005003205036794
1005001381166828
32705295605
1005002283436077
1005002071318404
4000771301553
1005002062908933
1005002280376865
1005003256736398
1005002686521432
1005003220959875
1005003283044702
4000537104878
1005003308434194
1005002007938547
4000536896745
1005002831803413
4001281278958
1005002963947610
1005002961205350
4001266869108
1005003259132929
1005003196102151
32960116931
4001142413803
4000610015321
4001131785182
1005002986568762
1005002180388840
32865575385
1005002882513474
1005002824238963
10000057590185
1005001839053816
4001248579210
1005002574859445
1005002777163298
4000672171078
32834522982
1005003362937214
1005003135174898
1005002390402185
1005002796056188
32948085472
1005001748183952
32585660317
4000642441371
32985267176
1005003305982566
1005001499747066
1005002254294108
1005002139774952
32878212795
1005002790543118
32968368049
1005003081834234
1005002552940249
1005002492020123
1005002689527771
1074749025
1005002823962103
32853027269
4001358658804
1005003317842583
1005002069456123
4000748456024
1005002748821677
1005002710050288
1005003104945257
1005003196383171
1005002264750164
1005003311548561
1005003214050519
4000138522611
1005002748994872
1005003326544750
1005003214359329
4001248690565
32975895234
1005002836339298
1005003033238252
1005002998463188
1005003042561183
4001041116728
32787305394
32919938375
1005002378992198
1005002579084457
32972965658
1005002278861990
1005003157364879
1005002693715999
1005003351708326
1005002565219671
1005002278087646
1005003085141898
1005003129311471
4000447424945
1005002593531239
1005001284587550
4000073686176
1005003264622448
1005003141396197
4001090815401
1005003262325958
1005002649114661
32964581264
1005002875987799
1005003166702913
1005003367085043
1005003303937966
32960317937
1005003119506643
1005003129253337
4001260458910
1005002149318288
1005002704897188
1005002869113491
1005002806120349
1005001431528242
1005001993056190
32831054247
32871315573
1005002910644294
1005003290364701
1005002259247706
1005002836213643
1005001683650592
10000344011038
4000202896928
1005001519104616
32919908537
4000936267736
32974710093
1005001303640631
1005003012414585
1005002033017358
4000801286890
1005002393610716
1005002397950424
1005002593336184
1005002788720984
1005003026694149
1005003146290185
1005002032912690
1005003323587346
1005002876690379
1005002870068691
1005003325107400
1005002449208689
1005002186076972
1005002623939192
1005001907457881
32970507427
32725063884
1005003344331301
1005003217603259
1000001873291
1005002662749447
1005002942053170
1005002594158261
1005003206992840
32948858951
1005003282261107
1005003169062517
1005003281456956
1005003333237646
1005003367170746
1005003329918261
1005003307108577
1005001380236404
1005002833881959
1005003351480720
1005002687213185
32958822828
1005003161818985
1005003210769612
1005001602162914
1005001617320049
1005003258103509
1005002974799126
4001084976311
4001107195141
1005002901534148
1005003358871745
1005002234584984
1005002459799520
32860015429
32979637846
4001101382582
1005001619078591
1005003327144863
32739192011
1005001388219481
1005001905117762
1005002731520517
1005001957405881
1005002919381947
1005003202938669
4000022462625
1005003297775499
4001236859581
1005003328728552
1005001470983105
1005002976099107
1005003222429507
4001360710308
4000754191648
1005002668655952
1005002359777867
1005003241635378
1005003227901393
1005003012619358
1005002055180975
4000857173528
1005003014802635
1005001633127676
1005003362572522
1005003345993018
1005002658203564
1005002603748905
1005002248003012
33034844771
1005001910697050
1005003365206263
1005002508581878
4000931680955
32502814350
4001155963192
1005002538362718
1005001505752806
32970510132
1005003180133544
4000808344675
1005003051172064
1005003230148292
1005001881838402
1005003176435927
1005002836920778
1005002733824154
1005003168061446
1005003221403156
4000138442008
1005003006190582
1005003136197125
1005002708230666
1005003311335836
1005001804633632
1005003386280783
4000901577794
1005002645388352
1005002558038007
1005001854450708
1005002885930511
1005003381501215
1005003128771241
1005003091213120
1005002851279863
1005002823212370
1005002767538811
1005002970884208
1005002678410840
1005003133998824
1005001884706403
1005002110006104
1005002609012069
32968256439
1005001567571480
1005003024612310
1005003310952748
4001141996090
1005003016477103
1005002120380531
1005003166141665
32894331601
1005001792876576
1005002602647759
1005003306470492
1005003131192558
1005003046812314
4000369508718
1005001994720059
1005002454113123
1005002063902796
1005002672008030
32816365974
1005002512398426
1005002752786825
1005001588155937
1005002932315823
4000663097869
1005002986168322
32962172164
32950385865
1005002394913651
32371842148
4001035712206
1005003022694037
1005002023844995
1005003128174196
1005001364346025
1005002836659092
1005002349679836
1005003093715269
32914656560
4000793017128
1005002611882395
1005003234390672
33012917922
1005003064709696
4001276274935
32688134610
4000628209038
1005002876249041
1005003222660847
32959133588
1005002327157278
1005003321778634
1005001717614969
1005001916393783
1005002282148268
1005002979797317
1005002661848308
4000988282299
1005001953165673
4001095566094
1005002787448994
2043878665
1005003159034418
32977011016
32822812611
1005003009565643
32788334802
10000402343726
4001209074622
1005003201759717
1005002546597105
1005002367119169
1005003031029106
1005002828121633
1005001804131667
1005003195235753
1005001620479110
1005003363112604
1005003336348615
1005003299997844
4000785123704
1005003103064871
1005001933210880
1005003197181151
1005002943901308
4001231341944
4000975537234
4000755906735
1005003292561214
1005003252315980
32852933956
4001276957205
1005003246079199
1005003245931891
1005003121779771
1005002924436156
1005003136846292
4000945566204
32835338803
4000111035924
32863034331
1005002358522167
1005003149431682
1005003221955576
4001168846308
1005001880528409
1005002477097309
32645381321
1005002637792408
1005002337640514
1005002518108661
4001142890410
32856060504
1005002465329272
1005003210428313
1005002511259316
1005001890648423
4000912927220
32318518445
32862683499
1005002649360482
1005003153279202