1005001555431395
4000867552334
1005003337251044
1005002267947622
1005001648514994
1005002643465782
1005003087067030
32968628407
1005002761963986
4000262788808
4001090311308
1005001441363849
1005002649679071
4001163471398
1005003262239506
32995483811
4000764649760
32851022470
32884197175
1005002318742920
1005001817599818
1005001393233077
32762318106
1005002176757423
1005003167085235
1005002318515481
1005002954180386
1005003195688916
4001153862195
1005002618197376
1005002907605782
32956643806
1005002878860673
1005001829729331
32937620979
1005003265451401
4001263996289
1005003000749044
1005002346320030
1005002750934975
4001196459389
32943597951
4000575936263
32862057648
4000315422007
1005002996372392
4000437032476
1005003278955658
1005002210272686
4001138980408
1005003002487635
32899006210
1005002602934979
4001354863595
1005003081782758
1005002848602483
32961638149
32590253304
1005002097272268
4000662435541
1005003201062935
32859726330
4001154613433
1005001824290229
1005001802829916
1005002541453604
1005002289889233
1005003306802425
32951142325
1005003332261070
1005003280998477
1005002669905890
32791347439
1005002593125151
33030031387
4000141580330
1005002370569216
1005002334484446
1005003382219026
1005001418892700
1005002854473696
1005002447379167
4001191522328
1005003201748840
32940140537
1005002753431946
1005003012996346
1005001859560776
32700387739
1005002907660357
1005003213834691
1005003166691294
1005003097529897
4000610092483
1005001698458401
32520594843
33040065428
1005002666318767
33025500557
1005003170882586
32959204113
4000790078130
32890765019
4000169426170
1005003173666803
1005002016259190
1005001920952983
1005003308490997
1005002574533699
32802888699
1005003108632850
1005003355160436
4001294532519
4001098486532
1005003097207308
1005003303808000
1005003165641228
32840199499
4000991297276
1005001989465214
1005003292851271
1005002310773302
1005003027363975
1005002120986469
1005002622880331
10000097752150
32432484324
32920407592
32883926179
1005002675874881
4000622916923
1005002091468036
1005002943233338
1005003356151358
32815483215
1005002970458946
33007379254
1005003268259815
4000858723591
1005001450142359
1005002823303253
32811739912
4000043018014
1005003265719518
32792152785
1005002436879166
33052299674
1005003290288363
1005002472999429
1005003124056928
1005003299464471
1005003251832353
4000377710482
32973432966
1005002998808752
1005003250470951
1005002836428462
1005002288492992
1005002293530777
4000672700889
1005003311437259
1005001789757093
1005002969968561
1005003255130668
4000416101908
4000433642555
1005001582727603
1005003172399726
1005002648774233
1005003106423587
4001260895632
1005002250165919
1005001964754615
1005002348445830
4001084419880
32859724974
4001288058670
4000336766563
1005002278957334
1005002733093801
32846768503
1005002746484456
32448809922
1005003184384086
1005002686851817
1005003019647579
1005002292952393
1005003041972794
1005003220215304
1005002826486481
1005001978001387
33043068312
1005001942974020
4000640150451
1005002404521113
1005001824122108
1005003259753319
1005003352993691
1005003026498058
1005002509962512
1005003338681542
1005002239557497
1005002776343093
32958144665
1005002926021798
32975245641
32774224902
1005003375063857
1005002709654138
1005001995263190
1005003188157455
32946941357
1005001498942785
1005002233431843
4000973829763
1005002511678515
1005003161163169
1005003219783368
1005003387256351
1005002199365570
1005003226126992
32914889535
33040129411
4001218027482
1005003149605644
1005002428056632
1005002290970682
1005002541516844
1005002714787539
32757686340
1005002939710042
32875673380
32926666130
4000039405584
1005002608874952
1005001709160425
1005002365302723
1005001463424470
32807351460
1005002997906815
32965301778
1005002235695991
1005002252235795
1005002816850276
1005003104993752
1005003306273659
1005002307143482
1005002838132533
32966632034
1005002616563927
32972230584
1756879118
32949889794
4001317613181
1005002996284302
33009497631
1005002761455879
32794210631
4000182698129
1005002793491908
1005002099089866
1005003243462913
1005002517500339
1005001552930968
1005003388476410
1005001526537376
1005002321041059
1005002154246230
1005002879291737
32883236858
1005002410135328
1005003192610491
1005002394730656
1005002494890340
1005002040659573
1005003343234469
1005002513018318
4000903012905
1005002821203694
1005002044057102
1005003009111876
1005002888229617
1005002448391824
32867777423
1005002882283351
33049020275
1005003351830262
4001189505223
4000405803795
1005003336664566
1005003014050549
1005003089062859
1005002966057463
1005003165412037
4000176792870
1005002616410034
4001320269055
1005002336661408
33021485795
4000104266288
32955461801
1005001307988969
1005003338830629
1005001349075458
1005002957088194
32992409455
1005002849761468
4001147912736
4000314344566
4000149690458
1005002219600333
4001066520392
32899137628
32871719286
1005002679248797
32995889804
1005001874686364
1005002296676292
4001296964921
1005001382123015
1005003026544507
1005003153356488
1005003129345368
32967733179
1005003300433974
1005002900413836
32719873014
1005001939610346
1005003042483710
4001072003624
1005001274973663
32869089412
1005001488397406
1005002305952857
1005002322599518
1005003183196017
4001341666316
4001068419331
1005002840725790
1005002963339393
1005001977772593
1005001954364155
1005002991325440
1005003116786600
1005003232889402
1005003340770120
1005003238381891
1005003322959812
1005002983590613
1005002069472626
1005003042134368
1005003277849693
1005003355987681
32997475685
1005003123320509
1005003147247351
1005001405396086
1005001407582361
1005002339175712
1005002438662067
1005002599692224
1005003356000911
4001116155241
4000755448969
1005001658327452
1005003282300829
4000790352495
1005001923000096
1005002653114355
1005002753222991
1005003140468335
32852952260
1005003355953434
1005003279872789
1005003345257328
1005003366128355
1005001830716540
1005002037810045
4000738332707
1005002246279947
1005003233517926
1005003281469515
1005003336142676
32916780099
4000035520784
1005001495260757
32751966122
4000375564219
1005002298669205
4001204709812
1005003180843716
1005003214396367
1005003184331662
32944525784
4001143744031
1005002665249183
1005003337773790
1005002782838176
4000469619643
4001297415847
32960954070
1005001695572234
4000807800117
33061131620
4001010414574
4000989373811
1005003392101488
32794832047
1005002985877247
33030457708
1005002447848105
32911722818
32905959331
1005003281810022
33044711110
1005001560618223
32971178404
1005003150941516
4001199350854
33000806268
1005003219170281
1005003349822460
1005001292028779
1005002561958922
33060422053
1005003070680160
32664257528
32979631248
1005001770148985
1005003157672555
1005003286392775
1005002928108677
1005003363956938
1005003228919455
4000755681160
4001233397098
32907486720
1005001520899710
1005003225023793
1005001333492375
1005003293831604
1005002652675396
4000233628208
1005002946200911
1005003120318724
4000615159040
32825729490
1005003278954628
4000298638929
1005003329667911
1005003230052918
1005003382131179
1005002398006433
1005002989853537
4001279402440
1005003148053531
33026526451
4000173821451
1005001587489529
10000395821311
1005001412692635
1005002360068266
32837156852
1005003387504041
32329723765
1005003015661493
1005002777865316
32793663407
1005003008008715
1005002520192456
1005002800076307
1005002844270096
4001338809605
1005003366698598
1005003192667778
1005002434706226
32350813210
1005003351181349
1005002949956086
1005003063579867
1005002693783498
1005003339742481
1005003262617375
1005003066729333
32818026517
4000751350936
33023581786
1005001309321693
32848951823
1005002493892095
32855765747
4000529827284
1005003123023783
1005003330381407
4001229641513
1005003337420940
1005002917233299
1005003047569671
1005003102572183
10000352536673
1005002695229108
1005003209287606
1005002502620559
1005003360094536
1005003124880132
1005002274013131
1005001302119833
1005002977540893
1005001680625674
1005001616012483
1005002897145596
32499762282
1005003157577082
1005001954864019
1005002487407295
1005003066654521
4000148897704
33057635973
1005003222425919
1005002979064931
1005003270150591
1005003251090168
1005001830378987
32596816694
1005002928355637
1005002252420271
32924022607
32951549983
4000670731412
4000906957363
1005003387458552
1005002723272495
1005002748182409
1005001483462450
1005003213114441
1005003031708888
1005003315364854
32854426617
1005001986963756
1005002624933065
1005002740804121
1005002723372411
1005003004404358
32952652736
4001278952429
1005002280909037
1005002752529664
33011851080
1005001850692282
4001024676786
1005003291138457
1005002687675228
4000958804611
1005003202307515
1005002932841676
1005002678916889
4000274512853
1005002622853193
1005003134002723
1005002034497487
32819261120
32952015769
1005002534316467
33047682993
32864707071
1005002648622018
1005003327906914
1005002416510100
32932763948
1005003303576241
1005002128674882
1005003328746710
32967754937
1005002050432386
1005003243770636
32946972816
1005002922094992
1005002319830719
32864911035
1005002530537863
1005002440921246
1005003266237390
4001365433737
1005002159553279
32993326401
4000498144085
1005003093782207
1005001798924470
1005002032985661
2049697310
32962741591
1005002618147194
32821227156
32982881755
1005003297150607
4000854301318
1005002004029540
1005001381263045
1005002271709636
1005002042381418
1005002424129083
1005002153855018
1005002636434889
1005003107215400
1005002466827277
1005002956411444
33032517102
1005002882519053
1005001721867674
4000241851153
4001100219426
1000001520478
4000138159389
1005003021101129
4001158454593
4000159003720
1005001393205593
1005003062327093
1005002317712903
1005002256206879
1005003324454226
1005002761335156
1005002267925949
1005003247656057
4001199631142
1005003149821761
1005003161255306
1005003158371224
1005003088658934
1005002753630131
1005002826704321
32953565734
1005003085522351
1005001713778686
1005003277322274
1005002618420585
1005003359371699
1005002814660372
1005003194001558
1005002189758939
1005002953228199
1005002982627472
4001149745555
1005001381218385
4001152161600
32863150579
1005003308682370
32854674114
1005002877923168
1005003191008709
1005003382541081
1883968679
1005002033248967
1005001901423274
1005002986792774
4001308833867
1005001910129044
1005002615225378
1781739969
1005003247353939
32827889821
1005002879059154
1000001980650
1005003305112196
1005001544299430
1005002487926657
1005003337830244
1005003285523533
1005003325723132
1005002482847152
1005002432775697
1005003322605468
32977977882
1005001812873137
1005001802517679
1005002927891396
1005003348339290
1005001651739049
4000089206813
1005003222560173
1005002298143063
1005002248747841
1005002886376937
4000032402949
1005003367518262
1005002767770381
1005002776886820
1005003229594183
32914904876
1005002613184905
32868875564
1005001731284278
1005001743131925
4001014984876
32891661461
4000119069290
1896095709
1005002945497732
1005001417946140
1005001742734371
1005001979638296
1005001982526181
1005001997217648
1005003005207538
1005002930448982
1005003118133936
1005002233853816
33053187796
1005002982970243
1005002717226307
1005001297611476
1005002140007809
4000891288139
1005002994903707
32821920378
1005002097366931
1005003239248718
1005002002662387
1005003108112940
1005003237196722
4000064157799
4001365008810
1005003280536038
32820276403
1005003347228677
1005003022534383
32845738243
1005002516549778
10000355169943
4000397526368
4001219741267
1005001409636069
2036107064
1005002977612113
4001288764526
1005003010394842
848846781
33007247405
1005002328950896
1005002332969897
32834515165
1005003330439575
1005002978663932
1005003269250117
4001161200784
1005002014745067
1005003118065022
1005003221318846
1005003136420532
1005001730730330
1005003129889565
32832226714
4000538294865
1005002990908977
1005002888532974
1005002967427704
1005002861391003
4000770690802
1005003244162619
1005003202176784
1005003029979812
1005003296767721
1005002769107913
1005001878562453
1005003018088393
1005002912802708
4000107470375
1005002954158902
1005003387639771
1005002051694703
1005003317768187
33043783138
1005002780649942
4001242137504
1005001857977413
4000257821219
32859137859
4000704379131
1005003290086369
1005001748880647
1005002489748836
1005003253621005
1005002443733039
1005003050099271
1005003082166148
1005002467511852
32961894607
1005002144904749
1005002697981865
1005003225657925
10000354595437
32686496863
1005002642995583
4001119797655
1005003336782243
32996499778
1005002592359391
1005001874892574
1005002668815413
1005001616450740
4000258851269
1005002232125017
1005001447097099
1005003372018859
1005002545474317
1005003191562869
1005003263828112
1005003379108927
4000756591979
1005003161824482
1005003342234818
1005002211413637
1005001821751779
32842673598
1005001913084905
1005003062518482
1005002788908886
1005003184430495
4001130533945
2008034293
1005003169876040
1005003247740666
10000062842669
1005002711472384
1005003072409286
1005002241360473
1005001550630979
1005003125049009
1005003085014662
32979051823
32855602261
1005002965512661
1005002143150622
33021922653
32912219510
1005002288909593
1005003179298944
1005001833759473
33043002364
32896495831
4001058247427
32834438487
4001222789578
1005001604606662
32919953769
32780862631
32988913498
1005003037520730
1005002791506627
32812483315
32859981928
1005002990375743
1005002949354291
1005002849792629
1005003124947010
1005003020698338
1005001441373347
1005002754375785
32887995617
1005002789612627
1005001895559708
32869242607
32823678245
1005002871357097
1005001834473897
33003263523
1005002906526150
1005003337078279
1005003125474928
4000973094829
1005003169885148
33008784701
1005001446192728
1005002090040890
32816973527
4000677584020
1005003282199269
1005003291325216
4000718722463
1005003002457321
4001100714550
1005003106921149
1005003148508249
32845206859
32895880478
32611471566
1005002463488515
1005003349804333
1005003160658914
32995644289
1005002648705292
1005003276020740
1005002797710926
1005002776592719
33002055572
1005002991951779
1005002930256495
1005002219928454
33055584700
1005002130834102
4000463270696
1005002856584020
33033329411
1005002042269558
1005002433645545
4001211486274
4001216000113
1005002006519804
33007174448
4000256576802
1005003133640002
1005002240356842
1005002774040695
1005002975592309
4001296858424
1005002803715428
1005002753767232
1005001453074405
4001162230116
1005003196100082
1005001571813780
1005002381834759
1005001989305624
1005002953351993
1005002813696486
1005003192850736
1005003124819031
1005003293500502
4001333429814
1005003350289614
1005002753896047
32847728960
1005003174012531
33058896771
1005003187389875
4000443554237
1005002758377719
4000072240652
1005002179776985
32896222050
1005003255028389
32888773661
1005003148815634
32921242242
32912197072
1005001617978715
1005002394584303
1005003255586075
32738368127
1005001767796779
1005002717309387
1005002932755641
1005002920046207
32921898007
1005003296380697
4001050791908
1005002059853204
4000990798913
1005003336595338
1005003038198535
1005002979924130
1005003146349928
1005002495346534
1005002545249772
1005003019345990
1005003137036120
1005002804437319
32989599163
1005002834975355
1005002037718572
1005002727119549
1005001470389794
1005002465085082
1005003157424405
1005002392783722
1005002855346035
32815478624
4000381785907
1005002526635710
4000219129263
1005002782230856
1005002956066386
1005003148696554
1005003265215597
1005002232838235
1005001998087908
1005003227885317
1005002762018338
1005002090120391
32876488144
4000778336615
1005002810129127
32948738156
1005001345190248
4001095203094
1005002605915898
33055830779
1005002320818276
1005002323123028
4000188182602
1005001573069417
1005003333025724
1005002542070251
32953364532
4000047770121
1005002254672972
4000003848134
4001066220771
1005003113672778
1005002001795916
4000895680325
1005002814574049
32922414521
33006852651
1005002898915024
1005003028635082
1005002746510712
1005002015598323
1005002237896423
1005003287225003
1005002768031589
4000773950483
1005003267346021
1005003271883128
1005003372724940
32916659773
4001106361908
1005003227668337
32840714761
1005003068672106
1005002688007211
1005002802191580
4001328353605
32879579480
1005002731241563
1005003335903499
1005003361743886
32979489532
1005003022673499
32790931813
1005003239468065
32854202567
1005002993745966
1005003028017467
1005002856949263
1005002050860098
1005002787677147
1005001922333435
1005002608887717
1005001665694397
1005003292820770
1005003292631358
32858558166
1005002577701502
4000119694407
1005003166840170
1005002848558859
1005001666671939
1005003325518888
1005002305245963
1005002759717916
1005002318596966
32850971897
1005002655191384
1005001718973436
1005002376054914
1005002932217360
32803467530
4000785053931
32727511930
4000744930120
1005003157562845
4000791433592
1005003020898743
1005002984270414
1005002947804938
1005003350746221
4000222961739
4000181218112
32999568186
4001061021541
1005003369634980
1005003301730825
1005002870760318
1005003377771831
4000896316388
1005003267776569
32995640757
4001223443127
32951251087
1005002310999296
1005003286094798
1005001511642796
1005002013110418
4000902909007
1005002552701495
1005002722693748
4001248175167
1005001523904738
1005003324289880
1005002428809404
4000506607770
10000181396784
1005002433409933
1005002780484093
1005002952432578
4001358453041
1005002490166472
1005001736373226
10000395861148
1005002996007240
4000143230719
1005003084673688
32772110881
1005002974126435
1005002032367202
4000014303376
1005003019378103
1005003020524007
4001217524050
32926306709
32644976916
1005002237272301
1005002091400821
1005002965765857
1005002686157376
1005002599515225
4001135137922
1005002696067497
4000018242163
4000355353059
1005002593129428
1005003302569346
10000395940679
1005001586534254
1005003309092363
1005003016266090
32379318801
4000398193129
32243222064
32735772696
1005003308536811
1005001392901664
32801573908
1005003236274731
32840211640
1005003222815862
4001118013635
1005001706319367
4001118699764
4001322055450
1005002320322924
1005002647221679
1005002203882715
1005003295421724
1005002638866020
1005002606218244
4000560726609
1005002752711896
1005003173581582
1005002841074861
1005002878111172
1005003086303571
1005003338782294
1005003368293485
1005003120640202
32981052107
1005001604822205
4001273294960
1005003337053974
4001122668688
1005003337720174
1005002575647319
1005002546741871
1005002087478615
1005002564540702
1005001693533590
4000334364370
1005003070769324
1005002945156577
32972154104
1005002894860903
4000804442456
32757230961
1005003208265189
32770042395
1005002611280397
1005002164428356
32952995304
1005003102549241
4000065464065
32890294405
1005001543737671
1005003310379820
1005002907491779
32947787829
32796484364
4000685642923
4000166908375
32967723753
1005003298466440
1005002949301630
1005003053934027
1005002991490929
1005003352605117
33050051615
1005002538894572
1005003224585248
1005003311914369
32675488896
1005002970648198
1005002282302197
4000065476360
32992318076
4000832490415
1005003144041417
1005003287644577
1005002288151136
32661558578
1005002920522443
1005002945007253
4000615631612
1005002244000640
1005002855382784
1005002557855913
1005002989840729
32799191327
32843956365
1005002951860857
1005002344781729
1005002740680897
32909540806
1005002401945502
1005001450363047
1005002579053098
1005002780643264
1005002701215093
1005001486830287
1005002997574160
32908135412
1005003221599027
4001287112144
1005002693892059
1005003246506607
32803047866
1005003113109211
1005002496554927
32959590022
1005002662700728
1005003223427333
1005001490133608
4001251738373
1005002487978027
4001061299427
1005001844545940
32860245109
4000111908596
1005002500115072
1005001977866352
1005002709219291
1005003273732489
1005003103109295
1005003214037401
1005002813917560
1005002143559542
1005002612375075
32973334957
1005002774404531
4000499880898
1005001799007771
32853575361
1005002019361889
1005002551667486
32923979592
1005001916505277
4000796280504
1005002609004138
1005002503130925
4000090115562
33039270256
4001286862912
4000966222034
32792540205
1005002564946685
1005001998117107
1005002246058887
1005002247456172
1005003339717512
1005001941564213
1005003274472704
1005003281625493
1005002503330413
1005003025108222
4000990326384
32973877992
1005002999071238
32850723948
4000552589814
4001086982242
1005003275096408
32995448907
1005002241045159
32991487021
1005003253209038
1005002524662606
1005003047523132
1005002697960951
1005002080937445
1005001650550623
1005002302662661
1005003259215749
1005002475287704
4001132980014
1005003280516345
1005002833674644
32782144352
1005001781533883
1005003388143906
1005003336691209
1005003305563165
4001039045314
1005003269669421
4000518201761
32956924828
1005002949287442
32814358088
1005003275636980
1005002868903116
1005002810138815
4000718659082
32949193274
1005002506907374
4001164535386
33033394656
33002819241
1005003172142768
1005002710619413
1005001265363881
1005002575412961
1005002305788534
1005003290880614
1005001699637461
1005001310659785
4001077236556
4001297326179
1005001994472796
1005003108045845
1005003010391216
1005002985953395
1005003016561601
1005003273239590
1005003157929113
1005002888954415
32804101618
1005003388327478
32988861948
32813971184
1005003152645850
4000641043295
1005002991522585
4000861567412
1005003332159976
1005003252395069
1005002913695120
32963992013
1005002738996866
1005002971267156
1005003368322273
4000226995378
1005002663148357
1005003330038619
32892898483
32371247729
1005001326227771
2044090601
32353563656
10000086698163
1005002765707223
4000857176366
1005003140763092
33037164325
4001038782202
1005003097319451
1005002526676690
33017557810
32969330418
1005001629257141
32959054479
32889005578
1005001284351045
1005002663034526
1005002121240693
1005002952100716
1005002820167620
1005003294054318
1005002866712251
1005001321617963
4001273257487
4001108460361
1005002861857390
1005001847751476
1005003058524245
1005001355138965
1005003272879396
32943529900
1005002610364012
1005002920215369
1005003368277822
1005003251500369
1005002259606405
4001199342956
1005002461923110
1005002977685528
1005002663770445
32853375944
1005003161202934
1005002682143847
4001122776437
4000140325643
32716090476
32831442271
32953635069
1005003300014803
32961845115
1005002821506444
4000837387053
1005002566778918
1005003336608353
1005002907670352
1005001316928421
4001320518112
1005003075772628
1005002940309744
1005002753693622
1005002715261129
1005002766719300
1005002398785738
1005002509920717
1005002947629478
1005001762212591
1005001936464749
1005002132433584
1005003020341374
1005001620464446
1005003081152083
4000215931143
1005001788789661
1005001546873551
1005002921156750
4001313398845
32620900102
1005003324215122
1005002920613085
1005003357136777
4001019280256
1005003110585850
1005002794001151
1005003080156591
1005002583360526
4001251814578
1005001651422542
32963378038
1005003349200577
1005002492342533
32615829716
1005002238796016
1005002997563015
1005003041283738
1005001775135362
1005002997094480
1005002671902115
33035365828
1005002633139900
1005002734381234
32959011961
1005002512821088
10000002731747
4000197144810
32947928472
1005003358691192
1005002742656028
1005002011951735
1005002418181220
1005002460633520
1005003294329058
1005002140259107
4000093871323
1005002040970261
1005003084642832
1005003058866713
33049975129
1005003223182182
1005003105016857
4001248732015
32996949217
4000307750274
32636620746
33041154685
1005003064895396
32544718273
32959764296
1005002965903943
1005002061069222
32859482151
1005003213915822
4000173761183
4000983714409
1005003377113760
1005002439667196
1005002613308204
1005002656785740
1005001847474445
1005001704240129
32850942185
1005002234358510
1005003143083513
32667461660
1005002745125523
32849350097
4000160849983
1005002133856589
4000896368478
1005003160323045
1005001446294348
32915106265
1005001446061999
1005003058265617
1005002475271265
1005002907891917
1005001914417661
1005002719805440
32971375470
32997122120
1005002367701134
1005002856248856
1005003188289279
1005003094424745
32346520509
1005002792151997
1005002489997659
32888330938
10000003697024
4000124245686
1005002616037640
1005003129121036
4000876445554
32852370824
32794123417
32986069363
1005003352398366
1005003251679935
4000090471864
1005002616137909
1005002667762701
4000264113614
1005003346487873
32796459676
1005003365693597
1005002272464577
1005002551550299
1005002663215594
1005001619297503
32890528963
4001274974387
1005003356608426
1005002727641054
1005002000420116
32915298312
1005003391060132
1005003364066200
1005002559172322
1005003199010754
1005003389739876
32819301750
1005002686136104
33022694539
33029131874
1005003158315833
4000683303633
32619234676
1005002731135286
1005002276346508
1005002186983902
32881933400
1005003217287446
32820553751
33009221461
1005003329435892
1005002260849873
32840235391
33044631000
32818569618
4000326461211
1005002841525959
1005003337999005
4001298533692
4001273343002
1005002080811248
32891282008
1005001894635638
1005003226663896
1005001387436699
4001164432416
32950714216
1005003338066375
1005003325760645
1005003013597504
1005002129908497
32807613713
1005002239962388
1005002841972471
32638928349
1005002639157000
1005003211253706
1005002637919447
1005003386335417
1005002266475889
4000224547211
1005003373730016
4001192162954
1005002947505165
1005003312066009
4001256355453
10000002729850
4000142019424
1005003338805646
1005003331047996
1005003155569421
4000332095167
1005001867555946
32796452261
4001201138531
1005001425661267
1005001509787770
1005003342903507
32967934194
1005002477751900
32647851219
1005003263690662
1005002130834108
1005001705189861
1005003222755810
1005001522293806
32945748430
1005003032587948
1005003270635593
1005003241008977
32981086803
1005001703112258
1005003384841093
1005002842826601
1005003062168571
4001162907872
1005002852625989
32777460050
1005003288012324
1005003020121961
32722367848
1005002947345294
1005002899150848
1005002597562896
1005002839884345
4000396530084
1005001383717255
1005001993633851
1005002755538084
1005002609541903
32622382624
1005002115719428
1005003300431823
1005002857148693
32864398495
1005001973470101
32814163016
1005002566535021
32998734175
1005001692147869
1005001537273119
1005002176857247
1005003172567944
1005003310532576
1005001664793169
1005002705812446
1005003042505823
4001327587796
4000926893528
1005001341301904
1005002633527468
32525986909
1005002859116290
1005002721847601
1005002957673499
1005003216923599
4001142304793
1005003013637515
1005002677726752
1005002465760880
32908189659
1005002790312175
1005002267827305
1005002164554007
1005002313820680
4000080929025
1005002635705860
1005002971973896
4000668318550
4000419940389
1005002864340900
1005001784511801
1005001679877697
32825270407
1005002527403169
1005003129856484
32816997057
1005002200068796
1005001829766535
1430263563
1005003290415218
1005002245934767
4000800685775
1005003346744828
1005001698520437
4000123956338
1005003095075281
1005003287155154
32889404277
1005002744426027
4001215621910
1005003221934675
1005003299059290
1005002583417960
1005002247574667
1005002977457909
32815471354
1005003287072515
1005001609122954
32893581153
1005003090112066
1005002191432590
32803306621
1005003277363017
32882129995
4000551259689
4000066350976
1005003040565280
32920769416
4001057299906
1005002457633024
1005001950350064
4001223817727
1005003251507301
1005001748814179
1005002519775441
1005002957088194
1005002703152593
1005001437508605
1005001411419365
32975809567
1005002795946816
1005001644336404
1005002271648808
32807546594
1005002781362764
1005002618752708
32841219536
1005003086785648
4000081005810
1005003290432088
1005002696372225
1005003263949024
1005002790489345
1005002413408988
1005003333667481
1005003348375079
1005001584326211
1005003366086311
1005003070576321
1005003275574522
1005002275980889
1005002756029437
1005003292788602
1005002724407691
1005003225082197
1005001679307314
1005001860609051
1005003299760788
1005001617132573
32813945749
1005003124287868
1005001626999297
1005003136668137
32815788031
1005003065250946
1005002981850012
1005002520263036
4001236022795
4000358326545
1005002709622253
1005003157651927
1005002978478893
4000013461595
1005002752961498
1005002801411935
1005002426054295
10000395813878
1005002685509776
1005001575402361
33049096516
32951442631
4000782562035
1005003254689555
1005003066247845
32862477949
32835982144
1005002709927602
32546334626
32785261717
1005002024049824
1005002450433326
1005003078249359
1775722194
32775531926
32856962011
4000636884145
4001365595963
1005002363311557
1005001976894478
33001756208
1005002663322805
1005003307870310
33052684829
32704052005
1005002612007716
1005003203294198
1005001599262666
1005003334927842
1005001399891866
1005002067839770
32848956343
1005003371342355
32846689465
1005002918404640
1005003219210263
1005002722766786
1005001666568429
1005002055244913
1005001525786467
32884486708
10000192392504
1005001798084724
1005003047715440
32850568945
1005003022072006
32956413563
4001121861101
1005002626387295
1005002425956738
1005003188922187
1005003340663654
32949494711
4000718077766
1005002636708756
1005002608870317
1005003076523261
1005003330033850
1005003256045604
4001222655718
1005002267925080
1005003179068261
4000833063080
1005001393121683
1005002761418694
1005003367916501
32855940954
32970068940
4000242626493
1005003276807850
1005003209614310
4001220675745
1005002247061283
32910980936
1005003222825159
1005002623968395
1005002878350967
32982057493
1005002571569890
1005002856926312
1005003015032896
32973237755
4000306928472
4001298581501
1005002798849649
1005003159100627
1005002833532411
1005002937843435
1005003353493618
1005002927269816
1005003146075765
32814875411
1005002244370750
1005002227834431
1005003019181372
4001294129581
1005001592499127
1005002245262736
1005003371629956
1005002331476070
32889996767
4000695684304
1005002398120139
32816821623
1005003257484220
1005003225348566
1005003294877292
1005003279019138
4000399196687
1005002214781653
4001233996984
1005003158973524
32768500258
1005001862828633
1005001695385983
1005003020681881
1005001893939329
4001292991560
1005002717576097
1005002381127913
1005003264981399
1005002658091978
1005002346300610
32884965962
1005003238817635
1005002399963690
1005002913892725
1005002052138759
1005002969805777
1005003359287604
1005003336701554
1005002884255332
4001118058301
1005002598039498
1005003327288605
1005003136777066
32798473380
1005002817737883
32512656710
4000462698870
1005002928869173
1005003228064258
32411483600
32888407588
1005002329257626
4000156782074
1005003325547674
1005002865045449
1005001977542397
1005003081988696
4000405983491
32805737556
1005001485503194
1005002176964405
1005003249902871
1005003356084537
1005002495201686
32822250759
1005002652589741
1005002964963964
1005003195255190
1005003351366618
1005003392837108
4000132413325
1005002982953846
32664117014
1005002654240922
1005001360065306
1005002330597287
1005003291578630
4000346307105
1005003251931496
1005003192422804
1005002956068529
1005002793624739
32905979616
1005002783723163
32971799074
1005002944442368
1005003337128548
1005002595075056
32755430406
1005003148790464
1005002917385228
1005003245236401
4001104166638
1005001581107750
1005002726654773
1005002681198417
1005003007210049
1005002221915334
4001057504576
4001295126944