1005002797794426
10000414196767
1005002197767764
32879081939
1005001934542025
32963111862
1005001979386378
32872497746
1005001994668841
1005001537584974
1005001901718392
1005001580866028
32736897791
1005002643392161
1005003387711780
1005003041155960
32250513257
1005002863480575
33045279914
32985943166
1005002684933982
4000318973994
1005002813888428
1005003288018599
1005002777560037
4000257712853
1005002537419525
32795456428
32967013037
1005002795253932
1005003103385725
4001211228567
1005002372055861
32946554473
1005002634242625
4000858791315
1005002729787616
1005003277237699
4000821957106
1005002466991534
1005002708387659
1005002024734751
4001195494217
1005003027829511
1005003223968287
1005002944095368
1005002388691564
1005002246297848
32956599568
33009264786
1005003050076386
1005003138355797
1005002905174994
32921073232
1005003273978079
1005003107235689
1005002886378194
1005002122350962
4000734985482
1005002996419624
1005003362710672
1005003022670176
1005003309317570
1005001973309060
1005002033673237
1005003386310251
1005003053959271
4000395697409
1005003309997261
1005003027660042
1005002699509981
1005003170702424
1005002557977177
1005003304113292
32889412222
1005002254469994
1005003094995598
1005001722291594
1005002513229794
32890459807
1005002293773829
32907674526
1005001360027891
4000394114986
1005002139736914
4001163317302
1005003350103320
1005002413435215
32949279984
33026874994
4001047709771
1005003093708008
1005002312208552
1005003336011389
1005002962619313
4000484096642
1005003031614497
4001366368036
1005003222734037
4000630025306
1005001827530637
1005002940953865
1005001593328602
1005002995674711
32957888695
1005002434269755
4001054419505
1005003276550529
1005001343722967
1005002901202357
1005003230965168
1005002417174249
1005003381286732
1005001883522961
1005003303960570
33032677196
1005002612224254
1005002497350701
4001349422197
1005003191244791
1005002971258531
1005003167543968
1005001625269614
32884457769
1005003287106789
1005003098735299
1005003027169196
1005001678118000
1005003050774192
1005002347066323
1005001637807854
1005002758903963
1005001708153978
32827362673
1005003368203636
4001068047609
32778274823
32991889992
1005002821487605
1005002701804733
1005003324986905
1005003319011478
4001276241381
4000834904923
1005001697905443
1005002604440671
1005001912624024
1005001769537505
4001038393482
32818371759
1005002974042829
1005003332189898
33015017200
4000292231813
1005003036792500
1005002747217413
1005002789049970
4001291647141
1005002495647554
1005001952868120
4001295916961
1005003160966867
4000235813108
1005002615933364
4000054621773
1005002341046684
1005002711342559
4000983463268
32965151735
1005003391010755
32710754888
1005001685976417
1005002278003315
1005003220789381
4000443785974
1005002963657765
1005003135325504
32865332428
1005001377935743
1005001961547836
1005003219140850
1005001782187501
1005003387636754
1005001608604461
4001285575199
1005003325708873
4001127508920
32577428256
4000043679243
1005003275748412
1005001869717419
32811611288
1005002089202795
1005003058199226
1005001400513056
32820047760
1005002696973167
1005003184507922
1005001596137077
1005002698144664
1005002950909453
1005002833722499
4001103307874
1005003048015514
1005003380765922
32972926784
32917539459
1005002551434723
1005003229823577
1005002914756800
1005003205547107
1005003256307563
1005002729915255
1005003255768758
1005002907179814
1005003368348532
1005002265095530
1005002207941604
4000689041070
1005002625017095
4000346583220
1005002133270817
1005002711074405
1005001929602987
1005003027667399
1005003119747119
4000726010187
1005001367725092
32848395527
32739222583
1005001915230341
1005003109259316
1005003310622289
1955342739
1005002960609000
4000370923680
4000693661365
1005002041857451
1005002919939227
1005001963308729
1005002387911460
10000395922364
4001147783115
4001021535241
4001361133945
1005003117471612
1005002716292883
32879645188
32820505983
4000729971213
32330864472
4001248767030
1005003066119224
1005001680433580
1005003196112976
1005002913837079
4001134982779
1005002715663683
4000372319762
1005002179475502
4000993772538
1005002899738795
1005003084368085
32817689098
1005002991042548
1005003324124855
4000710120284
1005003325010266
4001142098476
1005002538159430
1005002004019552
1005003361592927
1005002977061714
1005003031036508
1005003341986199
1005002053470642
1005002541882529
32722995897
1005003326650662
4001007343987
1005003301967713
1005003193788995
10000002746015
32906142364
4000172356984
1005002925057508
1005001575336546
1005002775980194
1005002255691084
1005003205953737
1005003183155708
1005002289289421
33002397203
1005001343723732
1005001934369988
1005002007004076
1005002786247219
1005002557160042
1005001484246352
1005003050024540
1005003096508829
32997459924
1005001808738928
1005002346300492
1005002608952405
32815682191
1005001952650267
1005002430642424
10000395848954
1005002334170580
1005002265169662
1005002346385564
1005002678922063
1005002990894690
1005002321999724
1005002006514024
1005003298235235
1005002592524852
1005001450567791
1005003272732463
1005002693693322
1005002886249594
32807964683
32741444035
1005003086418088
1005002920161875
10000039199472
4000610041782
32523897146
1005002875451803
1005002485021252
4001354998463
1005002328656204
32869144846
32953384127
32857232287
1005003387816208
1005002910798640
1005002023463626
32966048641
4001253715312
1005003065758950
1005001859098277
1005003339805341
1005002833828821
32784940926
1005002798201281
1005002990126460
1005003337799106
4000040396812
1005003268150414
1005001425345767
1005003263171809
1005001554820987
32355108257
1005001914338838
1005003111437344
1005003290412105
1005002965209345
4001317220784
4001211046864
1005003152554127
1005001728737854
1005003105495544
1005002219491256
1005003331070508
1005002990403810
1005003090369767
4000133483781
1005003119388218
1005001469002673
1005001868766358
1005001513754111
1005001439054949
1005002587813118
1005002224632910
1005002334146429
1005003051230211
32993122770
1005001598111337
4001044208535
2049030997
32875641864
1005003337340497
1005002577760892
1005002341440183
1005003156882848
4000580985844
1005002816549405
1005003329188733
4001152251812
1005003093236574
1005002912810757
1005001656780059
1005002851830541
1005001940474392
1005003044037223
1005002624085309
10000181294037
1005002943407714
1005002919331290
1005001913298313
1005001667463313
1005003239727027
1005003119114178
1005002071660192
1005002308599470
1005003222101474
1005003385192605
1005002223981020
1005003121922661
1005002911053937
1005002915331736
1005001267567658
1005002270819326
1005003090852971
1005001835855963
1005003030411910
32535562897
1005003176928649
32679304051
4000602999665
1005001773420455
32982509703
1005002405520512
1005002721866790
1005002386292913
1005003146708486
1005002447686349
1005002448469263
1005003018043370
1005003335928482
1005002875520325
1005003339079829
1005002753595481
4000835486744
32990781879
1005003300600257
32969851036
1005001753350485
1005002754690813
1005002868625486
4000930543319
1005001431279126
1005002775672916
1005002317771348
32989530199
1005001664448374
32917316073
32760444549
4000758618732
1005003095355111
1005003055440423
1005003391368350
1005002861986654
1005003050902294
1005002976243346
33029188290
1005002522989171
4000640970112
1005002805588453
32848483307
1005003307633786
1005002789122697
4000154102623
32912925779
32939632011
1005002943897441
1005002523795696
32835771511
1005001859298714
1005003081906370
32970185275
4000240263486
4000317082924
1005003205051132
1005002884788922
1005002210595857
1005002685165726
1005001764404377
32861700046
1005003168150339
1005003265861662
1005001852035753
1005002663264716
4000979624823
1005001854420177
1005003235587251
32835172622
1005002159168574
32946213506
1005003223592302
32803561620
1005002805869667
1005003084720768
1005002950038223
4001104110294
1005001586366913
1005003288957709
33006536978
1005002277376031
1005003030987919
1005002111599320
1005001852244264
1005001759509407
32996158362
4000462912968
4000739180553
4000936362276
32855886686
1005002598572931
1005001268172132
1005002998995693
1005003355408201
1005003235111820
1005002763479610
1005003087227104
1005002346558573
32724027344
4000930557402
4001060756784
1005003135748376
1005003156479721
4000113900252
1005001882535872
32824257077
1005001665694397
4000155511185
1005001913711609
1005002873094911
1005003209286208
4000091754160
4000703335870
4000991212546
1005002453810262
1005003017100064
32967852396
32847422252
33024096032
1005002517651190
33048144951
1005003106182956
1005003388485428
1005003386242828
1005002793680053
32830487875
32983172393
1005002788923429
1005001530387557
1005001999860034
1005001846577131
4001294583132
1005002571926335
1005002388928350
1005003385990097
1005003380659375
32456424938
1005002446957661
1005002521712996
1005001708469374
1005003093589549
1005001741856198
1005002280371740
1005003135376840
4000058251451
4001211440461
1005003197550936
4000641314008
32958418492
4000894272135
1005002525663531
4000017844467
1005001570208790
32818931785
1005003350922879
1005003283922049
1005001519117414
1005001792660839
4000847933395
4000766126370
4001146089487
1005002604277004
1005001552055037
1005002923272311
4000956243509
1005001386726819
32871479348
1005003210580444
1005002723519117
1005003269881910
1005003037623182
1005001899682019
1005002790146516
1005002802265091
1005003226639040
32723297278
1005002662670736
32880158449
1005003075175468
1005002534538613
1005002064569637
1005003102199159
1005003138512662
1005003277743069
32979904968
4001072297881
1005002245236928
1005003091889360
1005002938723346
33016760828
1005002050451776
1005001425595893
1005003315027743
1005002353360231
1005002475226386
1005003346682263
1005002622572057
1005003271266611
32878359915
1005002973125464
4000312240419
4001220038301
1005001962969660
1005003014738370
32982659129
1005002375968645
32960622672
1005003225545217
1005003273697630
1005002602646190
1005003336428306
1005002697109410
4000320415056
1005003040916944
1005002621679489
1005002101792395
1005002551829786
1005003068666590
4000029167702
1005003297397071
4000327451418
1005002755983619
1005002833808343
4000313548909
1005003324929469
1005003291071269
1005001637213447
32918248891
1005002811246317
1005001885330572
4001085452706
1005003278824045
1005003092600548
33054787594
1005003265304078
1005002482444952
10000362578648
1005001872541732
32977859613
1005003206181083
1005002718072870
1005003069436427
1005003364332168
1005003265045568
1005001633856275
1005002548390944
1005002206653805
1005003042161572
1005003212435161
1005002643433527
1005003294329056
1005002239901678
32719693750
4000817231184
1005002817234174
1005002797425419
1005001957018507
1005002392757127
32899534486
1005001300342775
1005002206325038
1005002213471066
1005002810223480
4000100001405
1005002412770737
1005003270855818
1005001574575061
1005003164809366
1005003250294472
1005001898997796
1005003247638817
1005003347138713
1005001841434895
1005002875079078
32971513406
1005001985369203
1005002949699512
4000974331494
1005002285983765
1005002920229832
1005003162735173
1005002935463996
4001112244580
1005002605606685
1005002784439143
1005002990418297
1005002926691243
1005003058394265
1005003311423394
1005003287400632
4000890297781
1005001343864736
4000023851882
4001320960716
33025634827
1005002432624739
32888487069
4000894356148
1005001987283239
4000777827886
1005002863719988
1005002693855485
4000982555326
1005003243629833
1005002799480661
4000828748671
1005002672483525
1005002597815784
32973364784
1005002994921929
1005003135794385
4001039412160
4000778996124
1005002756504586
32918048081
33008268987
1005002150095320
33011521008
1005003004729712
1005003104004488
1005001927853499
1005003286504526
1005002988521758
1005001397999949
4000252244464
1005002686223208
1005003099987543
32818838049
4001237648260
1005002460434753
33005246651
32842892779
1005002698196591
1005002794456357
1005002295809510
1005002099818395
1005001310297891
1005002789598700
32231178408
1005002650349430
1005002315094846
1005001415661918
33015414774
32859166530
1005002293537238
1005002331778128
1005002132480412
4000626067100
1005003337674551
1005002994764467
1005002625506575
4001083329938
1005002427983682
1005002346472931
1005003334211099
1005001651349717
1005002675431998
1005002348638551
1005003304128272
1005003232579686
32604356893
10000400050585
1005003315843799
4000557811014
1005001418609526
32849683710
1005002089147982
4000324880833
1005002964712967
1005002378973300
32836952152
1005003171987864
1005003087701971
1005002603811520
1005002333428390
1005001389085640
1005003212737881
32842108347
32428870562
1005003068805036
4000453065950
1005001849287745
1005001286800496
1005003359914324
33014855334
1005001628630270
1005002982024390
4001253825984
4000169965923
1005001387980999
4000039246346
1005002594042612
4001270886231
1005002051758906
1005002527374170
1005003196968171
1005002008112009
1005001888903812
32868133056
1005002937154053
4000868741710
1005002967279090
1005001462309871
1005002757864399
1005003377988800
1005001484359994
4000785139618
1005002291593627
1005001418094387
32989475262
32957313234
32702024019
1005003391296317
4000313718698
1005003182361657
1005003114854603
1005002581992828
32734900300
1005002347489235
1005003287463133
1005001536757705
1005003336194636
1005002080709036
1005002313795136
1005002840325727
1005001556755188
4001114006042
33027129264
4000771115821
1005003262884960
32945588747
1005002034837246
1005003020996502
32990361027
1005002351436911
1005003246295745
1005002363510731
1005002105027492
1005002259574500
1005001750684761
1005003117054831
1005002875672155
1005003155925691
33013420201
1005003257612118
1005003322560479
4000824520535
1005001417044109
1005003056907287
32914113290
4000236980327
1005001975582724
1005002027652226
32898945636
4001229618530
1005001771622060
1005002104393399
32409521544
4000297487053
1005003371880318
1005003157668802
4000815041794
33028020056
1005001564919819
1005002831324993
1005003052522270
1005002420057657
32694139470
1005002027378083
32916327423
4001085512696
4000939028294
1005003192035087
1005003152008756
1005001624539676
1005002135576977
1005002966287218
1005002488101086
1005003096522942
1005001496597561
33032859077
1005002819599937
32719015780
1005003146563666
1005002990815904
1005002946275229
32886868990
1005003284289527
1005003322844199
32444571683
1005002238421705
1005003063516731
1005002707881403
1005001429405030
1005002798252043
1005001562723016
1005002632797630
1005001934554158
1005002907606051
1005002744359451
1005002328139738
1005002414369995
1005003336603562
1005002055120033
1005002570008654
1005003088849001
1005001704511128
4000170696004
4001284517041
1005003128171212
1005003390882681
32972761619
1005001905028546
1005003178278892
1005002352115233
1005001785430593
1005003101258918
1005002259542669
1005003017010557
1005003022362639
1005002656389610
1005003106045715
1005003103120270
1005002841137412
4000712061886
1005002538466830
32706213421
32850769108
1005002325072608
4001200504908
1005003344068055
1005003333481310
1005002293449583
4001000308081
1005001687936887
1005003379972418
4000149209923
1005003129792923
1005001889020361
1005003268999360
1005003067355356
1005003244091080
4000012558265
1005003281155778
1005001452739709
1005001626216150
1005002841111323
1005002241962311
1005003060603074
33036293807
4001038566931
32993918745
1005002508377682
1005003141279980
1005003190146883
1005002950825781
1005003135820586
4000742014238
33029229424
4000763359732
1005002551770732
4000897991256
1005002619680332
1005003139716154
1005003225716753
1005003215259353
1005003283849486
32444948999
1005003283347033
33030913352
1005002650429519
1005003334067193
1005002924771601
33004054302
1005003333815816
4000971597802
32997552401
32921308942
1005002870220112
1005003131415943
1005003012849633
4000175700360
1005003336485380
4000059044713
1005003096708848
1005002261512339
1005001893915935
1005003142543293
1005002885718082
1005003218130553
4000560640928
1005003162224284
1005003229610961
1005002420171857
4000893714161
32833674384
1005002356934622
1005003221705548
4001290125561
4000610018521
4000010616151
32370520103
1005003121842997
1005003384607741
1005003221065867
1005002623679787
10000002722936
1005003299304666
1005003241635378
1005001333725531
32822812347
32965708179
32587654586
1005003342086547
1005002586376309
1005001408640256
1005002457485815
4000927167790
1005003366786372
4000898040015
1005003117913786
32791666605
4000692688867
1005003346744653
1005002337722281
4000998714118
1005002994914946
1005003071768026
1005003129797805
1005002306463265
1005002740221519
1005003172326864
4001122815756
1005001267690841
1005002952873358
32914742587
1005001622461748
1005003310218670
1005002613645357
1005003022131873
1005002852208387
1005003182293303
32991295202
1005002688408494
1005001421233658
4000588526026
1005002063652444
1005003388479290
32841666685
10000012922135
1005003079631949
4000249245959
1005002742219663
4001300283722
1005001965627310
1005002876607829
1005002959924409
1005003266736989
4000665964428
1005001821295120
32902043473
1005003233694467
1005003375520653
1005002724443833
1005002074265121
1005003357564190
1005002670528699
1005001705201252
32889027194
1005003234932770
33029156617
32825747968
1005002818056239
1005002929205688
1005001907693211
1005003251519760
1005003277395205
1005002565481590
1005003068487582
10000334058149
1005002205527117
1005003341086881
1005002317433189
1005001710044273
1005001815234066
4001279833750
1005002272353070
1005002320354052
1005003197818525
1005003095286376
1005002592720772
1005002183521907
1005002598885018
33055801330
1005002940838319
1005002991357311
1005003147410451
4000108031909
10000383869788
1005002661152297
1005002684886732
1005003276355652
1005003155603099
32836952272
1005003288584700
1005003337462716
1005002232926454
1005003183132276
1005003303678082
1005002512141019
4001292376028
32853671593
1005001912761618
1005003094332854
1005003016956423
1005002723454566
33001365579
1005001786935838
1005002293709185
1005003177856657
4000986739413
1005002925927208
4000804789094
1005001971421599
1005002821855444
32862911434
1005003066024437
32903007548
1005003074623931
32946673662
1005003142514078
1005003298934764
1005001977699863
1005002260916674
1005002219930101
1005003098334007
1005003351202295
1005001620430729
1005002995799323
1005003245531092
1005002050845512
4000768910451
1005003317669280
1005003368852298
1005001352637094
1005002751444988
32604631554
32908620354
1005002511400275
4000070962164
4000125512792
1005002297734325
4000595254514
1005002908894240
4001157684895
4001338225460
32995373834
1005001970311620
1005003186055034
1005003367936311
1005003148625092
1005003242242166
1005003184385062
32895820128
4000927975383
1005001521963789
33040425542
1005002069772207
1005002835620140
1005002960572526
33043615642
1005003324636533
1005001844263344
4001159655331
1005003389047450
1005002014811274
1005003336277851
32789074650
1005001715196486
1694737778
4001186335243
1005002971085023
1005001775866178
33061031924
1005002448572840
1005003363943938
1005003278308534
1005003320833319
1005003037349415
1005003242108290
32555981751
1005002570350261
1005002902286472
1005003032732726
32979362867
1005002273526790
1005001527381080
1005002646073705
1005003373146976
1005003101002422
1005003232349661
1005003127220571
32867729871
1005003177246091
1005002876580555
1005002930467659
1005002129471088
4001299188828
1005003079314003
1005003219168860
1005002347313171
1005002857149072
1005002351412337
1005003066079176
1005001349972620
4000787359486
32956357176
1005002322376960
1005002597844666
1005002413326782
4001170256544
1005003282700750
32971100518
1005003086865844
1005002259127551
4000148150411
1005002376294711
1005002978314224
1005003123267681
1005003325604936
1005003219597908
1005002641890559
1005002371855045
32813515896
1005001419128843
32910332680
1005003131521454
1005003097384174
1005001841253971
1005002610816012
32800374520
1005003324650257
1005002220659341
1005002599067884
10000395848748
1005003038411738
10000314738967
32974141781
1005003193136388
1005003089186797
4001170242878
1005001487011594
33042158132
1005001769693473
1005003033352312
1005001484812755
1005002052448816
33006528071
1005002722806006
1005002349780139
1005002252206844
32998498601
1005002797794632
4000138327517
1005002842273198
1005002852561255
32820884812
32792234668
1005001664303735
1005002187902467
1005003146420245
32944616119
1005002269238612
1005002176713215
1005002024719227
33042416048
1005003293506546
1005002323661253
1005003215874887
32893183390
1005002950947277
1005002960241470
1005002878449078
1005003349767800
1005001315678879
4001046106018
4001041396253
1005002686888441
1005001927052706
10000395865335
1005002527015756
1005003187606279
32917899120
1005003071958628
1005002797435973
1005001580742293
32826124510
1005002985386207
4001241855437
1005003077322921
1005001320882253
1005001412664995
1005003020065283
1005003265012378
1005003156169147
1005001516066883
1005002239274800
4001114126554
33004497088
1005003330948221
1005003163808305
4000479752977
32978596448
1005002973552326
4001044121568
1005002960291537
1005003312161394
1005003165368775
1005003299034700
1005003360362489
1005003299066161
1005003120473323
1005002837856171
32829913904
1005003369683614
32317951517
33045143842
1005002134624350
32814759404
32831641595
1005002646657795
1005002206794076
1005002320574790
1005002669360488
1005002722700771
1005003293540256
1005002627928333
1005002460336624
4000217880852
1005001731063800
1005002537613108
1005002700609608
4001090704556
1005001664358042
1005002696272386
4000253354595
1005003076134655
1005001338464450
33037779488
1005003301055538
32933586156
1005002214853414
32734961017
4001049540525
1005001640128455
1005002919450145
1005002282296901
1005002703288852
1005001721613125
1005003083791911
1005003273393165
1005001468126480
33024599140
4000414777738
1005002250748295
4000927187946
1005003015711152
1005002557364475
33014082973
4001159222091
32687541569
1005002731038428
32999035006
32945197723
1005003011348664
1005002324863482
1005001617453904
1005003051917031
1005001511754709
4000618244895
1005003130704974
1005002382841756
1005003303344865
1005003133749411
4000298712293
1005003232264603
32916981308
1005002956643922
1005003182226645
4000114858444
1005003168625015
1005002801814368
32995173090
1005002599964704
1005003218283039
4000193537263
1005003311688870
4000853155642
1005003174003925
33059814578
32836143103
1005001728186747
1005001954406789
4000302236048
1005003016350681
1005001824258324
1005003114739526
4001254436425
32966240637
32773564315
631371903
1005003028848495
33004243663
10000012733733
1005003277349093
32915666665
1005002926924510
4001358725903
32812347518
4000557582829
1005001724035319
1005002273046917
1005001775519515
1005002938945255
1005003244640161
1005001808029051
1005002702807713
1005002094175195
1005003065875486
1005002305371066
1005001639613487
1005001760313778
1005002916706997
1005002878791789
1005002334103798
1005001593011071
32241181209
1005003103115915
1005003333908405
1005003088255218
1005001374602224
1005003290591351
1005001867802934
1005002176468601
1005001406458372
1005002567849388
1005003288241081
1005003288622951
1005003175541972
1005001853706983
1005003061491179
1005003197762840
1005001737578867
32628825955
1005002049104088
4000641873838
10000002717992
1005002689819549
1005001518534565
4001003758757
1005003337633220
1005002708475923
1005002667036555
1005002504439767
1005002977790328
1005001695884135
1005003273224999
1005003274954560
1005002350675623
1988785358
1005002813221547
4000619318548
1005003006627478
1005003258106914
1005003051978131
1005002881515920
1005002205266618
4001063088935
1005003107396465
1005003009403213
1005002997361035
32960116822
1005003198688871
4000767413362
1005003171810092
1005001612773132
1005001402691866
1005001959925033
32864095049
32982633737
1005002945762370
1005002709993923
32855062928
1005003133548229
32996139152
1005003115652605
1005003336437775
32885289800
1005003338017931
1005001998237195
4001247960406
1005003263766339
1005002327651587
1005002265114718
1005003048447905
4000311790475
1005002440857111
1005003080476788
1005003117125188
1005003309404054
1005002739509951
1005002273573304
4001111275073
1005002259604909
4001241856810
1005003146070606
1005003022138088
1005003219480731
4000809806059
1005001774669583
1005001272103865
32910356514
1005003212824455
4001168249879
33019507908
32669832611
1005003019221440
1005002306302023
1005002941158702
4000111355868
1005003038656125
1005001376377054
4000924668585
1005002993075426
1005002433486735
1005002128443777
1005002286964430
1005003047970716
1005003290298251
4000993340093
32995161078
1005002767878394
1005002973198161
1005003247739401
1005003026580298
1005003311661904
4000102929163
1005003188365094
4000176901308
1005003123931562
1005003014171050
1005002022892101
32985963138
1005003027594985
1005002837747786
1005003037697467
1005002614460166
1005003318914470
32991308615
1005002984354117
1005001782223942
4001038605130
32810475661
1000001278095
1005001783413905
1005001446450338
1005003012801832
1005003006397743
1005002389145619
1005003133171267
1005001866431443
1005003279750904
1005002228427562
33004031318
32921304887
1005003325629756
1005003265002202
1005002620200115
1005002617120434
1005003309928295
4001227796474
1005003334330085
1005002176971591
1005002256279713
32721966895
1005003335112208
1005003000795190
1005002995590995
4000046231129
32982246296
1005003204977854
1005003212290789
1005003218567280
1005003166919966
1005002254005730
1005001971957438
32825873526
32280795440
1005002910092407
1005003177637844
1005003339705160
1005003265092718
4001127404542
1005002359752921
1005002618581254
4001252984399
1005002970322222
32920425719
1005002333926626
1005003391916611
1005002572214415
32955555794
1005001848570419
1005003213620911
32822321649
1005002425887028
33046761598
1005003278088235
4000934897886
1005002335108144
4000143683902
1005003092703640
1005003306712913
1005003065923825
1005003003338293
1005003188236448
1005003095396317
1005002567626018
32967480204
1005001401755761
1005001637669578
33037883938
1005002081223572
1005002871775640
32797862329
1005001916345894
1005003171949049
1005002753728254
1005003290202760
32912160299
1005001943304998
1005003291558186
33058229292
1005001551629938
4000111532819
1005001686391930
4000226641251
1005002882714572
1005002745839781
1005002314169667
32852039048
1005002221018515
1005002069444880
1005003390522702
1005002656336313
4001305890374
1005002767987887
1005002329513644
1005001469470817
1005001697482379
32983193590
1005003032375909
4000460336701
4000069701403
1005003309251413
1005003209399200
1005002310235283
1005002275259942
4000644686402
1005002290989613
32889552658
1005002475518471
32424950019
32850788998
1005001489303630
1005003265423532
1005001815499859
1005003260012349
4000743288659
1005003278424263
33000884537
1005003311703530
32965599124
32948838738
1005002518208533
1005003009715846
4000271723839
1005002621817953
4000149455279
1005002047538037
32914199702
33056572271
1005003111386501
4001148694173
1005002571557634
4000116061765
4000346309044
1005003261601702
1005002376041793
1005002244150194
1005003132863180
1005003007583811
1005001604482542
32916452187
32892631266
1005002473349081
32971965796
4001018698576
1005002370601971
1631208695
1005002891335463
4000985087280
1005003316803329
1005003003779196
1005001567514914
33054607353
1005003181732177
1005002495723020
1005001562107904
1005002131165661
1005003038494726
32864046450
4001101054422
1005003365577400
1005001739138567
1005003267559507
1005002696242210
1005001794459015
32470996798
4001221383590
1005003174173944
1005002275471569
1005003123952614
1005002025700381
1005002861495516
32888263976
1005001495185504
1005003218465611
1005001387005080
1005002657414529
1005003187609175
4000110885871
1005002784504252
1005003353144016
1005002747544247
32665569309
1005003123995607
1005001505886822
1005002277819135
32855617098
4001045846108
4000160797370
1005003384909713
4000068026308
32914725319
1005003133868184
1005001884649326
1005003131568700
1005003368270975
1005002655306665
1005001342604907
1005001566421122
1005002673414890
4001084601594
1005003035364815
1005003032012630
1005002912677950
1005003020276902
32920543481
1005003020387057
1005002110924808
1930720998
1005003333005240
1005003337412874
32817638647
1005002284753916
1005001861882836
1005003172971943
1005002984099298
1005001604208485
1005003139319652
32917630056
1005002508910038
4000212686673
32950782168
32804958877
32632339823
4000768618700
1005003290878896
32782488494
1005002538986058
1005003036034029
32842770017
1005003112519547
1005002427322609
1005001765742969
1005001867797080
1005003191022626
1005003008091292
1005003113354728
1005002933594285
1005003206504921
1005002782427243
1005001356506995
4001064979990
32998298124
1005003303156641
1005002885130434
1005003076876997
32990603475
4001260467186
1005002511335685
1005001537630490
1005002103483953
1005001844901661
1005002706031669
4000335565503
10000163845985
1005001492901492
33049970807
1005003242422742
32957480020
1005002911647859
4000311395769
32350039922
1005003311489369
1005003233297512
32843337572
32881039082
1005003213052147
1005001666758166
1005002489737149
1005002819686308
33005252846
1005001648459190
1005003361043396
33023957291
1005002374691831
1005003208219184
1005003353918500
1005001971362913
1005003278546158
1005001272647858
1005002655328020
1005001429276038
4000315335403
1005003278813875
1005003166232045
1005002583852079
4000029373575
1005003106720197
1005003224076098
1005003185224151
1005003303516391
1005002774216453
1005003162966057
1005001754079032
1005002092423194
1005002219362431
1005003368281010
1005001980072436
1005001750796912
32975139158
1005003015807830
1005002591086317
1005003358942831
1005002082498478
1005002949310743
1005003226483148
1005002911940763
1005002227908877
33025598494
1005002467028080
1005002868341577
33060152335
1005002398888594
1005003243570642
1005001977220552
1005002737496138
4001030533523
33003156213
1005002759481293
1005003292062762
4000547788440
1005002949556377
1005002618940364
1005003390474446
1005003000730333
1005003288255471
1005001431364719
1005003151486228
32812300395
1005002828485744
32831556139
1005002624318490
1005003184465397
1005002884070342
32758815768
1005002701813638
1005003032654171
1005003020078685
1005002555919052
1005001875787784
1005003288177265
4001278352567
1005001651695317
1005002427312835
32955253920
32966302754
1005002399764947
4000599409680
1005002678303287
4000708838236
1005002991264080
4001030342884
1005002734604059
1005002365770601
1005001356235103
1005002989608560
32974668189
32700170960
1005001581639502
1005001864325464
1005002823888923
32693432750
1005002978645347
1005001592903530
1005001695465769
1005003092116390
1005002985059569
1005002218452199
4000712487661
4000039303478
32883396949
32845330222
32975792721
4001153223799
1005002711317167
32901961011
33024265894
1005001907739922
4000453244682
1005003334254218
1005001524797697
1005002276037630
1005003277970155
32881452719
1005003181976147
1005002026612647
33045920246
1005002777609276
1005002582388813
1005003208400336
1005002418850048
1005002449313538
4000112391567
1005002522608595
1005001431198991
1005003196260612
4000985087280
1005002462837141
1005003142559188
4001271551373
4000375496979
1005003109318261
1005001835315661
1005003208883090
1005001611440403
1005002809121588
4001144088228
4000636484586
1005002710318476
32891635766
1005003058988503
1005003029271788
33022963622
1005002097623242
32904796672
32982676575
1005001860417492