1005003185963032
1005002833695062
1005003001947281
1005002514949012
1005002650806992
1005003288648318
1005002663397699
1005003141535537
1005002925874904
32881363943
1005002932109062
1005002257977260
32917464080
4000153722812
1005001768573190
1005002425858255
1005002121126767
1005002790921046
1005002680173912
4001279845767
1005003305338553
1005003200904859
4001034690972
1005001669642019
32750472206
1005003380555347
1005001450833997
1005002382751840
32847906943
32782478185
1005003358054340
1005003032746605
1005002614980723
32702079665
4000615796700
1005002473071601
1005002942724338
1005003154794202
1000001570095
546357795
1005003218274043
1005002703039658
1005002848643337
1005003076836987
1005003364405085
1005002546477648
1005002946525924
1005003381412811
1005003245438415
1005002583156436
1005002003366676
32982867627
4000097236546
1005002830520659
1005002466267187
1005003353214135
32814154455
32904791249
4001227893296
1005002988957653
1005003305502560
1005002907577907
33037845282
32885771356
1005003320602962
1005003306695903
1005003006172355
1005001840695115
32988198814
1005003336150745
1005001408588605
1005001565151350
1005003228812832
4000033439016
4000295603705
33052287421
1005003314308359
1005003031863736
1005002662450536
4000990490507
4000852748738
4000917843608
1005002999523067
1005001360480803
1005003358322240
1005003163079375
1005002344264154
32996345959
1005003073251954
1005002137383737
1005002683911445
1005003025627038
32891723720
4001010515274
1005002635054880
1005001825632616
1005003108611808
1005002448913009
1005001441423568
33017538852
1005003329910592
1005003065226812
4000405039594
1005003088244326
1005003156246904
4001356694908
4000295197459
1005003076832271
1005002656216307
1005002882631896
32885453514
1005003238128916
1005003221200722
4001269727662
1005003077671413
1005001490846955
4000058700615
1005003375381410
1005002927898265
1005003041265743
32813690454
4000049185947
1005001874139344
32970618523
4001257535909
4000433965430
32962558589
32790542297
32907265920
32890546288
32809247284
1005003197853103
1005002721728228
4000962292037
1005002889735261
1005001862892557
1005002783805816
4000808571783
1005001847662691
1005002861897021
1005002504547767
1005002268921654
1005001989126123
1005002294121095
2055068442
1005001813517511
1005003348910448
1005002133880523
1005003295776393
1005003302991421
1005003275932628
1005001599071668
32903308947
4000869891016
1005003356587984
4000405752105
32995290672
1005002330501474
4001307554640
1005003021370784
32818594730
1005003164867434
1005001425818178
1005002978079507
1005003334884008
1005003058991064
1005002678884633
32950714999
1005002801689153
4000075168241
1005002886713855
32864960741
1005003099663587
1005003370533950
1005003148761623
1005002875894400
1005003368676181
32798693501
1005002931504793
1005003342238065
1005002462446504
1005002864935075
1005002314446288
1005003200892291
1005002742011780
1005001469438549
1005003352188802
32227135013
1005003356746043
32814093971
1005002312539576
1005002380802795
1005003337786397
1005003239700323
1005001763731990
1005001600714645
1005002994744794
1005002297993518
4001042329546
1005003186703189
1005003019443585
1005003108955308
1005003135786914
1005002574757547
32871870693
1005002868253112
4001227275795
4000169807587
4000431229427
1005003329840142
1005001549143184
1005002553689708
1005003320367840
1005003350524896
1005003209593081
1005003020215950
4000086119433
32853021353
33046910216
4000043742441
1005002510700734
32947442421
4000835389949
1005003172116868
1005002295352107
32891786844
1005002780547917
1005002618013495
1005002389526941
32579925212
4000506309303
1005003197800687
1005002557015353
1005002994600317
32824857043
1005002930446970
32915420479
4000779866607
32797466090
1005002085976511
1005001500516534
1005001817773711
1005003203225194
1005001439063958
1005002836700129
32979369863
1005002901529215
1005002835227429
32868775481
1005002875379073
1005003003516925
4000324715944
1005003133747142
32877115149
1005003146349560
1005002836791522
1005003155737300
1005001629603953
1005002783350540
1005002404144490
1005002446435645
1005002616127331
1005002576259097
1005002049132405
32570553918
1005002499280964
1005002705033986
1005003386315520
1005003355756608
1005002950987715
1005002515449195
1005002226176417
1005003259011429
32969484904
1005002817933425
1005003076516537
1005003377876744
1005003263210239
33046431810
1005002401854760
1005003371326352
1005002357547172
1005002678734789
1005003351630039
1005002289921336
1005003320865443
1005002979423324
1005003388408168
4000902806155
33032821621
1005003076529095
1005002949262384
1005003332511540
1005002971647707
1005002772054643
1005003023486751
1005001885925183
1005002761239446
1005003201436674
1005003136971055
33046350055
1005003130231044
4000428897505
1005002485236140
1005003389857932
1005002006635859
32930364594
4001294543874
1005002079717670
1005003036746056
1005003323775937
1005002866080657
32361279616
1005002304006765
1005002927028175
4000598339222
4001223457152
1005003182862627
1005002894763382
32790958349
1005003092171090
1005003266843602
4000785300230
1005002559243982
1005002709581762
33025852633
1005002723756445
32845972297
1005002977849912
32834584553
32964422654
1005003216941221
1005003004965052
4000793531133
4000905710196
1005002985273555
1005002511064836
1005001989848661
32920227961
1005002348402354
1005001957233938
1005003383570697
1005001640054867
1005003337041950
1005003219313617
1005001381166812
4001291731529
4000960959435
1005002780505219
1005002311398278
1005002294587399
1005003372065734
4000592853373
10000343959810
1005003236798559
4001231879104
4000009265858
1005002829397527
1005002782762658
1005002831537973
4000039290536
1005002938668646
1005003314959303
33023101244
1005003257845659
1005003169114630
32896355919
1005002496936452
32967198593
1005003296391191
10000395851185
1005001922908629
1005003225478708
1005003016281397
1005002656400663
32649394025
4000808868307
1005003075826678
32979337237
1005002657040522
1005002747566628
1005002920567211
1005002393610868
1005003242468908
1005003354185574
1005002317612599
1005001633539336
4000920345199
4000996999478
1005002189592905
33045233364
1005002573399373
4000196608580
1005001972645704
1005001813356505
32595957561
1005001736744487
1005002960271690
1005003238861214
1005002785045386
1005002305447418
33055224425
1005003070462807
1005002637857510
1005003125393315
4000284215051
4000249397168
1005003341428018
1005003218523646
1005001970667658
32917224435
1005002427035418
1005003256410280
1005002735053084
32819343992
1005002281511361
4001039332124
4001066145986
32951407495
1005002818181483
1005002379272928
32748288059
1005002602542820
1005003224193687
1005003147222919
1005002475777121
1005003274307579
1005001273682218
4000549384996
10000326983380
4001098222353
1005001948643006
32831133071
32851258743
1005002767159709
1005002837304104
1005003202384892
1005003331747199
1005002261238965
1005002682406314
32737812866
32947598069
1005002347619468
32804475122
1005002707233920
32989543561
4000999529933
1005002294356335
1005003309905731
1005002210481066
1005002382588102
32536186392
4000825505787
1005001484743063
4000108780519
4000254173860
32920031217
4001291863631
4001309300997
1005002482689766
1005002420867407
1005003293398580
1005001755997737
1005003123505614
4000050248460
1005003279673567
1005002965633152
32798124222
33053047872
1005002844138865
4001066224114
1005003156581300
1005003309090644
32888809103
1005003277271679
1005002225755408
1005002272573630
4001188734639
1005003271704595
32835794150
32892366219
1005002554497884
1005002029183473
1005001638676312
1005002866666477
1005003222983669
1005002776671138
1005001556872552
1005002848281809
1005003308459413
1005001406119110
32904276401
1005003221686948
1005003089168727
1005003197630129
1005002835876439
32993801997
32827295564
32916866304
1005003244195970
4001191263694
1005003310051952
1005003195476823
1005003053872288
1005002952717670
1005002568618962
10000285486902
1005002977473256
1005003276290676
1005002341149907
1005001621246996
1005003311982291
1005002995515344
1005002907610603
32906818485
1005002890445075
4000459981276
1005003103259834
1005003142720247
1005002239564757
1005001993793267
1005002032286122
1005002785263647
32889014815
1005002402402251
4000979472757
1005002007329134
1005001645794973
4001085956218
1005002940952748
1005001834868841
1005001723863172
32966597709
1005002997736492
32554797930
4000361931584
1005001708355507
4000162939340
1005002920046207
1005002919479962
1005002369365217
1005001844269090
1005001329718861
1005002250873035
1005001280118367
1005003153132950
32984224855
1005002105129214
1005003136207891
1005002754286663
1005003339783441
1005001819388351
32795711564
1005003298866783
1005001993071246
32890323257
1005002121576410
1005001834243331
1005002724862780
1005003032775370
1005003384732821
1005002646147455
1005002602916019
32963087671
4000838505162
1005001289600529
1005002482870861
1005002433468072
1005002783248385
32860020872
1005002751760804
1005003224014680
1005003129666086
1005002322553679
4000663514462
4000384221491
1005003257259204
1005001849752844
1005003005109674
1005003141182067
1005002338791005
1005001775032377
1005003315090311
1005001603215074
1005003364889343
33002373370
1005002468532678
1005002973879822
32919755393
1005001846144445
1005002055261510
1005002873503943
4001144741436
4001113443508
1005002191018643
1005002952157896
1005003128605419
1005002012661477
1005002574838253
32963642712
32959653379
32778259937
1005002508424138
1005002685969837
32978286781
1005002065623677
32893911379
1005001453831095
1005003297023810
1005003025065867
32961965220
1005003181057353
1005003130940136
1005003077580499
1005002098992347
4000268715993
1005001699637461
1005003305542286
1005003272273057
2021600721
1005001819387103
32611480445
1005003108042173
1005003217642614
1005002618433139
1005003006306993
1005002408546828
32864368487
1005002606190561
1005003293423639
1005002835118891
32439913545
1005002010392932
1005002984297865
4000273490546
1005003357544299
1005001994931895
1005003380244889
32802137023
4000851284798
1005003329488646
32856972676
1005003245764136
1005002064676502
1005001465022924
32781128279
1005003056674058
1005003131034470
32966690422
1005003376308933
1005002213785410
4001153237570
1005003175780567
1005003229708001
1005003324525126
1005003247553994
4001096167826
32796470165
1005002922869024
1005002058198210
1005002473751622
1005001999770871
33055609375
1005002577739692
1005001688757013
1005002758208118
32570316957
1005003165588229
32476506392
1005003279073660
33004196493
4000114435623
1005002931753481
1005001594609860
1005002316213152
1005002459459857
1005002784908413
4000832056648
1005003328291731
1005002494379198
1005003031003802
32949995227
1005003146035744
1005001629229457
1005003120504105
1005001655103421
1005002871454733
1005002679555229
1005001418661185
4000219595896
32755191347
4000703700308
1005003112451928
1005002473016773
1005002090417496
32967660346
4001276950748
1005003337469880
1005002878449213
4000238722682
1005002990422407
1005001308277345
1005003370461720
1005003384311823
32677687970
4000971141174
1005003161391325
1005002271277860
1005002394186102
1005003193784975
1005002509098387
1005003365192997
1005002549855487
1005002587874315
1005002208147920
1005003228078096
4000921601581
1005002872997229
1005001899158628
32875242589
1005003301316674
1005002747349110
1005003356594311
1005003331621483
1005001961962573
1005003302104257
4000700681925
1005002104837665
1005003239605363
1005002869087244
1005003008014643
4001332302337
1005002339339782
4000243089788
1005003344779805
1005002095980231
1005001900393285
4000913225251
1005002056734263
1005001444658705
32723814612
1005002203425170
32766364357
1005003081008591
1005001641262334
4000460329202
1005003217618851
1005003121782276
32945508525
1005003264613841
4001295087053
1005002433237174
1005002566500422
1005002283100812
32715014124
4000581508429
1005002877564752
32801944636
4001269001908
1005002869130536
1005003320603136
32826228507
1005002951226972
32849550527
1005003170449545
1005003082017045
1005001557268013
1005002461811885
1005003303300267
4001270983455
1005003268847622
32822123884
1005001640673253
4000397476978
32972436936
1005001463146797
1005001669214908
1005003222323926
1005003097683811
1005003093458839
1005003344456028
1005003252247216
32379032102
1005001695340793
4000489903462
32638871462
1005003252932575
1005003269493113
33052220645
1005002708782989
33027698832
1005003016826674
1005002570832937
32907059883
32911985136
1005002904421810
1005003372490240
1005002664357721
4001263655041
1005002622784695
1005002862526777
1005003365203121
1005001606946490
1005003274078582
1005003213076052
1005002686721167
1005003275010288
1005001882317699
1005003303090944
1005003365426346
1005001621983091
32950360713
32998461916
1005003227891882
1005002843290231
4000010250998
1000008609604
1005003022251623
1005003050808108
1005002707791090
32982011174
32962293661
1005002363065012
1005002761556886
1005003333006432
1005002448726143
1005003229557475
1005003090418614
4001268218841
1005003160343474
1005002754559873
1005002080387929
1005001610415676
1005002642767545
32806235042
1005003120085473
32975496621
4001365273901
1005001874636324
4001326705046
1005003201510128
4000464239049
4000449403203
1005003211660883
1005002794498974
4001293686113
1005001810889406
4000341900258
1005002070214567
1005002386967588
1005002584072352
1005002587910005
1005003385085068
4000853080049
1005002617531240
1005002642518824
32718767423
1005002623201869
1005002095484062
1005002679662659
10000402405196
32840647387
1005002487594488
4001039283755
32962193474
33045319311
1005002264141103
1005001494147837
1005002630502790
1005003001137491
1005002314129137
32962247532
1005002318834026
1005003302289658
4000210331760
1005003122193426
1005002652117759
1005002815027183
1005001890620592
1005002971580135
1005003327319364
1005002122299612
1005002960371105
1005002794692982
32979398616
4000019254822
1005002650503514
1005003316009445
1005003309687339
1005003202616300
1005002822632254
1005001590447520
1005003086393819
1005002736935912
1005002938769378
1005003041522721
4001035420837
1005001963745115
32872821879
1005001993288797
1005001768480438
4001218992009
32966091449
1005003371057580
10000395860822
1005003265925310
1005002849394404
1005003359727608
4000346326853
1005003021589188
1005003172588924
1005002986590953
1005003274553602
1005002635116789
1005003066119998
1005003081555275
1005001860834483
1005001865815889
1005002103912651
32726526466
1005001877882718
32806043631
1005002797641288
32812193094
1005003126969538
1005001850559825
4000126575240
4000529136060
1005002643019888
1005003006406403
1005002270552363
1005003001048792
32962018781
1005002428374592
1005002316905993
1005002546768237
1005003047316805
1005002912673245
1005002692506922
4001087378550
32838565380
4000163005615
1005002960024225
1005001625085839
4000903720540
1005002006618632
1005002462154145
32846044385
1586294006
1005003148425438
1005002938336592
1005002697552902
1005003367740673
1005002732040232
4000996651671
33048473287
1005002964879910
1005002771358430
1005001454683857
32617818067
1005002227894840
1005002565978169
1005003330690589
1005003128372516
4000693961979
4001229760949
32820539086
1005002657961380
1005001592376730
1005003324363065
1005003082989265
1005003280391952
1005002855121014
32895103333
1005001546265187
1005002960943678
4000312089887
1005001621631327
1005002994410746
1005002995928004
1005002761304572
1005003212365534
1005002803098130
1005003262616853
1005002220076854
32989082314
32838721978
1005001849621908
1005003032808280
4001237949830
4000279957520
32840905203
1005002419259436
1005002756117045
1005002848947796
1005002562547117
1005003015223594
4000035147495
32826668499
1005002467062181
1005003228426710
1005001580380079
1005003103740547
1005001840224554
1005002733632370
1005003117041385
1005003139046978
1005001346391214
1005001905153743
1005002457847346
33003718050
4000734731954
4001114138799
1005001507024987
32838802327
1005002375334667
1005002103046711
1005002656074729
1005002813311638
1005002840750299
1005002334226053
1005001616236270
4000022143881
32829659522
1005003239452228
1005002983850727
1005003335900835
1005002907645424
1005002842710634
1005002400278967
1005003111774677
1005002790617339
32997152998
1005002211171703
1005002029244610
4000186653711
1005003373999486
4001282425624
4001047900278
32978751626
32668278848
1005002872556580
4001170002967
1005001876676655
1005002571643415
4001047794452
1005003258812108
1005001295746207
33049965932
32736066728
4001001036065
1005001902110177
1005001305964210
4000960571562
1005002828680503
1005003381942154
1005002523071324
1005002079903573
4000940587913
1005003247683303
1005001392992876
4000803803512
1005003388925826
1005003309961723
1005002722758359
1005002748071156
1005003172823501
1005003346323478
4001249446174
32906219118
1005003321645422
1005002380758787
1005002466848028
32747222519
1005002866616664
1005002622088189
32847576181
1005002314418052
1005002485638830
4000532468117
1005002736481044
1005003036251778
1005002388765190
1005002638167014
1005003105953299
1005003099701433
32990415462
1005003311028654
32312064417
1005003219677868
1005002799556106
4000378055183
33001978481
1005001896106009
1005002371874553
1005002683998117
4001274102975
1005003203838551
4001230520859
1005003279154972
1005003320351124
1005001988506357
1005003118305957
32883832900
1005002980366599
1005002052132572
10000004645137
1005002566412961
1005002748141671
33014760100
1005003299421143
1005002267940424
1005003264821581
1005002326825705
1005003113328286
1005002637288975
1005003095533799
32965969743
1005002565790849
1005003014310237
32996218871
1750119484
1005003057096081
1005003175508876
1005001699762226
1005003175681968
32811070514
1005001617496700
1005003391348244
1005003385203772
1005002541022083
33003486552
1005003081573846
32237374804
1005002890616251
1005002615672750
1005002694552982
1005003144610396
1005003256899630
1005003069392807
1005002593266161
1005002704442900
33055029761
1005002506366295
1005002831505580
32679984143
1005003307383994
4001192031218
32803286016
32827384646
1005003108112239
32862977697
1005002636583238
4000991241348
1005002693503033
1005002253902295
1005003139974276
1005002307170545
4000816874331
1005002698127597
1005003027167693
1005001640259038
4000244766487
1005003324489478
1005001626483723
1005002796587242
4000469758472
1005002306636161
1005003093720432
1005002977915107
1005003350471279
1005003062427515
4001341444259
4001297431647
1005003102310299
1005002250120738
1005002760841138
1005002808008001
1005002265179952
32829430474
32811498090
1005002608259133
4000682769273
1005002840757757
4000004065823
1005003127983652
1005001270261503
1005003019734229
1005002186302876
1005002709402654
1005002503289698
1005002878997318
1005001903395604
4001235718373
1005002924351802
1005003016971205
1005001973032752
1005003221019085
32795403464
1005002836478005
1005002491841748
1005002868981082
1005003333824635
1005003374395056
1005002928628447
4000598670967
1005001314312362
32922587738
1005002648662223
1005002618388825
32863143668
1005003292973862
32846384703
1005002912843660
1005002930557128
1005003268628585
32927172496
4000670601756
1005003025866719
4000921031263
1005003108137749
1005002951662047
1005003178051513
1005003113235993
1005002658138814
1005003321639841
1005002989234600
1005003325356995
1005002731351309
1005002466921408
32994997023
1005002837971440
1005002324548589
33036252883
1005003238178461
1005002492176217
33015330787
1005002248043535
32989360636
1005002314720688
1005002906273014
1005003305095355
1005002482706428
1005002490280769
1005003390438358
1005002974857366
1005002238749660
32256126889
1005003140793343
4001189331393
4000822638114
1005003208493716
1005002771046217
1005002073993482
1005002315238468
32834033863
1005002997188615
32929377109
1005002985027562
1005003238762313
32976151728
4000932058236
1005003284558759
4001135760069
4001366357990
1005002602418476
1005001960964458
1005003338521618
1005003330770781
1005003194803122
32842108404
4000989263185
1005003106136084
1005003087438994
1005003337117751
1005003171348859
1005002648290473
1005003270234128
32917705718
1005003100431752
1005003108094000
4000721061806
1005003065230598
1005002571770600
32850991466
1005003331084223
1005002717698445
1005003223410054
1005002861834178
4001040823887
4000022072985
1005002879318344
32947622790
1005002820467918
1005002565345456
1005001640156944
32981303317
1005001725236366
1005002099906870
4001227516427
1005002449175020
1005002924541000
1005002842502393
1005003316000053
1005002965109633
1005003139117320
1005003094249992
1005002287950968
1005002994490495
33052375490
1005003386299447
1005003187523669
32862620938
543190256
1005003005367506
1005002286568544
4001259474123
4000120354099
33002036711
32854480374
1005001510101015
1005002647318068
1005003042483710
1005003255876788
2036873481
1005002340242202
32809451535
4000705878827
1005003311749897
32330840859
1005001303696437
1000004370111
1005003065950093
32960192874
4000037836050
1005003324505491
1005002836639580
1005003252508242
10000185472905
32900222424
1005003049721080
1005002649589486
1005003181409731
32920706045
1005002902053083
1005003305223558
1005002674719914
1005003337721340
32879708241
32804740185
1005002918886440
32947569758
1005003135726102
1005001520969148
1005003008029512
4000727687378
1005001895815469
1005002931641428
1005001744126155
1005002603234378
1005003339229850
1005002519766173
1005002245005649
1005003323427162
1005002011937005
1005001987048425
1005003325199181
1005003065238086
1005002304107746
1005001792183234
1005003334069632
1005003283313148
1005003249844411
32799919787
1005002687589505
32696182347
1005002982357836
4000252652592
32748201199
4000559105243
32804630228
1005001598894123
1005002532035411
1005001699953326
32959440767
1005002346513909
1005003202095804
1005003051454883
32882026246
1005003237500709
1005003381675134
32957103700
1005002613036035
4000277392278
1005001380908383
4001295924996
1005003096510537
1005002711977354
4000731462685
1005003163837822
32909863030
1005002382704143
1005003265472068
1005002731323713
32834663173
32917073470
4000463174871
1005002352631834
4001117173480
1005003342902764
1005003297616980
1005003129353139
1005003151570152
1005003111655571
4000311564442
4000333511388
1005001334246227
1005003129328419
1005002672453162
1005001480056748
1005002340129671
4000094822272
4000808365048
33005130166
1005002171808027
33042748081
1005003001425769
1005003340256196
32885672995
1005002824401955
1005003321959014
32764861074
1005002440427042
1005003012781851
1005002995640041
1005002907626555
1005002386424169
1005001512927017
1005002806181138
32962012516
1005001863927557
1005003206056515
32698138481
32968166965
32857725695
1005002690119479
1005003294174522
1005003337118352
1005003092038510
32993141264
1005003198837651
1005001447383126
1005002408171202
1005003278262568
32970549418
1005001910294411
1005003166530340
1005002994982823
4001080266046
32917341983
1005001998685872
1005003341382661
1005003073661973
1005002990769733
1005003012689568
1005002055742682
1005002931511938
1005002252205049
1005002347077204
1005002840583905
4000897673125
1005002503762370
1005003048426195
33060298016
4001241904035
1005002510439612
1005002959697738
1005003347019552
1005003139400789
4001260144483
1005001789243418
32853463209
1005001779539232
1005003336495396
1005003267373215
1005003289750331
1005003309746498
1005002722925381
1005002317578426
32953268700
4000148027995
4000235860926
4001214062962
1005002061927623
32588056493
1005003374573003
33025695924
32536779515
1005002830763826
1005003324966408
1005003061199309
1005003101363608
1005002197831291
32906062172
1005003053742205
1005002254390102
1005003320716968
1005002855483484
1005002439394586
1005002809214413
4001044582410
4001137998452
4000203061272
1005002814019598
1005002300058165
4000973139776
1005002979794871
1005003365671136
1005003270543670
1005002229072720
32530392429
10000362555021
32855425317
1005002568165526
1005002554922340
1005002154376267
4000188069770
1005003119729074
1005003171273801
1005002014242814
1005002306920428
4001278799924
1005002496001170
1005003328994358
1005003037492637
1005002175415673
32914160931
4000878501355
1005002158769678
1005003012544370
1005003324723650
4001158522356
4001221895482
1005001977860326
1005002774494020
4000242792945
1005002085376843
1005002265373538
1005001853989616
1005002046591119
32971921302
1005002865681875
33046576548
1005002747626588
1005002880422167
1005001448017501
1005001525287749
4000749832875
1005003066067274
4000160853698
32906961323
4001244311295
1005002753752231
33045402425
4000585671270
1005002818289906
1005003071580436
1005002856455635
4001345883128
4001294987674
1005002962361630
4001248865506
1005002469726023
32803605548
1005002120928676
1005002648974319
1005002945595424
1005002335248885
1005002668015117
1005002882833503
32964464125
32962311887
4000216081131
1005002768069014
32968407987
4000460926529
1005002237497770
1005001441846844
1005003264506845
1005002012256772
1005002282984080
1005002453736892
1005002914443982
1005002761342861
4001241201157
1005003069122748
33035209908
32949510077
1005002717248360
1005002613357489
1005001284652336
1005001659875490
1005003062522270
1005003388420910
32814384065
1005003152795346
4000522342554
4000327607838
821855095
1005002313904178
1005003379900710
1005003153125439
1005002547438617
1005003281103250
1005001608074291
1005002259994253
1005002949972224
1005002033878881
32759599726
1005003351643010
1005002312418593
1005002754248338
4000824394834
4000479879799
1005003131334151
1005003117337580
1005002730284603
1005003203101377
4001208890457
1005002103610230
1005001642520681
33001729717
1005001987701463
1005003035844704
1005002344951984
1005003387512359
1005003385104518
1005002655885950
1005002148623534
1005002748593952
1005003043831383
1005002849781809
1005001636498231
4000018026416
32804615597
1005002389343457
1005003228234825
32855782535
1005002765469896
32661321908
1005002518690090
1005003392357489
1005003194385188
4001076435741
1005003287113120
1005002043350894
1005003223291851
4000371131827
1005001764675033
1005003274162191
33023991595
4001114417777
4000555140588
33021057725
32837445740
1005002944973357
1005003234641854
1005003016074540
1005002482823749
1005002313602227
1005001948490981
1005002946186633
32506792817
32836264971
33000241691
1005001949294996
1005002577098529
4000791550080
1005002963929305
32743203162
32920918728
1005003088636226
1005001451528778
33056445305
1005003303583133
1005001596473756
4001278918166
1005002612788074
1005002336068943
1005002666465762
1005003065034627
1005003325669545
32962659180
32989284953
1005003146433184
4000055061606
4000276158860
1005003348321363
4000057083970
1005003345061393
1005002389675457
1005001987322599
1005001483377769
1005003026759616
1005001489370928
1005002539447263
1005001950176745
33012218683
32994953065
32869532727
4001248192677
1005003270637223
4001014700073
1005001915283422
1005002928898234
1005003163947452
4001151306197
1005001709034434
32330965547
1005002746511622
32998917483
1005002124689384
1005002374959196
1005003153273820
1005003161477956
1005002821798050
1005003387639771
33013987123
1005002474429147
1005002590176152
1005003330483341
33007620810
1005003058367280
1005001368684792
1005002753949792
1005001946375774
1005002790855714
4001131011440
1005001698718919
32614619268
1005003028242501
1005003256260363
1005001496397223
1005001687948471
33063831606
1005001632098356
1005002624470841
1005002766957507
1005003351641579
4000415089784
1005001446636934
33055330779
1005003218169920
1005002177578108
1005001465388512
1005002821152398
1005001859096203
4000451143731
1005003316696534
1005001922384281
1005002277215278
1005003176969820
32850770208
32884056359
32965459295
1005002508859566
1005001427515473
1005001988798341
32832445005
1005001365443543
1005003294397510
1005003387184556
4000661633907
1005002210976766
1005002538395949
1005002612601274
1005003350243134
1005003085684756
1005003239475964
1005002275151859
4001217073531
1005002959638413
32971975716
1005002982045565
1005001820307192
1005002765723722
32859436727
1005003187187873
1005001656825274
1005003004541321
1005002655799523
1005001456190108
1005003305970604
1005003312732149
4000332211530
1005003346423913
4000936686586
1005002699766703
4000778437682
33049973850
4000944038302
32563420054
4000224370233
1005002175520751
1005003387845170
1005003004954502
1005001518565433
1005003188192527
1005001899518997
1005001941441123
1005003276745426
1005002237512369
1005003337797632
1005003051056500
1005001445767952
4000013784193
32859795927
33022999585
1005002608456331
1005002985325114
1005003034297421
1005003014520882
4000223862643
1005003252377464
1005002252332202
1005001671189243
1005003256625975
1005003255740418
1005002760388783
1005001401587888
1005002798166865
1005003079658803
33017612672
1005002076445352
1005002453674013
1005001290633233
4000544479736
1005003278863089
1005001550952534
32954446619
32871158588
1005002551336576
32958210665
1005003093916022
1005001863772860
1005002539482368
4000640960731
1005002963063773
1005003388523233
1005002066304670
1005003161887449
33035914817
32373262288
4001296154357
32990813514
32960037527
1005002915365414
4000067157443
32980200818
32899229439
1005003264841363
4000736010211
4000630976945
1005002265313840
32827484010
4001080811517
1005003117277699
1005002316342382
1005002731748244
1005002809956762
1005003143875397
1005001669540576
1005001321645539
1005002039210419
1005002460269861
1005003261682213
1005002181367403
1005002555876125
1005003030923959
1005002136410264
1005003065078775
1433778321
4000686640279
1005001775066158
1005003390489992
1005002389281518
1005001844421697
4000550893817
1005002842457262
4001257590980
1005003103384813
1005003282476380
1005002573418920
4001149735776
1005003121418037
1005001530466839
1005003147340616
1005002739229835
1005002212973203
32816463380
4001273225513
1005003371356537
1005003074097243
1005002012303988
32982192369
1005001394124814
1005003187456370
1005003284879088
1005003171368762
1005002979781078
1005003228060191
4000586504790
4000189443460
32964102688
32648521304
1005003336664652
32874677386
1005002021700777
1005002582626772
1005002457108828
1005003197625325
32625126250
1005003080135822
1005002460437217
1005003047892239
1005001669674677
1005001858825524
10000002733759
33046329028
1005002795095684
32886742049
1005001553228918
4001322173255
1005003383189878
1005003154193765
1005002400009692
1005003259774068
4000210414661
1005003224605658
4000133461863
1005003187145858
32713295905
32918742623
1005003338042549
1005003367588494
1005001797350427
1005003252215673
1005003024685411
1005002819932382
1005001441353313
1005003325680380
1005002879215659
1005003197180406
1005002755772121
1005003230471605
4001203618836
1005003262240626
4000543688804
33014940416
1005003094936520
32744746687
1005003207222952
1005002656997390
4000783042063
1005002793755171
1005001769478783
1005001555025302
1005001727525391
1005003223087161
4001156608361
32876498683
1005002505338654
1005003140177769
1005002043068991
4000298829567
1005002563803454
1005002100238059
1005001607912741
1005002400541186
1847872588
4000319885025
1005003280690174
32265106584
4000609985889
1005002722949796
32835417753
32748744986
1005002959471077
1005001511233582
1005001354964590
1005002714070641
1005003383806814
1005003385650867
1005002664126242
1005003037605738
1005002605671189
33037963149
1005003000774791
1005001995016713
1005003076482590