32901055625
4001155328287
1005003245381530
1005001793321979
1005003129348871
10000351822002
1005003093948664
1005003069358347
1005003233170755
1005001397912372
4001142301483
10000003992913
1005003382397370
1005003375157138
1005002753891018
1005002297133496
1005002758124602
1005003118249332
1005002603611314
32908848412
32681468306
1005002821111306
1005003038579046
32843776361
1005003263725011
1005002956233136
1005002940547148
1005003258832493
33003671303
32873615352
1005002910641220
1005002260685871
1005001483697915
32988900546
1005002918574599
1005002836534791
1005002314156235
1005001652186581
1005003069502805
1005002779834772
1005001825845612
1005003378687049
32833423758
4001117999141
32801347998
1005002777439506
1005003134797991
4000350436231
32239626583
32824399035
1005001739186858
1005003052647253
1005003019242167
32866544528
1005002753608460
33001902104
4000574526203
1005003170178886
1005002527981773
32772811423
32877825094
1005002395186826
1005002010843539
1005003343245361
1005003136362621
1005003195679400
1005003217878012
1005003276623354
1005003013802426
1005002821920890
1005002907056695
1005002003845017
4001118321035
32795825388
1005003226148092
1005003090503421
1005003073725511
1005002993118855
1005003388412879
1005002813693387
1005002918605102
1005002781995714
32839363955
32731467158
1005003268569932
1005003333100121
1005003357670024
1005001948653920
1005003089768002
1005001913081919
1005002563479329
1005002852927195
32961622351
1005002795799494
1005001450602881
32918290826
1005002708697348
1005001832320107
1005002837016253
1005001385535357
1005002859208133
4000235792290
1005002505458866
1005002673318021
1005003335748551
1005003185756424
32353158995
1005002272253741
1005002666600241
1005003011598382
1005003265514353
1005002674881986
1005002695896301
33014656175
1005003189907082
1005002728242184
1005001514820159
1005001865485431
1005003102273900
1005001507447067
4000812417340
1005001940895895
1005001886311405
1005002648953095
4001103965500
1005003228095717
1005003307786410
1005002573048597
4001085468559
1005002678887449
1005003287848135
4000832611982
1005003156226723
4001056709750
4000698487486
1005001946597703
1005001325401340
1005003370267737
1005002400280247
4001221310501
1005002891809765
1005002096655747
1005003372207293
32963050071
10000145925272
4001245744839
1005002894751535
1005003308371376
906762217
4000424525106
1005002470043149
32850704884
1005003151798393
1005001463548531
1005003217398232
1005003225054662
1005002084184044
32713390346
1005001275319026
1005002814515642
32973545822
1005002861647330
32880132802
1005003383849195
1005003197882624
1005002658968381
1005002996038759
1005001812383893
1005001952174733
1005003343976425
1005003193673839
1005002114408663
1005001845347505
1005003115801831
32968335569
1005002220726530
1005002781673589
32987940243
1005002863093676
1005002985000955
1005002898030823
1005003145198881
1005003161080497
4000814927272
1005002868817759
1005003187121022
33036630902
1005002236403466
1005002813338911
1005001854234547
1005002470461216
1005002553980861
1005002462264768
4000834146107
4000626693784
1005002608075560
32740418609
1005002973143508
1005002642104842
1005003042548071
4000645403016
1005003012027162
4001159903309
1005003161884094
1005003127748164
1005002210156599
1005003327272938
4000894823210
1005001339269603
4000453713935
4001056809233
1005003157489248
1005001585794901
1005002789051341
1005002307625736
1005003178356570
4000388956818
1005003220941959
1005001676891324
1005002464492985
1005003261941083
1005003392415258
1005001397943638
4001287234112
1005002624578585
1005001587594467
1005002697473669
1005002007773137
4000020122267
1005003026892504
1005002228427562
1005003372020574
1005002069334247
1005001750121032
1005003282703085
4001227113086
4001153856407
32696668707
32953679717
1005003310718355
4000152362202
1005003383929102
1005003026873875
4001359995316
33012208348
4001016285208
1005003219019539
1005002728173834
1005001368446164
32956700184
1005001771865115
33053699491
4001128284020
1005002747313803
1005003265992409
1005001733168044
1005002658912634
1005003365851800
1005003324532208
1005003291250904
1005002994053761
1005002394942545
1005002876798032
33059498532
1005002287324225
1005003189095179
32948686493
1005002876131897
10000259435748
1005003344191000
1005001533598604
1005001620962343
32856853825
1005003188005030
4001104857200
4000610028942
1005002994933717
1005001594603688
32873877111
1005003047155313
4001211748840
1005002646602492
32846560741
4001058807068
1005001972903141
1005002549402590
1005003177196093
1005002231525135
1005002804396440
32812297818
1005003362077173
1005002132348153
1005003121959060
1005003215616905
33001269693
1005003236120584
1005001347105137
1005003112922364
4001201863871
1000001686856
33054010633
1005002465642276
1005003353751678
32848689021
4001186241067
4000580571636
1005003358568696
1005002265641855
1005002587993824
32812630377
1005002993116716
1005001943803152
1005003307011897
1005003178000068
1005003013886511
1005003032413656
1005002884736915
32862698704
1005002797569758
1005002742615285
33029347514
1005002405655009
1005003215533987
1005003144214654
1005001337810225
1005001316694819
1005002929304174
1005003287436372
4001139191623
1005003085939720
1005003379492994
1005002504060237
1005002731626805
1005001798519525
33000429210
1005002799556106
1005001640587272
1005002392011597
1005003209312840
1005003127850348
1005003188699095
1005002977209904
32650440629
4001252448842
1005002540627804
1005003204958759
33008577838
1005003090628254
1005003083313836
1005003342089639
1005002101461320
1005002448658223
32996330159
4001275982710
749621017
33050087338
1005001640058276
32840328326
33049721020
32995214143
1005002314127226
1005003339111100
1005003249145670
1005002997385698
1005003146312812
1005001303687059
1005001753637598
1005001506813390
1005003387503115
1005003216770593
1005001683627348
33035960427
32984819392
1005001705650373
1005002849525500
1005003157588635
1005003298355901
1005003329077956
1005001764058908
1005001340603474
1005003379400535
4000761550637
10000343887778
32838375590
1005002836281511
1005003290266329
32664609811
32859277597
1005003033211931
1005003342128216
1005003380560881
1005003337577418
32791632879
1005003123826439
1005003369549552
1005003351028422
32979562105
1005002721980586
1005003375087672
4000195579657
1005002675301972
32750249382
4000039359356
4000598279535
1005002987094159
1005003085351587
1005003385104385
32858191264
1005003309832771
32932092270
4000575791436
32832619997
1005002642730869
32755868491
1005001998056872
32881442803
1005002679070984
4000722826926
1005002516163209
32606597445
1005003276691080
4000743009585
1005001556951382
32500356789
4000140645767
1005003034133087
33005003813
1005001496343377
1005002548503475
1005003166137068
33006658272
32910099987
4001050717657
1005003279635094
1005002426464616
1005002797233093
33057602540
1005002287483451
1005002816022890
1005003134866815
4001213607318
1005003386336061
1005003278294266
1005002398681452
1005002608818495
1005003316405616
4001050376040
1005001389761183
1005002465134987
1005002240558480
32953422979
4000674214669
4000142056384
1005003158914850
1005002248143513
982430055
1005002715300155
1005002736983792
1005002748356990
1005002335318234
32974155638
1005003336826467
1005002376458418
1005003269110305
1005002739763488
1005003385156650
1005002848517153
4000800731594
1005003342483039
1005002090197446
1005003309618582
32959054479
32934827495
32564263795
1005002328839384
4001288046354
1005002544696404
1005003090315828
1005003217356699
1005003386309316
1005002201900715
1005003069610795
1005003312058510
1005003074054435
1005002816853458
1005002254091911
1005001710864379
32683550153
1005003363957908
32996654839
1005003216194450
32840705510
32879678415
32974077005
1005002409631284
32830027046
1005003388289714
1005001905271148
1005001388892302
1005002489172406
4001105866503
33044191033
1005003163867767
1005002997690224
32850752575
1005001991949427
1005003156563451
1005002287377107
1005002950486976
1005003069999200
1005002352365076
4001068373751
33012794772
1005002773958483
1005001437242921
1005002540624856
32856564764
1005003172840824
1005002937592845
1005003280743941
1005002199993989
4000260035725
1005001815073527
1005002830310775
1005002616778559
1005002875598826
1005002153385586
1005002306953039
1005002671995678
1005003090317282
4001083868017
32657789154
1005003367342166
1005002610661275
1005002505017029
1005002458638826
4000902656375
1005003392357932
1005002610197136
4001213039311
1005002742590180
1005002641882153
1005003156081154
1005002932251327
1005003050721538
32924191791
1005002696769013
1005001913718395
1005002995487340
1005001867243677
33049324540
1005002675044680
4000017905957
32882121152
33040745683
32495209140
1005001424876348
1005001933339857
4001230324780
1005001942228130
1005003387333493
32714072801
1005001819426085
1005001291918063
32917507769
33055106709
1005002002813242
1005003228543592
4001122035152
1005001343230409
1005002247276436
1005003058745762
1005001299128072
1005002044673205
1005003286789432
1005003028146216
4001022924242
1005003141834525
1005002134401847
1005001389373080
1005003336525099
1005001588648377
1005003268559341
1005003357717976
1005001530653794
1005001901295519
1005002748080588
1005002719164651
1005002510778730
1005003053959271
1005002841604916
1005001999719297
1005002625582584
1005003129581948
1005003348891567
1005002776524461
1005002726179282
1005002317798271
1005002160702966
1005002040518506
1005003120919540
1005003244195970
1005003333446702
4001314927896
1005001457581036
1005002065323295
1005003192143217
1005001570273989
1005003189893754
1005002755474090
1005003298612680
1005002706898775
4001295054067
1005002823656097
32339248085
1005001865224294
4001333568795
32561297280
1005002120662019
4001360621731
4000724652045
4000292753926
33003626877
4000032860478
4000725608252
32512675018
4001165628383
1005002243926528
32998843676
33001750525
1005001933242901
32965252978
1005003117086262
33049509496
4000833348174
4001149206134
32947186487
1005001436673955
1005003158304717
1005002697251192
4001017679844
1005002378634912
1005002663402063
1005002089274536
1005001710591312
1005003339536519
1005001430561457
32975437242
1005003264054131
1005002421464803
1005002861289928
32669971576
1005002570841649
1005002280882421
1005002518885390
1005003380554316
1005003208470434
33044250950
1005003171908570
1005003202559368
1005003176867408
32974628636
1005003128658449
4000072709039
1005002731181619
1005002520139311
1005001439500186
1005003335856673
32972926784
1005003256327806
4000770421361
1005002129920479
1005002493995896
4000589072733
1005002219007768
1005003375366814
32976691016
1005001393827194
4001048018426
32817086621
32830073586
1005002738426504
32973041023
32848861894
1005002221005637
1005002128539730
1005001394925942
4000777471744
1005003309556932
1005002602558957
1005003115713561
1005003165813762
2045586416
32686626516
1005003224577571
1005002052182535
1005001762702873
4001130667660
1005002601494414
1005002569718375
32986635996
1005003172987866
4001149004456
32626743604
32798470414
4000483854638
1005003098729477
1005002324543091
1005002906940110
4001080846948
4000253973506
4000971485903
32839124586
32962913287
1005003178402254
1005002732551761
1005003363186349
1005001304817838
1005002904787585
32867151128
4001178765373
1005003297584978
4001035291461
1005001656811985
1005002555025279
1005003342273091
33032267098
1005002688052449
1005002432417093
1005002408078077
1005002357777930
32970941856
32953686320
1005003382252202
32964867505
4000913411014
1005002990364730
1005002553579187
1005003199606512
1005003192293207
1005002991018918
1005003163396788
1005002598630609
1005003123749273
4000470697820
1005003290282314
1005002793813465
1005003083513890
1005003386345558
1005002804048966
1005003251518481
1005001469620505
1005003145194740
1005002438961378
1005003282409069
1005001929698971
33046932060
32812710530
32879193230
1005002676831480
32860376726
1005003160395332
4000071646825
32843352759
1005003387736401
32844948215
1005003167964866
1005002795903076
1005001704295716
1005001499298458
1005003274720474
32897779170
4000185695112
1005003244222155
1005003330981785
1005002959825958
1005003003537393
32825326338
4000472750999
1005003215128202
1005003384322352
1005003128893364
1005002819799626
32895146652
1005002929807174
33001145494
1005003197685086
10000362618971
32909125916
1005003269352652
32805449536
1005003136426656
1005002878329816
1005002602754026
1005002512189486
1005002282788543
1005003229425158
1005003143218664
1005002679066491
4000358286079
32820112310
1005002591458416
1005002489090415
4001350373485
1005003368509807
1005003109253397
4001227993775
32862933803
1005002399987714
4000625968806
1005003091497102
1005003315910559
1005002566303703
1005002206856742
1005002612997146
4000088807596
1005003337589356
1005001324561604
1005002458827707
1005003208973335
1005002284135929
1005003134199134
1005001293600341
4000051541258
1005002931662609
1005002285692115
1005002027181725
4000830163544
32867618662
1005001897024654
1005002197834649
1005003292127674
4000736115251
1005002995701619
1005003010098509
1005003309843616
1005003208509166
1005002014461778
1005003228073672
32886264267
1005002431477017
1005002927875663
1005002760338549
1005002225307833
1005003181151643
1005001608138607
1005003352820888
1005003332270041
32851039591
1005002721800974
32809793190
1005003385450564
4000561673467
1005003097839292
1005002522945389
1005003271754851
1005002739251133
1005001429782053
1005002870510230
4001198148148
1005003278420385
1005003380127383
1005002081771025
32998565458
32831182569
1005002377356134
1005001581099752
1005002734327834
1005001620179371
33004284958
1005002273670120
1005003103762045
1005002987747796
1005002316730890
1005002787073655
32926403917
1000007500631
1005002343856719
32792719879
32864862869
1005003262161689
4000695428988
1005001850506439
1005003192486495
1005003310880742
32974888028
1005002213744618
32898603705
1005003131940097
32897654104
4000258367581
32767145762
1005001290819336
1005002618945681
4000077334682
4001335902962
1005002661992226
1005002859492117
1005001839942123
1005002314014811
32824389312
32811584810
1005002462719423
4000107420660
1005003387931865
1005003060899303
1005002317145906
1005003370120727
32819075573
1005001526262475
1005002003479967
1005002528214092
1005002196776245
1005003345302112
1005001418128935
33008361948
1005001436567423
1005003016222207
4001278251848
1005002949696845
1005002504798096
1005002963853107
4001234510409
1005001664505026
1005002064977907
1005003328091165
33060819735
1005002094082146
1005003266858626
4000934643197
1005003032322247
4000904251171
32739718629
1005002685981516
1005002730769804
1005002630961272
1005002663890477
4000405009060
1005002453021609
1005003107388188
1005002774370729
32859984537
32996962431
1869936627
1005003328985684
1005002704646347
1005002577623122
4000103706029
1005001587045218
32977691798
1005002702747414
1005002413046670
1005001344790935
4000054607286
1005003026048750
32943581039
4000516107063
32839634040
1005002221957591
1005002450342195
1005001408113572
1005002924953632
32717026903
4001022084359
32737784925
1005002809975142
1005003246157995
1005002317626288
4001173835602
4000994348704
32982824819
1005003108093380
1005002426795778
1005003299456419
1005003340864718
1005002519070040
32839771220
1005002952638328
1005002812316382
1005002315007135
1005001570856279
1005001575198777
1005003003298184
4000926588062
1005003245573142
10000009407590
1005002724704580
1005002520126810
4000397483045
4000259568441
32461721774
1005002012738340
1005002388667877
32821020922
10000189929080
1005001482179437
1005003266244735
1005003197881016
1005002755890736
4001162688413
1005003066623978
32856306467
1005002683273586
4001091578668
1005003385069022
4000169516690
4000691150290
1005003315570233
1005002816433006
1005001644898326
1005002139274565
33050743702
1005001770759082
1005002026959198
33049928275
1005002703966573
1005002473700041
1005003108827993
4001287951621
1005002287161111
1005002635944245
1005001802869256
33045930145
1005002454452169
1005003123742934
1005003142727890
1005003202024378
1005002250964341
1005003290242083
1005003222603779
1005002854541844
1005002469534761
1005003051581763
1005003114208217
4000945564988
4001219363703
1005002054221217
1005003302655915
1005003246511217
32970948886
4000176139945
1005002362517553
1005003274553856
1005002551679270
1005002834265320
1005001549270608
1005003147554631
1005001916452617
1005003325592504
1005003222353420
1005001360664947
32957277163
4001083688127
1005002309362614
4001360278997
1005003319945164
1005002761732020
1005002564200313
1005001463164871
1005002615674240
32889557517
32704947131
1005002499078445
4000611560538
4000534397425
1005002441412621
4001061697023
32905123800
32750993357
32856608115
1005002084646065
1005001438805590
1005003206319230
4001308216372
1005001624715387
1005003251651408
1005003263439263
4001344869480
4000082624400
1005002983690408
4000001093355
1005002602930509
1005002097581465
32891021146
32857089033
4000333798419
1005003309281464
1005002375656261
1005003189099831
1005001626512667
1005001896475303
1005002967978756
33001456333
1005003328667773
1005003101090730
32826354107
1005002655662237
1005002473606986
1005002977652262
1005003027824946
1005001342627984
1005002756764313
1005003108520568
4000134023523
1005003125371653
1005002193298478
1005002793710017
1005003080492920
4001028477406
4001345589876
32820426977
33003262301
1005003285396908
1005002828622421
1005002282599113
4000554171843
1005002089148928
1005003300789290
1005002110094275
1005002842934173
1005002347268958
1005002232160469
1005003188871027
1005003132450789
4001217303881
1005003291708866
33011429260
1005003022894374
1005003131295858
1005002599768589
4001156170511
1005002950877440
4000219481123
1005002622874303
1005003268458018
1005003344121933
1005002711047587
1005001994883010
1005002028428581
1005002179366837
33001709482
428024277
1005002320026395
1005002814948759
1005002611444216
1005003378156028
1005002184670058
1005003318605178
1005003108616361
1005002258504908
1005002994833544
1005001806008382
1005001741328157
1005002615930955
32886014289
1005001948806711
1005003183366218
1005001854506913
1005002984285624
32891414221
32969525120
1005002275508716
1005003122994407
1005002775856550
4000803411133
1005003345247581
1005003133997488
1005003302057700
1005002948665753
32955536546
4001241020002
32957560212
1005003385493863
1005002755958671
1005002329228680
1005002509259184
32922004342
1005001895825055
32885374151
4001335266811
4001190565738
1005002232194116
1005002400427106
32980966116
1005002709855315
1005002981784885
1005001973713622
1005003058137446
1005002072917190
4000805352250
1005003048526633
1005001723902261
1005002052248191
33050581235
1005003100853010
1005003152079622
32908117560
1005003326350677
4000470658993
32970380415
1005002970848258
1005001458334515
1005002663729221
1005002608277535
32949437639
32950864469
1005003097788633
33050766314
32906449206
1005001530142864
1005003365035633
1005002851969665
1005002361439196
4000334351309
32705927316
1005001518996693
1005003184421655
1005003341323786
1005003164609924
1005002123200917
1005003343618547
1005001408568679
32995350490
1005002780946831
32668884781
1005002487111953
1005002939754018
32998292065
4001230359547
1005002275254920
1005002585192939
1005003272632995
1005002603774851
1005003359225822
4000677492897
1005002572436194
1005002709254569
1005002419564528
32905557036
1005003025135338
1005002761000511
1005002918741360
1005002124401054
1005001374722802
1005002862106262
4000192229229
1005002687490903
1005001840120816
4000229291261
1005001894390654
4001224187266
1005003343450363
1005003093587903
1005003287572910
1005002499355744
1005002312099268
1005003328130855
1005003137821466
1005003202216542
4001282335745
4001244726827
1005003181474418
4000628077411
1005003370507343
1005003156989078
1005002293145197
4001061007340
1005003141290528
32687374168
1005001588972202
1005003385079408
1005003097118184
1005003340171791
1005003156054552
1005003293116580
32657744151
32962427396
1005001966496585
4000801035761
1005001835440420
32735986538
4001041665152
32663029516
1005002879238399
1005002617678818
1005003015793388
32953286177
1005001406074703
4000756858819
4001282580923
1005003384969993
32856936825
4001198218781
32956130759
33047802636
1005003387574398
1005002982629372
32960082682
1005002561420193
32948442362
1005002747066455
4000669321779
33040486914
1005002317732244
1005001681697884
1005003277527743
1005003041554489
1005003072248743
1005003390757886
1005003291721315
1005002990086389
1005003097203318
1005003341740424
1005002966956587
1005003327938744
1005001763235097
1005003277254243
32921391038
1005002085573364
1005003176937476
1005003371833901
1005002803899641
1005002998746785
4001244894236
4000341896068
1005002749108482
32978294701
32897029258
1005003038172251
1005003272496738
4001119860856
4001208303808
1005002950971241
1005001926950744
1005003060681572
1005002733382221
1005002878375793
1005002630718210
1005003308572155
1005001530640403
1005001988060915
1005003210696342
33002097298
1005003295617509
32988157322
1005001620787436
1005001356219705
32796491387
1005002350931042
1005002658102379
1005003268006268
1005003277576945
1005002980597423
1000007086221
1005003329264294
1005001873314422
1005003109484756
33052561855
4001338651906
32962347193
1005001431414424
1005001453310198
1005002695533903
32866471696
1005002959398206
1005003262619498
33009860707
1005003342447295
32954404749
1005003251537645
32986636598
32846200957
32917983760
1005002467971321
1005003335194069
1005001361739458
1005002294889205
32825880371
1005003035416261
1005002937480428
1005003261942332
33006572994
1005002310549433
1005002646203023
1005001824510500
1005003175426850
1005002311778522
4001359199275
1005001636647083
1005001794547672
1005001411530179
33004989141
1005003051011638
1005001660556953
4000219063147
32836803921
1005002280422133
1005003180143899
1005002625101316
1005003281386673
4000858987474
1005002924702672
1005001992858774
1005001546410128
1005003284886409
32875918202
4000547022688
1005003095560255
4001228506410
1820924818
4000299020679
1005003319159149
1005003342029655
1005003026292025
1005002706893147
32975682132
1005002828115542
1005002930841973
1005003213804496
1005003234511143
33052920241
1005002974154226
4000076091010
1005002602982423
1005001850151879
4001120623061
1005002759848709
1005002458208268
1005003281421199
1005002960835225
1005002969749941
33027570256
1005003206002595
32290429299
1005003330358862
33029671137
1005003338268445
4000814927272
1005003043568307
1005002698501533
1005001570778706
32995189595
4000560845904
1005002489510885
4001350811124
1005001720867821
1005002086094323
1005002631701424
32857260816
1005002357643325
1005001860290251
1005002276352283
1005003084263164
1005003007984807
1005002628264424
1005001524462686
1005002988505705
1005002952390837
1005002351262285
1005003101382815
1005001514652963
1005002731972409
1005002425900362
1005003020133644
1005001874614276
1005003218893358
4001072347161
4001179838221
1005001495697335
1005003281318431
1005003085973816
1005003357368275
1005001397582479
1005001615010482
1005002604709049
4001231863145
1005002198192285
1005003063860725
1005003085663692
1005001514748072
1005003024690945
1005001793015033
1005003072522515
1746799844
1005003156400132
1005003236897295
1005003067543760
1005003124192997
4000179842982
33003550296
1005001812589699
1005002599810198
1005001647009592
4000104391489
1005003371878557
1005003032539530
1005003049326624
1005002753498542
1005002907053074
1005002541746175
1005003358413485
32654626333
1005002679180245
1005003118532949
1005002768376423
1005002709034771
32949970750
32960740595
1005003253598021
1005002806162615
32995161724
1005002312842638
1005001495710500
1005003312433124
1005002912463627
1005002697298985
1005003329151435
1005003201241171
1005003198117402
1005001798835879
1005003014971284
4000837019321
1005003180714250
32865295719
32780668292
1005002666773086
4000938151811
1005001500977481
1005001908524899
33002468200
32850070483
1005003094528751
1005003080036460
32986248097
4000381593265
1005002568769092
1005003019891588
1005003026956754
1005001705484197
1005003265009441
1005002977926405
1005002893560069
33055808040
32823276855
1005002955182993
1005003022534383
1005002402966229
1005002133350405
4001157042522
4001105443893
1005003303985721
1005001594953191
4000994807307
1005003154098217
1005003166492893
32959331609
1447566447
1005001350259977
33041262443
1005002453515444
1005003251970196
1005002952422200
4001221463213
1005003136590848
1005002740708452
1005003083932389
4001098108121
4000326758673
1005003275957762
1005002985997548
4001311260155
1005002817629619
1005002809881848
1005003322075503
1005003098518085
1005002711204301
4000862643445
32731964412
1005003026114274
33050822266
1005002829591460
1005002996170992
1005002382816532
1005002556238696
1005002511683804
1005002513694386
4000473209537
1005002940817351
4000351041952
1005003351685854
1005002322402125
1005003355185889
33030443106
1005003381389350
1005001850266416
1005003087541650
1005001588706348
4000446236619
4001266669176
1005003276603559
1005003307259132
1005003360066522
4001230294851
1005002046052950
1005002567233874
1005003083301498
1005003108811508
32977701450
4000349620202
32707504207
1005002625214382
1005001370329292
1005001397591087
1005003082210855
1005003338191191
1005003282161905
1005002054852058
4000677021155
1005002954102023
1005002058237486
1005003282002232
32630743552
1005001704385051
1005002956256980
32877658856
1005001645492819
1005001541884155
1005003136037091
32968261247
1005003031861758
1005003123453410
32853269673
32809311020
1005002762918536
1005003000047131
32797373740
1005003344393163
1005003175694821
33058310644
1005003166262173
1005002382774960
1005002727399293
1005002744966818
1005001814069394
1005002293310434
1005003330651365
1000005873820
1005002377820989
1005002988364963
1005001792299648
1005001349318307
1005003021292918
4000811963516
32958007360
1005003294715288
4000001901195
1005002619888120
4001293810787
4000523253568
1005001441330478
1005001952205801
32812521544
4001229147536
1005003039653431
32697387041
10000407971393
1005001862543070
1005002327101733
32803924914
1005003009692324
1005003387455530
1005002107545766
1005001861428960
1005002974069580
4001186179341
4000097838453
4000216916553
1005003147224993
1005003280771916
1005001425089963
1005003022248109
10000091133450
1005002949245463
1005002649094093
1005003332178707
1005003166634430
1005002661788353
1005003129836846
1005002989096780
1005002513068756
1005003198266039
1005002482377609
1005002801029416
1005003259761391
1005002481179792
1005001992553327
1005002758081049
1005001436514314
1005003284665103
1005001841108060
1005002625582225
1005002819785174
1005002571731672
32891500084
1005002985971802
1005002594687152
1005002558853581
1005001377211883
1005002129569380
1005002765092516
1005001558138235
4000469907668
1005002598274752
4000706858680
1005003154388023
1005003055532028
33002663888
1005002001515163
32888641607
1005003107095086
1005003297937472
1005001354554100
1005003220898920
1005003254928567
1005003262608031
4001251286714
1005003066734520
1005003391362170
1005002882012810
1005001943461807
1005002560511005
1005001817369276
1005001872086280
1005001986017251
1000004665009
1005003082251765
1005002973736952
1005003162380681
1005003208769774
1005002385300403
1005003158961438
32956183538
1005002856855017
4000891434020
4000782890355
1005003214068848
1005002916821344
1005002761209400
1005001882649197
33001648944
4000115628982
33023734987
32856954473
1005002958226803
1005001682576335
1005003096477003
1005003335182035
1005002657999233
1005002801704650
4001282624468
32971646476
1005003076257760
1005001874194225
1005002363476965
1005003064547397
33028257818
1005003225025140
1005001436836354
1005002458723816
1005003178955206
1005002917199891
32977463766
1005003047464639
1005002915047158
1005002957211963
32833916223
1005003381623429
1005002782620274
4001270518008
33034190926
1005003129235382
32808824900
4001161404578
32601414888
4000379753031
33044455637
1005001953262541
32784871126
1005001927920442
1005001430821008
1005003156827153
1005002492280552
32830339060
1005003248673705
1005002861957738
4000235616369
1005001430609470
1005003236689896
1005003314906343
32810010949
32861094728
1005001818018649
32675397835
1005001374846496
1005003336548324
32573604109
10000246247921
32962403602
1005002647221298
33039341113
1005001963532639
1005002008132967
4000816612302
1005002974146280
1005002759919261
1005001905072739
1005002950738897
1005002286115473
1005002460974702
32965728586
1005002749177668
1005001844839865
1005002694267081
32989794350
1005003206594882
4001234009769
1005002399549636
1005003332932107
1005003001516983
1005002138330603
1005002841945692
4000692720280
33049935577
4000083030298
1005002400787687
1005003175236050
32222631702
4001186277082
1005002504589049
4000991123988
1005002357678735
1005002766633417
1005002768879477
32787561468
32895421669
1005003367736648
1005003222201524
1005003321066135
1005002737290544
4000124015731
1005002417346479
1005003150791635
1005002070597326
32868697292
1005002997412327
1005002711805757
1005002494993150
1005002253716937
4000253468895
4000130557849
1005002482582854
1005001990853803
1005002330723064
1005001742324074
1005002758266110
32970326367
1005001565639583
1005003140382343
1005002786290938
1005003104973457
1005003028280613
1005003019856952
32953928021
1005003178892761
4000610016268
1005003163968332
32889869849
32735175224
4001065527989
1005003023675951
1005002939382089
32887462979
1005002606288328
1005003229161861
4000153741501
1005003033492942
1005002939693049
1005002139967586
1005003161246057
1005002927242316
1005003090135018
1005002910026835
1005003191852435
1005001892841304
1005002642680807
1005001917485693
4000158239093
32892720991
1005002580085523
1005001397415777
32602716089
4000794449093
33014821604
32934715424
1005002090361224
1005002292642859
4000858902610
1005002966754017
1005003293626868
32969389582
1005003066831028
32477103079
1005002650086688
1005001921538478
1005002462040137
4000100503305
1005002977098750
1005002276719988
1005003355028161
4001230275935
1005001541678027
1005003062661358
32807461853
1005001850435972
1005002229838126
1005002874982461
1005003211272625
1005002447460358
4000220512170
1005002979711219
1005003332831090
1005002809612277
1005002810080774
1005002558736300
1005002391898590
1005002351144401
1005003222553936
4000624733823
1005003028768032
1005002903660613
1005003092612551
1005002722765321
32763622273
4000853327852
32862651640
1005002094117905
4000449500543
4000960272631
1005002978970733
1005003281010179
1005002119827141
1005002876135935
1005003150660478
4000153089293
33045159170
1005002577555200
1005002787705004
1005003286105831
33000705030
1005001625569531
32333775998
32893018464
32837673890
1005002449141229
4000940904927
1005003186155213
32949264400
1005001705623481
1005003081546937
32967504701
1005002541404299
32883790711
1005003171235536
33044563575
1005003183390940
1005001995227363
33051580500
1005002526340397
4000211921990
1005001574001523
1005002707807799
1005002973469358
4000715435501
32907929803
1005002313776431
1005003323450626
4000917628103
1005002817945213
1005003303225350
1005003223408068
1005003143061494
1005002997210663
4001212249818
1005002864049940
1005002113176325
32802862820
1005003365045683
4000926178167
4001291056691
1005001805082446