4000287118440
4001345333308
1005002900180085
1005002673311879
1005002120886268
1005001928668206
1005003132862714
1005002608751889
4001236667751
1005001446084927
1005001970423992
1005002769142369
1005002813542660
1005002766949776
1005002927126398
1005003227918813
1005002313050266
33004501852
1005002388901019
1005002504584381
1005003199010091
33025826653
1005002374617028
1005002693744655
1005002635613498
1005003321070776
1005003350102094
4000774261917
1005002564991726
32996225518
10000027917421
1005003178509176
4000465875274
4000370572934
2051012098
1005002402107449
1005003188772402
4000709726522
1005003131308241
4001028019183
1005002893225229
1005001869567890
32844240451
1005001456711470
1005003106845466
1005002907807704
1005003272259575
1005002623181452
4001090253994
1005001556661559
1005002301207653
1005002354197591
1005003063481213
4000076813901
1005002406753764
1005003082318295
4001292633954
1005003064233923
1005003051115032
1005003359015407
1005002219475300
32962804126
32833540364
1005002123968165
4001027446133
1005002462037195
1005002680012391
1005002321443256
32880708188
4000031906126
4001295022210
1005003317935489
1005002752339997
1005003284600941
1005003180493575
1005001308521158
1005003302282759
4000388596267
1005002220720537
1005002508888946
1005002434246463
32800019621
1005001406556821
1005002603824470
32755049038
32876459775
1005002384899850
32835115733
1005001897362580
1005002666536274
1005002705849442
4000255423371
1005003386269240
1005002604775122
1005001938188541
1005002903832921
1005001982473833
1005002765221259
32891603150
1005002871055440
4001222626779
1005001955262850
32963724682
1005002655845257
1005003287257699
1005003280445853
1005003235799927
32955543473
1005003233861893
1005002898319851
1005002815063034
32948838738
1005003250951122
1005003367707850
1005002747211702
1005002331724214
32858056235
1005002428544625
1005002394221637
1005002737209854
33058577050
1005001726361959
4000039004493
1005002040776566
4000789996985
1005002815061060
33064335239
32925395592
1005003333221587
1005002027110010
1005002979673788
1005002710214723
1005002472924140
1005003381156972
1005003326039981
1005002734781511
1005003264590375
1005002276661665
1005003007092710
1005003368328118
1005003072442307
1005003076608418
1005002652266201
1005002698961176
4000097578216
32963892067
1005003212127495
4001131610593
1005002080030150
1005003341580632
4001268118544
1005003082130665
1005002773914101
1005001345674615
1005002805833002
1005003277747827
1005002169358176
32761598524
4001227746137
1005002344313391
32945760446
1005003350031448
4001143476128
1005001722967385
1005003152480255
1005003303907936
10000179263601
1005002918059175
1005002756171895
1005003210535732
1005003233746628
1005002529239636
32757694163
1875487035
1005003333428965
1005003138541186
4000704746278
1005002624714952
10000402394482
1005003249376974
32630273872
1005002656293812
1005003217653147
10000343913287
1005002350637234
1005003151371832
1000001318183
1005001742483535
1005003333961960
1005001758630242
1005002375615822
1005002374401621
1005002306428086
1005003372946274
1005002114881074
1005002034252789
1005003208587843
1005001574428785
4000598277944
1005002456825441
1005003278982454
32270459697
4001036577790
1005003217106967
1005002790071023
1005002906100525
1005002034089229
1005002586642157
1005003210635113
32800389807
1005003020712911
1005003069456704
1005001658416450
1005002047162902
1005002558665072
4001203861629
1005001562161067
4000196461897
32876259524
1005003263320663
1005002320049167
32550899223
1005002442140508
4000290609540
1005002599279685
1005003293384828
1005002620257249
4000308380367
1005002667555673
1005002814974730
1005003036250179
32807020806
1005001453112965
1005003343425344
1005003238537868
1005002626848202
33021555468
33060590573
1005002166407092
1005002260140715
1005002751840249
1005002519733732
1005003060792682
1005001790426374
1005002398940324
1005002698415524
32986224072
1005003014930426
1005001779634058
1005002804764882
1005003064833784
33014806041
1005001680351078
1005003335963179
32953643057
32930672011
1005002907625550
1005003026622875
1005003120225032
33010244146
1005003116928080
1005003156312749
1005001885149993
1005001298974066
1005003310653069
1005003329980696
1005003191923309
32995156340
1005002826726172
1005001485037584
32989148466
4000193589020
1005001445548490
1005003351185901
1005001718540788
10000397704873
1005003197031599
1005003155945927
4001321451450
33037362236
4000070955133
1005001602807280
1005003198893324
1005001633853669
32996507186
4000174093845
1005003089444632
1005002643276346
1005003184246856
1005003293003934
1005002732216755
1005002843705582
1005002786570108
33013350792
33016227316
32906394473
1005003199590699
1005003305699159
1005003031458419
1005003162802188
33050322569
1005003280471641
1005003256798216
10000400043016
1005003322988826
32853791662
32904049706
1005002037025188
1005001313657316
1005003339943979
1005002320954638
1005003299870344
32905595766
1005003253826408
4001332617728
1005002811327927
1005001694123100
32728278693
4000465688985
4001138117983
1005003317782740
4001214672429
1005003271346240
1005003094945395
32307977832
1005003374505054
1005002732214080
1005001727181531
1005003067808157
1005002657335856
1005002030207857
4000771511368
1005002856001726
1005002808042309
1005002660729044
32666190564
33040588932
1005002417255111
1005001793030700
1005002681316345
1005003356819190
1005002960927279
4000062972397
4001235465664
1005003344746248
1005001593893430
1005003238523995
1005002702580163
32825292219
1005003288035480
1005003325060075
1005003337083314
32886638405
1005003266317390
1005002583069157
1005002868644407
1005003297355400
1005003048682552
1005003230646005
1005002097677170
4000160465024
1005003263182299
1005003268021463
1005003258873940
1005003121949699
4000470513737
1005002234055066
1005003276623354
1005001507520670
1005002886356332
1005003103773405
1005001331049596
1005001517993389
32793739248
4000837221016
1005002259384911
32802106880
1005002954679138
1005003309228660
33000408721
1005002162104261
1005002640441803
32974326025
1005003009896488
1005002831948290
32996677100
32979023392
4000161851193
4000346287426
1005002156289051
1005002716771764
1005001997659730
1005003297291136
1005002734901795
1742930415
1005001537503837
1005002464971501
1005002916883718
1005002395148836
1005002401874982
32804901340
1005002190174360
1005002990660180
1005002254577340
1005001505910633
4000182665106
33058052621
33051002676
1005003083413135
1005001720615996
1005001432133050
1005002735044139
1005001942216386
1005001989073537
32867852007
1005003318042249
1005003144056874
1005003180828805
33018220708
1005002970597257
4001056077820
1005002960393730
4001118250218
1005002612390320
32958071076
1005002986559889
1719069077
1005001877507511
1005002531619097
4000776697966
1005002912720982
32855353784
4000533266794
1005002270761347
1005002792187873
32511165438
1005001824754203
1005003042139854
1005002464918515
1005002647288680
4000041167771
1005003223182182
4001143313336
4000115651702
1005001839435257
4000340864436
1005003312317189
1005001648217637
1005001559888897
1005001804415704
1005002419928054
32808956645
1005003197243740
719147889
32794941848
4001185802700
1005002439946175
1005001505803710
912695825
1005003176650438
1005002551263022
4001278043988
1005003241336254
32813041324
32563420054
1005002569982262
32975303840
1005003047857188
1005003282653604
1005003356741868
1005003091652926
880897842
32978583142
1005002318005112
1005003041011687
1005002122275784
1005003170462621
1005002317915176
4001031097284
32881807481
1005003019410500
1005001628290257
1005001612001555
1005002585109164
1005002962855719
4001034895990
1005001672103282
1005002016838778
32742529325
1005002837626889
1005002417665918
1005002689279041
4000076974331
32884885604
1005002680216168
1005001452838427
1005001793411193
1005001525508289
1005002863524284
1005001999712443
1005002735679073
1005002655467485
32834664720
32973043895
1005002847859951
4001315992222
4000132842160
1005002009389663
1005002765311964
1005002997027562
1005002340802349
4001129177952
1005003306879242
1005001999627681
1005003264637884
1005002121709546
32707225007
4001105714695
4000043274103
32961989954
1005003207804109
4000640998212
1005003119018525
1005002454241707
4001153296105
1005001882025534
1005003098022968
4000916740500
1005003214263749
1005003351852033
32944941872
1005001608560025
1005003282200227
1005001721350387
1005003304503184
1005002608850818
1005002347243670
1005002753512073
33000176364
1005001494543166
4001094847377
1005003066255178
1005001325647291
4000303748868
1005002611521167
4000522668642
1005002229494468
1005002751771185
1005003181767130
32705888960
1005003344264989
1005003188652263
4001242643772
1005003042321901
1005002354600993
4001279012161
4001235183506
1005002773695524
1005002680334846
1005003129441731
4001100967312
1005003316312384
32935039876
1005001474064617
4000259532044
4000160650786
1005003013657696
1005002766830636
4000466147665
1005001566328901
1005003198029214
32978184200
4000833300154
1005003388450599
1005003183538294
4000442064121
1005003213801997
33045226802
1005002804527637
32955260742
4001253494469
4000886135873
4000972894025
4001040717988
33004575100
1005001476982058
1005002077476612
4001041570440
1005001748935614
1005003020945635
32926326773
1005003184388901
4000248902787
33003024448
1005002475772303
1005003055853808
1005002949833353
1005002357414522
1005003122934995
1005001361334403
1005003352314655
32467566114
4000923595631
1005002716185474
33003551331
4000555595835
1005003040586571
1005003025844268
1005003228890596
32882340147
4000956257454
1005003262097738
32889030688
1005003287719099
33046564349
33054030228
1005003171215797
4000197612812
1005002936910883
1005002397068128
1005002465677870
1005002133246782
1005002861810416
1005002596586443
1005001355668874
4001037735245
1005002066171615
32870018533
1005003266512871
33033294814
1005001555661692
1005003141321627
1005001962026193
1005002856913402
1005002434514752
1005003258140793
4000679420474
1005003337601319
4001229915330
1005002694127005
1005003080089110
1005003278123529
1005002062092284
1005002259618846
4001097478870
1005002571941734
1005002176278212
1005002857346946
1005001429550642
1005001989895263
1005001757013387
1005002776056449
1005002783736943
4000019014309
1005002044113198
1005002747535185
32811125084
4001039913965
1005001724788797
1005003345471558
33047015857
1005002602607326
1005002069426411
1005002400300542
1005002366170110
1005003119524192
1005001606381294
32892518331
1005003111185405
1005002758455237
1005003321215018
1005002753970250
4000348689853
1005001572091405
1005003188204474
32984978221
4000058606887
4000984068376
1005002963617709
32852051709
1005003337560799
1005002211964474
1005003188370814
1005002960927279
33001117072
1005002643259412
1005003135500094
1005002548356337
1005003365010920
1005002864867552
32852300536
1005001522209094
1005003019161543
4000880282802
1005002107661117
4000350403861
4000995217433
1005001709421370
32809279000
32959663193
33005126267
1005003173373480
1005001548316041
1005002512253957
1005001815084763
33059422273
1005002003498719
32878209010
1005001893217546
32832307334
1005003199011456
1005002417510091
4000005176251
33010488807
10000395366132
1005002336693114
1005001514833941
1005001812502519
1005002440738511
1005003124463992
1005003376034547
1005003086372514
1005003218405178
1005002952056280
1005003355450092
1005003105224839
1005002449467424
1005002403870974
1005001861271094
1977505838
1005002977557479
32923843476
32968648867
1005003147255406
4000599417603
32757756857
1005003328875951
4000982997042
1005003131075997
1005003302550624
1005003265425181
1005002332178142
4001025399683
1005002614295402
1005002427567625
1005003370781396
1005002997602413
1005001665408257
1005001898695899
1005003339106940
32920940309
1005003244540189
32819246139
32994256026
1005001326391740
32967853318
1005003082949976
1005002946105797
32992446763
1005003268665984
1005003285700226
1005001604075183
1005003385154614
1005003091162603
1005002310122337
1005003165637473
33049328417
32700084726
1005003339767872
1005002745691525
1005003135672721
1005003305504889
1005003385785104
1005001731060604
32985385020
1005003227813516
1005003001182818
1005003327498460
1005002960439615
4000336920829
1005002337166100
32844938023
4001007434944
32778770572
1005003334214769
1005001671620705
1005002617612297
1005003298980223
1005001553390082
1005002658090841
1005003152681110
1005002245657135
4000085429171
33022749898
1000008448932
4001163913960
1005002864003249
32965241308
1005001640308846
4001282903431
32960008311
1005003124444736
1005002531978695
32984930984
4001048112307
1005002868105922
4001072258416
1005003309645461
4000610006633
4001332015556
1005001868584333
4000215793672
4000806050305
4001178011775
1005003120392997
32781197431
1005003019488251
4000196989741
1005003026269900
1005002035704386
1005003135815391
1005001731306066
1005002212830050
1005002650895191
10000395854816
1005002522343360
1005003297077829
1005003391495912
1005002801647494
4001156205532
1005002523985435
4001014124605
1005002329007990
1005002719801675
1005003166954282
1005002876839681
1005003008699834
1005003014216471
1005003201877869
1005001588081948
1005002765905532
1005003367795681
4001069516054
32876077014
1005002675490477
32791338557
1005002470459541
1005001731062272
32984751502
1005002431585986
1005003111541177
32817457664
1005003320587304
1005002017053235
1005003345617032
1005002842078089
1005002939611948
4000987126013
1005001406606239
4001310788715
1005002199082109
4000292933997
1005003180640326
1005002746410322
4001022895312
1005002257886761
4001037082759
4000379875394
1005003182391583
1005002548113279
1005002125104986
1005001580750544
4001230759663
1005003217285269
1005003328486552
1005002817961169
1005001393117141
1005002623946918
1005003220642850
1005003192199581
1005003066045170
4000039204587
4000180767311
1005001556601483
1005003179495195
33012956404
4001274798676
1005003147003081
1005001683444702
1005002033741822
1005002333725505
1005003241753494
1005003124631785
1005003182257459
4001066838716
1005003369856179
1005003222833234
4000639386079
1005002991417117
32782920368
1005003318757972
1005003021363122
4001106926395
1005002795547056
1005003326384046
1005003001432715
1005003197792161
1005002723664003
4000515325884
33055264778
1005003341160165
1005003349067508
1005003357812851
33042001157
32916722459
1005002563757479
1005001748907384
1005003239231667
1005003069290807
32723976313
1005003192293207
1005003380072928
1005003332717260
32619837475
33000522319
1005001552621289
1005003107611707
1005002234412368
1005003336986207
1005002622892554
32789712140
1005003222232804
1005002866641703
1005001695692804
1005002447284731
1005001808272008
1005003099104603
1005003235439438
1005002555476803
4000110393516
4000511456601
1005003338009384
1005002520116240
32449099997
1005003267163656
1005002292355896
1005003390859867
33019653425
1005002824063072
32608029247
1005002519656843
1005002950410421
4000119097397
1005003210710403
1005001560950063
4000971155799
1005002569988616
1005003015855387
33051292413
1005002822497454
32793527179
1005002441591324
1005002564565861
1005003067679825
10000001107368
1005002374632684
1005003275195326
1005003371345553
4000226922848
1005003119426111
32954919451
32959387962
1005002829858715
1005002469269417
32712200122
1005001881942882
1005002822025252
1005001869729458
1005002235187718
32890068566
1005002818381559
1005003277876143
1005003324572692
32880128580
1005001913830993
1005002323863887
4000174189023
4000975581073
32912302407
4000764346159
1005003030714852
1005002959017002
32891758914
1005002443459611
32944297530
1005003290366150
1005002978592933
1005002855277559
1005001786802375
1005003118108711
1005003385934418
1005003102976878
32981541261
1005003016818089
1005002823190434
33021354082
1005002984672870
32827509479
1005001804026256
4001295965664
1005002994534213
1005001441334614
1005003187871087
1005003292985189
1005002389246515
1005002453324823
4000272865986
1005001687739931
1005003363822449
1005002215365407
1005002857346093
1005003178412190
32813403634
1005003371152525
32664139042
1005003283530751
4000220702455
1005003237721238
1005002819855429
1005002587075524
32811358616
1005003175985358
1005003323466673
4000887883260
32841015175
33005666193
1005002151479043
32966273012
1005003236120267
1005001973613984
4000355868131
1005002339885251
1005002877975959
4001265783460
32820827216
1005002644108148
1005003223994565
1005002299318414
4000908324005
1005002589064254
32771888504
10000002738635
1005001679639246
1005003250339731
1005003387819482
4001220369161
1005002269037105
32728956894
32810770330
32922306234
33060571621
4000437433066
33052605641
32738653092
1005003299537077
1005002090677135
4001076411823
1005003312045650
1005003123969416
1005003337780255
1005002277240428
4001098008966
1005002333707707
1005003097994262
1005003317579046
32997989897
32943571419
32964688007
1005003388566037
1005003328320535
1005002592867443
4001037177920
1005003118217988
1005002394761603
1005002589328666
4000127357241
4000255578005
4000685221747
32974962698
4000035633973
1005002687213185
1005002974798415
32836074816
1005002730326182
1005002889262152
1005002646067615
1005002970829415
4000714947999
32921452161
1005001388048406
1005002697723309
33008907118
1005002085777704
33005883363
10000319572883
1005003343043793
4001068419331
1005003207589428
1000005053514
32725775499
1005002803615233
1005003121440608
32940580460
1005003086828471
4000862875928
1005003002404259
33018377867
4000045332867
1005002503720095
1005001695499154
1005002740015664
1005003142670713
32793290607
4000626044584
1005002790595761
1005002527211799
4000498657741
1005002992052865
1005003303251842
1005002779938087
32968378291
4000220465874
1005003052013408
32766646877
4000013586898
4000040114115
4000247170858
1005002941813122
1005002954652447
1005002493923296
1005003331928265
4000056479018
33013161345
1005002554442489
1005003387538038
4001224176591
4000515809684
1005002474697629
4000443254071
1005002979474451
4000030939624
4000148769866
1005003014066775
4000726544552
1005001524541024
33054973141
1005003009755337
4000504495845
1005003372145093
4000589556534
32240845405
1005003367234114
1005002582395365
4000027943066
1005001425347141
1005001644884645
1005002023064713
33034803486
1005003177145572
1005003118241132
1005003022418669
1005002212675837
1005003387571354
1005002511898314
33001361450
1005001588033773
1005003040512939
1005003264840662
1005003390701872
4000927471369
1005001796742445
4000626168139
33026866979
1005003350713010
1005002683167233
32953250111
32831887070
1000001207800
1005003259556145
4001231082328
1005003255981608
1005003370082918
1005002066246441
1005002398895026
1005002358910180
4000242683953
1005002734941803
10000395840213
33010192551
1005002792098427
1005001852312652
1005001566452176
1005003292257242
32918709591
1005003214353728
1005003090152767
1005003270203674
32913898050
1005003296805130
32891454065
4000764549723
10000395317372
10000344013313
1005003274260168
1005001453687934
1005003217313529
1005002766702029
1005003351748737
1005002742384747
1005002551281224
1005003379206834
1005003012815193
1005001786540960
32728293222
1005002816902722
32901072451
1005002381354914
1005001325801915
1005003021999014
1005002853260186
32965729740
1005003222938554
1005002033370434
1005002510207732
1005002573390573
1005003121234724
1005001905572204
32329380647
1005002927514996
4001223139664
1005003298781317
1005002099949869
32991371163
1005003109310535
32287210509
1005003143317337
1005001495758936
1005003313784174
32956549367
1005003064222668
32955725211
32994935024
1005003356230102
4001290034692
1005002759773487
1005001984792111
32854833973
1005003226583952
1005002917532258
4000387231545
1005001598709211
1005002679186222
1005001430542820
4001149572280
4001313934570
1005002166280250
32843612217
1005002771217458
1005002392952574
1005003251591351
1005003111668705
1005003013707362
1774127770
4001128284197
1005002738258813
1005003256716564
1005002312878717
1005003052087464
1005002547464418
1005002617974161
1005001591491821
1005002323525554
1005001700853906
1005002888997164
1005002533019089
10000160090501
1005003172556255
32837617962
1005001893558357
1005001870444419
1005002465832879
1005002330442925
1005002342652244
1005003117651387
32860936465
1005002751284865
1005002023175591
4000745323281
1005002826685485
32745240493
1005001454948829
1005002587948764
4000551678766
4001266321966
1005003216943232
32999218686
1005002166038644
4001257431882
1005003338053090
1005002746240101
1005002849140903
1005002565444441
1005003364043368
1005002678528421
1005001479706929
1005003239989942
1005003351389630
32573500654
1005002246096832
1005002303641835
4001224508325
1005002716749134
1005002603034325
1005003308665576
1005003042188628
32823274011
4001134728635
1005001602612951
1005001876897714
1005002968575317
1005003387535128
1005003195141838
4000764649760
1005002667993117
4001066977183
1005003233396555
1005003083525671
1005002837359621
1005003293344341
32216998385
1005002952258069
1005001386040109
1005001793197106
1005001493304013
4000089913660
1005003064820310
1005003208550490
33012474972
32976346085
1005001813586662
1005002642961947
1005001664500447
1005003162673591
1005002655013773
1005003120672386
1005002497384471
1005001465560353
32361490669
1005002466961601
1005002733721767
1005002661021264
33050375934
1005002668350393
1005002951971335
1005003220860854
1005001939666433
1005003106069626
1005003019231179
1005002199308968
1005002538114111
1005002834865021
1005002755620606
1005003267969930
1005002622835234
1005003336876271
1005001671255099
4001209326955
1005003376799048
4001137476897
1005002925346472
1005002802069338
32781956742
1005003227340384
1005002240331971
1005003129062658
1005003252022578
1005001511386754
1005002253327325
1005002197978549
1005003274385285
4001286528877
1005003245868873
1005003379301002
1005002817445780
4000742594214
1005002707235343
1005002783257596
4000907209366
1005003199696578
1005002687506367
32904022324
1005003157396414
4000056283808
1005002979712928
1005003190552944
32973326993
1005003061466021
1005003085616182
1005002446798818
32943721263
1005002605573844
1005002320953211
4000610581906
1005002894169365
1005002696057280
4000788849444
1005002917999480
4001041099185
1005003165387120
1005001812276218
4000328232774
1005001721152199
32993548516
10000192307693
4001186412615
1005001426769952
1005002314264061
4000899537881
1005003339979537
1005002931317182
1005003202369812
1005002833875876
1005003157435764
4000067621167
1005002264331613
1005002087478091
1005003221171134
1005002427512362
1005002252287736
1005001720853748
1005002623415767
1005003025560150
33023981907
4001014798830
1005002862118676
4001141500337
1005002758899072
1005002013958915
1629898774
32929948343
1005003331546535
4001198271461
4001116270480
1005002921079252
1005003321226309
32953635178
1005002055425308
1005003328277630
1005001475241582
1005001705758104
4001325959439
1005001556310854
1005002439910237
1005001882768006
1005002210097484
32957497524
4001111229080
1005003040885235
1005001321274665
1005001616038831
1005002658316095
32978514190
1005001999289632
1005003383494255
1005002488260620
1005002267947622
1005003280674250
1005002567648596
32814215050
1005002132354143
4000908614813
1005001856091319
1005003288021517
4000221658749
32788283833
32704518807
4000824418021
4001152671145
1005002582885965
1005003256298423
4000127589406
1005001987298368
32964910082
32769728097
4001069575384
1005002312640140
1005001818970141
1005002002468645
4000851430998
1005001901582018
1005003039217838
4001171119247
32987048816
4001014206795
1005002774292222
1005002748610946
1005001895694276
1005003353224967
4001213632563
1005002247378346
4000853761056
1005002410906367
32945211967
1005002821679987
1005002538565792
4001247064794
1005001705485434
1005002571775802
1005003223359074
1005003085735859
32872699382
1005003081651438
1005002766531366
32834290998
1005001762964288
1005003390208486
1005003019192591
1005001788874381
1005001770846898
1005001419680949
4001286188666
1005001591515039
4000960586708
32787198363
1005003337009940
32827169756
4000777890912
4000987384737
1005003303535500
32742779152
1005003181821301
1005002315903492
32843994922
1005002922328202
32817899893
1005003090431001
1005003050924449
4000897781566
1005001990446008
1005001412733414
1005002782738199
1005003331019382
4000261757480
1005002220760572
1005002408158229
1005002244963782
1005002439103357
1005002871905973
4001068851630
1005003292392069
1005003021050121
1005002001802337
1005002869180124
1005002932777055
33043249242
1005001855855445
1005003205981820
32661572889
1005003316390676
4001082187521
1005002428082320
1005003057811497
1005001303601424
1005002709428960
1005002612237759
1005002697857492
32825236273
1005003136289656
1005003194739952
1005003323045476
1005002793904147
1005002728420061
1005002193891396
1005002603979431
1005002321078968
33001210768
1005003162231266
1005002112526433
4000039214897
32819504343
4000307810588
1005001997856918
1005001597821144
32980420983
1005002841617894
1005003081875034
1005003315988559
4000081635228
32965440342
1005003000783092
1005003139136851
1005003297800324
32968193388
1005002866730205
1005002363956406
32951233779
1005001850370039
1005002628669125
32853945514
1005003330232286
1005003277977938
1005003205597386
1005002176876773
1005003370537902
4000182720149
383498140
1005003346286242
1005002774180026
32556834274
32982104469
1005003063590062
4000991146006
33018508927
1005003133820644
1005001694424435
1005003097776420
33024205785
4000794762431
4001149722643
1005002605657349
1005002724686229
1005002352553015
1005003037627857
1005001525402413
1005002702843797
1005003135628628
1005001754530654
1005003080991957
1005003264928208
1005002734337581
4000836409077
1005002266323015
1005002579162579
1005001692692233
1005002251865591
1005001952484503
1005002460930516
32877850162
1005002132927206
4000066185374
1005002710620640
32839938023
1005002206460122
4000759433834
1005003088962689
1005003225596522
32946568016
4001248059961
1005001303591803
1005001899898873
4000629237516
1005002276245657
1005002605517026
1005002614097005
4001089899664
1005002229712310
4001365904252
1005002766612884
1005001633041446
1005001966521392
4001039162285
1005001669647491
1005002941709752
1005003177924652
1005001917129533
32996352304
1005003081197650
1005002783621746
1005002567155408
1005002857456147
1005002930425505
1005001580456397
1005002090856121
1005003228280390
1005003291267347
32819296158
1005002780128084
4001207956554
1005003063735480
1005003300457163
1005001603802572
1005002537798840
1005003385219495
1005003022199984
1005002848145826
1005002864961258
4001211367108
1005002311330317
4001145850012
1005002873498542
4000505897960
33048088322
1005002412428833
1005002878509669
4001191416852
4001035444624
4001158761144
1005002499594922
1005002538759420
1005002878407211
1005003281510839
1005003120351829
1005002517097884
4000879909235
1005003387798660
1005002938949253
1005001840397038
4000837176483
1005002879307375
1005002051579775
1005003305172134
1005001369853616
4000279307859
1005003245389013
1005003026347653
32997637709
1005003027648934
1005003192242624
1005001867747824
4000882439229
1005003356209956
1005003344595182
32805344207
1005003076807341
1005002651260271
4000079165933
1005002752814728
1005001630757444
33017102277
1005001736416133
1005002310113212
1005001332934763
1005003145128822
1005003124898167
32853164581
33007907634
1005002907881480
33029579990
1005002782879714
1005002974419757
1005003329523006
1005003125919856
1005002368426247
1005002559376787
4000270573325
1553415729
1005001730621679
1005001471158043
4000726629807
1005001471298655
1005002753665714
1005003158755803
4000682207746
1005002673722607
1005002598873296
1005002582707685
4000987284964
1005003166091768
4000094102040
4001223805941
1005002504871402
32473127513
4000443895194
1005003359069935
1005003098777224
1005002730417161
1005002638834073
1005002888199424
1005003032029735
1005002732320781
4000695488636
1005002524252750
32782058346
4000571657234
1005002950038932
1005003196326633
1005003130570866
32788286573
1005001423065925
33044220404
1005003209208093
1887818676
4000287706470
1005003152893736
1005003169110331
33018443464
1005001860921093
1005001412071328
32888315977
1005001804318490
1005002864735126
33053496730
4000529034304
1005002522525709
1005002666666284
1005002370404742
1005002503688905
32890584663
1005002447014160
1005002922425601
1005002786553586
1005003204034746
1005003117280473
1005001802450987
1005002996864984
1005001992352498
1005001605510255
1005003213031332
4000959843872
1005002592781414
1005002667074318
33039569933
1005002547390458
1005003184449721
1005002959317188
1005001520293401
1005003158954726
1005002512140867
1005003323002485
1005001593537514
1005002335305824
10000317941814
1005002253222640
4000216731275
1005003002532407
1005002565204508
1005002824848179
32738539092
32968003294
1005003287192119
32810444213
1005001690673550
1005003203786537
33063382512
32823095233
1005002752016762
32919852837
1005003251244407
1005002949146955
1005003236134633
4000325102458
1005003200802119
1005003303185901
1005002767616946
1005002632049770
1005002434132023
1005001520349268
32997786447
1005002662619932
4000012904783
1005003156636966
4000096289842
1005001865082451
1005002291369017
1005003361765348
1005003093712498
1005003100329946
1005003021926860
4000684858057
32767180000
1005003357886375
1005002739491932
1005002820072010
1005001830724573
1005003139684204
1005003175505462
1005003203128473
32812499133
1005003282872985
32965107783
1005002931948417
1005002965200085
33018977522
1005002921314665
32917641823
1005002394413664
1005001588727862
1005002877680763
4000729734242
1005003031722494
1005001477875761
1005002019330503
1005002452858868
1005002538509935
1005001733963866
1005003200601508
32991717153
4001142758132
32891810805
1005003339229168
1005003112271570
32375339058
1005001682361781
1005003111152429
1005002058416738
1005003346004815
4000096153787
32668884781
1005003188097719
1005003122544815
33036440370
1005001292668341
32878153684
32795930005
4000963326683
32669739057
1005001296304529
1005003149457425
1005003292684344
1005002697352785
4001045752652
4001231471343
4000419050343
1005001840064851
4001165550282
1005003371160960
4001191358397
32854799502
1005002608921609
1005002051051951
1005003364090085
2029404065
1005003233442762
1005001678010283
32950829206
4000311106453
4001216702437
1005002320073062
1005002935308985
4001170301984
32958925753
1005003385040973
1005003335098240
1005002597569495
4001046276080
1005002756053149
4001013844867
1005002507103433
1005002063308848
1005003038187655
1005002120204786
1005002109892538
1005003297891783
32744784667
1005003169114630
1005001797434654
1005001692520800
1005003276767535
1005002258782514
1005003224803793
1005002721901841
1005003007178261
1005003217897151
1005001483254696
1005003387459423
4000624790576
1005003096696356
1005001480776708
1005001329659948
1005003324791291
1005003018041316
1005003263573095
1005002717539040
32850343862
1005001345666462
1005002339911648
1005001989140979
1005003011994507
1005002650177816
32961055648
1005001637463170
4001065019486
1005003259478474
1005002809868157
4000341507801
1005001401705959
4000183220895
1005002398054695
4001255854369
1005002430925059
1005003102142976
4000050425029
1005002033502718
4000052967582
32999424121
1005002651161731
1005002940144932
1005002535931306
4000355166656
4001044939928