1005003326418338
32933546993
4000956191466
1005002553346236
1005003264865246
32986555960
1005002974106665
1005003335217367
1005001489172551
1005003063484774
32854492982
4001091122851
4000043741336
1005002474876564
32521168911
1005002898260956
10000131489964
1005002548316546
1005003210733582
1005001437024218
1005001868264170
32957466607
4001038863781
1005003309750726
1005001335103369
32886335263
1005002572164609
1005002413284358
1005002753637878
1005003227449983
1005003209609621
32916996367
1005003382125000
1005003236283625
32997927852
4001305791703
32984023373
1005003172006513
1005001786191793
1005001632923598
4000261774016
1005003133237141
1005002537643533
1005002818450458
1005003292937174
4000888821004
1005003186448103
32689777354
1005003140608846
4000618767398
1005002081341683
1005002352360171
1005002522304068
1005003223593928
1005003328080508
1005003193112940
1005001906072775
1005002510455401
32951808410
32899161566
32855010402
32867703094
1005003293130497
1005002475221658
1005001429673121
1005002276402319
1005003386352097
1005003367746870
1005003178389049
4000011519808
1005002876578709
1005001487587276
1005003334616988
4000058033473
1005001288718196
1005002551677096
1005003129720891
32851761239
1005003114750924
1005001441383658
1005002130228720
1005003028701457
4000546514895
1005001997533706
1005003259106608
32742716248
1005002052116177
1005002834063338
33046357448
4001072088105
32755162972
1005003302753551
4000033497858
4000147127276
4000153505803
32522572004
1005002659115743
1005003143333424
1005003123798398
4001251316234
1005003197319431
4001037936730
33021485803
1005002617421870
1005001413778360
1005003346805910
4000341577497
4001332497770
1005002696953023
1005002776303141
1005002630784849
1005003035979207
1005001364028703
1005002776524461
1005001836544777
1005001343460193
1005003087197063
33042842732
4000492830745
4000717391447
1005001575170463
1005003211538526
1005002309361837
1005002866720148
4001259788245
4000772663422
1005002721328485
33024483599
1005003319547141
1005002376426790
1005003217531334
1005002359780411
1005002034408938
1005002337249728
32244709721
1005003367785593
32995897236
1005002906821609
1005002265084865
1005002133394291
1005001413262411
1005003345424080
4001155586542
1005002418291797
1005002913731833
1005003140976519
4000333106409
1005001830695005
32978025609
1005002089756031
1005002476282555
1005003337090809
1005003096050482
1005003276492119
1005003096100631
33045359350
32970802423
4000555001836
1005002301947387
1005002575335462
32841021671
1005002365980944
1005001687770377
1005002359842306
4001155467767
1005002546588232
4000944726490
1005001487765980
33057185742
33038826544
32975129200
1005002974459402
33040245663
1005002889526426
1005002753501891
32612215711
1005003324447149
1005002742328592
1005001882992833
1005002120824330
1005003246123549
1005002866671362
1005002828950117
1005002468566991
32885033115
33004260493
1005002821563893
1005001338750672
1005003210811292
1005002399065270
1005003308785949
4000200456675
1005003218473616
1005002747448315
1005003103275811
1005003228808226
1005003028643287
32815070097
1005003073843405
1005002970221717
1005001776807384
1005003092501975
4000466367615
1005003114252076
1005003155376434
1005001378634644
1005002803523994
4000246256319
32816602586
1005002648600800
1005002033374396
1005002031885880
1005002989493627
1005003256689817
1005002966814473
1005002665133279
1005002998890332
32972637274
1005002642664525
1005003374034757
1005001511637435
1005002305234340
1005002676451853
1005002572598144
4000922102559
1005002924663462
1005003385042742
1005002732101281
1005001843426705
1005001771834619
1005002793732275
32914413669
1005002206273051
4000794449093
4000164429775
33021592612
1005002214320066
1005002953899411
1005003103017535
1005001658773868
1005003346551055
33054476038
32983144444
1005002564589799
1005002899137612
1005002794810074
4001093184985
1005002315684000
1005003195301701
1005003253727330
1005002976067887
1005003288973407
4001197789890
1005002602416492
1005003282686116
1005003191319853
1005002970212047
1005002242100138
1005003346440532
1005003276662070
1005003001739454
4000706581520
1005002023373770
32956997805
1005002602765217
32973052200
1005003350778944
1005002394251932
1005003156624373
1005003234182221
33037779889
33039505657
4001204872479
1005003235788726
4000337532245
1005002426390809
32756523610
32967485395
4000419858364
1005003287256946
32994715178
1005002653228677
4001260009150
32965459295
1005003149183845
1005002241799693
1005003349368601
1005002823294222
1005003329504611
32990361027
1005003140301781
1005003172490571
1005003329457949
1005002990121542
32978819126
1005002268837899
1005001695493467
1005002263861894
1005002568729476
1005003163937660
1005002363738313
32368154001
1005001363016940
1005001648093328
1005001329880420
32604874127
32953181028
4000866906237
1005003063689246
4001164957876
1005002804834515
32936463747
33045985916
1005001303543654
1005001447164390
1005002747334520
32671211319
4000936255678
1005003386258803
32918316383
1005001479654859
32838151666
32998221965
4001322664082
1005001906884610
32933590467
1005003342676825
4000062583273
1005002907570517
1005001604030322
4000934938105
1005001681460287
1005003297533309
32961280658
1005003338878140
1005002401259424
1005001388145405
1005003079755050
1005001972974820
1005001997762898
32934375458
1005002597156006
1005002081748524
1005002748220128
1005001445049673
1005001368884983
4000194821968
1005002618981686
4001364704264
4000734817057
1005001993594499
4000906694495
1005002863886180
1005003214765047
1005002805926499
1758793143
1866578456
4000129448752
33009397672
4001360266183
1005002341110234
1005002095821535
1005003001548282
33043088179
1005002073623820
4000944782277
32853584612
1005002030673468
32845610388
1005001519748891
1005003328890687
1005001646873286
1005002510922781
1005003365155178
1005003334838532
1005003196203303
1005003359439282
1005002877435322
32811709386
1005002552935527
1005001273718785
1005001481961972
1005003238809355
1005001514092916
32958337147
1005002582423829
32896807173
4001351657847
4001059932988
1005002939423294
1005001913153348
1005003382921962
1005002821522545
1005002064743385
32856755627
1005003195974348
32834838333
1005002957986089
33044489159
1005003233937498
1005001933439792
32949433856
1005002789044101
1005003084963479
1005003204668710
1005002943204280
1005002870353528
32674634184
1005003381743907
4000111748373
4000897218523
1005003283608415
1005002973845411
1005003060698668
1005002300937302
1005002849097348
32797991247
1005002667178018
1005003064038621
32967287754
4000714752495
1005002600090685
1005002256709613
32704127376
1005003264751998
1005001868688247
1005002363476965
1005002767772640
32846493083
1005003199586634
1005002843165410
1005003361859722
1005001792668345
1005001997604799
1005002465879051
1005003188595070
1005003140604211
33038302849
4000644771635
1005003100560969
1005002907622057
1005002779075485
1005002465905254
1005003357672693
1005003026954232
32817037401
1005001609610985
1005003218781419
4001170319609
1005002345057840
4000576206444
1005003136637479
33015074397
1005003320495726
1005002683394281
1005003250294157
1005002723329340
1005002957100141
1005001762072333
1005002249606700
1005002732736048
1005003146358528
33037991845
32794126454
1005003389984720
4001230954986
1005001736652807
4000739235688
4000603218472
33054825747
1005003345798558
1005003314180588
32887951907
1005003142458186
33034990932
32826787235
4000961101060
1005002605086324
1005002276346508
1005003151418330
1005001458398270
32913323486
32956364250
1005003038637869
1005002982036709
32837331433
1000007966952
1005002483445090
4000524248085
1005001526920833
1005003336815359
1005003137184270
1005002499420854
32377918402
4000956235352
1005003208396318
32856495044
32974504515
1005001459156996
1005002944229758
4000315050333
1005003177910794
1005003137655097
1005001880187092
4001334798840
1005002637394259
32926290308
1005002328549360
1005003302804879
1005003280448758
1005002018680834
1005002541643701
1005003110116295
4001211440461
1005001578506576
1005003365300383
4001237620618
1005002311371135
1005003125312464
4001278927511
1005003237406415
1005002390756619
32955477439
4000020323537
4000989836564
1005002703935440
33016862899
1005001495533373
1005002462586732
1005002559510695
1005003116833783
1005003083148776
1005002538084578
1005003230052918
1005002865308460
32892414523
32792028207
1005003262318478
32987944110
32890525993
1005003236515544
1005001934251740
32881167789
1005003388208086
4000709752722
1005001860478798
1005002940498437
1005002298138709
1005003212111174
1005003196191676
1005002645883658
1005002781798991
1005002907743633
1005001483903990
1005002652743135
32902738135
1005003309823805
1005001525532113
1005003283135113
32666425985
1005002644806606
1005002063642856
1005002647218874
1005003286105665
1005002413437360
32975842495
1005002967898552
1005002433659643
1005003257597635
1005003386499135
32929704974
1005003197841948
1005002717975347
1005002716807501
1005003161188509
1005003150223138
1005001756134499
1005002468824930
1005002695964313
1005002651420996
1005001351160606
1005003279967416
1005001768092565
32392409918
1005003201710526
1005002575007428
1005003326936298
1005002800273184
32975340481
4001224107955
1005003186745114
32822323406
32866288696
1005002745471512
32953400397
32482992167
1005003304640364
1005001763392041
1005002314472206
1005002176476506
1005001385959435
32916404885
1005001742151669
1005001462412717
32986195981
1005002801524242
1005003299002870
1005003021046922
1005002656309321
1005002727563075
4000257669678
1005002511031866
1005002559062786
4001214084467
32955623228
10000168241529
33029056935
1005002292148317
1005002780434844
1005002880442401
1005002021943289
4000873557878
4000367350153
1005002747227754
1005001920877688
1005003002897814
33010266649
1005002315965724
4000383125065
1005003104361377
1005002417565847
1005002925816124
1005003002107198
1005003047712909
1005002996227637
1005002264707184
1005002446667386
1005003111359507
1005002968192146
1005002621808854
1005002977920023
1005003345158415
4000857148618
1005002441860275
1005002871002849
1005003138103734
1005002776036483
1005002851861058
1005001305938980
32906464276
4000687528827
10000002736723
4001011350753
4000004143080
1005001856311357
33025760080
1005002920038226
1005001441486239
1005002580952555
1005003267830348
1005003337709524
1005003130380814
32421159733
1005003334562764
1005001309531311
32984578001
1005003385481340
1005003379944492
1005003347748039
1005002600135574
1005003060054776
1005001793814600
1005002292192754
1005001405660036
1005002305009959
1005003371979062
1005002943453090
1005003002418216
4000394144486
32278794839
1005003239921132
1005001757935175
1005002284288708
1005002949218289
1005003252020390
1005003338026390
1005002548280328
1000007402590
1005002060950345
1005002976691804
1005002102290713
1005002698038356
1005001996897755
1005002949469329
1005003387337786
32924342594
33050449847
1005002730590092
1005002745524344
1005002856219892
4001148345808
4000883482987
4001256313192
1005003115364693
32878701119
1005002617950156
1005002855389941
1005001632316507
1005002264950033
4000478641240
1005003239953611
4000510926418
10000402268566
1005003357782330
1005003261734516
32443022061
1005002489075333
4000903305377
1005002990433383
1005002678229086
1005001381440328
1005003134543864
1005002462926005
33009124079
1005003114422916
1005002599055103
4000847831982
32958284306
1005002802449729
4001225162429
1005003157014574
1005001910009451
32522404682
1005003301917608
4001065949881
32962963523
1005003074079561
1005002796132193
33011767732
1005003297172565
32812637137
33000396273
1005002528367049
1005003223622247
4000302485619
1005003087242297
1005002111540587
1005003026315681
32697829874
4001078883045
1005003365004793
4001192903034
1005001946689250
1005001921651439
32869665583
1005002611610010
1005003081518352
1005002890791011
4001042526785
1005003244377427
4001214811800
1005002931174404
1005001469406209
1005003317552053
1005001591711242
1005003102251300
32771179388
1005002762545318
1005002814420313
1005001980408293
1005002928671701
1005003383732042
1005003291250904
32962798314
1005003386351448
1005003259662626
32671990041
1005001868454751
4001197228805
1005003282173931
1005001534036820
4000970387854
1005003044020117
1005003138673711
4000456013234
1005002666665766
4000378408952
1005001571678230
4000638118134
1005002894404932
4000956211033
1005002460768596
4000863863686
1005003294741977
32842883644
1005002700569523
4000781040380
1005002157286186
4001204950887
1005001968335741
4000532451165
1005002440074963
1005002593417522
1005001708920923
33057129264
4000602680627
1005002187710854
1005003286099793
4000881614352
1005003385254829
1005003124994260
33034916758
32833785077
32885783539
1005002392678420
1005002918631631
4000546625527
32472352563
1005002223882487
1005002864871684
1005002735023289
4000177908652
1005002513008113
32915711430
1005002453904666
1005003169803952
1005002323603402
1005003194941279
1005003199494975
1005003208141817
1005003088350908
4000342608378
4001269027216
1005003366772654
1005003282120877
1005001854520502
1005002593931440
1005003387487518
32855252270
1005001651232230
4000101443739
1005003329085478
1005003358373606
1005003201729403
1005003133934905
1005001321674840
1005003126122612
32982292928
33019218261
32668436183
10000402483102
1005001616345889
1005002932109062
1005002219783798
1005001321523142
4000687864730
1005003048695404
1005003276183271
1005002542861078
1005002133314010
32995182014
1005001380867899
4000095297840
32872475283
1005003312118113
32741583060
1005001280333124
4000183772408
1005003234504036
1005003363039177
1005002687296136
1005002540902873
1005002952085285
1005002527419108
1005003082323076
4001022127792
1005003262375357
1005003064104011
1005003244424378
1005002089433737
4001041123687
1005002480695876
1005002273199650
1005001604541221
32953916653
4000380500139
1005002012405645
1005002928556031
32951673369
1005003021262805
1005001977713919
4001203992785
1005003032184248
32965786681
1005002977712994
1005002341183018
1005003243054482
1005003385912701
1005001525362995
1005002946704247
1005003014736327
1005003114658929
1005003106684997
1005002425237850
4000184381379
32975185512
32950753549
1005003376025240
32955556287
1005001446678354
1005003285416337
32708487791
1005002531556845
1005003192248838
4000025050712
32995290672
4000015467793
4000930604724
32844917811
1005002910748979
1005002491984281
32864308193
1005002196951566
1005002220741687
1005002462180320
1005002636866124
1005002066104155
1005002989005139
1005002352292116
1005001678147706
1005001468010511
1005002830851340
1005002912873022
1005002071440994
1005001867344461
1005002995818650
32875197539
1005003275146029
1005002930708916
1005003169234919
1005002488234933
33004508081
4001052969405
32711561903
1005002467088185
1005002754037920
32979513252
1005001757952179
1005003289085790
1005001586130701
4000608406586
1005003335253455
1005003022208041
32859167810
1005002716869407
32837470043
1005001506553327
32980334938
1005001575436202
1005003130724364
1005003337291226
1005002929982028
1005002783805756
1005002115187892
32969834479
1005003075329463
1005002978637598
33031449128
32848307636
1005003239889376
1005002336440900
32792542967
4000983529876
1005001948348749
1005003133966387
32522391541
1005001620441188
1005002825748612
32974657223
1005002959082332
1005003256790280
1005002782103968
1005001833653251
1005002631629239
1005003344331980
1005002603757699
1005003252297192
1005003274284758
1005001838537603
1005002901104810
4001121323038
32869762275
1005002820631977
1005003238858904
1005002964128945
4000816732656
1005001463182741
32818726135
1005003095105121
1005003224097472
4001175204230
33042587315
1005002870219030
1005001453578037
4000890611073
1005003349515975
4000872888379
1005002712141979
32724171249
1005001613163382
1005001422921463
32789210874
1005003022019035
1005002960267681
1005001771678937
1005002707098780
1005002846772771
4000842618297
1005001688789414
1005002523003004
1005002522574125
32788766283
32896991176
1005002387366961
33045594643
32817212945
1005001297460614
32847408518
1005003304509604
32809467894
32949470853
1005003081558280
1005002684652705
1005002940634436
32804083806
1005002877340100
1005001770185601
4000078512627
1005002694750530
32769957607
4000309459705
33014213402
4001344685839
1005002974817735
1005002051575041
1005002314697662
32879538888
1005002947626453
1005002991001424
1005003014589682
1005003096376128
32988734976
4001265509954
1005003249646113
1005003145445330
1005003029960067
4001241005061
32703475560
4000535032118
4001093434915
32962962434
32850520329
1005002910691339
1005001667469402
1005001984846172
1005003082335698
32881440248
1005003391814554
1005002734355026
1005003335685367
1005002562232397
1005003358179253
1005002753996972
1005001555402940
1005003183467922
33047486644
4001023857432
1005002272924592
1005002864064634
32611451595
1005003120394763
32843447703
1005002049980844
1005001484199770
1005003076806786
1005002591742341
1005003295248773
1005002918071210
1005002401073322
1005003345385853
1005003134079268
1005003138553698
32822498501
1005001476484055
4001340230891
10000035026872
4001277709218
32903692139
4001003416671
1005002463173136
1005002854593973
4000132489565
1005001913969215
32829516339
1005003324247127
1005002847416715
1005001594589704
4000691982744
1005002277580037
1005002122261977
32997625276
32967603090
32858023066
1005003372181417
4000876438170
32966980804
32882540090
1005003060411621
1005001329713606
1005001588851642
32812052253
4000101514782
1005002204026326
1005002555725136
1005002328845835
32893609700
4000719554981
1005002505857136
1005003150065120
1005002672239809
1005003014663385
1005002344956702
1005002938057512
1005001373674119
1005002605634450
4000626757346
4000375544623
1005002270242300
1005002966261333
1005003096941446
1005002571458935
4000170291440
32391457973
4000161200744
4000801286890
1005003250269831
1005002841296550
1005003303213949
1005001648037119
4000714595281
32811647524
32882302304
1005003008430594
1005003142320142
1005002621891437
1005001901818070
1005002400481324
1005003334835066
4001107784078
32804826692
32817088365
32997514474
1005002571491457
1005002783495693
1005002104447868
1005003267342236
1005003356685477
1005001439112423
1005003104934197
1005002636982166
32744184778
1005002109754891
1005002868620176
32900262479
1005003098253109
1005002427759561
1005003384629632
1005001956872537
1005003205518609
1005001577715187
32820704545
32817760119
1005002605934659
1005002761559474
1005001544056503
4000182544464
4001251353496
1005002779983648
1005002259307590
1005002571747265
1005003146442031
1005001797308510
1005003122506512
4000736235363
1005002847848851
32985614163
1005003265245489
1005002949593795
4001157425805
4001104853773
32823896822
1005002066528773
4000944369318
1005003137861644
1005002051923134
1005002277766894
1005003339766751
1005003178692422
1005003120280830
1005003108569759
32329399126
32970037158
1005003150667792
1005001512862573
1005003367836104
1005001429049206
1005002062934890
4000038633480
32791719863
4000127636190
1005003371133304
1005003102357043
1005003365380852
1005002560016164
4000185152838
32798733357
1005002931017709
32866747743
1005002918537704
1005002241924126
4000689536652
1005002898909695
1005003340379645
1005002568994839
4001010671064
1005003096312484
1005003259387163
1005002973869542
32700607137
1005002314259973
1005003302518473
1005002408088945
1005003322961744
1005003001021896
1005001675301830
1005001793193247
1005003063814309
4000911638442
1005003366075599
1005003003278005
4001347972684
1005001576268267
1005002346409637
1005002810080774
1005003214361362
1005002484469029
4001273462584
1005002966764994
1005001882813971
1005002997928178
1005001817542558
1005002111713551
4001176356086
1005003388830256
1005001989458692
1005001935421663
32999262280
1005001905043678
32979939817
1005002938656443
1005003087320285
1005003202943865
1005002557963674
1005002971192864
1005001676803778
1005003022226084
1005003111256133
1005002688230632
32889821729
1005002526750736
1005002313151747
1005003140200038
4000903583143
4000858874830
32967733715
32831484831
1005002787708063
1005003052291700
1005001819322654
1005003151889479
33044658256
33035650601
1005002313130891
32342101596
33049575938
1005003203638976
33008405598
1005002389480169
4001095733081
1005002791488780
4001288764526
1005002356851400
1005003027063706
33061807787
4000588458881
1005003332659704
1005002647245456
1005001830084027
1005003110058086
1005003368068985
1005001856737549
1005001688372604
1005002029457752
4001227163995
4000590094290
1005003020336136
1005003021300908
1005003143156706
755259828
1005002730620638
32794138415
1005002992589613
1005003032717454
1005002791833196
1005001582467506
1005002970651807
1005002432674530
1005002304988102
1005002848184114
4000863757183
32960880586
1005002497174608
1005003001373934
32844971818
1005003379676434
4001058732718
4000211183645
4000291734671
1005002662093967
1005003032055652
1005003072403606
1005001730004535
1005003198612167
4000703739140
1005002616687440
33012218683
1005003370625094
1005003272860424
1005001648553785
4000178463054
1005002616453549
1005003103602117
1005002834397494
4000347055992
1005003272211902
32835750608
32796795425
1005002726693401
32831681314
1005003150123110
1005003136584414
1005001505231613
1005002966830298
1005003185678334
1005002755872394
1005001571678433
1005003281328573
1005003257414831
1005002172009618
1005003105020051
1005002848095135
1005002259246128
32917531557
1005001972203525
1005002321890480
1005003090757441
1005001995839121
1005003291746625
1005001861923685
1005001702757880
1005002517374487
32637329865
1005002873220079
4000235273842
1005001427084189
1005002813661434
33034141662
1005002314275593
4000301153926
1005002228104475
1005002991276708
32972208055
4000407633373
1005001280679063
32613769957
1005003386286312
32859884280
1005002376325858
4000963597839
1005002774087724
1005002745310682
1005002794456131
1005003195502746
1005001299609980
1005003022907421
1005002332206975
1005002879756043
1005003001195498
4000290769395
1005003348098792
1005002429568187
4000672466580
1005003141620963
1005001418164657
1005002454442157
1005003106203397
1005003202628229
1005003384898832
1005002102602021
1005001380252993
1005003100365753
1005002504866535
1005002613330152
1005002686257000
4000889972387
32683204888
32997884579
32865942052
1005003291401010
1005003172502691
1005002491804218
4001148981375
1005002495791735
1005001464601945
32772739656
1005002796723238
1005003059741013
32973456806
1005003187877795
1005002376040014
1005002956944352
32916117898
4000038454851
4000633491485
1005003085047868
32822229067
10000395845932
1005002772532432
32983040326
4000899859392
1005003356487603
1005002490312528
1005002753820147
1005002427778708
1005002864110033
4001186166884
1005003385840831
1005001754665629
1313861690
1005001991649990
1005003322665500
1005003301237811
32891258524
1005002655766156
1005003197879462
10000304481270
1005003295583466
4000047884363
1005002926173252
1005002652062947
1005003387165885
1005002956066386
1005003239002074
33004012874
1005003264815101
4000394720719
32843858215
32906763851
1005002979468875
1005003346930356
1005003044763658
1005002474139028
1005003170931687
1005003216019715
1005002489934700
1005003093772022
1005002419010479
4001343700942
1005003336656493
1005002049539072
1005002689169823
1005001333776632
1005003009573048
32958260837
1005003052203554
1005002559906542
1005002890230312
1005003331248858
1005002417509192
33017171508
32800207349
1005002824198294
32789673814
4001133181727
1005003209717277
1005003258279311
1005001685443634
1005001867337482
1005003287694395
4001215600062
1005002692281656
1005002741079776
1005003163838700
4000890291696
1005002693689167
4000151278526
10000347014453
1005001831226835
1005002662902572
1005003285900725
4000314840064
32839582779
32854470677
1005003037538050
4000206072754
1005003193517126
1005002314242236
1005003387576858
1005003357509700
1005001697887642
1005001649256566
1005002813216567
4001201919486
32967750581
1005002595515635
32377891486
1005003151545993
1005003167467465
1005002977486316
1005001800410886
1005001441302909
1005002695773012
1005002312922262
1005003374426469
1005002517136692
4000001767030
1005002731251430
1005002359150369
1005003223239716
1005002207982116
1005003278624988
1005003026039918
1005003294599082
1005001489290193
1005001502881254
1005002950747945
1005002122509150
1005003280330718
1005003277881278
4000701284056
1005003258864478
4001051668447
1005002906800276
32988963191
1000007930745
1005001820536149
32871658385
1005003123495481
1005002525460482
1005002577484627
1005002951069909
1005003025166341
1005002952895005
32891733982
1005002838068564
4000211425425
4001001430713
4000231442060
1005003125016929
1005001417008894
1005003065928082
4000724435295
1005002646044678
1005002976181719
1005001629322186
1005003171996701
1005003041510639
1005002680899028
1005003124130837
1005003331423523
1005002680796023
32318630856
1005002872286562
1005002738128383
1005002441441965
1005001653130103
1005002592849230
4001003885958
1005002125549545
1005002710464440
1005002758294492
32755177618
1005002966491026
1005003334101980
32978833424
1005001763663399
1005002292215464
1005003284955871
32385731845
4000127400477
32947165311
4000117592717
1005003047464639
1005001630845667
1005002748114679
1005002661729347
1005001560486533
1005002489638683
32678949599
1005002869587989
4001307494886
32760634878
1005003005090630
4000201752830
32878661753
1005003238859691
4001134870996
1005003100097745
1005002841406949
1005003026651152
1005003281769176
1005002096105175
1005002431050442
1005002391176683
33019851462
1005003354546870
1005002510045117
32855424765
32987414553
33033607142
1005002877947746
1005003297216938
1005002966216784
1005003380294510
1005003214412332
1005003232845188
1005003197313367
1005003349995454
1005002731021141
1005003145698320
1005002381833720
4001148213538
4000083009867
1005003287427335
1005003296460648
33026292181
1005002921804236
1005003208014514
1005003385102624
1005002928603802
1005002754671062
1447359040
1005003378473752
1005002114574530
1005002279549025
1005002998746656
1005002768656444
1005002393709997
32891196367
32794941848
1005002252913758
1005003181830563
1005002740544358
1005003018209933
1005003290303575
1005003140798074
1005002287915537
1005002882924217
1005003157150256
33003661174
1005002618563570
1005001885330572
1005002730796646
1005002142394528
1005002080091294
4000764136382
1005002712226584
1005003221988157
32890499327
32948655905
4000932385413
4000169433054
1005002886992672
4001291770500
1005001976050556
1005003026999978
1005002123215789
4001030330617
1005003099637074
1005002517058773
1005002596683956
32945069305
1005002984771996
1005002602921044
32815694360
1005002938568018
1005003059279487
33045270892
1005001882858229
1005003379972426
1005003171984704
1005003030267348
1005003373062676
32966792111
32766115394
32957313234
1005003100032950
1005003041600845
4000600303206
4000320726492
1005002308081068
1005002509852503
1005003022962444
1005003315462656
1005002186019745
1005002490475674
1005002655497638
1005002510766487
1005003333543661
1005001640165467
1005001866846884
32935002501
1005003331097013
4000575854654
32932132618
1005001504831615
1005003284608285
1005001525159288
1005003063823848
4001230254928
32983433502
32840384849
1005003329946161
4000292369443
1005002629936193
1005003361721813
1005002191083446
1005002097101038
1005003318218587
32830585990
4000690466091
32767810451
1005003369307432
1005002833627565
1005002297094525
1005003099521167
1005002813178801
32847889219
1005002948195633
1005003336539653
1005002232054346
1005002339635060
32728293222
1005003288879904
1005003288245243
1005002982068173
1005002567370443
1005003257037428
32802402612
32854664705
1005002673117358
1005003025887836
1005003280524020
33030768902
32803515093
32970359697
1005001997729504
1005002799524543
1005002489754656
1005002011117105
1005002990865381
1005003166582590
10000343992676
4000748147045
4000201760395
32616810769
1005001825656796
1005003367701113
32843827664
1005003344709570
1005003014141396
1005001921332661
1005002115412519
1005002682020251
1005002288992407
1005003261973135
1005001693798597
4000059995694
1005002588011615
1005002372558482
1005002928257251
33015176936
4000606526236
32912617356
32832008594
1005003130391483
1005002729796448
4000991807816
4000058413826
32876810310
1005002913305754
4000626291388
4001068384430
4001297059878
1005003205032484
4000240799236
1005003374780276
32868234245
1005002389099349
1005002983669428
32901327863
1005003234404033
1005002614416765
1005003209312565
1005002883341806
4000505504242
1005003350092098
4000220506476
1005002089959482
32694023877
32816770093
1005002428019748
32605949816
1005003093583696
1005002340922034
1005002978060634
1005003278424263
32818860645
1005002441064707
1005001912399807
1005002929461827
1005002956756232
1005003014431471
1005002955967987
4000975200380
1005001591141342
1005002890688738
1005002960518738
1005003375203049
1005003129309191
1005002639564501
32921464965
1005001967797554
1005003256279843
1005002611260451
1005003205138110
1005002027051450
1005001413174139
1005002991527193
32884457227
32951345407
1005003290430340
4000315844257
4000429575965
1005001900730732
1005003228664462
1005001946922865
1005003299790105
1005003203752610
1005003252823719
4000979883115
1005001600297226
4001315098071
1005003328899327
4000670940743
4000944548158
32596259936
1005001863155401
1005001389088743
1005001792992992
1005002776380302
1005002264066018
1005002752207090
1005003004857747
1005002842449423
1005003293035602
1005001748836520
1005003294691982
1005001663216596
1005003162683417
32960948712
1005003019748498
1005002622811433
1005003015842507
1005003247609791
1005003183091681
1005003232162062
1000008179941
1005001319278754
1005002688978418
1005002852252415
1005003258360785
1005002134029053
1005003185975056
1005002513282412
1005001525540161
1005002549758640
32834532595
32828466979
4000965204175
1005003299098780
4001206737117
1005002171709628
1005003379965465
1005002793261398
1005003265097593
32882237329
1005002830199124
1005001586136144
1005002086096079
1005003263383790
1005001990314134
1005002511412900
1005002371546676
1005002931174404
1005003214431411
4000167242287
1005001551650127
1005003197704725
4001238844957
1005002866646706
1005002476480808
1005003363120080
1005002761356093
1005002782692362
1005002803228150
1005002070786491
1005003208574970
1005002604607991
1005003313635248
1005003018098388
1005003290562167
32864735643
1005002739210677
1005002468010974
1005002937847261
1005003372118340
1005003312173070
1005003173811663
4000225197066
4001111819133
1005001279615421
4000110782359
32813081135
32519473589
1005003170071692
1005002842777385
1005002951310851
1005002735004372
33002653135
1005002651950973
1005002717865760
1005002841358298
33016159502
1005001624562408
1005003103773027
1005002383101580
1005002598310767
4000986349326
1005002425434354
1005003088604507
1005003281648924
1005003360105382
1005002580021517
1005002845034662
1005002885085665
1005002813211369
1005002534473257
1005002783612363
32928307223
1005002520120468
4001201505547
1005003225361352
1005001315630809
1005003349671272
1005002795338582
1005002181293470
1005003123287515
1005003192868427
4000295881980
4001356395063
1005002597960863
1005003277271679
1005003350356634
1005002064873604
1005003170293748
1005003039876881
1005003176046150
1005003375532311
1005003305659417