32596501233
32824727624
1005002603130542
32863835001
1005002484673938
1005002274527468
4000674226475
1005002971157816
1005002728419154
1005001742108041
32990243365
1005002336657026
1005002731068538
32720715257
1005002608956962
4000926790195
1005002970638892
4001134894914
1447526316
1000005633521
32584553836
10000062981279
32962868914
1005002783951362
1005002182184400
32791328723
1005002940712996
1005003230294815
4000711580004
1005001972282855
4000781127601
1005003095323817
1005003074450928
1005003173212532
1005003236541312
1005003251479364
4000625394931
1005001895249715
1005001645273757
1005002164549679
1005002641953444
33034928470
1005001529423202
1005003047876674
32954830061
1005002712911623
32866969750
32708944531
32986111235
1005002145143517
1005003384613780
1005003091484411
4001324180882
4000190908119
4000817510763
1005002907671151
1005002719402233
1005003322144287
4000588998046
1005002099084474
1005002589495474
1005002738787811
1005002761839435
1005002434967473
32919006123
1005003300826328
4001072347161
32877674342
4001244192871
1005002190433797
1005002292059409
1005002652549879
1005002849104522
1005003208771851
32793015330
4000926400799
4001179925031
32884944787
4001241559852
32974305251
1005002653336371
4001249686854
4000833901762
1005003157324141
1005003064187821
1005003357489378
4001274108994
1005002697264059
1005002072620485
1005003021711419
1005003180769422
1005002624668861
1005003356954667
1005003124781957
1005003094276421
1005003028700671
1005003006503090
1005002083930898
1005002105292143
1005002730953599
1005003341472135
1005002781648690
1005003344794703
32889360842
4001099032326
32360773054
4000353541502
1005003345151344
1005002661336285
1005003230484121
1005003231978296
1005003042297389
4000086146715
4000016318752
1005001836077857
1005003268480432
1005003016941389
32354477274
10000138253860
1005003234437902
1005002483082309
32858634052
33015843989
32843520607
1005002624525672
32973290051
1005001610195181
1005003076920104
1005003309496194
1005003021164384
1005002425302795
1005001786305369
1005003351289949
1005001453153275
4000771196607
1005002855444835
32796414137
32885043058
1005003094310405
1005002843079760
1005002026919693
1005001868508461
1005003344845805
1005002073073497
1005001962957500
1005002966784569
1005003031416022
1005001652909248
1005002611260451
1005001578976188
32824506320
1005002007391347
1005003336462061
1005003303305359
1005002656211132
1005003130296387
4000828162307
1005003218727006
32877879443
1005002122288730
1351727253
1005001814645015
1005002682684492
4001199729368
1005002734020092
1005003206600173
1005003208469512
4000742174444
4000015325803
1005002612013521
32815171898
32867857557
32720101647
32972223118
1005001495595705
1005002547475748
10000352702265
1005002269044910
4000979202503
1005002609795349
1005001742239210
1005001354793842
1005003363337724
1005003380206272
1005002200880727
1005002647266569
32993497970
32816229839
1005003145795427
1005002002445833
1005002612876483
1005002689680852
1005001942576237
1005003356640530
1005001793178404
1005002965088662
1005001831647629
1005002959478543
1005002617059538
32728435336
1005003370893804
1005003023501714
1005001639347181
4001230428051
1005001604398810
1005002517341966
4001090707670
33045337435
1005003357484959
33016062931
1005002675104200
32951889241
1005002978319488
1005003146641615
1005001997861823
1005002990665445
32589525354
1005003392521505
32816853872
32808082621
32712723638
1005003146337947
1005002430593600
4000897455995
32807448937
1005002273903297
1005001357316947
1005002705252923
4001065543552
1005003271049736
4000477114022
1005002345069949
1005003006418802
1005003253603021
1005002927759129
1005003092442816
1005003232580315
1005003028958192
1005003201118934
1005001896735516
1005002582112310
32329385518
4001019514094
4001078330179
1005002565327415
1005002826686765
1005002857056023
4001279066261
4000763798316
1005002014341644
1005003000909586
1005002571838781
33027383163
1005002783647744
1005002754215422
1005002698056845
32987305577
1005002802709728
1005003387161885
4000970807759
1005001731197961
1005003001088480
32816975907
1005002555759001
1005003314612661
1005001353987951
32842523922
32793780991
2028259916
1005001581496783
1005003263295707
1005003336957865
4001308801498
1005003142330187
1005002648109994
1005001601945491
1005002068690509
1005003386495940
33045700447
1005001419911115
32882574079
1005001867415082
1005003386219843
33017227647
1005003233882130
1005002766793800
1005002861460152
1005003030628078
1005002003987418
1005003335915393
33055482738
1005002805449125
32851396605
4001301671970
1005002545314356
1005002925618748
1000007874263
1005002559025411
1005003064689605
1005002997769327
1005002716991247
32832861653
1005001854959881
1005003201453135
1005001834697629
1005002796242396
32953923636
32824160954
4000183578629
1005002032410487
1005002199371618
1005003146302748
32858867346
1005001718654222
33051653704
1985680091
1005003269291153
32563426563
1758153753
1005001999852722
1005003096673238
1005001300323188
1005001537548602
1005002769167983
1005003165687788
1005002843015961
1005002223789750
4001250966310
1005002289491973
32951765684
1005002268582625
1005003129812764
1005003001130350
1005003217075911
32866566417
1005002341121861
1005002965604048
4001294863927
1005003206110731
1005003277472972
1005003278658623
33027710694
1005001961918679
1005003119866478
1005003062867976
1005002260516128
1005003109527994
1005002735024226
1005003282776729
1005002279141365
1005001885952472
4000012673949
1005001425894872
32867578264
4000059795380
1005001639858442
32998594925
1005002848858359
1005001873361374
1005002735727771
1005001685282169
1005002669408048
1005003041188193
4001111907767
4000345298340
4001307667303
1005001499270048
1005002705521070
1005002260328725
1005002788599793
1005002371855045
1005003249941819
1005003154871608
1005003123160874
32890216051
32963712044
1005003388419836
1005002766128653
1005003272777968
32658380200
1005001957832996
1005002417583280
4001280908144
4000159305307
1005002281750796
1005003275317505
1005001741064798
1005002712355916
1005003166757801
1005002068685826
32824106945
33021876597
4000923365880
1005002658553630
1005001853232793
1005003232067915
1005002767805741
4000010478469
4000086712149
1005003107937348
1005002401191210
1005003175526780
1005002774066700
1005002365390837
1005002465786370
1005003342534060
1005003368066880
32862293731
1005003049989815
32846934352
4000283242148
1005002816994182
1005002253381113
1005003236389476
4001104053628
1005003286303464
1005003329693039
1005001885274172
1005001731503102
1005003255335079
1005003204086988
1005003367806332
1005002048995462
1005002387854556
1005002871818078
4000860260607
1005003359549740
1005002567441551
32840779075
1005002564518555
1005002683547566
1005003290266272
1005003370523400
4000326853951
1005003021805851
1005002646756817
1005002952364283
1005003190815385
1005003278920775
1005001731891740
1005001309083915
10000287802733
4001108197890
1005003069824004
1005002966701049
1005003328101091
1005001496588036
1005003357179993
32273723675
1005002983818379
4001040683677
32702379401
4000959497802
1005003334937549
1005003160131400
1005001525279960
1005002884192796
1005001971707624
1005002682747407
4001162614348
1005002212584088
32811192718
10000344098996
1005002179518347
33000493560
1005002989906363
1005003106021037
33020365939
4000184359857
32794474154
1005002333818847
33005362800
1005003267588871
1005003281806090
1005003202741915
1005002729679178
1005003332277808
4000317639444
1005002949333586
1005003093334109
1005002731151383
1005003264752961
32832813414
1670189475
1005002566198588
1005003337027685
1005001297576174
1005001877662137
10000399953336
1005003286550018
4001206663577
32876100804
4000221325643
1005001750876003
32901804565
1005001622943515
1005001463487964
4000584954876
1005003348449170
1005003247546744
33029400491
1005002747071434
1005003188538384
32854057691
1005002808258017
1005002357918723
1005001669855464
1005002739029547
1005002728485829
1005003239958001
1005001337609574
1005002598297004
1005002901795532
1005003155083042
32794395434
1005002754680779
1005003107112635
1005002589930878
1005003123324875
33021949520
4000757052859
32952962511
1005002089320294
1005003375094124
1005002253750644
1005002767547586
1005002765802059
1005002842700048
32921124128
1005002685243574
4001321519061
1005001555120413
1005002252055198
1005002842708043
1005003244170768
4000626071182
1005002176743161
32951642759
1005001994415987
1005003031681717
1005002050436734
1005002960239335
1005002780462577
1005001859320053
1005002381516696
1005002745264079
1005003157872132
1005003219325039
1005003187560735
32825977327
32645722672
1005002509959094
1005002840516338
32985245692
1005002556315414
1005003216811713
1005002959003503
1005003308737215
1005002848219552
4001078670671
1005002404869415
1005002904296814
1005003130618851
32960927727
1005003105995968
1005001669621793
1005001652426041
1005002475935205
4000875213824
1005003249145670
1005002245652716
4001199490445
4001177944873
1005002667943940
1005003058880287
1005003283528642
1005002947674706
32877846437
1005002982047717
1005002543042946
1005003192880239
1005001882515957
4000061415132
1005002389807329
1005002233266019
1005002603979169
4001149390983
1005003022333173
1005003359456111
32511000667
1005002767899328
1005003390547741
1005001762141384
1005003047692576
1005002995967174
1005003293808014
32870084667
1005001792629383
1005003336752794
32772400183
1005002918631631
1005002688820186
1005003256741219
1005003020002304
1005003283850677
4001129177952
1005003141176939
1005003176161054
32934239758
1005003062393963
1005003291796519
1005002541006233
1005002864843153
4000537125222
1005002608872609
1005001864402767
1005002616115711
1005003066738971
32958079511
1005003091267017
1005003167698535
4000232947498
1005003156468392
1005002406107269
1005003341989221
1005002373467770
1005003145228693
4000594773113
1005002011428749
1005002298098411
1005003106765134
4000193476069
4000235823027
1005003303977132
1005001688567850
1005002356926838
32968154423
1005002604420074
1005002989663056
32736897791
1005003000181924
1005002210960395
1005003319162291
33007541046
1005002053541383
4000039116461
32877968190
1005003363513512
1005002326058519
1005002252327743
1005003001196502
32991916963
1005003357351256
4000764287630
32962473136
1005002999188649
1005003033688274
1005002664329918
1005002123460476
1005002623692908
33033525495
32791227146
1005002408171202
1005003251310957
1005001992413539
1005002117112207
1005003362026534
1005003269317621
32923639399
33039629992
1005001518190530
1005002428353918
1005001787620134
32845276163
1005002759359443
32981693613
1005002321832998
1005002647130478
1005002827779831
1005002371598497
32948071054
32217527430
4000363984741
1005001839246579
1005003296498260
1005003374842547
1005002542849246
32828517407
32997937337
32844835714
1005003346195386
1005002091289806
32705472683
32949526611
1005002840480915
1005001907751819
4000103951847
1005002731975407
4001105718969
32802891921
4000956172793
1005002195882630
1005002607699220
32860541309
1005003367212745
10000027898875
1005002761821427
1005002193879393
1005003212376576
1005003387742744
32827837539
1005002849170976
1005001920589299
1005002259963296
33001184488
1005002441195198
1005001270410345
4000917940064
1005002488514864
1005002622648630
32988907476
1005003000969122
1005003118106522
1005003034141129
1005002821423683
32457569256
4000991928681
1005001303228994
1005001309894615
1005001321355882
1005002806509245
1005003303299845
1005002281141953
4001145765631
4000592776331
1005003083163030
32697043065
4000086950880
1005001629320959
1005002575636683
1005003322192286
1005002283191971
1005003098368527
1005003020444578
1005003026176622
1005001553106738
1005003332638624
1005001453074405
1005002327727301
32958214001
1005003208513060
1005001879006456
1005003109584740
1005002253076788
1005002571589742
1005003266770033
4000931738702
1005002974312944
33009611436
32849347092
1005002310428646
1005003108507178
1005002287604885
1005002264550673
33046226155
4001275133742
1005003204844948
32970964628
4000774401761
1005001413303638
1005003342228846
1005001967655552
1005001672591488
1005003205580665
32828944123
4000168058056
1005003211385002
4000734908394
1005003110203717
1005001750983016
4000052197350
1005002239858140
1005002671439623
1005003187779336
1005003109619663
1005002624947580
32745064804
1005002067216280
1005001611185877
1005003379132065
1005002313764456
1005002963498984
4001061024906
1005003199615059
32900865528
32920356164
32968624325
4000960569919
1005003041896685
1005001483171463
32945864648
32786121048
4000129603135
1005003344714966
4000115583794
1005001976495161
1005003136034291
4001241806337
4000859746664
32921222156
1005002687829085
1005001624702839
33021747461
1005002702776134
1005003290378125
1005003264513565
1005002546456044
1005003356997558
1005003291992096
1005003228564805
1005001576185905
1005001625411717
4001226398891
1005003129299520
1005002513023299
1005001578762288
4001072288597
1005002390037570
4000641364940
1005002119055315
1005002730689807
33005181892
1005002978259986
1005002875268696
1005003319119299
32881450999
1005003294161127
1005003303201684
1005001587797196
1005003098761374
32809450480
32963140473
1005003275842562
1005001622224546
1005002220081851
1005003016705022
1005002665884228
1005002448237034
1005002687382378
1005001309761567
1005003008036674
1005003232959915
1005003304237885
32917023390
4001230869166
1005003114467628
1005003124152313
32990526934
1005003370566123
4000247785823
32776154597
1005003064062065
1005003218256485
1005001472258079
1005002373456671
32956019610
32833194896
1005003309657236
1005002326551996
1005001338501267
1005002490107872
4000163103398
1005002821523122
1005003102262901
32791383934
1005002044767029
1005003331584728
1005002823417157
1005003024350930
1005003160888229
32954658101
1005003340781334
1005002767479988
1005003293755189
4000017301489
4000911476822
1005003294024023
32858227633
32904958037
1005002596920598
1005003149346512
32826340393
4001023064135
1005003076396143
1005003070253877
1005003296687474
1005002842282234
1005002654672880
1005003081867412
1005002648555789
1005001869146137
1005002425657420
32823933357
1005002737609801
32857179340
1005003114062742
1005003028646324
4000899141641
4000120380673
1005002949317338
32813585652
32989678304
4000360218047
4001269179081
1005002253046566
1005002553708972
1005001656866192
1005002871783805
4001189769142
1005003084146137
1005002224994404
1005003097873880
1005001580124091
1005001920665664
1005003325869619
32808262365
1005003002351924
1005003265232248
1005001487674971
1005001429039781
32870156843
1005003202842051
1005002779822504
1005003365311598
1005003038161712
1005003387506214
1005002907602692
1005002231643115
1005002601280078
10000003390127
1005002562632536
1005002612884811
32428415121
1005002252372189
1005003291184149
1005002577782677
1005002459165486
1005002717587467
1005002863447512
1005003242041715
1005003337158626
1005002259343972
32857529239
1005001557930308
1005002256110245
1005003004265897
4001321514842
1005003307050066
1005003004837839
32907970419
32307808595
4001224549841
1005003259455475
1005002657845885
1005002841107395
1005003327856794
10000399963046
1005003076422344
32922736778
1005001976140395
33059789145
4001166323277
1005002313543838
4001189719280
1005003303754996
1005003178315645
1005002286966006
4000988145316
4000829832196
4000433667703
1005001439537955
32783564374
33007486654
1005003187678808
32719579546
4000173856041
4000682410104
32858373001
1005003197429041
32833576171
1005001336496633
1005003263952209
1005003001009366
32845138323
32931935417
1005002648159672
32359246452
1005003279492092
1005002671479309
1005002558883532
4001143314421
32588638157
1005003262532167
1005002286364659
1005003281533267
1005002646152723
32956053874
1005003349865581
1005003082884448
1005003390286652
32995874691
1005002672652886
1005003246580453
1005003016682110
1005002473268106
32971512136
1005003310123348
1005002206480466
1005002961589942
1005001275325765
1005003212319372
1005002990542154
1005002781865768
1005002857215764
32985973456
1005002883323513
1005002857335259
4000822676172
1005003362201782
4000903750023
1005003106497572
1005002687452401
1005002252713187
1005002256751004
4001017073922
1005002281848135
1005003276824721
1005003015632799
1005001774267179
1005003037059106
1005003149781488
1005003217439780
10000169724226
1005003366254872
1005002746909742
1005001688863316
10000051786093
32909160568
4001157718298
4000219343558
32846799721
1005002695627083
1005002292099317
1005003147743281
32954854820
1005001558230786
1005003028225023
4000546015814
32907445105
1005003107793412
1005002994836259
4000319172301
1005003023123274
32839367080
1005003232171431
4000014816862
1005001564330705
4000188120280
1005001988435688
1005003292924049
1005003021787887
1005002870461305
4001165188877
1005002346953370
1005003245138292
33039201246
32915856227
1005002305363888
1005002615510417
1005001408194165
4001018808659
1005001941257627
1005002878980478
1005003100369885
1005001510126943
1005003278882269
4000420374221
1005002791645982
1005002129438114
4000057575363
32988152698
1005002836865325
1005003250612741
1005003192229392
1005003124502867
32870207966
1005003088367244
1005001688401467
32946873456
1005003211385002
1005002741225533
32512260807
32922591756
1005002946046092
1005003096987833
4000188809763
32794373860
1005003117895738
4000023846996
1005002305647421
33053394256
1005002884938454
1005003083898027
1005003300497410
1005002280761935
1005003329163006
1005003148311550
1005001628386536
1005001320065273
32926663205
1005002722688793
32885797723
1005002533590873
1005001353745926
32635490655
1005002532181280
1005002515637630
1005003352256261
1005001533214835
32830994224
1005002984401510
32987650450
32753938517
1005003118492515
1005002474190988
32986648575
1005002908165801
1005002448767935
1005002193823885
4000599405187
1005003244059881
1005003253314843
1005001900341517
4000315964723
1005002881913197
1005002728227462
1005001882333689
1005003197897362
1005002697773205
1005003022355588
1005001871375098
1005001603410036
1005002293076986
32864645408
1005001444879408
33022220918
1005002304347621
4001060917831
1005002559414601
1005003105821326
1005001669928692
1005003353440132
1005002674525160
4001068834967
1005003178042385
1005002996695722
4000209661959
1005001501661306
1005003066971906
1005003148751196
1005003336588043
1005003065612810
1005002661375973
1005002475453055
1005003152532177
1005002394975068
33045154729
1005001625897929
1005001308162786
1005002370028599
1005003025696560
32908435454
1005003276406185
33057770613
32981862524
1005002926630812
32820684438
1005002120740530
1005003189122435
1005003387985022
32809619686
1005002624187605
1005003186743131
1005003370463720
1005002512774054
1005003182700637
1005002931615552
4000244722570
1005003307116699
4000449332528
1005002884650303
1005003384958266
1005002547149410
4001187188662
32687543974
4000926050167
4000588203624
32590184852
1005003019753818
1005001580530387
1005002617149128
4001356775170
1005001361025368
4000419500655
1005003097144622
1005001474265473
1005003066069632
1005002686394451
1005002196445865
4001288255485
1005003306035691
1005003287445714
1005003218361757
1005002564357589
1005001608625115
1005002615789803
32957127549
1005002721328485
1005003208450710
1005003092004964
1005002719382284
4000991113875
1005003154052587
1005002350303953
1005002699580935
1005003031880496
4001241978197
1005002626728099
1005003082776844
32983637871
1005002932207900
10000007678816
1005002027865132
1005003293708446
1005002810355833
1005001638535084
32627015873
1005003158787376
1005002922116486
1005003230451759
33002484275
1005003144377971
1005002808337115
1005002759684538
1005002546609935
1005003190979259
1005003001627353
1005002597158885
1005003221787834
32897600589
1005002483779380
1005003337923778
1005003263601511
1005003118719869
33005048929
32659687842
32727987127
1005002998715313
1005002467749307
32933038651
32760488143
1005003122534473
1005003087513140
1005003026528416
1005002976210559
4000975083007
1005002667151606
1005003176409833
1005002708031701
4001233192445
1005002943804058
1005003222140407
32973440817
4000085419542
1005003071983571
32929503821
1005003337874374
1005003069791793
4001201367803
1005003336957736
4000203746292
1005002211809032
1005003129772165
4000805032647
1005003208469480
33007178420
4000936358461
1005003245777219
1005003292150984
1005001499813066
32390647638
1005001503031466
1005001447249402
4000419206940
1005003316703457
1005002674793270
1005002607887701
1005002438596550
1005003354949741
1005002271720595
1005003147977793
32818195847
1005002180896422
1005002716308832
1005001868402362
1005002443391927
1005003292053351
4000691527713
1005002092363916
1005001608132667
10000032402680
4001278621051
1005002072178791
1005001540555270
1005002985485692
1005002703933901
1005003110180835
1005003329430585
1005002351495356
1005001890706943
32787214874
1005002673520677
4000136270401
1005003334813386
1005002121103117
1005002946464288
1005002497601924
1005002539272088
4000639920388
1005002403943762
32869645170
1005002122230956
1005003355306043
4000381762868
1005003201707726
4001014148683
1005003288508786
1005001814756148
1005003337029467
1005002538905627
1005002444532058
4000904357697
1005002462361950
4000233464294
1005003080953272
1005001966100843
1005002393288162
1005003326881444
1005002781206439
1005001973783905
1005002833748087
1005003225391046
1005003119744962
10000198124270
32962777161
32739192699
1005003263437471
1005003325704619
1005002819726459
4000925562143
1005003251765329
33053612710
1005001375326707
1005003019346156
1005001721677054
1005003276340393
1005002198180672
32717823660
1005002577626420
1005003196481126
4001136563032
1005002885588630
1005002979481331
1005002420111135
1005003335267257
1005003295057408
1005001588874018
4001091213953
1005002558786415
4001280713421
33054057689
1005003304743885
32811192755
1005002401514622
1005001672571887
1005002685561732
1005002882945039
1005002975634937
1005003019423611
1005002319132537
1005002390428037
1005002076499543
1005003140347162
4000931216114
1005001865479154
32999664736
1005002003735968
1005003277912874
1005003157557200
1005003156513088
32993139584
4000014347936
1005003203986976
1005003346439840
1005002339406758
1005002364933196
1005003163483439
32990459734
1005002533237834
1005003001821010
1005003265938322
1005003380361503
1005001793558770
1005002250256883
1005003193312876
32997454110
1005001392661441
4000719811925
1005003090889522
1005003019367929
1005003153252630
1005002473348674
32967341450
4000029710279
1005002793838391
1005003295056851
1005003102237749
1005002586540592
1005003037246894
1005003340611899
1005002951792192
4000628518754
1005001967156287
1005003339909987
1005003147917086
1005002863117762
32913806911
1005001845417781
1005002484523662
4000626088205
1005002319051063
1005002341208448
1005003290961111
1005003390924626
32821746896
1005002475931975
1005002949077234
4000278990166
1005002345331731
1005002597213302
1005003242306386
1005001304645463
4000516795300
32830439383
4000053173327
1005002821648953
32724103333
1005002907479403
1005001975127476
1005001438659414
32889360842
32807345010
32898709587
1005002616149647
1005003221053777
4000079190885
1005002259647209
1005001839131743
4001035204368
1005002567057830
1005003083467017
4000211416837
1005003367095783
32919349871
1005002560179122
1005002431870853
1005003050954358
4000755468987
1005001541543591
1005003241412551
1005002324174264
1005002313914746
4001159609676
1005001439036872
1005002564780812
4000124914730
1005003296770675
1005002569581728
32921391038
4001234438895
1005001389141267
1005003256503397
1005002104549568
1005002801477307
33012502993
4000771143767
32657666605
1005002510891381
1005002583543708
4000022009364
1005003113820860
1005002976141241
1005002663983339
1005001464758577
1005003043817341
1005003090379526
1005001690905779
1005001525881265
2050451164
4000434413990
4001285086189
1005001296608689
1005002656858262
1005003082522193
1005001809655345
1005001479964938
1005001293082760
1005003014116422
1005003158072727
1005003162312581
1005002609729752
1005003078654723
1005003236335174
1005003381997433
4000405946028
1005001430425660
4000264974949
33007957927
4000791471418
1005003133869255
1005002814962782
1005002921124093
1005002490172010
1005002440716702
1005003314829260
1005002835690631
32677160929
1005003290414022
4001320644410
1005002122470239
32840060328
2012248031
32912010144
4000547444026
1005001792041177
1005002908961879
1005003131295900
4000947304570
1005003303160430
1005002288570659
1005002122601075
1005002001393513
1005002814738288
4001163040404
1005003249108469
1005003241532732
1005002649320352
1005002423595871
4001117154629
1005003023381842
1005002505019593
33030545152
1005003060693690
4001230500492
1005001998799093
1005003087314707
32727534328
1005003204843735
1005002122481084
32866457820
1005003065280838
1005002762097651
1005002675812005
32850826016
32830798932
1005003111269024
1005002341398526
1005002410073359
1005001680477769
1005003155467911
1005003314271162
1005002661349860
1005002046750640
1005003263183403
32717947491
1005003303084940
1005001413820617
1005003356088731
4000971366962
1005002402011554
4001101325029
4000978964795
32828392200
1005002451134932
1005002583644524
1569521561
1005003131116057
4000875183517
1005002716487207
1005001754656462
1005003004526236
32847735639
32975322759
1005002828598187
1005002836977562
32947786803
1005001882556793
1005002605928999
4001028327938
1005002927201788
1005002951085377
1005001774028735
4000722727680
1005003307816890
1005003051318168
32973840556
1005002766699983
1005003337141899
1005002913657483
1005002011057842
1005003037644078
4001207330007
1005002347325003
33002651854
1005003227854601
1005003038916148
1005002858192172
1005003329773745
1005002945405044
4000933366730
4000397621193
32619742366
4000601549428
1005002915303535
10000038915980
1005002417991570
1005001877680056
1005002029451985
1005003136123888
32791630940
1005001912578191
1005003224385393
4000203263849
32962987920
1005001768456100
1005002863276088
1005002360157168
1005002889063079
4000798284276
1005002352590420
33050894474
4001079561163
32830438094
1005001520693665
33017799053
1005001287170025
1005003176759025
1005001726041957
32972492045
1005002635255364
1005003269316656
1005002994398030
1005002450497417
1005001379560713
32897569388
4001016082262
1005002233961256
1000001677607
4000741726186
32835655619
1005002552275583
1005001479111821
1005002467306836
1005002899451525
33045302178
1005003330711484
1005002543375861
4000834243061
1005002649140193
32638832165
1005003205122055
4000730696366
1005002635607698
1005002747430364
33030614784
32826631242
1005002692920681
33018800729
4000108055636
4000212741379
4000977308892
1005002303484650
32735268367
1005003110886302
1005002971579447
1005001399235049
1005002543408938
4001238710874
1005003250848209
4000344324759
32972840857
32968626730
1005002965885550
1005002965748266
1005001441364197
1005003202471690
1005002694411240
1005002593360533
1005002680991852
1005002961265778
1005001916577047
1005003369661578
1005001366223428
1005003280444268
1005002990741570
1005003084275201
1005001864605467
1005003121691770
1005003230794024
1005002037969045
1005003330147552
1005003021301830
1005002971165360
1005003306827644
4001204916022
1005001604460762
32753938517
1005002760564275
1005003211908925
1005003087975800
1005002870718248
1005002345096863
4001006658250
1005003175541242
1005002544941286
33005429608
1005003351863529
1005003267487248
1005002617254631
1005003244851625
1005002796233239
1005003386313778
1005001398380518
1005003193211057
4001286814113
1005003182144238
1005003157282910
1005003208826620
1005002227913934
1005002085039422
1005003123790785
1005002482783459
1005002716615592
1005001688177583
1005002697056044
1005002856544741
1005002695839463
1005003276935535
32968794445
1005003297798314
32376012131
1005001515411140
1005002547476400
1005003357991759
32982819181
1005001895911573
1005001922368715
1005003123142190
1005002390380588
1005003027936099
1005001285691868
1005001575492306
4000559209051
1005002664579139
1005003224851004
1005002952308446
4001221944342
1005002162050875
4001257637126
1005002641535961
1005002475618392
32834381801
1005002281484314
1005002018397308
1005003345434779
4000473446692
1005003313164759
1005003335993678
1005002676683213
559087206
1005002710479903
1005002658109769
1005003155093159
1005002941408142
32894428436
1005001476276544
1005002557390468
1005002412567834
1005002316598544
32574399838
1005001685550243
1005001656746193
1005001425605413
1005001642733668
1005003133921177
32930963042
1005002483105720
1005003112298871
1005002950718791
1005001804748773
32578978069
1005002978281422
1005001278094123
4000307897507
4000433102182
1005003393140368
1005002676699244
1005001533701919
1005002818217912
1005002857923542
1000005205046
1005003213024135
1005001616875700
1005003278679473
1005002994948150
1005003168654999
1005002889771826
1005001681878848
1005002342734659
1005002828277157
1005002007267800
1005001605082342
1005002828569479
1005003328254010
1005003298405789
1005002244228661
1005003197124563
1005003282344283
1005002691984267
4000781962531
32973862650
1005002322457351
1005001492880820
1005002292329668
1005002061598865
4001105411880
4000610294604
1005003202560141
1005003095379372
4001212051465
1005002573188476
32975836946
1005002236016830
32959771115
1005002114639426
32861678345
1005002233119972
4000837659963
32973322005
1005003326861654
32687607168
1005002885323935
1005002884920605
4001286345695
1005001982821826
1005002752054998
1005003176407322
32803485426
1005002265695763
1005002767879693
4000200678638
1005001929125866
1005001570735220
32968564062
4001280426914
1005002914404409
1005003245422191
1005002448520103
1005001530241188
1005003184095465
1005001550920869
33022429915
1005003077198952
1005002366155727
1005002843733792
1005002559012347
32961391700
1005002868423011
32661881905
4000082544293
4000167557607
1005003070721035
1005003275640225
1005003057349630
1005002528262064
1005002945213485
1005002669080458
1005001947299278
1005003370275025
1005002840614731
1005002107564021
4000640718896
32952228547
4001265043345
32968504750
32358920776
4001247878313
4000132379470
10000033747916
1005002566565662
1005003065592838
32542725248
32869199318
4000180406039
1005001912584144
1005002836898876
4000359132267
1005001596775661
4001062771291
4001244505658
1005001595007498
4000546501978
1005003318823783
4001317852019
1005002924040595
1005002317669283
1005002567867204
1005003391354760
1005001766992191
32848866020
1005002977242267
1005002090989320
1005002202022318
1005002732033419
1005003226416858
32850255178
10000418250402
1005003378215711
1005002271280520
1005002821678354
1005003363130302
1005002751884856
1005003318239246
32265670267
1005003385907408
1005003258335224
4001178948195
32843975995
1005003243772379
1005001329470884
1005003320231085
1005002347023673
1005003119596768
1005003287578096
4000864595903
1005002419092052
1005003167938968
1005003037096545
1005002524547245
1005003019318668
32921358038
1005001670940510
1005003080056496
32860289915
32949798081
1005003209726009
1005003228460548
1005002898196149
1005002640882700
32845545141
1005001783140294
1005003373799183
1005001407540842
1005001638539810
1005003086898852
1005002458617825
1005001391184617
1005002047164741
1005003136184031
1005002314220329
1005002333618622
1005003099561776
4000703487010
1005002966635291
1005003265932662
1005001646100940
1005003248921551
1005002044833230
1005002766865190
32983782850