32708456558
1005003102462164
1005001717924236
4000785049110
1005002793462672
1005003198993920
4000384267947
1005001894489938
1005002570332771
1005002313050266
1005003276261255
4001189554462
1005002562597593
1005003365806344
1005003079544630
1005002911354220
4001280878983
1005003061247801
32942824736
1005003019118456
1005002238273748
33008963075
1005002986268563
4000678105390
32845984756
1005002868000122
1005003050709416
4000393859361
1005003035140687
32911863991
33042189144
1005002630426413
1005003293488898
1005002014212545
1005002851033580
1005001604568522
4001362132353
1005003297274907
1005002133683480
1005001515370257
4000111371422
1005002069609597
1005003244722199
32840288900
1005002594959517
32956156085
32856932978
1005001879363710
1005003331159852
1005002396030354
1005003002255704
4000177440180
1005002795388547
1005001644095829
1005001651205151
1005003231400529
10000289315381
1005002117118855
32897180880
32944844143
1005002964850624
33037723287
1005003296365039
1005002723354953
1005002254372393
1005003375207405
1005002682495944
1005003298333348
1005001567752528
1005003002545777
1005001727300138
1005002869813583
1005002967754495
4001087107385
1005001389155222
1005002766719936
1005003200951154
1005002499280964
1005001325896557
4001218585178
1005002795869510
32865199120
1005002642163379
4000107820586
32605315696
4000680118601
33016217700
1005003282372604
1005002317156452
1005001474427992
1005001452602822
1005003160383866
32879538888
33003859603
1005003238529222
1005002653333920
1005002567730102
32954985338
1005002988288197
1005003194546299
1005002921579054
1005002582502498
1005002006338946
1005002704025828
4000137480483
1005002876285651
1005002291261510
33007056708
1005003146395427
1005001334862400
4001270513415
1005002781258856
1005001665302562
4000114301505
1005003281192187
1005002770702000
1005002049141376
1005003356780507
1005001525256240
1005003019448630
1005002462377936
1005003218457389
4000512571143
1005003028856007
1005003336194636
1005003042516735
1005001653337317
1005003209426018
32878288341
1005003201986307
4000318044167
1005002513789413
1005002623088758
1005002752918184
1005003364703621
1005003329317378
1005003240440348
1005002007191124
1005002489855090
1005002314699662
1005001813898074
1005002872066372
1005003071534663
4000203700619
32855438597
1005001946063725
1005003318211444
1005001411605814
1005003103049101
1005002882778123
32924438021
32995716813
1005003228883193
32950917365
1005003112639442
32966270653
1005001280722334
1005003194923118
4000934256834
1005002534654525
32962304664
1005002876136209
4000433882223
1005002582493342
1005003279913001
4001272841745
1005003236142732
1005001884953974
4000777051253
1005003289842048
1005001619337161
1005003127817419
1005003278440273
1005003259487187
33001942319
1005002019147124
1005002409874186
1005002613808125
1005003101967384
1005003251425202
1005002201790835
1005003112792022
1005002911713668
4001085386402
1005003312900576
32895576751
1005003283628866
1005002138421415
1005003293756930
1005002771383366
32837126570
32801215665
4001356261768
4001255867836
1005001993761790
1005001967477664
1005002879021460
1005002527139641
1005001538446257
1005003158619419
4001224689287
4000400570257
1005003032149556
1005002214099299
1005003146402100
32912337791
1005001854934222
1005001689051110
1005002873210457
32285979830
32994560604
1005003138826021
32891830878
33059305441
32814100146
1005002597209565
1005003276721871
1005003228554304
1005001992487675
1005001354957878
32946218749
32864264563
1005002551212020
1005003164048524
1005003371006843
4001115652991
1005002259154618
1005003352637575
1005002389583604
4000132422299
1005002833940016
1005002932600185
4000663798854
1005003098460396
32901453306
1005003085442235
1005001977908137
4001242727502
10000335948887
1005002673851819
1005001570543958
1005003257906993
1005002878847453
1005002878539261
1005003377487048
32824038452
1005001639427606
1005002703702834
1005003221942542
1005002978665004
32846665757
1005002662331008
1005002390596876
1005003133988032
4000593812720
4000971849581
1005001726094478
1005003139584312
1005003340100557
1005002693620372
1005002495739331
4001224073153
1005003372296347
1005001549147084
33015560013
1005001501619082
1005003042235229
1005002484326407
1005002923844129
1005003173861621
1005003014062585
32320230735
1005003164958950
1005002418539954
4000022344717
4001308197292
32913107223
1005003094190327
1005003170372155
1005003076425501
32973539097
1005002310527816
1005001562509769
4000807477994
1005003386895593
1005001733113573
4001130769167
1005002668552357
1005003233834276
4001093841970
1005003182265844
1005003306049600
1005003107414038
32578998002
1005002599305981
1005002731766050
1005002687431524
32630647655
1005003191104693
1005002890679656
32716542656
1005003169151615
1005002835991869
1005002822193934
1005002129865842
1005002842666733
1005003209050039
1005003165372048
1005002622984878
1005003056149909
1005002264779916
1005003190604538
1005001439040845
4000185986824
32899998098
1005001488224141
1005001465640478
1005002826563228
32941708072
1005003267969992
4001211125028
1005002372246481
1005003343504440
1005001708985115
1005001785983967
4000054865952
1005002431575077
1005002326740396
1005002761181391
4000627317212
1005002842227301
1005001769597713
1005003258841397
32813649008
4001214157150
1005001648407330
1005002487885818
1005002602090225
1005003145545338
1005002967219262
32947601166
1005001561263400
1005003385084336
4001027567603
1005002905273105
1005002494180422
1005002172720406
1005002066603120
32878765344
1005002649328109
1005003295032240
32815790670
33031668926
1005002680979626
4000626605378
1005002020687890
1005003237663025
1005002512387173
1005003124429473
1005002614282597
1005003227237620
4001175539336
1005002567273785
1005003307152939
1005001270082176
1005002862923890
1005001277969749
1005002122548331
1005003224056497
1005003268923123
1005002384846472
1005002946507183
1005003229595459
1005003232087173
1005003051159290
1005003141974016
1005003336403896
4001361489539
1005001949917439
1005001636617446
1005003097689846
4000756129249
4000238873481
1000006055822
4000871712174
33001567452
1005001966401835
1005003034414877
1005003342317192
1005003127938325
1005001780778077
1005003151064156
32820474722
4001323176094
1005001873822849
1005003036715272
1005002404782725
1005002821436099
1005002857316465
1005002317639154
1005002761540238
1005002662346090
1005002751260428
1005002666604866
1005003237971722
1005002542570614
32725165566
1005001586401121
1005003092103996
32969147762
1005001346608480
32705944088
32694983432
1005002672462904
1005002978363919
1005001370070601
4000653568993
1005002663866200
32873493059
1005002976650120
1005002889084649
1005001805275491
32956106878
1005002060588070
32963346622
4001137477736
4000160155587
1005001870846537
4001149532908
1005002605658437
1005002737016608
4001199149826
32731329840
4000595461807
32933006659
1005001620782534
4000306752630
1005003333009675
1005003006275524
1005002802331259
1005001778871964
1005002996870569
1005002327534083
1005003097799956
32835894791
1005002390420226
1005002018702511
32916983542
1569521561
1005002324227299
4000623767920
4001219926904
1005002465733773
4000806178424
32997466301
1005003000963029
32279320901
4000053436912
1005001381828451
1005003122817922
1005002533113057
32963830720
1005003356158088
2055060364
1005003238675043
1005002567147171
1005001345462880
4000011772264
1005003258477589
1005002976802135
1005002758019964
4001080037524
1005002559561616
1005003387866102
33064151043
4000522855027
4000927000263
4001035990403
1005003250612470
1005002629402065
4000890884468
1819753875
32953587639
1005002046787512
32811556541
1005003344700972
4000397430776
1005002650460812
4000345634551
32728782171
1005002002607446
1005002904055549
4001040994853
4000800743405
1005002064009517
32807481905
4000041209878
33008351228
1005001287031962
4001037670142
1005002345727526
4001227198190
1005003164058281
32933936370
33058104119
1005002711269264
4001133928088
1005002292478090
1005003157908983
1005002624215015
1005003070412296
32955083214
1005002388906214
1005003323885278
1005002696250973
1005003135433132
1005003077004413
4001053936389
1005002907574860
1005002670839296
1005002597089723
1005001605178644
1005001563118800
1005003279461737
1005003102462164
1005002107720523
1005001946456896
1005001632912452
1005003122684271
1005003015900765
1005002833632477
33001882903
4000626464700
1005002175684748
4000009927750
1005002617370606
1005002849339803
33002635302
1005002033371952
1005001439150421
1005003000688421
4000788874348
1005003193011249
4000603968449
1005002351437377
32891255163
33034114332
1005001920339970
32870261420
1005002785486646
4000115659557
1005002611587357
4000788468018
4000053708221
1005002647302220
1005003196258618
1005003024902106
32958741249
1005003259450430
1005003000940961
1005002988741884
32997804804
4000918587113
32841344206
4001229215247
4000036475521
1005003219051943
1005002939732191
4001046137591
1005001917140876
1005002130696618
1005001933889062
1005002438576840
1005002845881811
1005003193037707
1005001661137937
1005002861542126
1005001926099693
1005002333882623
1430296126
32803129541
1005002871469472
1005003157307326
33023932931
1005002381569718
32971969768
1005003133453259
33044332558
1005002653439136
1005003319434053
1005002804291458
1005001582204765
1005003190954205
1005002499465326
32983446963
32808833195
1005002633569180
33017514344
4001096470995
4001212026119
1005002454337528
1005001540483605
1005003069839127
1005003242622229
1005003218326761
32818557993
1005002847716512
1005002994567468
4001211056446
32888298828
1005002244552693
32904978390
1005003153266219
1005003280860643
1005002641618301
1005002906582237
33004190038
1005002087851533
1005002060606237
1005001902551766
4000878919316
1005002616215168
1005002926114110
1005001478272619
1005003276694556
1005002946562243
1005003131332687
32810317561
1005002586878709
1005002306593421
1005003126073756
32846765959
32861672710
4000369936775
1005003200164622
32882580940
32906392901
1005003282936730
1005002939027325
4000769669709
1005001507022158
1005002734701007
4000695369357
32932789409
1005003347515503
1005001775008980
1005002724416154
1005003337867335
1005001630865573
1005001713029699
1005003191009012
4001167500715
1005003083480303
1005002212634984
1005002383491526
1005002060224621
33056160434
32740435838
1005002275993035
32955322710
1005002794064226
32791296361
1005003075007240
1005002938749359
1005003227778117
4000237376174
1005003215255013
1005002567573100
1005002623202686
1005002307447089
1005002605437880
1005003028689870
1005002906634611
1005002982865528
33017448498
1005002545436155
1005002402003564
1005003135495415
1005003124405780
4000559539713
32853298472
1005002853089854
4000113909485
32965900331
1976026994
1005002502584064
1005003131146771
4000455942974
1005003162858308
1005001792447843
1005003360361219
1005003042143795
4000173175914
1005001446192728
32698138481
1005002547823265
32768880231
1005003048611565
32958911238
1005002734990618
4000871703331
1005002674584274
1005003213628275
1005003183382352
1005002062028560
1005003268133288
33059418599
1005003294418023
32979522116
32874412393
1005002793446599
1005002688080663
10000395923160
1005002996917143
33052519084
32956502275
1005002925704483
1005003162291777
1005002904796253
1005001575376154
1005003355221287
4001358352806
1005003333666563
1005003220605677
1005003278068908
32965203655
1005002313878485
1005002653046153
1005003102121759
1005003233882556
1005002441063637
1005003278078373
1005003310877137
1005003103195549
4000017447676
1005002915303419
1005002762553285
4000188428524
1005002710427962
1005003064890901
1005003390897658
1005002498833825
1005002935358458
1005002083815474
1005002727387863
1005003331532920
32914636502
1005002495564748
32859680530
4001207935751
32969165924
32703146432
4001324320547
1005003063807133
32997693405
1005003146302371
1005002796031506
1005002843028105
1005001270553648
1005003278179699
4000422883723
32681872533
1005002096962739
32836222559
1005001809811202
1005002018630622
4000708284624
32877065080
1005002949311291
1005003339285776
1005003205597885
1005003257960610
32842828685
32987450135
32995673242
1005003377049513
1005001557208747
1005003208526392
1005002489520193
32999190521
1005003384934551
1005002513685267
1005003176213653
1005003176435081
1005002345070007
1005002905259079
4000186037750
32878729007
1005003025597384
1005002926781977
1005002113274539
1005002181114744
1005002877666295
4000010598944
1005002995776038
32958721457
1005002962379128
1005001820936343
1005002630334533
1005002926824525
1005003306770371
1005002947245065
1005003227713189
4001230412988
4001347434559
1005002866620889
1005002015085073
1005003033538660
1005002967024728
4000375822503
1005003276674679
1005002520173170
4000858993515
1005002895541128
1005002570120980
1941751821
1005001471175797
1005002392721586
1005001631942037
32972961812
1005002739491932
1005003099839890
1005002512799534
1005002583404933
1005003375311882
1005001998423827
1005002282301082
1005002399390038
32862648552
1005003102991054
1005003368791924
1005001430735773
4000067944941
4001140112441
1005003341035021
4000548066223
1005003258418334
4000447082358
1005003090476142
1005002598481622
4001007157508
4001289452331
1005002784580551
1005001453550409
1005003276063670
32904255346
1005001337541695
1005001540695607
1005002225354951
33050201508
32962357164
1005002110006506
1005003201214966
1005002696108069
1005002656379677
1005003264176807
1005002377470109
4000917588163
1005003193702327
1005003386298618
1005002334314699
32957146449
1005003084012058
1005003337479537
1005003250237440
1005003337388101
1005002081039127
32978243754
32732615315
1005003101778282
1005002876723666
1005001923171401
1005003017852990
1005002316621093
1005001493490905
1005002615870782
1005002172397779
32906496933
4000225078319
1005003092856392
1005003367175453
1005002939931217
4000195935532
4000353593252
1005002689328118
1005003032448700
1005003223616389
32889852475
1005001526455703
1005002912362578
1005001473513918
4000047536371
1005003337372754
1005002189342724
1005002442331780
1005002665070702
1005002776729688
32261312228
1005002847670796
1005002091241516
1005003251506986
1005002288897563
1005002431000420
1005002313471532
1005003049576527
1005002857353057
1005002400083546
1005003102673771
1005003201520842
1005003229818088
1005002885286884
33001419974
1005002797092742
1005003065135202
1005002919472744
1005001506370494
1005001697609161
1005002849229703
4000786225323
4000480993280
1005002721876502
1005003258258287
1005002390806749
32976304312
1005003022600051
1005003020835220
1005003339771426
1005002864858929
4001069792624
1005002814017093
4001308995190
1005003339793291
4001294288943
1005001617221782
1005003128821985
1005002404339119
1005001625523450
1005002650729843
1005002810375425
1005003328774968
1005002702291077
1005002313806794
1005001914678831
4001290041787
1005003342764296
1005003127594104
1005003133898435
1005001877778273
32843073438
4001149287355
1005003009512115
1005001804679216
32843181267
1005001458842691
1005001412429956
1005003330814234
1005003195470012
32967442988
1005002889511884
32792847370
1005002907698038
1005002978688172
1005002240183512
1005002984317340
1005003040178053
4000920329319
32967627347
32988745790
1005003290126088
1005003092798230
1005003261935100
32957501261
1005001351381420
1005002637471601
1005003160501709
1005003205799681
1005001645880650
1005002988211300
1005003003706318
1005003257854743
1005001856691599
1005003379721270
1005002905695564
1005002696197651
1005003234006701
1005003120581948
1005001965232780
32891826968
32834708795
662911052
4001164192801
4001042091359
1005003280106964
32951038741
1005002571892123
32967260572
1005003385167768
1005003300025458
4000107119184
33044889807
1005002350416749
1005003114248046
1005002477694262
32755577720
1005002383096769
1005003315943615
1005002970903361
33002407263
1005003076445555
1005002034054124
4001364237947
1005002838627209
4000023479337
1005003207910947
4000317674509
1005003225193810
1005002884527349
1005003122551953
1005002355717871
32809334607
1005002014759193
4000561973929
1005002656171704
1005003345274508
1005003274468453
4000120821504
1005002997146253
1005001446921607
1005002598473140
1005002937796540
1005003197261050
1005002875884656
32722147829
1005003338017824
1005003065659530
1005002755891997
1005003341741757
1005002788908224
4001228678577
1005002193809324
1005003344383709
1005001829916388
1005003133868246
1005002327293233
1005003385961190
1005003142671071
1005003242254100
1005002903994988
32990299833
1005002529959238
32822837741
1005003298176547
1005002327237241
1005003197873738
1005003069822390
32865018177
1005002761455127
4001028007212
32868161331
4001027883281
4000089767124
1005001633287209
1005001321094402
1005002734259124
32850937504
4000398453764
1005003319915235
1005002310556153
1005003118568919
1005002604848994
4000693841785
1005003277882171
1005003052345877
1005001350630310
32894268410
1005002645859038
32951075587
1005003087864331
1005003128657346
1005003227598898
1005002924118316
1005001288042114
4000929753704
10000089288537
4001219050335
4000452445263
1005003193456055
32791157263
1005002537022498
33021874364
4000994644141
1005001941103139
1005003290798780
1005003341752042
4000240208195
32970295084
1005003030915286
1005003064980628
4001215434666
4000297585311
1005002313746672
1005002507108667
1005003210569215
4000708892830
4000820706257
1005003206046421
32988819285
1005003004681323
32849861758
32691416493
4000802056733
1005003233967210
4000971943022
1005003205016790
32919278365
1005002989209590
1005003223816514
1005002343727602
1005002466194114
1005003337780179
1005001313801646
1005002432399256
32886615569
4000042467895
1005003214377281
1005002759314889
1005002309553371
32471722357
4000969610093
1005002674768643
1005002570110364
1005003293522942
4001214356405
32807866350
4001061663689
32856909180
32856350842
32840262576
32970442413
1005002618183473
1005002425657903
1005002940148173
32545771180
4001218272895
4000674450900
4000025813991
1005002991345428
1005002330707822
32819819342
1005003386352203
32985571637
1005002240639832
1005002913124517
4000397540420
1005002713840887
1791090223
1005002606413311
4001231341944
1005002748331456
4000057278933
1005001419508248
1005001915688278
1005003382394733
1005002084794321
1005001309445359
1005003371679944
4000149311690
1005003233000570
1005002184940316
1005002609759644
1005002753424619
32698274381
1005001799175811
1005001446735161
1005003136021795
1005002303768979
1005002649945376
32954859426
1005003363937967
1005002109912711
1005003351049386
1005002623244408
4000506530228
4001296660893
4001219380262
1005003293385090
1005003372437412
1005002313812021
1005003337954538
4000732004295
1005002614445048
4001107418879
1005002959957343
1005001928477708
1005002570959250
1005002905819338
1005003166169991
32833028268
1005002352897265
1005003105335888
1005001438717047
4000987337124
1005002684931122
1005003299114825
4001038479975
1005003337927978
4000979421210
1005001602509439
1005003165274990
1005003209498062
1005003337642148
33003132327
1005002767686848
1005003302474279
1005002767991292
1005001345456595
1005003267134903
1005003252123389
1005002650394567
1005002912637826
32867374216
1005001320546746
1005002059625072
32810317561
1005003275400329
1005003291986984
1005002940555133
1005001942216386
1005002000153836
1005003327706659
1005003311693627
1005001894892655
4000091749063
33006641028
32613213599
1005002158674787
1005003207467820
4000329559309
1005002921644308
32950426677
1005002082241951
1005002854427202
1005001770478058
4000509298905
1005002435300665
4001158729308
1005003176706710
1005003215916593
4000124766753
4001339855295
1005002727483619
1005003065692893
1005003287799069
1005003291390180
1005003068349910
1005001451509274
1005003205490166
1005003330834862
4000162708490
1005003106782644
32864987329
1005003093885069
1005003139587938
4001234054947
32857033683
4000250200788
4000806310868
1005001868378509
1005002982080103
1005002710787761
1005001458295530
4000225294289
1005001788739385
4000453430610
10000343886946
1005002758869737
1005003331030350
4000945728844
1000004284069
1005001786246718
1005002973586944
4001332945144
1005001787161530
1005001373748107
1005001702157250
4001314868562
32608710786
1005001965519860
32919086009
4000114957720
1005003176423109
1005003196154812
1005002061059083
1005002674884756
32894398522
4000002863754
1005003213944580
1005002974874877
32826870779
32810676671
32350641664
1005002339710196
4000895067333
1005002408892396
1005002337445111
32981171687
1005003211576119
1005003210312271
1005003116949989
1005002526918235
1005002480920342
32946753941
1005002908935551
1005003155759987
32841884931
4000142180647
32921216360
1005002753252991
1005001506884850
1005003225978075
32855065917
4000959807183
1005003146408084
32753466281
32889314202
1005002965869082
32885857543
1005001631200508
4000975083148
1005003083472132
1005002591058811
1005002876289649
1005002133587847
33042233211
1005003362210660
10000344958766
1005003030300026
1005002823122957
1005002897743443
1005003134024396
1005002311783786
1005003197941140
1005003016874880
32866566873
1005002367455589
4000956141625
1005003380510943
4000954217014
1005001599981133
4000270324965
1005003159734581
4000031953209
32998734759
1005001917233425
1005003009166800
1005002171665855
1005002201655148
1005002918419576
1005002963537963
1005002002619662
1005002413347789
32813855005
1005001885025386
32974990029
1005003228185742
1005002228632104
1005003324715295
1005002842032867
4000397064818
1005002281007792
4000484657051
1005001441240965
1005002577978057
4000147111277
32948944939
1005002702978145
10000304785167
1005001515298901
32793653769
1005001714127314
33040254638
4001358891238
4001151452796
32961754376
1005003348341515
1005002538937410
1005002756279191
32943845286
1005001874470349
1005002371654726
1005002000355097
1005001952403263
4000747231601
4000329388764
4001208528176
1005002552681039
32884096935
1005002257991506
1005002885476808
4001066242648
1005001953939515
1804390187
1005002938901090
32416233139
1005001777013977
32887947982
1005003003986946
1005002043291086
1005002914313140
1005002809436724
32994776964
1005001779696756
1005003047555938
32888244306
1005002851969233
4000245249484
1005003339622547
1005003268183811
1005003014229447
1005002748080949
32802281452
4001045967311
1005001511744545
32964206840
1005001628407109
1005002389956332
1005003369723712
1005002133996049
1005002577460911
4000040332177
4000269693702
4001231591993
1005002722025605
1005002033147511
1005003071259287
4001036577334
4000119091435
1005003208880202
1005003108260729
1005003381270658
1005002953025344
1005003327743984
1005001713438979
1005003217104740
1005003155968370
1005002370563242
1005002872924836
4000696597189
4000503064942
1005002996189978
1005002217982393
1005002861678287
1005003021856503
32834859782
1005003026453250
33058344266
1005001967928459
4001229007524
1005002550931806
1005002518305279
1005002549694074
32975931142
1005003239263076
1005002566812969
33033868994
32593580294
32958174019
1005003353335499
1005003077636949
4000314952410
1005003324220331
1005003112635653
2046298867
32974947319
1005001452811099
1005002181521021
32914041120
4000291761419
32933302573
32808715750
1005001768384551
33011360217
1005003135322300
1005003391273392
1005002870232873
1005001525699132
1005001692674721
1005001894537423
32811620899
1005002707455728
1005002667864981
1005003032300381
1005003188453232
1005002836589659
1005002651004622
1005002079866261
1005003192212782
4001178331950
1005003356784949
1005003191864936
4000277883418
1005003139696390
4000796561621
1005001320356584
1005003262436353
4000147485027
32709751437
1005003224977557
1005002288450185
4000061697068
4001085222946
1005002782844386
1005001590182795
1005001408645085
4000731169200
4001214360032
1005003257984592
1005003285077120
32816124124
32359929429
1005003204593897
1005003111248893
1005003383829453
32898249392
1005002989868694
4001279345437
1005002997411833
4001172768400
1005003096887389
1005002919836573
4000891086623
1005003337680993
4000483725735
1005002219294486
1005003095753263
4000072615312
1005002624369011
1005003065969709
1005001441450522
1005002298840698
1005003351908746
1005002387586795
1005002324079663
4000704867029
1005002969677944
1005002535232933
1005001867384301
4000180570464
1005001604785238
1005003343383624
1005003306332541
1005003262399589
32917829694
1005003032908080
32795950775
1005002922331190
1005002878699526
33003723035
32888174448
1005003347482308
1005002762515622
1005003183629868
1005002899610396
1005001778756844
10000402335676
4000385483088
4000427171502
1005002458756464
1005003087377755
32847428075
1005002065522514
1005003173634558
1005002566936364
32785956289
1005003083874136
1005003346433809
1005003020223915
1005002199506080
1005002368578088
1005002329523479
4000926444197
1005001912831185
32997454447
1005003211108295
1005002757636598
4000631118084
32306904507
4000409040547
1005002735716986
1005003077235251
1005003181705829
1005003278640955
1005003180773534
1005003325390742
1005003195967745
1005003188553043
1005003024924928
4001229296582
1005001596541778
4000637967073
1005002296796774
1005001315391291
1005003376657390
10000400070077
1005002607737392
1005003008060365
1005003238349573
1005002869177142
1005003087339823
1005002833089513
1005003166807261
1005003333700595
1005003103275811
32931525027
1005003093296491
1005002438066704
1005003338663272
4001248232269
1005002602035209
1005002080807425
1005002650822738
1005002863508066
1005001593213522
4000001295755
1005003270583146
1005002275247984
1005002959928276
1005003080124835
1005001967615748
1005002005941481
32922919980
1005002396602378
1005003056882449
33039926409
1005002291214172
32948801752
1005003213181930
1005002457881092
4000124252329
1005003162166557
32882087520
1005001666121363
33060422053
1005003031641884
1005003095257407
1005003360081572
4000510636363
32990226727
1005003023043515
32924230174
1005003379683960
1005002037719007
1005002062105783
1005001890451326
1005003104752694
1005002698386379
1005003012777502
32977927200
4001157823077
1005002826019438
1005001851051135
1005002375722555
1005003276609261
1005003393652304
1005003090264786
4000202456255
4000358102961
1005002566218934
1005001968510265
32807430036
32776715163
32971093656
1005003040199318
1005002177184419
1005003154524192
1005002931848742
1005003073586833
1005003113691641
1005003015851167
33010463557
1005002377165290
32955772626
32919319821
1005002025248538
1005003281100253
32797208906
32917019744
1005002436022877
1005003286640825
32880915396
1005002287277072
1005003066778678
1005001363827436
1005003236779597
1005002171085571
1005002655786959
4000523556956
32252904007
1005003050863512
2031837285
4001223683796
1005002570045348
1005003288043726
1005003127641788
32862063288
1005003049248580
1005002412881347
1005003018001193
1005001907762891
32824700943
1005002568658481
1005003362608662
1005003276712363
1005002996227637
4000433439418
1005003338906944
4000632843102
1005003038597803
1005001463430768
1005002577758799
32921163029
1005002632732804
4001197212626
1005002055632945
1005003138712087
4000688807398
1005003092273319
32975645734
1005001538417797
4000126374003
1005002389642199
1005003118693978
4000601309632
4000055178952
1005002033759010
1005003208242116
1005003053799310
1005003108473394
4000492830745
1005002320992929
1005003134239471
1005003134534832
1005002907805864
1005002688019432
1005002822980591
4000282652966
1005001303151461
1005003220296915
1005002838535104
1005003303272236
1005003252140482
1005003058831231
1005001637570110
1005002863942765
4000076954083
1005002010785358
4000317486754
32999746609
1005003122842281
1005003381599637
1005001670790773
4001282572952
1005003052711086
1005002534757208
1005003344191784
1005003389474668
32555147223
1005001709774203
1005002431339413
1005003283713874
1005002293197007
1005003391344857
32948097308
1005002969960011
32698889997
1005003186828351
32896698866
1005003370666987
1005002007312008
1005002119102053
1005003069893639
32409211183
1005003027988016
32958860873
1005003297804490
1005003219297545
32816455090
1005003311184256
1005001280513769
32996335367
1005003037727562
1005002812947417
1005002630561724
1005002672372333
4001039183391
1005003207483264
32865638342
4001159840271
4001152535320
4000689008064
1005003092458525
1005003174939835
1005001320489488
1005002711862022
1005001419593056
4000668145770
4001038373110
1005003009816652
1005002028821699
4000574137819
4000295876569
1005002688473294
1005003262821704
32799904245
1005002539179914
1005002656615136
1005001927483854
1005003265186311
1005002378221479
1005002241357302
1005003384982631
1005002355466844
1005001603166132
1005001894958353
4000626085155
33024652382
1005002540546566
32836432902
1005001918973024
4001042798169
1005002996108614
1005002340854836
1005003320644377
4000210009930
1005002302388158
1005003314243143
32857498151
1005003031942383
1005001604658250
1005003276980197
1005002857847016
1005002431450554
1005002765458061
32742676288
1005001495811860
1005003008045395
1005003381501215
1005003058912410
1005002297159828
32260084630
1005003219803986
1005002248280977
1005001627515414
32826606834
1005002517211325
4001332644105
1005003260287473
1005002679066491
1005003197227747
1005003287997062
1005003099981227
1005002961829664
1005003252385091
1005002775966459
1005002344333509
1005003384289017
1005002344920856
1005003298380882
32972317627
1005003211479375
1005001692893799
1005002255498366
4000256107895
1005002196391436
4000187487610
1005002939974856
656293572
32927738558
1005002829733603
4001237830887
32646049635
4001034418903
1005003188176148
1005002930343047
1005003207451621
1005002134697823
4000851008500
32961753401
4000912247472
1005002079125280
4001215538841
1005003263624951
32631896704
1005003075107900
32999275457
1005002278833293
1005002812712038
1005002731810872
1005002876219702
1005002321977909
1005003235679581
1005003002363661
1005002386755389
1005001872067698
1005001561071733
32766471910
1005002776085543
1005002602506900
32868340743
32950539972
1005003196914989
1005003122616575
4000557387767
1005003290944174
1005003085466243
1005003222545277
1005002919437946
4000902928972
1005003075651416
1005002730764242
1005002601200754
1005002601257741
32901253642
1005002084813968
32891000106
1005002337873498
4000296216431
1005003323067615
1005002174702859
4000763742147
1005003324605174
4001223677685
1005002316245518
1005003101284043
33046081729
32990331235
1005003318057214
1005003280962727
4000023344343
32868290569
4001216316793
1005001602641322
1779148035
32837244085
1005002698371885
32989566652
32932412901
1005002835755857
32977530305
4000522586337
1005002895079777
4000960934079
32890401965
1005002276369611
1005001909628028
1005003303513254
1005003168149099
1005003311886429
32973810583
1005002796192674
1005002498550030
1005001566915814
32966343794
4000306296547
32847890964
33003857408
1005002122445278
1005002527831624
1005002702258735
1005003176542500
1005003386680899
1005001441451592
1005003184486331
1005003251484845
1005002108789595
1005003251068604
1005003325614873
4000002526105
1005002996175305
1005002592766381
4000314441048
4001127641678
1005003344140106
1005002616262372
1005001477986351
1005002402837089
1005003352725534
1005003256734204
1005002973817598
1005002218558176
1005001936875797
1005003051131286
1005003271061364
1005003139620725
33006293025
1005002837334500
1005002441613085
4000053937321
1005002288492992
4001293927626