1005002450437495
1005002926761698
4001101792564
4000120128638
1005001282420039
1005002938041372
4001270834487
4000186434801
1005003119657461
1005002025677510
1005002596717902
1005003172128168
1005003019251813
1005001384296001
1005002700713684
4001045704326
1005001994744359
1005003285062301
1005002970994635
1005002245159845
1005003177467421
1005002457821417
1005003267446448
1005003387753682
1005003375696189
1005001374830529
4000149542619
32814441642
32823338802
1005001571969622
32861678345
10000374297999
32958362655
1005002381206689
1005001302623947
33001637046
32748373163
1005002819789673
4000558856042
1005003096280922
1005003381631388
1005003308659819
1005003085749438
32838965979
1005001783159359
1005002339917236
1005002431417218
1005001288680726
1005003236596917
33012084483
1005001282420828
1005003110016935
32966522638
1005003099914826
1005001441486239
4001328876845
1005003087289491
1005003129653750
1005002363124313
4000804691874
1005002541882529
32987304675
4000823513494
1005002518627741
1005002887258399
1005003335997557
1005003010472218
1005002828167589
1005003221754109
1005003202986626
1005001511370322
1005003340903355
1005002830879674
1005002113078075
1005003090746815
1005001356634309
1005003376461598
1005003281881503
1005002952654642
1005002731637471
1005002138875874
4000242032014
1005003345399576
1005003242404647
1005001845012389
1005002480747393
1005002831500562
1005002270226925
1005002766701922
32617832241
1005003166470544
1005003087788440
10000395949206
4001106712150
1005003112122472
1005003298157074
1005003172151747
1005001947921409
1005003164920750
1005002133342660
1005003068325872
1005002376401138
32899325351
1005003154528879
32844029366
32834522319
1005002376363155
32863615900
1005003219598896
1005003338989156
1005001703887289
1005003026119750
1005002675273250
1005003128859257
32951166923
1005002453428573
4001360253624
1005003311698423
1005003331002715
1005002536110782
1005002916876927
1005002925548530
1005003127431698
1005002076172547
32764283234
1005002790508603
1005002701198831
1005002748677840
1005002288957887
1005001858478506
32762545962
1005002642708029
4001044988645
1005003391524037
33001002650
1005003379994642
1005001976627225
1005002755666667
1005001416932596
1005003190831829
1005003310237423
1005003335071819
1005001793045435
1005003341455364
1690293583
1005002788183410
1005002937516284
32718756854
4001282421103
33019903778
1005002991690118
1005001280166414
1005002883537613
32855988339
1005003298008869
1005002894637533
1005001362555038
4001281879188
1005002121005833
1005003341842348
1005003184414680
32991589359
2034272752
4001070796422
1005002253189817
1005003211169708
1005003356662676
1005001897044631
1005003297428760
1005003040475779
1005003021570610
4000865505075
1005003130953359
1005002945570711
1005001525779582
1005002574741557
1005001705163184
1005003265332452
1005002392927484
4001126455424
1005003010040563
1005002885981131
1005003063833854
1005002858843607
1005002265782043
1005003287234302
4001033074042
1005003303070773
4001273309262
1005002776197893
1005003294291876
1005002394239739
1005001878762500
1005002566787130
1005003242734686
1005002172049264
1005003395521172
1005003295459001
1005002695716629
32888621233
1005002856066463
1005002489694915
1005003097528143
1005003211386082
1005002243857792
1005002083746512
1005003307169832
1005003135973822
1005001429579472
32785608907
32955360763
1005003206770785
1005003032101159
1005003122322844
1005003337300892
1005001769485508
1005003363842709
1005002745727835
33004008665
1005002518853139
32957996054
1005001492661776
33059345314
1005003092331213
1005002729556934
1005002182402113
4000792499013
1005003127496034
1005001882481275
1005001957331771
1005001670523516
1005001640429390
32933514085
1005003216974891
1005001806190158
1005002966557432
1005001909730170
1005002856843474
1005002876112240
1005003101516308
1005002864781564
1005002073981405
1005002770896264
1005001855213246
1005002964703920
32946504415
32855722966
1005002039642845
1005003256660326
1005003197783061
33004431110
1005002625617824
32833444090
1005002409515837
4000693232504
1005003324746572
32287954727
1005003050888778
1005003016186636
32882774128
1005002014421718
1005001816509910
1005002985967855
4001247683237
1005002605227326
1005003014655671
1005001750335894
32968332510
1005003110607062
32977422889
1005002973596781
1005003131722389
32695706437
1005003247703877
4000965424453
1005001645802043
32986725917
1005003278153970
1005002813981167
1005002315343732
1005003381571802
1005003120126006
1005001525447382
10000282249807
4000907373744
1005002122363538
1005003356479784
1005003333348325
1005002900435723
1005002277442711
1005002361885867
4000344607041
33010027538
1005002346262198
33044736479
1005003349376662
1005002399927905
32917014986
4000626590001
1005001678019464
1005003326339463
1005002377593996
1005003339843309
1005002752723703
1005002436927880
1005002658079129
1005002789504715
1005002908953772
1005001729354761
1005001506265172
1005003149805131
1005001648263174
1005002797033880
1005003356568184
1005002674880246
1005002788843158
1005002292483217
1005003227185655
1005002587825001
4000874656747
32911229959
4001111749181
1005002686476458
1005003103500975
32860066826
32859736808
1005002295441160
32530423470
1005002619925762
1005003040403445
1005002739384935
1005002608142524
1005003074000735
1005003335971494
10000002728898
1005002869896619
1005001290234295
1005003225973549
1005002227775928
1005003121928558
1005003357433560
1005002272049993
1005001804895780
1005003394563214
1005001364447337
1005003284580769
1005002011713519
32955209467
1005003186913740
1005002918723122
1005002935758626
32861291006
4000918506401
4000543088963
1005002817167421
1005003301694659
1005001682442867
1005002966647025
33036288001
4000208048694
1005002457302212
1005003133848754
1005002052087755
1005003298610528
1005003373851651
1005002754467854
1005002996974554
1005003191958090
4000529101671
1005003232341401
1005002568269690
4001360705909
4001230516603
1005002995749885
1005003370523557
1005002727413829
1005003360235760
32716198735
1005003001650996
32516629220
1005002559696475
1005003226942671
1005002595548055
1005002612276469
1005002136964300
1005003031118797
1005001992852741
4000554264045
1005002584112149
1005001967467649
32870400516
1005002321890307
4000111431020
1005002910350896
1005002069518097
1005003288198400
32834891372
1005002768570741
1005002889097082
1005002778305487
1005002259625010
1005003179425996
1005003130217777
1005002354056685
1005002394502310
1005002622356682
1005002831523790
1005002756861176
1005002737373587
1005002409883581
32947439215
1005002342890510
1005002983159675
4001268118544
32969336278
1005003365291669
4001317062230
33031003851
1005003309692998
1005003107238205
4001053236034
1005001424448833
4001294520143
1005002897891724
1005002275308767
1005002958652766
1005003385544843
1005002261939890
4000206833548
32837270920
1005003226977674
10000344982775
32813969558
1005002314402580
1005003286272425
1005002938317176
4000752422575
32845763183
1005003264052846
1005003191156511
1005002193978480
1005003019514107
4000828069821
32887592530
1005003263172840
1005002707591695
1005003133905418
1005003044058481
32990213709
1005002743995398
32817800944
1005002353239357
1005002850186249
1005002625336713
1005002752843135
1005002536057280
1005002511588163
32886872428
1005002685686482
1005002965625599
1005003205373575
1005002446927384
1005002322035615
1005003319543843
10000275018002
1005002259345860
1005001934340298
1005002454324643
4000077013493
1005003198263120
1005002599574013
1005001882162822
1005002633384723
1005003092893133
1005002698289482
33021837818
1005002057045479
1005003374442104
1005002577163801
1005003280390458
4000738333087
32851403364
1005002268707208
1005001501884241
1005002505937172
1005003002618949
4000099644437
1005003380115075
1005003239527486
1005001382176860
1005002271769651
1005002311630077
1005003365345593
747579131
1005001597556304
1005003365568272
1005003219379749
4001173794734
1005002657081761
1005002906004490
1005003202933179
1005003021309480
1005003261880744
1005003272555668
1005002709325216
1005002718961548
1005002329103636
1005001933761710
1005002582676441
1005002544591858
1005003123649508
1005002488556975
10000283846496
1005001805556684
1005002688839184
33006755015
1005002281559745
1005003186966651
1005003334077722
1005003387717306
1005001572293646
32572552494
1005001985061250
1005001645466042
32587982154
1005003226415492
1005001589110279
1005002960462723
10000329535213
4000069601148
1005002193913461
4001209216344
32350696639
1005003213800687
1005002908376788
1005002018663665
1005002453290402
4000204218573
32829998365
1005002217842296
1005001879072784
1005003161773097
1005003289093459
1005002588350296
1005003374808374
1005003326663609
1005002953009003
1005002683835466
1005003299656199
4000553497933
1005001408598559
1005001506037929
1005002679038978
1005001441789471
1005003183531158
1005003328959476
4000941315772
1005001836069096
1005003036589683
1005003294802607
4000206767917
1005002628791431
1005003175992009
4000100358997
1005003343058520
1005002876025029
1005001807108707
1005003335842271
1005003222544757
1005003157433345
1005003253118892
1005001732950531
1005003156857080
32699688169
32951949434
1005001970216487
1005002695892577
1005003305779353
1005002581176539
1005002688801300
374928229
10000060612279
32969239283
1005002690096273
1005003336391903
1005003280375941
1005002747062981
4001133096051
32975829310
4000879872229
1005002878341919
1005002869113491
32948750033
32718519162
32944309016
4000595186446
1005001784873760
1005003257535143
1005003116205829
4000503556920
1005002733097625
1005002870497585
1005003001168647
1005001272996049
1005002618495837
1005001429396239
1005002866900033
1005001393917529
32814670939
4000693831953
1005003387555841
4001162403201
1005003087070120
1005003363059431
4000983417567
1005001813325801
1005003330921792
1005001862565739
32722201016
1005001577422517
32948159103
4000889816963
4001206383290
33006589715
32891194706
1005002669330575
4001078089366
4000899084017
4000276744199
1005003198716900
1005003387309950
32267408773
1005002661830475
1005003120050441
4000406629593
1005002973906212
1005003176073184
1005001333586073
1005003324697613
32848414717
32810082918
32765184585
33049906098
1005001774720660
1005002032455739
1005003303430034
10000289021238
1005003013248257
1005002992726880
1005003050937352
1005003343517310
4000945505942
1005003375130421
1005003204341823
32975932051
1005003318967401
1005002915447822
1005003152448855
32891272610
1005002841485350
1005002623934474
4000303748868
1005003282881009
1005003304063500
32824004971
4000511752011
33059723045
1005003082162844
1005002327205398
4001222749997
1005002841444784
1005002498439590
32810196307
1005002611475048
4000442502310
1005001567653426
32942053094
1005002854298229
32501195637
4000474009389
1005002357484136
1005002683830742
1005001278500234
1005003125300147
32967304836
1005003112284551
1005001921712047
1005002390856745
1005003268193553
1005003252579956
1005003264645957
32815625672
1005003304666682
1005003050888778
1005001923701953
33047689763
1005003150272373
10000192371511
10000177547067
10000002719972
1005002300703394
1005002089631637
4001163466628
1005003136024290
1005003257905279
1005003114252076
1005003213888832
32962116601
33002944714
1005002331604804
1005003000414945
4001255832912
1005002352671468
4001010734047
4000383548704
1005001933248840
32885689389
1005003353219211
1005002842149955
1005001666415562
32844818370
4001273009301
4000194269688
1005002958629236
1005002255214570
1005002233681774
1005003070158725
1005001882768045
1005002949195727
1005001544497296
1005003128085894
1005002623493081
1005003252832609
32667011520
1005002589237491
1005002617122575
1005002048593797
1005002711332906
1005003314252153
32882504655
4000763774460
1005002435601153
1005003364018522
1005003334233209
1005002394497779
1000005447561
1005002199317441
4000636259450
1005001970201714
33033838814
1005003312659305
32790559648
1005003294111227
33031509332
32570995087
1005003370418347
1005003013762014
1005002818737849
1005001709103313
32841584073
1005003165452407
1005002568162944
1005002440606367
32568901395
1005003334103031
1966951103
4000767957582
1005002598762391
1005002011700590
1005002614020402
1005003308087111
1005001907794994
32351152179
32948481066
1005001571750053
32985443071
1005002858373750
4000021816407
1005001736392427
1005001334013387
32804919375
1005002795667421
1005002820477848
1005001769584016
4000977179234
1005002941074346
1005003107665349
1005002074202956
1005001953939515
1005002905667541
1005002734979545
32998878409
1005003342024979
1005002925660186
1005001493032338
1000001519510
1005001859968696
1005001605587851
4001123153023
1005003100567446
32962954973
1005003151629156
1005003336816203
1005001802995915
1005001869928989
32950880924
1005001863743312
1005003356179167
32916646399
32837199101
32867976906
1005003204279232
4000583747660
1005002870711840
4000080457211
1005002022558464
1005003002110687
33059634646
1005003281350682
1005003392871111
1005003251962998
1005002249527604
1005001913373050
33000171357
10000344122068
32855316230
4000602926682
1005002109800814
1005003299959546
1005003019444295
1005002398183556
1005002802010794
1005002828870747
1005003330798404
4000843382617
4000056073913
4000125196506
1005003029760926
1005002871795796
32528594086
32973790840
1005002423978229
1005003135555441
1005003292408338
4001162919664
1005003025907780
1005003129246736
32459491366
4000582684387
1005003019483051
1005002960073305
1005003256769029
1005003262398345
1005001391899722
1005002676746128
1005003115396035
1005003345385214
1005002863031323
1005002630098570
1005002603881343
32893932446
32443908344
4001131921114
1005001947628928
32911621360
32819313984
33033166152
1005002814486681
32868886874
1005003134846509
1005002136946118
1005002319555490
1005003238018890
4000971892773
1005003336728405
1005002047220821
1005003135762711
1005002818640992
1005003196727493
1005003183233870
1005002753519647
32804620495
1005002663498986
32950554566
1005002605224058
1005003129679927
32979760671
33013887755
4001071879888
4000127325538
1005002951968694
1005001877287654
4000277308961
1005003212903386
1005003211673506
4000478812930
32797599194
1005003350624250
1005002402235178
1005002288425089
1005001385897962
1005002613985520
32812523059
1005001599805916
4001093100709
833504658
33054302427
1005001888265441
1005002129586517
10000004165780
33003907939
1005003345542428
33017442288
32759787465
1005002921229344
4001134372843
1005002441012439
1005002355396510
1005002698175149
1005003229122640
4001072013159
1005001567247728
1005003361193764
1005003308117678
32878472686
4000828839374
1005003390362496
32956204369
32805725561
1005002347709161
1005001506929601
1005001802754871
32838280595
1005003306050093
1005003335123179
1005003080179095
1005001319765747
4001245641705
1005003050914241
1005001975409974
1005003083914473
1005001586362765
1005003211674786
1005002575977593
32858121453
1005003150124766
1005003005398049
1005002537675809
1005002662513013
4000028907673
1005002265174245
1005002879291762
1005003114644881
4001355102892
1005001868666402
1005003108487230
1005003208829820
1005003186014557
32991495957
1005002557951589
1005002632176581
1005003019587381
1005003147756856
1005002726383461
1005001605979962
1005002884930259
4001025439817
1005002989503360
1005002694923665
1005003074984379
1005002495627771
1005003243594352
32870158827
32943839040
1005003167018905
1005002598387448
1005003221663090
4001257862588
1005003330663904
32919638541
4000052022227
4000095792717
32720774595
10000411445762
1005003385855989
1005003084091410
32799898221
1005002775422300
1005003317492624
1005002282722733
1005002277475184
1005003261022926
1005002524462919
1005002053918931
32975045912
1005002329099696
1005002919608572
1005002447697374
1005001475087475
1005003369911854
1005003337007308
1005003330764721
32880180738
1005002558220943
10000343882913
1005003362210267
1005001548102396
1005002663309680
1005002490233367
4000366978922
1005003183815865
32957232245
1005002264651417
1005003140621278
1005002851027764
4000745256585
1005003030744395
1005002939662870
1005002199389368
1005003366006956
1005001824399938
1005003001157374
4000931238965
1005001664378837
4000278453594
4000626099260
33044887456
1005002645114979
32820475914
1005003269935588
1005002831817092
4000039725059
1005002467468730
1005001425473618
1005003198965854
1005002984879158
1005002563559257
1005002862821640
1005003317482188
32821515703
4000344391268
1005002796099695
1005002747195687
1005003096706267
1005003080107369
4001005149847
1005002610710835
32409354334
1005002763535164
1005003353139643
1005003273839649
1005001838516672
1005001990791479
1005003330199070
1005002055647417
32842786843
4000968117081
1005003372127242
1005002282976600
32870233189
1005001399054172
1005003294551048
1005002488624739
32904915035
1005001659256349
1005003296910291
32942006942
1005002425531371
1005003041641809
32996032900
32830103872
1005003392516412
1005003084972674
1005002392733971
1005002133867489
32963660015
10000084162432
1005002930838641
1005001552260012
1005001406142677
32976071748
32956339430
4001227235199
4000166287406
1005003309099848
1005002591159114
1005002905506064
1005001502449633
1005003275862558
1005002309672706
32988819244
1005002827037329
1005003102346651
1005001764100700
1005002702207216
1005002826857161
1005003121596772
1005003124007111
1005001702811080
1005003212008490
32393950483
1005003102274140
1005003296444554
1005003245588660
33046782042
1005002382175907
1005002296532239
4001310520115
32959321156
32964844297
1005003186272727
1005002748288021
4001012655160
1005001947367974
1005001736747385
1005002242704129
1005003002675131
1005002398033511
1005001281814725
4001235356545
4001166266220
1005001699376334
4000957625711
1005003349005285
1005003338848809
1005002697685555
1005002751881087
1005003386381021
1005003345408613
1005003159746605
1005002024056707
1005003352719990
1005002902335614
1005002584178953
1005003310967715
1005001549036297
33046534795
1005002839592918
1005002359262174
1005001861871845
32962877629
1005002648275013
1005002849649231
1005001327868961
1005002979748244
1005003115175377
1005001386143196
33053187736
4000186578918
1005001329298468
1005003037153287
1005003009786851
1005003388464400
4000709599554
1005002536303667
1005001356347824
1005002875524032
1005003336170573
1005003183257346
1005002868451593
1005003021828937
1005003085079499
1005003025756185
32655012010
1005002876351971
1005003113171051
1005001491392507
1005003149215278
1005002014756413
33009489856
1005002211000020
4001201638106
1005001439066864
1005003250297150
4000178232004
1005001991955775
1005001439165149
4000955605427
1005002722270714
1005002593065429
1005002021855654
1005002398206425
1005003303556025
1005002679851982
32819701805
1005003125610282
1005003113292595
1005001838152375
1005001859006959
1005003210380689
32970161214
1005002979828668
1005003259514663
1005003299073950
1005003273705337
1005002879332201
1005002960149503
1005002687413736
1005002287615670
1005002954130834
32997694589
1005001585954320
1005002809758623
1005002872681020
1005001879751519
32807763882
4001200113458
1005003357301294
1005001302327576
32954710132
4000436790801
1005003167869507
4001084755036
1005003263717039
4001075583136
1005003163400151
1005003219629670
1005001645666950
4001352481425
4000250369249
1005002307065895
1005001590779577
1005002545957132
4000556630333
32898724130
1005003165813762
1005002948229264
33057491628
1005001482948644
33002166493
1005003271200036
1005002417255111
32961023630
1005002553570789
1005003317634499
32989341034
1005002564534383
4000034155980
1005001317101025
1005003094269367
4000368518097
1005002894854442
1005002008400913
1005003313762688
1005002616670736
1005002534496428
1005003371662638
1005003138776167
4000927344746
1005002394077951
1005002783737934
1005002835392400
1005002405546188
1005003156234804
33007529584
33032969144
1005003384992559
1005001621828205
1005003238426465
32916001737
32905989608
1005003083915508
1005002383061202
32962956054
1005002327348435
33051115153
1005002372854303
32996316274
1005003204346538
32978993892
1005002948371284
1005003024743076
1005002763576488
1005003197314043
4001076856627
1005002234204232
1005002566925975
1005003266048064
1005002945456274
4001127690388
1005001730946301
1005001780408755
1005003157016330
1005003117519916
1005001577452824
4001163440089
4000155336146
1005001560850616
1005002563803948
1005002630115934
1005002982601131
1005002522689794
1005002115386549
32956038329
1005003236298595
1005003238497118
1005002824440355
1005002864593899
1005003212008490
1005002409508685
32773869302
1005003171533813
1005003058323085
4000109565876
4001217718841
1005002906162576
32881089560
1005002865890963
1005002717880165
1005002689844005
32897312125
1005003144341980
1005002444980866
32952156391
1005001934645483
4000916612909
1005002723649287
1005003197290703
1005002862422698
1005002359150369
10000033023014
1005002348859226
1005001622348765
32791955219
1005002193828859
1005003314633462
1005002708795883
1005003191996270
1005002851407338
1005002683063790
1005003021433261
1005003093504116
1005003064622875
1005001621948713
33049940705
4001122311718
1005002394506228
1005003014747338
1005001536887107
1005002997542711
32990572060
32974066282
1005003160758891
1005001901665327
1005003059375180
1005002613280541
1005003243882758
1005002760560553
1005002351269880
1005003387492911
4000410490163
32975700498
1005003146331525
4000299043644
1005003010635457
1005001608220969
1005003374048155
4000982795975
1005001441288925
33058136273
32970910736
32961096243
1005003386298403
1005002089490718
1005003343213705
1005002549614475
32878357105
4000448483207
1005002637661944
1005003175475305
1005002600196345
1005002742043851
1005002986109278
1005002935060882
1005003202252367
1005002293508606
1005002653312299
1005001551843904
4000589551865
1005001472305619
32852545640
4001118696879
1005001666955796
32836672119
1005003305407719
1005001332817614
4001122034832
1005002232821916
1005003205558274
1005003065040205
32793962316
1005002369626043
1005001914710923
32919182742
1005002693613572
1005002777509891
32854827471
4001275636298
1005003276787881
1005002930738122
1005003309953030
1005002137140358
1005002941282110
1005002055010600
1005003168829678
32598405689
32966829833
1005002849388826
1005001446451557
1005003293941528
1005003286516997
32655374961
1005003101350574
1005003227479456
1005002164177809
1005002862649580
32591011316
1005003151287503
4000931915587
32966148187
1005003337169077
1005002303985632
1005003282052467
1005002288980580
1005003303185267
1005002815052101
1005001334297961
4001340143582
32989890417
1005002838123992
4001241211785
1005003346511957
1005002861818237
1005003245901063
1005001907837455
1005002282129711
1005002347818960
1005001334854120
1005002827076244
1005001906835840
1005001694323233
1005003181880056
1005002481191111
1005003143574938
4001077480093
32958352367
1005002959273915
1005002660653722
1005003036243320
33016227227
4000708898577
1005003001650996
1005001967687192
1005001359464993
1005003293398580
4001217547296
1005003392099785
1005002647223627
4000589581617
1005002967092597
4000703339918
1005001849124761
1005002704488293
1005003207258469
4000002474962
32849891590
1005003081435628
1005002664794159
32837311532
1005003032013249
32910507478
1005002860990156
1005001588708476
32808029014
1005002612018270
1005001381584169
1005003281441267
1005001846333541
1005003305595170
4000286715553
1005003013776885
1005003264137707
1005003308554977
1005002399053009
1005002851950873
4000339937170
1005002760464277
1005001853420828
4000552017787
1005003344820895
1005003252576688
1005001867321497
4001200877599
1005001562487859
1005003101242812
1005001883597241
1005001973295728
32825487435
1005001525978680
1005003328848264
1005002534912674
1005003211681311
1005002584553176
1005002878140610
32843808641
1005002252256563
1005002970215442
32968543470
1005002570112090
1005002817063226
4000924828019
1005003125787988
4001233883307
4000406689800
1005003331211180
1005002097550548
1005002500489087
1005001854875125
1005003150448845
1005002126998020
1005003296402797
1005003228407769
1005001815533250
1005002907562089
1005002918884201
1005003258877908
32613747164
1005003217448079
1005003285217002
1005003044449701
4000860785664
1468336449
4000789991150
1005002352459430
1005001575438128
1005001359876931
1005002500473655
33022061672
1005003311476473
32803083451
1005003015690744
32803180488
4000088722921
32900035291
1005002841776067
4001050232828
1005003342407665
1005002027028649
1005002670779877
1005001470108964
1005002919989165
1005003193315515
10000351288164
1005003226663160
1005003201251480
4000438640050
32902114616
1005003385036367
1005003342681865
1005002705642931
1005002491402556
1005003248561621
1005001859378578
1005003333918011
1005002329483302
1005001479513708
1005003325385657
1005002932856947
1005003297298016
1005003109434336
32884765387
4000852667977
4001050347171
1005001669622413
1005003336536183
1005002959146018
4001138398037
1005002676239836
4000512669735
1005003335474703
1005002851235205
1005002835585232
32962092793
1005002759050077
32993959318
1005003311435069
1005003336658284
4000628691567
4001162614650
4001195861901
4001064313531
1005002990607201
1005002966465461
1005002489494244
32918139851
1005002120893588
1005002656854266
32848415434
1005002130769413
1005002650112850
1005002313658641
4000091931230
32993981969
1005003010651792
1005002968101127
32861612483
4000198666949
1005003361398652
4000427442352
1005003090329568
1005001812388435
1005002787432714
1005002564431232
1005002720810750
1005003130719136
1005002711079545
1005002912638687
1005002326460673
1005001604507327
1005001991058211
10000395835894
1005001393080254
1005001957719305
1005003122652574
1005003168730693
4001100286922
1005002624436507
4000495612003
1005003095789172
1005001640367109
32862053136
1005003273193450
1005002432997568
1005002379362000
1005002800990280
1005001839414443
4000685158571
1005003097126097
2030452565
1005001935915296
1005001418983859
4000106384086
1005003144871279
33017904471
32848124597
1005003078564528
1005001844869661
4000511169978
1005002344266204
1005003196822637
1005001840531701
1005002647264817
1005002711535430
1005003010360578
1005002558010088
4000977770981
1005003298137257
4000691400326
4000285945786
1005003068472875
32523955747
1005002363807186
1005003309992835
1005002480477524
1005002573390573
1005001594979993
1005003159704065
1005003224539859
1005003033902666
4000711843619
1005002441697145
1005002580471795
1005002914642077
1005003013256270
1005003006335926
1005001501803949
1005001643304146
32921756750
32643952203
1005002879415319
4000001959357
1005002342857673
1005002035069579
1005003309727698
1005003322398413
32972224270
1005002057952506
32833820893
1005001685976417
1005002965470396
1005001483296631
1005002766154730
4001280848180
1005002965961817
1005002619149956
1005002816211065
33057534054
32851297051
1005002647284323
4000125919020
1005001501357269
1005003261699828
1005003212115112
1005001970947770
1005002746980261
1005002356271920
1005003097373520
1005002976318935
1005003328146130
1005003168233728
1005001406577003
32792839090
4000394156311
32813821940
1005002890213170
32955107180
4000124023879
1005003309016853
1005002577691536
1005003365233017
1005002599093302
32987985835
1005003256710707
1005002995340650
1005003127405746
1005002990438338
1005002272885695
1005002122403666
1005003267472242
32844967626
1005002418176583
4000987148034
32983674003
32852406383
1005001710614231
4000770185428
4000323780914
1005003090425447
1005002629067916
1005002324071889
32806983837
1005003278791979
1005002751694277
1005003081597222
1005002702195988
32827523564
1005002217917827
1005001901638375
1005003151072856
1005003215310544
1005002978667679
1005002716815390
1005002405399626
1005001993492158
1005002253691824
32884532515
4001148082104
32809792502
1005002259699613
1005003374120848
1005002740830898
1005003355183960
32867777423
1005002946890360
32241239839
32975176551
1005003361921373
1005001561153894
1005001747484727
1005003309031071
1005003134199134
1005001633474070
1005002861430477
1005003089719658
1005003363621473
4001216664611
33051155142
1005003153221186
32933674504
1005001703018656
4001150953602
1005003020461758
1005002768467357
1005003083813832
1005002419688329
1005003228037352
1005002991953981
1005002842457471
1005003051074272
1005002663405152
1005002114830656
4001200838056
1005002829403148
1005003332802707
1005002945957262
1005001429962456
1005003345525560
1005002675315470
1005003112280556
1005002567485958
1005003372143156
1005003303267380
4000040878025
1005003316224889
4000160359724
1005002840710965
1005002109879591
1005002380655898
1005001525289739
1005003321646109
1005002245834430
1005003293371144
32992676654
1005003135465377
1005003102349153
1005002601054994
10000190194951
1005001506806537
4001140490675
32947961968
4000398315797
32806462562
1005002735453307
32896883766
1005001577274631
1005002760698959
1005002362751901
4001248889033
1005002117524510
1005003168059645
1005003233452144
32863667732
1005002484378242
1005003208378076
32828400727
1005001603417870
1005002101988996
4000388891285
1005002389252668
4000761275167
1005002028935967
4000610001751
1005003049648716
1005002365549061
1005003136504051
1005002834110809
1005002991150827
1005003364358147
32889718273
1005002345387826
1005001546055913
1005002582476836
1005001326249295
1005003240632397
1005003119359976
1005003332833826
1005003134164140
1005002828478447
1005002566421225
1005002398656327
4000827111508
4000970611799
1005001707982960
1005003281021089
4001153352814
1005002766322854
1005003337940542
32884973730
32948464882
4000219133574
1005002937839754
1005003107990479
1005002095472208
33008173058
32836565998
1005003308738800
1005003019415194
1005003288361701
1005001626189530
1005002358321487
32961412901
2045240996
1005002813391485
1005003017254539
1005003379965314
33036040567
1005002122285763
1005003243256303
1005002634852634
1005003019429926
1005001934700664
1005001520587341
4000931079366
1005002885930025
1005002275595973
1005002220463637
1005003385373037
32817014570
1005001441411824
1005002458097260
1005002869140638
1005002821211606
1005003048596806
1005003089650919
1005002770968810
1005003152580520
1005002663563166
1005003168836006
1005002192010204
1005002580612200
1005003335238183
1005003282823762
1005001573052826
32891018478
1005001483897786
1005001625126350
1005002898020924
1005001437662462
1005002749617177
1005002608343911
4000903600853
32849419935
1005003202508160
1005003049974971
1005003116583392
1005002632686625
32837242597
4000560902232
1005003067191459
1005003211617862
4001216771913
32369388058
1005002510442491
4000735126165
1005001432745232
1005002882884694
4000549527321
32620001131
1005003023339282
1005003264822858
1005003013998939
32974884661
32537576872
4001022454683
1005002457256726
1005003324861527
1005003103326246
1005001972694786
1005003157968203
1005002669386788
1005003111541177
4001358838508
1005002936388298
1005002906063381
1005002608835971
32854454094
4000817663472
1005002738216107
1005002485031512
1005002886322591
1005003385851823
1005001821215689
1005001985060275
1005001326903664
1005001789632412
1005002656834196
1005002321748997
1005003306649959
1005001994714770
1005003302896548
1005002913411538
32822912846
1005001622368484
1005002657075410
1005002366167110
4000850426232
1005003372149134
1005002943732289
33038153827
1005002362225973
1005003273730474
1005003296285753
32950705036
1005003235310122
1005002122418758
1005002191708565
4000334473896
32857378027
32947828332
1005003337718540
32831223719
33014140968
33011206992
4001130582437
32721238915
1005003178281859
1005003080994339
1005003247674310
4000493976381
1005003032944825