1005003081343066
1005003305645119
1005002364910780
1005003242245738
1005003382744320
4000174097123
4000775143188
1005001644320718
1005003083965953
1005002375793168
4000286992039
1005003235708052
10000343881383
1005002576867564
1005002549423998
32951292908
1005002317654272
1005003150448233
1005002921005768
1005003230777525
4000235771572
4000297260901
1005001268249134
1005003198716623
1005001667721855
32881393902
4000559444574
1005003328046555
1005002295277060
33013230386
32961049743
1005002863216326
1005002114894145
32904118100
4000816701271
1005002710264354
1005001687730663
32832378399
4000225996346
4001077210573
1005002886313074
1005002425717643
1005003385883867
1005003064794966
1005003262093821
1005003282173837
1005003369041632
1005003035271252
4000104224487
1005002264934920
32990180118
4001104187413
1005003257594053
1005002419002820
1005002629829561
1005002351904215
32951824310
1005002886413249
1005003282497870
1005002637784584
32878081789
4000278036712
4000317018052
1005001506259674
32869987822
1005003110033060
1005001667081128
1005002315693553
1005001602435408
1005001452764820
1005002834687665
1005003231988816
1005003284947256
1005002054930790
1005002905397816
4001211830556
1005002900366794
1005002422181142
1005003103150087
1005001833551735
4000260193494
32639635231
1005002361248225
1005003215223890
1005002801630798
1005003150664940
1005003060317941
1005003227967086
1064003374
32848240016
1005001880077642
1005002259812286
1005002198469690
4000467564377
1005002083900415
1005002315777894
4001057769858
4000144201830
1005002231918719
32973605922
1005003343959559
1005001725652643
4000341081765
1005002269306267
1005001888512894
32510626542
1005003374643390
32691558906
32840414494
1005001407914121
1005003293474044
1005001689173045
1005003290310109
1005002032246528
1005002350541532
4000433083949
1005002662064915
1005003106779197
1005003170248318
4000528910155
32858651306
1005002670752488
32963615610
32946361231
1005002851458362
1005001779991158
1005001446517372
1005002305972653
4001361608120
1005002964778137
32841846796
1005002871417104
1005001579746853
1005001376372996
32829577386
32817764367
1005003022239026
33035868763
33038083620
1005001926804417
1005003157385604
4000302395006
32816764594
1005002141450034
1005001926599541
32848553682
1005003371506516
1005003016918213
1005002619207956
1005002546375515
1005002449847060
1005003385541564
4000373136772
4000866343255
1005002287384194
1005002886310935
32879662809
1005001717544692
1005002802089047
32858931102
1005003146893044
32319561236
1005003045011988
1005002598630609
1005003310658547
1005002427773771
1005002895361230
1005002649106610
1005002475117204
4001220401044
1005003031972697
1005002911591132
32653728253
32809507902
1005002965941737
1005003033856085
32919763256
1005003124456709
1005002538759420
1005002142454987
1005003064369318
1005002687445307
1005002037337429
32916236335
1005003257035985
1005002927440472
32944481206
4000286154369
4000092935336
1005001585886439
32901069456
1005003286016940
1005002448752660
1005002767721349
1005003368281212
1005003281261176
32952738838
1005001594451763
1005001500483895
32843680737
32739906421
1005003294291617
1005002975141177
1005002897973293
1005002605021374
1005002384766911
32890305103
1005003259049949
32954832549
1005002389051446
1005002465323987
4001191708985
1005001922864052
2049552877
1005002551839365
10000088330512
1005002352436086
1005002055082427
1005001302065668
1005002142469493
4001095700327
1005001888899654
4001138373035
32792851622
1005003149983484
1005002611799760
4000926125269
1005002062038483
1005002761465510
1005001349206679
1005002906274758
32749727797
1005003114415894
1005001769069057
4001076234564
32635672644
1005002977006171
1005002413259128
1005002731620969
1005001406664151
1005002512017289
1005002895520740
32716293179
1005003182807800
1005002592218346
1005003031983524
4001192031942
1005003031253999
32960744031
4000262595060
1005002320868812
1005003092703640
1005002784687761
1005003380664328
1005003161880149
4000797108457
4001285198920
1005003042097935
1005002652805856
1005003120464224
10000343963804
1005003167501890
1005003355149466
1005001732284337
1005003208498369
1005002490538131
1005003309897737
1005003390384708
1005002467010019
10000069467919
1005002313506105
1005002795545658
1005002585084591
1005002791512889
1005003204899613
1005002959890652
1005002307144647
1005002516884315
1005002823590947
33014677173
1005003367718797
1005001350947213
1005002494333552
1005003031612973
1005001621111169
4000413860520
1005003052048278
1005003181974544
1005003109613777
32849222227
1005001894622669
1005001356441205
1005003245841261
1005002674281117
1005003252081928
1005003304080672
1005003006648495
1005001441324472
4001291809528
1005003379710135
1005001493744682
1005002175699694
4000780023341
1005003329390755
1005002783481097
1005002627085043
1005003082971707
4000176671535
1005002602659325
1005001411582891
1005002582681347
1005001368787173
1005003326125936
1005003025206451
4000308612896
33049936639
4001254867053
1005001420592445
1005003029763964
1005003020819937
4000599512372
1005003211893884
1005003061711153
1005002856944663
1005003057338892
4000182698129
1005002021750502
1005003170081439
33015831586
1005002775637277
1005003312762884
1005003300442663
1005002664807702
1005002412774812
4000239850874
1005001493713808
1005002394261081
10000343993478
4000110264958
4000986716388
33006169830
1005003335178212
4000585103360
1005003265616626
1005003338390322
1005001990442560
1005001325706953
1005002795065271
1005003118675645
1005002937370300
1005003263988466
32964129896
1005002447731376
1005002682691571
1005003202092690
1005001825831305
4001253391494
1005001967313058
1005002467030147
1005002836949986
1005003124874599
1005003205053214
1005002234195137
1005003223794002
1000008304347
32757248347
1005003222861636
1005002749864690
32939404194
1005003241311665
4001345953002
1005002669204771
1005003157935281
1005003198622851
4000400160598
1005002794954729
1005003124820780
1005003180819984
1000008416926
4001334812019
32740561416
4000300384352
1005003035334288
1005002956957436
1005003074911514
1005002562574689
1005002416622034
1005002263907866
1585339949
1005001597032378
1005003391244760
32907922934
1005002984090006
4001249610512
4000866445313
1005003265060023
4000504671797
1005002711629362
1005003056383413
33044227562
1005003290403065
1005003330188527
32804685882
1005002920495759
4000429798841
1005003255050889
4000808510037
33002675121
1005003310734562
1005002698539823
1005002317829700
1005002756150704
1005003150468616
4001003806295
1005003337090809
1005002949340766
1005002631265684
32890464048
1005003327252328
1005001912773005
1005001808473649
1005002959368416
4000299626904
1005002486895465
1005002647273487
1005002897817657
1005002953551466
1005003151967725
1005003295772590
32714336068
1005003149357750
1005001572923580
1005001762901318
1005002323371430
4000603207907
1005003361676935
1005001868750221
1005003276422680
1005003092019927
4000078066978
1005003312229610
1005002616205417
1005003119769695
1005003014337967
4000223178643
4001292845746
1005002611904020
1005001520709366
4001220503793
4000943172082
4001071341131
1005001590983190
4000165285247
1005003289827580
32972805854
4001359199771
1005003224196285
1005002666653614
1005002674396010
32512180838
1005002084829872
1005002603790282
1005003387939597
1005002549114044
1005003069412120
32727527848
1005003168512495
1775687700
4000364630049
4001147364908
1005002139021736
32841101035
1005002593061389
1005002995590764
32987454643
1005001670668251
1005003152342715
1005003355207188
1005001871260169
1005003173936129
1005001646040555
1005002821331073
1005003031557034
1005002083823809
1005003266735386
1005003186236135
1005001958763769
1005003290668784
32666810648
32899601465
33028182132
1005001471236023
1005003158632229
32994480032
1005002068402566
1005001552096319
1005002276042283
32983156459
4000774492128
1005003197663894
1005003201678977
1005002935218437
1005002495708798
1005003187646474
33028598871
1005001274542840
1005002620096543
1005003309652459
1005003372816317
1005003296769100
32890150808
1005003356819190
1005003297533309
1005001775314766
1005002963721927
1005002794788433
1005003128114376
4001183285514
1005001992242133
1005002846794458
1005002328094584
1005002616274462
1005003200662999
1005003343454075
1005002981572223
1005002656537159
1005001935271203
1005003159625946
1005002616163715
1005003196027040
1005002871868513
32889758093
1005002651278656
1005002345017952
1005002941715329
1005003312346441
1005002347923765
1005003067755978
1005003111428998
1005003304634695
1005002828798495
1005003134008921
1005002019937415
4001062214479
1005001320563393
1005002921508480
4001195316848
32917605357
1005003329202196
32837152322
1005003028436138
1005003078089941
1005002679569277
1005002623077267
32283798919
1005003337117661
1005001576595738
1005003126135503
1005003349389298
32965343034
1005001961724151
4001341483036
1005002597918291
1005001679592267
1005003063290744
4001256660825
1005002676225678
32968823531
32965467014
32662757830
708166736
1005003161513948
1005001987411819
32651517318
1005002484185832
1005002798084226
1005002076138449
4000507134597
1005001488333822
1005002379231335
1005003129526387
4000574575893
32790879133
1005002574680648
1005002877565927
1005003276391997
4000102299349
1005002616217274
1005001637464912
4001250592878
10000000232178
4001274661430
1005002997844364
4001050267826
1005002459219147
32881704653
1005001650451994
4001015214325
1005003386748020
1005003329054618
4000799235330
1005003106014904
1005002938486615
1005003025129458
33050928932
1005003068902190
1005002666342198
4000922578722
1005002861768347
1005003001580520
4001138130576
1005003196464978
32792107046
1005002387939078
1005002439579140
32271350338
1005002351641427
1005001299447340
1005003274017194
1005001927607417
1005001440801092
1005003237912660
32728417306
1005003320849399
1005001679180618
1005003281239413
1005002608787592
1005003159854281
1005003129965880
1005001560522649
4000863771145
1005003191212262
32986805365
1005003365404913
4000790294008
1005003214349778
4000955017100
32809648698
1005003184597293
4001272805419
1005001397110176
1005003124185680
1005003304414846
4000729246630
32350712110
1005002802459343
1005003375415083
1005003176720750
2035645180
4000955762364
1005001605958904
32966145417
1005003038100546
4000370063725
32989476813
32843625823
1005002142461516
1005002950315169
1005003007984898
1005003134606409
1005002619660053
1005002804992851
1005002504763575
1005001580715135
1005001895085297
1005002376721160
4001249214129
1005002135996442
1005003243593868
1005002974919456
4000049175928
32719647762
1005002359432542
1005002899463984
4000548964186
1005002502332335
1005002571462445
4000057128065
1005003247875577
32716963207
1005003313459761
1005003294373309
32824325567
1005003134598360
1005003391237864
1005003018769820
1005003092650385
1005002882885579
4000084093643
1005002468331210
1005003367031938
1005002886883005
32893029660
4000254539318
1005001988253228
33008396737
1005002951236954
1005002080735896
33042973450
1005002273236946
4000610032976
1005003206969096
1005003282542621
1005002612612617
1005002663670519
1005003337974588
4000938280947
1005002592588162
10000395948080
32707305786
1005002945568824
1005003330859622
1005002661234404
10000395924776
1005003135365460
1005003345459552
1005002551834515
1005002702016154
1005001308817010
1005002569131371
1005001865394800
1005003090588721
32808331279
4000160087929
1005003069949736
4000664895289
1005001520861986
32885378200
1731441097
33054149312
1005002541486264
1005003385142473
1005003213885062
32887893491
4000096696719
1005002882530376
4000816400676
1005003292257242
1005003110104877
1005001414034511
1005002811019795
1005002567680947
33024149907
32931473486
1005002193945100
1005003345318536
1005002939754018
1005002622682145
1005003202632275
1530414661
1005002496815206
32838151977
1005001451221203
1005003157636065
4000823007084
1005002246649219
4000924588686
1005003365328664
1005002833995273
1005002937350823
1005001878215095
1005003343469150
32858495928
1005001353443497
1005003154374437
1005001608419074
4001069560108
1005002356389776
4000266115736
1005002069798387
1005001618213105
1005003317999453
1005001884488412
4000960944405
32962686076
1005002291284672
1005001741507557
1005003152153623
4001045077083
1005003026625003
1005002836601634
33054213702
4000174227675
32912175511
1005003300594772
4000292998807
1005001487924163
1005002652229727
1005002787535966
1005002953211285
32970219132
1005002799584942
1005002842573858
4001343949043
1005003380483788
1005003133519315
1005002977121528
1005001758296388
1005002347255459
1005002642860248
4000922812500
1005002557645793
4001002397207
1005002484116889
4000388935451
4000572419684
32734506253
10000344012163
1005002966394981
1005001597283373
1005003018258356
1005002592702387
1005002136441096
1005002856831271
32888518739
1005003063428756
1005002668860253
1005002368739347
1005002003711422
1005001686092629
32916308275
1005003101267514
1005003257496477
1005001743600613
1005003077662985
4001166927198
1005001540363936
1005002509953953
1005003341686221
1005002777151862
4001156400030
32946550424
1005002833307241
32806210409
33041055822
1005003163928020
1005003254363471
4000757826634
1005002611500260
1005002123644233
1005002890761233
32920923830
1005002977131098
1005003175548487
4000269481545
1005001933661014
4000188481401
1005002345113779
1005003004318019
1005002485069623
32962230305
1005003317340898
4000625744950
1005001831958512
1005001658444908
1005002115562359
4000062005432
1005002134497400
4001075716707
1005003168555618
1005003389931753
1005001774598606
32851727653
1005001285077687
4001020904875
1005001839074333
33040555131
1005001484037734
1005003170066570
1005002303552466
1005002618992341
1005002503613299
1005003369087610
1005001998117107
1005002363466073
1005001360536063
4000533473682
1005002324368893
1005002959505281
1005003337515685
33031437944
4000186845365
10000008739371
1005001970950756
1005003008029495
1005003371658458
1005001441494013
4001276227812
1005001704274730
4000143965149
1005002950340894
1005003119746517
1005001894295449
1005001646815511
1005002906899096
1005002136235525
1005003044683274
1005002173313530
4001112154352
1005003291933084
1005002484220272
1005003258043423
1005001742318707
1005002414431490
1005003222188646
1005001912401855
1005002434825748
1005003093604934
4001257569671
1005002230203547
1005002336595128
33025699730
1005003050896591
1005003032642926
1005002775591731
1005003183946335
1005002358276471
1005001270990478
1005002052520874
1005002531752073
32959655060
4000366488676
1005003339948776
1005002745707411
4001139113496
1005001268536105
1005002381799207
1005002371548035
1005002623457258
1005003382155377
1005003111325225
1005002513205874
4001297371069
1005002951983020
33048779991
33020195898
1005003050143581
1005001794739428
4001222044576
33002791846
1005001966858868
32910218183
32913581807
1005003275870374
1005003385302040
1005003343976906
32794950434
32998067299
32870448440
1005002312983268
32857799298
4000206985852
1005002727469550
4001321626057
1005001988371428
1005003244078384
32816122937
1005002573063652
4001227587004
1005003042101787
4001361868929
1005003231438593
1005002900588878
32682759789
1005001680116638
1005003307235609
1005002530527420
1005003115635123
1005002859859122
1005003370376404
4000894004868
1005002760516842
1005001922262490
1005003298794925
1005002661077121
1134273534
1005003091449140
4000598474496
1005002122450243
1005002494687569
4001080271955
1005003078259348
1005002890072808
1005001850492885
32548148572
1005002990037345
1005003108711900
32854835449
1005003367648139
1005003012343285
33055001436
4000927035744
4000083096140
4000777591701
4000390010885
1005003267808030
1005002467587811
1005001899615612
1005002963151947
1005002817556051
1005002068446590
1005001926700051
1005003197293624
32232601884
1005003141127652
1005002583249488
1005002814912887
1005002561354956
1005002809756530
1005002796816254
1005002522568317
4000708820674
1005002362648437
1005003340361851
1005002244480317
4000346971981
1005001381563370
1005002839814982
1005003316234558
1005002608896718
33055500891
1005003361705098
4000440525416
1005001832121577
1005002932823000
32883518681
32795090320
1005002834789603
1005003358516316
1005002773993970
32789782390
1005003119249296
1005003263536206
1005003336824484
1005003344492266
32982516400
32972912154
4001242036588
1005001729664372
1005003202479510
1005001418647432
1005002588372010
32862038544
1005002287126434
1005001603006204
1005002826978907
1005001483456005
1005002350625033
32962697623
32699505011
1005001921369334
32816702623
1005002861463908
1005001905627022
1005001711085302
32966510507
1005001339015406
4000535608170
1005002041961905
1005003273803936
1005002680627426
1005002786483906
1005001705935656
32883229954
1005001831235879
1005001695618471
1005001386293676
1005003135676383
1005003084015164
1005002256949244
1005002647240609
4000221804425
1000001744156
1005003243535319
1005003276941201
1005002983627153
1005002622807493
32966930898
1005003160385267
4001107087182
4000974273277
4000695803661
4000844383186
4000419998898
4000259411991
32974258738
1005002739234316
4001143179627
1005003337737385
4000107895939
1005003050877952
1005002439665911
1005002651704972
33036755692
32882196588
32873288147
1005002889720008
1005003179478320
1005002262067253
1005003064860829
1005003323677853
1005002515275504
4000176801939
1005003245331815
1005002045976087
4001065016509
1005003341730579
32988774278
1005002686125578
1005001411790306
33048445586
1005001969061032
4000054362622
1005002132480906
1005002878463451
1005003225978075
1005001961283245
4001296804352
4000080223375
32570551397
1005003009782143
1005001825363579
1005003043979681
1005003170360143
1005001393237090
1005003180803834
1005003213159726
1005002863812691
1005002794171710
4000265215063
1005003274385282
1005003266444033
1005002418807270
4001321387523
1005002907563264
1005003219251156
1005002307627191
32794373448
1005003027763162
32716967427
32850137693
1005002304339790
32966771521
4000160506058
4000429800039
1005003155898414
1005002836228527
32891631828
1005002204293657
1005003363613755
1005003085641879
4000337543644
1005003363114992
1005003036355134
1005002583978318
1005002925280947
32714210883
32221553268
1005003192978113
1005003019908177
1005002084025368
4000693971745
1005003237872229
4000465008229
1005001431279126
1005003222706324
1005002859690994
1005003219620706
4000856263945
32966149073
1005003127568618
1005003005089669
1005002862713402
1005002988793260
1005002870517442
1005002398895026
1005001626453023
1005003354064475
32962077767
4001131234277
1005002177578108
1005002311470396
4000794183589
1005002976865006
4001111674697
1005003200852540
1005003070321262
1005003264896140
32801086082
1005002755994495
4000472819256
1005003157517533
4001187804967
1005002991441472
1005002656516566
4001078764941
1005001332693516
1005002313683879
1005003338797829
1005003360290303
1005003298475961
1005003066836194
32981294578
1005003266169133
1005003083421121
33035289766
32757506234
33006834595
1005002142852436
4000170968442
1005003037617660
1005002353287807
1005002830424106
1005001313805360
1005003374834011
1005002768967674
32882379817
1005002205717200
1005003221953636
1005002798203215
1005001360235860
1005003327090321
1005003348178287
32803485159
1005003101317251
1005003333243239
1005002870999558
1005003217929430
32858902490
32961582452
1005003330738992
4000693486663
1005003274215524
4000784351530
4001333033942
32899654018
1005002608960258
1005003221827105
4000463270696
4000268680066
32991308713
1005002511282423
1005003181186735
32984978221
1005002612601274
1005001693456615
1005002341634865
1005002516747223
1005001962252884
1005002359693110
32803039583
32804323183
1005001960815393
1005002949398125
4001159745612
4000586103708
1005002964963479
1005003185864775
1005002361766073
1005001417481435
4000205348157
1005002841371573
4000538293453
1005002739211422
32617527141
33012137832
1005002755953325
1005003273434307
4001245507612
32951663473
4001267347022
4000210463714
1005001942065301
4001217792671
1005003257734647
1005002931605142
1005003316307201
1005001705876031
4001158846911
1005003316976791
1005002372262541
1005003014464588
33048168944
1005002552570176
1005001348868149
1005002635542889
1005003327218648
1005002895162950
32839970806
1005003275175941
1005002799108027
1005003278003809
1005003181871377
33000880903
1005001883624677
1005002809881736
1005002697485429
1005002558570365
1005001567308002
32911846510
1005002627233713
1005002797813646
1005002707901231
1005003227594259
32243241958
4000088844515
4000175700360
1005001625476357
1005003219804296
1005002304935422
1005001963082785
1005003369692637
1005002564131031
1005002122387268
32512084708
1005002900580097
32974049805
1005002368419974
1005001612401291
1005002525686100
1005002754117106
1005003306491425
1005002372438417
1005002462089970
1005003135988907
1005002010752103
4000389296347
1005002921781004
1005002765773131
1005003022363386
1005003311616359
32578936749
1005002828065812
32920461978
1005003020240898
1005001620707436
1005003286344725
1005003330492249
1005003286546835
1005001845844430
32881658103
1005003051072397
1005001957822621
1005003308861540
1005003387842184
1005002880251112
1005003300815384
1005003038475342
1005002622465633
1005003372152272
4000282789812
32930772747
1005003038518082
1005001949256537
1005002565102254
32890603489
4000926822237
1005003129803986
1005001997717890
1005003172263829
1005001710214757
1005001798982478
1005003343175775
1005002904680315
1000006058673
1005002737120632
1005001642422973
1005001493340231
1005002558891501
1005002835635184
1005003280420890
32860864710
1005003147727949
1005001988335518
4001196802096
4001033743843
1005002856311615
1005003261404050
32974476207
1005002567626018
4001350620424
1005003288727649
32646001792
4001039192788
1005001631089579
1005003335128084
4000750372115
1005002974044888
1005001850852695
1005002578823896
1005003282532275
1005003274161223
1005003066693369
1005001297618794
1005003250372005
4001296203377
10000033500966
1005002377515304
32820151267
1005003141479253
1005002198545444
1005003310741789
1005001666177412
1005002602806190
1000004665375
1005003388152166
1005002990572396
33005571615
1005002970442291
33018083614
1005001567032394
1005002353279047
32950477160
1005003205271794
1005002493595943
1005002721937251
4000265083143
1005003130345575
1005002700846398
1005001694540324
4000624672313
1005002901483198
1005003363061663
1005003330435370
1005003212084277
4000429178201
32921311088
1005002559861071
33031231940
1005003268454143
1005003386174038
1005003354058233
1005002111935656
1005002796914530
1005003092947244
4001270855867
1005002393386582
4001345973229
33026917730
4001289765379
1005003032240623
4001272100457
1005003364031986
4000935281677
1005002799275347
1005002888842676
1005003387434284
32708456558
1005002666847410
4001132369931
1005002288712192
1005003304277047
1005001479961596
1005003261805405
1005002542425193
1005002281650593
1005003318224672
1005002370434337
4000116369473
1005003336578004
1005001876645904
1005003299339181
1005002698076896
1005001393789466
1005003134285694
1005002958456197
1005002008139742
1005003345434779
1005002589709642
1005003294051714
32966619573
1005002695634464
1005003304378561
32398012446
1005003384988475
4001322665646
32907409908
1005003117904182
32806890672
1005001575009713
4000913225251
1005002376077229
1005002788962678
4000729756850
1005002580869415
32697699263
33054775282
1005002619099892
10000400041625
1005002668580219
1005002806417270
1005002877182984
1005001908587356
32915524357
32890146888
1005002418710021
1005003279779053
33016646886
4001025120707
1005003293610495
4000093798815
1005002240879843
1005002870522715
1005003118161610
1005001388018324
1005003206054988
1005003215371736
4000735821338
1005003135924773
32588213185
32834734115
1005002829524838
1005003258132884
32860194567
4000224131827
1005001715505646
32754530655
32631845052
1005002315772577
4000284718804
4001105559023
1005002443481408
4001214356200
1005003124535928
1005003129935823
1005002516487734
1005003375743771
32957324955
1005001457610627
32615075243
1005002315029860
1005001657613170
1005002818232246
1005003256822649
32976340173
1005002996141933
1005002783586803
4000018421840
1005002879186564
33027108548
1005001521580038
1005002789038735
1005002810508946
1005002945713175
4000880289207
1005002683039171
1005002643085665
32968077190
32810770783
1005003327224164
4000144664244
1005003371225789
1005003310661490
1005003287946147
1005001845507868
1005002436727084
1005002182302432
1005003280519943
32961408521
1005003201694856
1005002776735215
1005002281260381
33002365382
1005003275955375
32757670388
1005001465062083
1005003123475960
1005002643056180
1005002841991062
1005002643831391
4000071100936
32874321971
1005003371152134
1005003237267373
1005002907890886
32970639040
32959904863
1005003335012947
1005002962622839
32797959394
1005002605715597
1005001571904693
1005002287402489
1005003243999516
1005001601989630
32910200174
1005003117116821
32981920123
32999069251
1005003199978898
1005002918869260
4000922981840
1005002949146476
1005003205109066
1005003373705137
1005002666086077
32964626633
1005001537199134
32803155050
1005001289965884
32776915847
32947433251
1005002275908792
1005002288409762
1005002314092580
1005003351684760
1005001826542168
1005003381599637
4000030435042
1005003221734643
1005002869051915
32839034941
1005003384142615
1005003082145762
1005002359636664
1005003213829726
1005002554212811
4001003747951
32838705464
4000970168131
32846053954
1005002816334476
4000553394857
32713530125
1005002376155038
32504955199
32958394262
32857019412
1005001838093981
32954449439
1005002586351448
1005002873187698
1005002744916951
1005002387988516
4000239204670
1005002324777193
4000011565846
1005003261538061
32951479955
1005001592337199
1005002832837564
4000736136007
1005003019165483
1005002310208249
1005002492260504
1005003083131470
1005002510728893
33052381596
1005003058098040
1005002613486473
1005001623487552
1005002359611901
32960498268
1005002828787309
1005003151629450
32882015722
1005002406673006
32812801284
1005002099732841
1005002229060733
32995507726
1005003311534078
33005521421
4000257802583
32918117745
32968523582
1005002831817092
1005001872880133
4000817667381
1005003181348411
1005003304182843
1005003097635982
1005002629907442
1005002282712559
1005002842853672
1005002603809782
1005003072309687
32825358900
4000629011576
1005002676153093
1005003000893074
1005002865226551
1005002976008308
4001264985980
1005003237210739
1005001392672164
32918105669
1005002740164201
1005001604870401
1005002235764707
1005003245816021
1005003106029789
1005002936369043
1005002756034109
1005003097974338
1005002283775597
1005003221120375
1005003081157896
32954892229
1005003113604969
1005003162726414
32973994100
32963154763
32848135657
1005003016082979
1005002128830092
1005003388453624
1005002948221502
1005002081236119
1005003346974261
1005003312565519
1005002851324127
1005001330238346
1005001632800322
1005002783880203
4001248535304
4000269461847
4001107501025
32754633870
4000315185708
1005003277607224
32911962327
1005002467566091
10000190194951
1005002378616041
4000584972558
1005001389045992
1005003187564330
1005002950557078
4000176349285
32971785632
32952532317
1005002912535022
1005003241753494
4001217186209
1005003066420611
1005002668015117
32841044498
1005002630852044
1005003227918942
32866039610
1005002295312085
4001231958379
32500097209
1005002967323630
1005002852722417
1005003052759284
1005001939822272
1916373397
1005003331593615
1005003336977638
32893551021
1005001941215759
1005001512803000
32966645806
1005003022482389
1005003010074304
1005003277640770
1005003001513720
1005002253886460
4000504787961
1005003345620209
1005003292614921
1005003167484174
32754492280
1005002961205350
1005002886419043
32924612173
1005002500436482
33039496655
1005002795853765
1005001645005812
1005002785079649
1005002894804481
1005003344413102
33037594113
1005003042831019
1005002968182054
1005003148053598
1005003187820115
33016541825
1005003379679246
1005003122824391
1005003320743239
1005003033405450
1005002508292701
32863777164
32963287575
32698320533
1005002711561036
1005001438586988
1005003317483430
33004214116
1005003071962079
4000923726195
1005003259738490
1005003156013309
1005002915062624
4001238175236
1005003169269854
4001183935105
1005003233760576
33010767260
1005002924110422
1005003041406069
1005002958590838
1005003122042672
1005003383231712
1005003030025661
1005003164825107
1005002584811694
1005003198500680
1005001882603665
4000324105268
1005003140634942
1005003006978805
1005003273025003
32294293498
32861194846
1005002890064105
1005003018498146
4000381883674
1005002963967852
1005002630479999
1005002835065975
4001036619604
1005001677170641
1005002657313822
1005003264320220
4000626507378
1005002868875524
4000851337761
1005002978583545
4001267582392
1005002345067970
1005001315670062
1005002186232441
1005003140460480
1005003182502758
1005003370631452
1005002872965424
4000967007256
1005003121050788
4000868620080
1005002702598619
1005003329906151
1005003122896875
1005002939030911
1005003103070981
1005002069843063
1005002976625922
4000477985473
1005001932952628
1005003305800217
4000574352693
1005002264117814
1005001692982568
1005001305271165
1005001979386378
1005002682982679
1005001615153215
4001037898123
1005001774028735
1005003030146351
1005001690979743
1005003314585974
4001009969341
32817393220
1005003146334973
1005003329885338
1005002301176501
4000546642738
32946373495
1005002069607982
1005002967739177
1005003064765239
1005002420505637
1005002791002170
1005001632350269
1005003088099549
1005002555205858
4000403188075
1005002963584885
1005003193225858
1005003324778948
4000765811625
1005003022368660
1005002271240316
1005002147658394
1005003074757009
1005002068451348
1005002978525313
33014338503
1005003062605930
1005003086992450
1005003211423440
1367879413
33026221550
4000354887487
1005002780125283
1005003284772563
1005001356281411
1005003339755617
1005003390683922
1005003365450899
1005002562273295
1005002856377040
4001213765243
32802528662
1005003008633031
1005001977738627
1005001553298310
33022811070
1005003325699883
1005002953356604
4000854301085
1005003092275340
32876323892
32339375357
1005003151960087
32634318937
1005002958633363
1005002253166237
1005001464771596
4000906115332
1005002970320410
1005002384857902
1005002958034914
4000063903827
1005002957308147
1005002925756765
1005003001544761
1005003123755558
1005002652174148
1005001387838736
1005002657639660
10000032141808
1005002939963351
1005002341398526
1005002878313464
1005002758644101
1005002604378957
32961987609
32971819906
1005001271452966
1005001587600716
32968995674
1005003188981153
543070869
32864273376
1005003384814964
1005003282966606
1005002510025984
32723586680
32918813148
2034667598
1005001406689230
1005003139920819
4000749274630
1005002926833784
33005197750
1005001905269026
1005003308989828
1005003276277556
1005003195952383
1005003333908405
1005001447366089
32911887766
1005003098764353
1005003165177583
1005002315471221
1005003097950929
32849676422
1005002889103379
1005002017512102
1005002452784754
1005001826992064
32892406329
1005003165577789
32880581255
1005002513753728
1005003323095941
4000986736885
1005002307519252
1005003129359525
1005003252384767
4000972428174
1005003375282555
1005002423678644
32924522663
1005001272885913
32924444459
1339338780
1005002091173723
4000107438452
1005002949430717
1005002241012441
4001096442731
1005001500244173
1005003161731835