1005003157872132
10000154540708
4000469363636
1005003373850828
1005001894194204
1005002255182826
32975827805
1005003219051943
1005003287296249
1005003341562375
32429869257
1005002996662497
1005002347028772
1005002989310255
1005002616263288
1005003243768404
4001296078807
33025677970
32967405709
1005001351650949
32880228387
1005002708376298
32864006611
1005001937436037
1005003075141812
1005002111777963
1005002891659020
1005001555912039
4001313312502
1005002945932889
4001293637932
1005003204230868
4001253436461
4000132478392
1005002987499384
32834403132
1005003277328088
1005001382247059
1005002804199247
1005003090131692
4000130879603
1005002520545368
32984558048
1005001793183477
1005001464211105
1005003306298332
1005003389707983
1005001543374444
4001268147660
1005002133518084
1005002938694730
1005002599536297
1005002546216529
1005002039618349
1005001500089378
4000069601148
1005001732133355
1005003261244316
1005002240702100
32807623946
1005001828342939
1005002186409015
4000176469232
1005001762357940
32884699014
1005003387341663
4001175355267
1005002043668676
1005002226156998
1005003141530754
1005003174053652
1005003138737394
1005002566181573
1005002869614517
1005003205039589
4000847715614
10000395932108
1005003022248790
1005002219472447
4000926388516
1005001381603113
1005003218888852
1005001682141818
1005003103020591
1005002694963322
1005002911158682
1005002609888883
1005002870816521
4001139381902
1005002076681062
32977331511
1005002952747791
1005002752829935
4001337457829
1005002474341852
33003025674
1005003377403329
32817636117
32670862451
1005001543985252
1005002254096600
1005002872864546
1005001705226845
4000346254786
1005003275719117
1005001941940741
32871173322
1005002292939517
1005002070660820
4000026013447
1005001375177655
1005003002799515
32954355625
1005002177340673
1005002509793885
33019904841
1005003275715707
1005002449584158
1005002444528555
1005001850742071
1005002976088821
1005002228997263
4000902381915
32799309035
33035874523
1000007911714
1005002357573367
4000443323793
1005003330171036
1005002289073020
4000182000197
4001037796504
1005002566351071
33056977888
1005001973761533
1005002801822762
32920429695
1005003083682459
1005001680533483
1005001609490205
1005003095374615
1005003282719295
1005002953516634
32882233567
4000808681365
1005002799340503
4000171836138
1005003094896556
1005002612871797
1005003356823001
1005003196173816
1005002212542836
1005001394537239
4000146083930
1005003322484826
1005002766658113
4000594729305
1005003332569388
1005002910916617
32972054672
4001166912743
33040674742
1000008348532
1005002576427705
4000864026610
1005002309505301
1005001898727673
1005002546740722
1005002617963243
4000640912979
1005002747398298
1005001445672033
4000935270959
1005003156020392
32825326338
1005002176449327
1005003305890025
33039398111
1005003079853105
371731222
33030040233
1005002869720662
4000465869943
1005002482977636
1005003025234478
4000804168985
1005003338831626
32996519266
1005002473745298
1005002000045269
1005003296524574
33057125450
1005002310545397
1005003309257219
1005002835400705
1005003049534951
1005003214296247
4001314959187
1005002124401054
4000028961091
1005001726120449
1005001419138791
1005003108540321
4000921962132
1005002932843823
1005002522860653
1005003067950774
32859233504
1005001872952717
32874149972
32889860323
4000211772119
1005001769698767
1005003249409530
1005003114561569
1005002594035374
4000021503239
1005001577447065
1005002049692597
1005003116393220
1005003391816545
1005003332179629
1005001265880063
1005003138035518
4000905687454
4000022174432
1005003009421955
1005002695858276
1005002393612548
33058721001
1005002953021856
1005002794955785
33060255898
1005002237854172
1005003188158105
32379703966
33012684571
1005001848645215
1005001605526184
1005002504700348
1005003088221641
32820020421
4001278791891
4000867658820
1005002532598851
32897010348
1005003265285055
1005001498839912
33007772667
32901219951
1005002305928664
1005002304153979
1005003262067654
1005003211895116
1005002741861913
1005003352234951
1005002505977605
1005003228717667
1005002517050077
1005003002068884
32958461238
1005001577419960
1005003224445872
1005002765652224
4000465603191
4000220285669
32873441809
1005003231263819
1005002952861583
1005003109928233
1005002647251039
1005002599549625
1005002003810188
1005003263811868
1005002652881010
32966010788
1005002954916455
33042834400
1005002914256487
1005002174923354
4001146312942
4001062812192
32990818429
1005003334071507
1005002513382715
32953841061
1005002539183129
4000495145432
1005003095506906
32697869255
1005003000741016
1005003384946879
32403834130
1005003369216635
1005002710620293
4000648111892
1005002260850277
33003066900
1005001830112653
4000225656531
1000007938242
4000668100220
1005003363311982
1005002604037985
1005003000921737
32917614994
1005002847604991
1005003383939845
4001150273279
1005001850764019
32680395152
32881891982
1005003191335764
1005001779595166
1005002481191111
33057958935
1005003142275332
4000343922601
1005003296885920
1005001602965625
4001270429860
2009216898
1005002667473729
1005002461438841
1005003241459471
1005003239210754
1005002920139247
1005003371328350
1005002594850876
1005003227165099
32887495170
1005003265346646
1005002512270333
4000532982403
1005001714145113
1005001309585879
32857295190
1005002695719140
1005003388412884
1005001815847415
1005002722688797
32981572102
4001076661693
1005003124340391
32904285592
1005002600793546
1005002505184135
1005002687735346
1005002849133863
1005003096503143
4000222564785
32865723237
1005003065281552
1005002820490449
4000382053996
1005003309564817
32917285377
33041848269
1005002425781011
4000206728698
1005001527328294
1005003285187617
1005001999960211
32856621162
1005002996590177
1005002951947795
1005001677993660
1005002763307907
1005002511480170
4001227413235
1005003308076383
1005001632731438
4000554543270
1005001823085487
1005002202008095
32902974610
4001217435009
1005003362108163
1005001736564864
1005002794556703
1005003226864407
1005001702923845
4000973477637
1005003378245009
1005001842896003
1005002239941065
1005003031991722
4000218024064
4000857195489
4000615537689
1005002488835871
1005003341325397
1005002555131287
4000615326223
1005003066303520
32882455180
1005003336425327
1005002813608203
1005003042456897
1005001913746985
1005002639623427
1005002265197487
1005001562104001
32370782190
32762496994
4000101889175
1005002827806606
1005002674267341
1005002899811320
1005002680189731
32995772116
32956135233
1005001698458401
1005002990525001
1005002605771818
1005002547524401
1005002882933295
1005002774085480
1005002210186996
32293858250
1005002550967627
1005002752001475
1005003320892071
1005003356447849
4000662650025
32745106689
1005002746436700
32720411746
1005002875274476
1005003139351044
4000092813965
1005002886355562
4000996696319
4000971354950
1005002073924093
1005002765915594
1005001515985189
1005002641785603
1005003367820262
1005003076219742
726769563
1005001984949050
1005002176487344
4000744796590
1005002775658548
1005001429536709
1005003093989386
1005002531872187
1005003215170267
33044191033
1005001320512840
1005003157362984
1005002782585633
1005001478137474
1005002890198334
1005003221299240
1005002866061533
1005002611786762
1005003366739709
1005001369632409
4000136202130
1005002683830742
1005003233542627
4000978881926
1005002633349382
1005002622406103
1005002651481447
1005002099512141
33022358224
1005002233076590
1005003090353892
1005002586039335
1005003107285141
1005002946988611
1005001797054450
1005002536029887
1005003120948022
1005003164160057
32349433751
32958979978
1005002442443254
1005003385292147
1005002239522092
1005002716145305
1005002332365896
32981258159
1005003278230553
1005003282082732
1005001501729026
4001190870575
1005002697484987
1005003036742786
1005002504678462
1005003086635736
1005001488786643
1005002484338152
4000382240131
1005003130178346
1005002333510570
1005003305056646
1005002898289839
4000265893017
1005002840310199
4001098261224
1005003369131060
32991759777
1005003123677382
1005003368589321
4001221114932
1005003308622714
1005003208506403
1005001843402521
1005003311339890
1005003379978550
1005002284539239
1005003107469637
1005003296446128
1005003048971967
1005002758172429
32890380056
1005003150954558
1005002175073442
1005002219269961
1005002617009841
10000402436164
1005002117336766
1005003124599360
1005002094219470
1005002140946833
4000714879945
1005002702498103
1005002616297248
1005002513261535
1005001825257124
4001295792416
1005002911192265
1005003188017966
1005003337397253
1005003336485358
32867857376
1005003372442159
1005002798895597
32836951368
4001086283104
1005003368173578
32985719086
1005003243721532
1005003328219614
1005002787620310
1005003144679945
1005003121743698
1005003337839148
32860218592
1000003617206
1005003325272029
1005002937303081
1005002593009262
1005002855321731
1005002708062345
1005003058229552
4001286407454
1005003196976677
1005002748435279
1005002573308662
1005002983124940
1005003145915900
1005003215475868
1005001327537060
1005002668200422
1005001915097913
1005001622051842
1005001843597321
1005002387879649
1005001505762042
1005003236223976
1005003128164614
1005002446560772
1005002415959777
1005002658605282
1005002143041430
4000198923590
1005003272913852
1005003049612119
32909293542
32884670106
1005003072325285
1005003031430243
1005002398715026
1005001604361940
1005001781549073
1005003219702528
4000279621943
1005003083500846
4000047300928
1005002838049826
1005002991261872
1005002290831536
1005003219425980
1005002309634404
4000132410441
1005003095172238
1005002551050864
1005002721313927
1005003158310429
32974537654
1005003341017077
4001038918343
32985239097
1005003337974416
32878488591
1005003219338802
1005002690178380
1005002593313318
1005003255299995
1005002899670521
1005002337373713
1005002744805971
1005001617148713
1005001502782764
1005003303516608
1005002834814436
1005002426996511
1005003368828616
1005003335938852
1005002547657836
1005003253597031
1005003038557874
1005002926629332
4000068081680
1005003105568000
1005003307118224
1005003041760275
32960297851
1005003348648373
1005003064787050
4000700851780
1005003366009374
32884437275
1005002966006298
1005002023418760
32947366087
1005002586087997
32883546762
1005003269917061
1005002892339383
1005001387766970
1005002959841348
33012695914
1005002851411538
4000070237844
4001061691351
1005003334467340
1005003101432476
4000434277191
1005002924984303
1000001443493
1005003361011106
1005003391512582
1005002294991896
1005002253815259
1005002809015178
33012678433
1005001699302848
1005002352875729
1005003093224636
1005001727360948
1005003329222979
33037905392
1005003001475666
1005002724673414
1005003329181058
4000081354920
1005001428968048
1005003314205663
1005002447360439
1005003006378011
32840613974
1005003337768278
1005001540349984
1005003066182182
1005003292827154
1005001935674121
1005003228074349
1005003242626583
32963959277
1005002616943471
1005002632283018
1005001922910031
32892221038
1005002996505722
1005003017314457
4000932512368
1005002117104624
4000924561345
1005002364319704
1005003044200112
1005003291922298
1005003107542307
1005002767826041
4000258828703
1005001445445755
1005003301095779
1005003278089132
1005003190930147
32739924621
1005003210586020
1005002738524908
1005003104577245
1005003082899162
1005002989807413
1005001587766818
1005003074982205
1005003018148577
1005003344140106
1005002961229979
1005003390876739
1005002739471398
1005003292009778
1005002194468801
4000859702104
10000089286971
32921430824
1005003015748512
4001157784857
4000284146422
1005002502668136
1005003122111880
4001225255865
32882787747
4000119262870
1005002259198896
1005003082522140
1005002293797562
1005001488839803
1005001346588929
32830203019
32465422716
1005003166228479
1005001592164999
1005001309708153
1005002320456902
1005003266630425
1005002975364887
1005002753251854
1005002193918514
32869963788
1005002818503514
1005003018595100
1005003334809504
1005002107701936
32998735074
1947027395
1005003312836884
1005002714328807
4000548682358
32891463534
1005003302867092
1005002965115151
1005002851569645
1005003336090817
1005001411702047
4001249222378
32703251311
32820257068
1005003329503174
1005002777984425
1005003310671170
1005002363591917
1005003330863720
1005001929830305
1005001853989616
1005003090071193
1005002855835223
1005002964540548
1005002977561598
1005003031943594
1005003262282598
1005001590920589
1005002655664680
1005001405424720
1005002338752699
1005002453267753
1005002647276951
1005002478436047
1005003310493583
1005001393890457
32871104119
1005002223900837
1005002870449532
1005002415256773
1005003246473509
32595266329
1005002375893566
4001034442644
1005003363162835
4001209449846
1005002868808567
1005003375233857
1005003313254128
1005003321471228
4000691124665
1005001720350060
32840700647
1005002555955620
4000006703625
1005001619875236
1005002417335959
1005003041584107
1005003282097055
32895308805
1005002989612186
1005003321210580
1005001812663403
4000478983647
1005001730696649
1005003323610601
32982510960
1005002434454264
1005003002325228
1005001987227086
1005001633656522
33063275325
1005001860522557
1005002440455335
1005003391336130
1005003019970223
1005001866387015
1005001689203510
1005003387195570
4001101142303
1005002969076012
1005002625953308
4000069037107
32966980861
1005002849180447
1005003275068879
4000128018419
1005002365851744
1005002668448127
32828755078
1005002978924320
1005003203699719
1005002933589183
4001168843647
527138071
4000689979033
1005001825411239
4000685570484
10000418007300
32842031132
1005001518166845
32702027516
4001195508068
32951328810
4000410675039
1005003228344941
32789153090
4001203828301
1005002735617643
1005001269787908
4000843528493
1005003170082398
1005002755602701
1005002282701948
1005003170396347
1005002350412651
4001263906760
1005003310096168
1005002944846095
1005001665969610
4000975509254
1005003123107342
4001251730532
1005001678436609
1005003225437068
1005003146006651
1005003034343399
33049387081
1005003326009967
4000713594565
1000008492036
1005003022009447
1005002327034303
32815457973
1005002878235969
1005001864783681
1005003338346538
1005003002483490
1005002876939647
4001338852329
1005003245550664
32817431088
1005003306497819
32890666243
1005001731086754
1005002271648808
1005003023966752
1005001296753116
1005002730689807
1005003330504652
1005002526116580
1005002912251391
1005002064122428
1005002477772999
1005003349363281
32828243897
1005002340923665
1005002314048703
32855745498
1005003310060084
4000894228542
32818980004
1005002363284751
4000076509561
4000170916899
1005002978171966
32964891835
4001032772539
4001024933514
1005003315996040
1005002351431044
32637329865
1005001825806677
32854214515
1005002712369367
1005002840918337
1005003217373792
1005001993966979
4000746189348
1005003334627521
1005003386270782
1005003328973386
1005003327245199
4001097212245
1005003275548814
4000091808699
4000689573742
4000025560885
32899026593
32967847330
1553557114
1005001368846836
1005003227820086
1005002468157899
1005003254856949
1005003335937579
1005002946728708
1005002623949422
1005002810621762
1005002931772707
1005002833683358
1005002854654169
1005002481242469
1005003349450007
1005002965415024
1005001968559223
1005003035785620
1005003212571282
1005002828258134
1005003187949519
32368314774
32892586113
1005002305210372
1005003008842995
1005002595486002
32830053869
1005002858348278
32832082988
32649128740
4001038605794
1005002421387702
1005002350235100
1005002774487703
32949534367
1005001527328294
32888863262
1005003347993784
1005001462191255
1005003222921697
4000715079258
1005003167517711
1005003295743078
4000002338831
1005002328540545
1005002665050124
1005002462114742
1005001992958721
1005002617308934
1005003118831738
1005002259915351
1005003293263595
4000985656195
2021021154
1005002810281275
1005003127007258
1005002807797520
4000121697914
1005003325983851
1005002954185148
1005003059872294
1005003310763383
4001039377968
1005003331642378
1005002525806646
1005001349176498
1005003124136347
1005003284483879
32374848599
1005001393114929
1005003092036302
1005002797727812
1005002396609440
1005002990589135
1005002614002425
1005002083806342
1005002468069371
1005003229654149
1005002873634889
1005002928962488
1005002512695528
1005003069102798
4001332987334
4000989539508
1005003096566276
1005002870307854
1005001970779156
1005003128070564
1005003375315941
1005002213205476
1005001836164281
1005002278946438
1005002748617048
1005003148230195
1005002204996554
1005003242600396
32912303997
32869333851
32617610961
32820881857
32252502153
1005002726584421
32911518639
32994140190
1005002489358087
1005003056515849
1005002657414529
1005002730548163
1005001770566635
32926554049
1005003075391946
1005003356983528
4000292913777
1005003056589539
4001085488188
1005002878980478
1005002103523791
1005002651068454
1005003287552352
1005001899224142
1005003066674644
1005002755782095
32721857205
4001037077474
1005002425751594
1005003225116966
1005001829198712
1005002597208421
1005002573014779
1005002989822847
1005002272646431
1005001693975150
1005002589978840
1005003295083733
1005003179174078
1005003379706751
1005002280503463
1005002890179932
1005001351910987
33045579130
1005003044443449
32462198740
32982040987
32842215980
1005001408590891
33002261705
1005002463133908
1005002382639478
1005002654931580
32880847750
4001143359082
32845010515
1005002554437508
1005002753595444
1005003118145429
32836849664
1005003181552980
1005002721514959
33035435188
1005003012603742
1005002915821952
1005003125141145
1005002207018418
1005002799192497
10000010558769
1005003184400102
32957993218
1005002365654602
1005003110053593
4000225723101
1005003331280855
1005003083694462
1005002466598441
1005003141841398
1005002901268174
1005002814527679
32806363251
1005002133943216
1005002790637312
4000762370663
32914304123
32977062675
1005003322661206
1005002590742937
1005002953920478
1005003192599505
32983311427
1005003290496198
1005003021595135
1005003361827990
4001025221629
1005002083952541
32887997278
4000960899921
1005002133803969
1005002492283475
1005002884522981
32848748199
1005001278811257
1005002607699151
1005002176888228
1005002350813020
4001236758550
1005003167332740
32812629439
1005002316992035
4000905399827
1005002749906185
1005002339015555
1005002835620530
1005001494172170
1005001899271085
1005001900847817
4000970518322
32817024122
4000158286023
1005003090479376
1005001756160368
1005001362734763
10000404578122
1005002664765117
1005003244891976
4000971329325
1005003328700998
1005002295790727
4000034933946
1005001521132363
1005003383567690
32792250016
1005001924646679
1005002473515614
1005002084364682
1005002490363168
1005002016605468
1005002828752090
1005002882924222
1005001961319279
1005003012517302
1005002841965730
32797609246
1005003345058526
4001018681961
1005003095331793
4001028428607
1005003006429127
4000912778341
1005003125977699
1005002621228258
1005002522299856
33011401138
1005003281179518
4000892891101
32950589680
1005003252639749
32878961744
1005002702816582
32996003812
1005003214408243
1005002176862436
4001056122073
32896824573
1005003146081540
4000158209738
32993755581
1005001810871736
1005001748482285
1005002806554150
1005002592604773
1005003008592544
1005002709572925
32923512929
1005001664386321
1005002726465612
4001137573924
1005003076383190
1005003322981667
1005002210543791
1005001557287495
1005002610521073
1005002012226473
4000751851361
4001224453118
1005001688353748
1005002730163711
4000378435209
4001065022407
32856336351
1005002641383357
1005002974072623
32886717499
1005001567907995
1005003246189839
4001214062283
1005003383345744
32619651259
1005001678148180
1005002694963699
4000544556647
1005003147433912
4000211044501
1005003335027144
1005002927270933
1005001581122164
1005002022493336
1005002915686965
1005002611771039
1005002774086161
1005002758277477
1005002763642113
1005003295820828
1005003299632412
1005003328087559
33045225066
32846568725
1005002685489867
1005002849024707
1005002398846579
1005003266668046
1005002603507293
1005001913139310
1005001419236440
32849546848
1005001479479877
1005001928516337
4001266022460
33016604485
1005002393590758
33006087302
1005001483107920
1005003178056808
4000141300212
1005003125810754
4000969227044
32903138958
1005003324890905
1005002459958621
1005002123382975
33044141944
1005002122234923
4001242077447
1005001863607305
33026086522
1005002946942772
1005003315457774
1005002069872912
1005002781678298
1005002926761698
1005003001242830
1005003062428172
1005001913145924
32968941644
1005002605663369
32991452363
1005001529744576
4001274637825
1005003251774086
4000939643287
1005001631187602
33021763536
4001002055108
4001252591433
1005002705324852
1005002761063174
4000800191307
1005002406938946
1005002727112482
4000323882103
1005003390697788
1005002890956642
1005001608490746
1005002767589043
32987228184
1005001967085031
4000327440909
1005002244581134
32992393795
1005003037045448
1005002346130307
1005002532029017
1005003309760456
1005003042159967
33010681117
4001212034247
4001224441569
1005002298181117
1005003120964181
32823545979
1005003136231406
32618346077
1005002968228010
1005001298017518
1005002775676130
1005002334083119
32316843970
1005002898464740
1005002872341817
32841151876
1005001491176928
1005002836599287
1005001831143951
1005003386365296
32871228045
1005003320255961
1005001470073815
4000804930733
1005001895572116
1005002774820590
1005002060290756
1005001567281403
32963050294
33005586247
32659176168
1005003069932141
1005002769026137
1005002663443714
32868238589
32992884804
1005002356708250
1005001522304015
1005003060766225
33038748159
1005003256972616
4000440435360
1005003100288456
1005003280401618
4001014898719
1005002851571253
1005003162506294
4000699088685
1005003183809384
32851033821
1005002576883906
1005003245401086
32990184887
1005002681244075
4000592162258
32841866239
4000853060444
1005002748671124
32869034199
1005003356595775
33047285122
1005001965749437
1005002816490735
692744641
4001186467423
32952960492
32985916533
1005003014629742
1005002238228106
1005003226820359
32912339453
1005001929310314
1005003375622231
1005003212147932
32990371389
4000318434751
1005002568897100
1005003134884368
1005002991297173
1005003329673483
1005003068757285
1005001927179684
1005003173547230
1005003197806362
1005002122295846
1005002985631864
1005003353174921
32978157473
32773912341
1005002248848137
1005002317140887
1005003259293180
32836002497
1005002966395877
1005001572099678
1005002603766047
32816436873
32827140468
1005002924888680
1005002311611122
4001270815235
1005002665165164
1005002241649297
1005003329976566
1005001507187705
33046891842
1005002700213977
1005001658810669
32911878623
1005002600495209
1005002633408506
32949794227
1005002818484971
1005003275546725
1005002973921092
1005002210704487
4000580136977
1005003212924574
1005002624662881
1005002913080184
1005002282615618
1005003108795622
33004221019
1005003333461878
1005002946851352
1005003087743635
1005002175728964
1005003289963467
1005003092194564
33061178903
1005002957053458
4000342972763
1005002998754602
1005001406633368
1005001475229362
1005001599117395
1005002053904385
1005002122461014
32378294778
4001358841080
1005002941047860
33036944088
1005003252781603
1005002380854460
1005001331566362
32825409983
4001066891162
4001065931265
1005003051540365
1005001623734744
32878923894
1005002546998135
1005002646065106
32341023020
33054358148
1005002219128777
32887968138
1005002073722071
1005001592046890
1005002998964576
32916046305
1005003302515851
1005002833638676
1005001632426493
1005001619961122
1005001430820321
4000388471332
1005001303802448
1005003095345854
1005002542183114
1005003364600955
1005002630626179
10000343875876
1005002761621953
1005002957383972
1005002941176677
1005003113265576
32997509528
4000928197205
1005002044834240
1005002282861899
1005002646924306
1005003241524886
1005002120738747
1005001893268332
1005002951950422
4000096461792
1005003244502245
1005002556022376
1005001382394385
1005002987438482
2027494717
4001275893439
1005003029195350
32459562287
32979464134
1005001816600486
1005003204511682
1005001414202707
4000348113430
1005003287738358
32908704986
4000548718222
4000983186261
1005003324474553
1005003345749609
1005003349513359
4000459097128
1005002899226557
1005001928035519
1005001786607794
1005002037159584
32728758840
1005003262200388
33031580390
4001045933755
1005002818832183
1005001357631517
1005001416945922
33061551286
1005001999983219
1005001392662981
1005001430559503
1005003014227966
1005003047683318
32915664947
1005001952450891
1005003384698039
1005002307702420
1005002281579588
1005002545636773
4000503101105
1005001584608391
1005003219282669
1005003177389839
1005003313294133
1005002315766314
1005002688143256
1005002084987709
1005002273357327
4000278803623
1005003020654597
1005002912858226
32880332527
1005003304246000
1005003299491026
1005002666321177
33061302547
1005002191624591
1005002649915101
1005001856222189
1005002717142831
32956166838
1005003353470013
1005002181297606
32843802953
1005003136907522
32949715484
1005002026629017
1005002878073424
1005001967203601
1005003334759700
1005003260810710
1005001627702863
1005003088179733
1005002317584302
1005002746553657
1005003373341892
1005001422582909
1005002886910700
1005002443057845
1005003306558113
32736066552
1005003069254556
1005001762334365
1005003333641128
1005003240420881
1005001286883267
32937908849
1005003288268628
1005003029994362
1005002854758810
1005003097215566
32810526963
1005002083738625
1005002462404486
1005002754024727
1005002808817857
4000215063052
1005002756674787
4001103465668
1005001793188207
1005002616003517
1005003329353936
32904707382
1005002448808605
1005002559844616
4001036683470
33002383851
1005001917839054
1005003183913823
33013462969
1005003391607064
33005352580
1005002894493032
1005002275361698
1005002971807182
1005003112635653
1005003176115161
4000337279066
1005003060523797
1005002716864153
1005001966034486
1005003087933984
32838022469
1005002482888262
4001128821093
1005002732865344
1005002076874716
32792834252
32345423988
1005003201648651
4000132368657
4000257060698
32711269256
1005003195430917
1005003106610003
1005002823633520
33038714585
32901213430
1005002932179613
1005002130786691
4000204321035
1005003009711093
1005001920530699
1005002790204579
1005002105026890
1005001905177557
33056053294
4000269257990
1005002223157870
1005002890530143
1005002761265817
32975463310
32968386094
1005002872213563
1005002293795744
1005002264872938
1005001802323879
1005002902111630
1005002513284528
4001062401520
4000511377283
1005003131217275
1005002171925359
1005002316360777
1005002869685442
1005003280283763
1005002708503864
1005002337216430
33036053807
1000004632046
1005003256735039
1005003161059182
1005002945456537
32889669876
32970729599
1005002232252335
1005002383713526
1005001804271405
33031983896
4000161106230
1005002058788065
4000071938367
32849332721
1005001490662472
1005001939454215
1005003387737472
1005002828036488
1005001698839632
32901518294
1005002865016094
32855486327
1005002570312323
1005003333792944
1005002540948928
1005003005017984
1005002311156944
4000842335536
4001153418419
32797212228
4000768465489
1005003388429912
1005001290525949
1005003140850678
1005003368382393
32870436339
1005001458972200
4001013057161
1005002922809543
1005002879834603
1005001815047346
1005002433719069
1005003282753013
1005003287485661
1005001987421359
1005002950789667
1005002636007819
1005002487130307
1005002989129992
1005003186581705
4001223279862
32973599972
4000903946305
32335920830
4000757112383
32957637447
4000541803091
1005003220953619
1005002508918283
32895909090
32988910239
1005001894694144
1005001440988087
32855828315
1005003119042768
32570107198
1005003280468513
1005003001572532
33035071551
1005002801907613
1005003192848817
1005002941766882
1005003304247228
1005001637383795
1005002966340446
4000335547708
1005003318924612
32462242427
1005003342126775
1005001743254627
1005002339553384
1005001847444756
1005003323390696
1005003124256051
32870332352
1005002730743425
1005003137251026
1005002884736915
33053177371
1005002659089363
1005002440358542
33056005703
1005002341295449
1005003080364216
1005001452461924
1005002312906237
33042966555
4001333986932
1005002210038821
1005002275259942
1005003035251575
1005003183561023
32824674558
4000262940370
10000125719292
1005002172649542
1005002943926760
1005002267751641
1005001632520952
1005002563931112
1005001344779180
1005003027392445
1005003309324824
1005003311461452
1005002960435220
4001323692365
1005002321318390
1005003103860387
1005002847540898
4001332916546
1005002529597903
1005002546562205
4000687989167
4001094245222
33049531472
32839027191
1005003217014431
1005002287037331
1005003136507881
4000624268354
1005003365656485
1005002608850894
4000215723676
4001362347447
1005002329114840
4000344752431
4000931216791
1005003340193486
1005002639721051
32954383573
32959518373
1005001820135285
4001273150852
1005003051027577
1005003152489309
1005003158152664
4001147589523
1005002061937906
1005002971224922
10000349383064
32332286425
4001333532738
1005001441359413
1005002948487515
1005003383687775
1005002759482382
1005002560175223
32722488357
1005002857258342
1005003330889617
1005002930545644
1005003177491118
32994046372
4001187814148
1005003319043572
1005002765622176
1005003131487809
32919682235
32814937503
4000179111551
1005003069542562
1005003156391078
4000976736455
4000445848902
1005003387726718
32993717802
32970689111
1005003092140446
32957324145
1005003020642290
1005002003711422
32766977277
1005002961132806
4000789402599
1005003299849486
1005001872346494
4000194122021
4000741194843
32888681549
32915886450
32588437016
33025640637
1005001738300810
1005003377370221
32828457319
1005002780067638
1005002579188655
1005002850279052
1005002418739967
1005003251291918
1005001880966161
4001332070855
4000890343361
32973477103
1005003033468031
1005002318212883
4001139160213
1005002797140153
1005003270199519
32958236111
1005002687250760
1005002949779590
32849425092
1005002553362873
1005003140253765
1005001425556602
32778203638
1005001808702082
32278883392
4001269250398
1005002839452373
32853352575
32691607803
4001057221037
1005002489644941
1005002730042652
1005002310933600
4001110900133
1005002112809418
4000937697348
4000766913536
1005001895974985
1005001619578054
1005002886355562
10000340177681
4000544233517
4001298653385
4000310517724
1005003288526187
1005003008897788
1005002870884044
1005002362560462
1005003335849312
32797530363
4000782074915
1005002903918234
1005002653179173
1005002611608986
1005001625269614
4000036141305
1005003379967432
1005001525401664
1005003008826428
1005003249308499
1005002966009301
1005003386923492
1005002132445444
4000768666504
1005002001692595
32909460833
32794004993
4001272783605
1005003195986721
1005003212702583
1005003140499065
1005002457863250
1005001893743827
1005002223872467
1005002470278222
1005002012263123
4001358546060
1005003387410633
32838870842
1005001867352510
1005003005268741
1005003094090073
32893779759
1005002992600784
1005002782543511
1005003308934843
32858437232
32959317922
1005003111205550
1005003322293345
4000460081771
1005001839717561
1005003212560005
4000921862249
1005003343919469
1005001783227814
1005002199065872
1005001361624250
4000183420401
1005002852219096
1005001998865658
1005001879085536
1005002862750757
1005003334043282
4000871403359
1005002594606566
1005003296693579
1005002613228513
1005003144944394
32894371211
33008374680
1005003380361503
1005002440657776
1005003156144849
1005002313632331
1005003335968578
1005001960339485
1005003247187816
1005002735568764
1005001762457866
4001272848955
1005002949377880
1005002882474433
1005002924038402
1005001308733167