1005003335729596
1005002366160286
1005001565307990
1005002861520970
1005003232005351
32536230190
1005002789949446
1005001493629541
32971021116
1005001466614530
1005002731173619
1005002771934148
1005002982398130
33046897518
1005003129630289
33012261877
1005001441300793
1005002370064506
10000107942115
1005003120872643
1005002223276148
4001164591168
4001276910277
1005003096022205
1005002794517660
1005003083553569
32973579682
4000786341772
1005003067041321
1005002431755918
4000865338099
4000462716654
1005002959436082
1005003089117167
1005002848859329
1005003214391550
1005002252467932
1005002197831291
1005002279654157
4000751049061
1005002657022929
1005002283012202
1005001270569864
32862270577
1005002193933385
32949104207
1005002423396223
1005002831925355
1005002647254652
1005002959406895
1005002246763583
1005003150276578
1005001650154865
1005003312775439
32863302646
1005003225911102
32958180558
4000927173741
4001341091308
1005002804736118
1005002861730942
4000188779803
1005002938950872
1005001380252993
32921573200
1005003387743725
1005002738642960
1005002245824919
1005001835411499
1005003245074795
4000289066155
1005003270657103
1005002118947539
1005002191801885
4000998080105
1005003065805793
33012209897
1005001611812624
4000933874051
1005003191197901
1005002645080701
4001165731394
4000119773166
1005001495348745
1005003113219969
4001043097322
1005003371048413
1005001998876309
1005002517283373
1005002991384212
1005001407414947
4000258367581
1005002314081324
1005003322901090
32843405636
1005002329036082
1005002344899371
1005002612871445
32970502569
1005003060067528
1005003199449744
32570965337
1005001361340809
1005002672666486
32907246367
32815491384
32890746486
4000879034995
1005002481032587
1005001657925547
4001263245458
1005001575300577
1005001290476018
1005003197256718
4000819679906
4001242696373
1005002762697949
1005001850016503
1005002104727125
4001019766055
1005003143189969
1005002810017394
4000045224214
1005003220813900
4000517309048
1005001496954032
1005003306402573
1005003187028221
1005003105744686
33039861457
1005002907616623
1005002753490430
4001285589303
4000836576678
1005003195599249
32246905932
4000864869021
33029945865
1005003258320529
1005002878341712
1005003158797173
33027553597
1005002317249072
4000085738552
1005002532677973
4000784886119
1005002177630930
32727542740
1005002531880620
1005003307894185
1005002716126761
1005002064113148
1005002676058702
1005001608984957
1005003120569267
33005003314
1005002681880882
4000403195098
1005003049010476
32889864573
1005001868418841
1005002830142346
4001054655217
1005003092930417
32850725298
1005003233009894
1005002889836214
1005003391606806
33018090304
4000667140806
1005001500927072
1005001275694181
4001159809748
4001352211416
1005001639530022
1005002774318667
1005002180358397
1005002798299663
1005002503420885
1005001786319415
4000558193502
32951142423
1005002801676244
1005003183954645
1005001419041804
1005003237902977
4000983029496
1005002878403779
1005002133885424
1005002982916578
1005002007020326
1005003358098949
1005001764671513
1005003248571810
4000619185833
1005002920366949
1005002912726511
1005003319777337
32943184739
32549735625
4000051174663
1005003140913293
4000597102450
1005002687747531
4001041867538
32773854608
32902738135
32884789588
1005003043028701
1005003276198621
4001065769127
1005003170864609
1005003274144313
1005002953949277
1005002877164967
1698459575
1000008102593
1005003300851071
1005002893631258
1005003186038440
1005002730138666
32881865915
1005002701001679
4000910845915
1005002852880149
32806742351
4000704355623
1005002841425855
1005002258101799
1005002270276637
1005003001075800
1005001392751622
32478268456
1005003128037902
1005002923747835
4000036330185
4001260287904
32985973456
1005003168881783
33022038247
1005001970917972
1005002869204341
1005002133388227
4000793213681
2051577681
1005003308969714
1005002303841824
1005001977063176
1005001578932860
1005002749047658
1005003308039159
1005001939838130
1005001853173401
1005002753462333
1005002789893075
32705297046
1005003191533539
1005001839617594
4001098663754
4000629431727
1005002323347288
4000156232528
4001248071813
1005003329700575
1005003066117761
1005003258175077
1005003367675753
1005003036586141
1005001670096190
32875087247
1005002337368537
1005002852760502
1005002570232587
1005002708081582
4000293632971
1005003305958684
1005001877646545
1005003076768356
1005001320683059
1005002882283351
32915117709
1005002959142410
1005003158788817
1005002793471086
32966489888
1005003222224338
4001084127231
1005003306481289
32907005277
1005003106421063
1005002789270176
1005002320573756
1005002900418287
1005003208441804
1005002587785710
1005003345774140
32836275716
1005003350470717
1005002060218892
1005002343307126
33003547354
1005003148871491
1005003179660814
32885784750
4000768000851
32982259495
4000853439558
1005001632756494
1005002734921974
1005001781318849
1005001376280511
1005002752596859
1005002616517171
1005001894601144
4001249955530
1005001747281554
32780255214
1005002001160809
1005002254453372
32922609670
1005003328946951
32800325235
1005001480234091
1005003024805567
1005003347846417
1005002340844510
1005002213980168
32957073231
4000245083578
1005003218292105
1005001884475667
1005001441321516
1005003350298871
1005002622391625
1005003206171296
33040475225
32899336792
1005003288062587
1005003367825004
1005001614251792
32961843305
4001208440806
32856077609
32964788645
1005002760013451
32892311065
1005002921209281
1005003139715651
32917525381
1005001598668728
1005003041570468
1005003101698387
32360083475
1005002951221279
1005001468088910
32247316968
1005002803271585
32808596766
32813615682
1005002986847212
1005003149441074
1005001623198980
1005003155802496
1005003197827503
4001054138343
1005002342390400
1005003260390175
1005002317574106
1005002732802024
32840403212
1005002244098768
1005003280456048
1005002205607165
1005001551995590
1005002379495173
1005002794513399
1005003368568192
4001143378260
1005003149386981
1005002971351159
1005003193352652
1005001814373586
32852517976
1005003048642250
1005003130241089
1005002613235708
32642229890
1005002954443849
4000317961049
1005002774979408
1005003286135316
1005003270750500
1005003171426758
32547913363
1005003322017255
4001014389342
4001132856430
1005002603763258
32841819337
32265171438
1005002567823982
4001285191773
1005003143147364
1005001413466601
10000012064175
1005003379997464
1005002826116696
1005001438872299
1005002998143238
32832864616
4001119154719
32994897908
4001186260639
32950537212
32993270093
32431131346
1005003360306850
4001270485785
1005003318774266
1005002637449465
1005003246763949
33043264377
1005002860985486
32920275558
1005002878726853
1005003134780510
32812819587
1005002952731848
1005003266601209
1005003162010173
4000782766684
1005001266106384
4000817226706
1005003251732592
1005002662151944
32879593327
1005003190610417
32953769637
1005003364512477
4000709062755
1005002271332620
1005003362790312
32822129578
1005003364824070
1005002729990659
1005002510710349
1005003111560003
1005001568428324
1005002316818174
1005002579682536
1005002701378531
1005003119840509
4000599761981
4000781355312
4001265584926
4000862832011
1005001977425420
1005002673892306
1005001736324500
4001120283911
1005002450611062
1005002746568517
1005001579815753
1005001779844195
1005003279002202
4001243754744
1005002289016793
1005002783896249
32982691455
1005002673449318
4000206598485
32793761289
1005002490538983
1344162056
1005003024877527
1005003023302175
1000003624092
1005002624765421
1005001561295264
1005003185581893
1005002674043355
1005003251014785
1005003068914165
1005002950127783
32856941849
1005001820395204
4000023704785
1005002739117935
32997530390
1005003342090921
1005001555120413
1005002812729641
4001208063257
32986240286
1005003337510624
1005002936013786
1005001354690108
32688047015
1005003109941348
1005003107607532
32939805981
32475020559
1005003216713014
1005003019145875
32881225014
1005002388361091
32927040545
1005001617004881
1005002844311160
1005002662686323
32909805771
1005002560977371
1005003354855373
1005003298150433
1005003274329662
32943405761
1005003301497374
1005002459476020
1005002786654221
1005003108741040
32925663927
1005002344963533
1005002631531524
1005003070202569
1005001699301719
32951989088
1005002354404226
1005003270674656
1005002555941006
4000107880128
1005002985440749
4000533085053
1005003278957178
1005002788953315
1005002943645555
1005002232528389
1005003162388139
1005003318291260
1005001714304322
1005002512060588
4001230390068
1005003307877238
32664664043
32974476822
1005003003336727
1005002371815146
32917830341
1005003227680377
1005002950019776
1005002752214860
1005002821519388
1005003152199885
1005001793079225
1005002522630213
32864590762
1005003042073512
1005002751021283
1005001319738573
1005003338176569
1005003247605226
1005002508923484
1005003219416428
1005002863488217
1005002017099825
1005003152492403
1005003320076841
33041155673
4000119045182
1005002103600626
4001274264528
32826650327
1005001493552391
32788003183
32892601965
4000182087680
1005003297680734
1005003129372084
1005003134606878
1005002931764790
1005003204975949
1005002893847597
4000004765471
1005003382161444
529487612
4001090543696
1005003129029471
32838930396
1005002649000960
1005003385193854
1005003303358098
4000332238783
1005001891645201
1005003109524109
1005001609677867
1005003308196845
1005003043872336
1005002304858284
4000253413565
1005001421481793
1005002668591754
1005002194247739
32965419481
1005002771828538
32955922476
1005003103684227
1005003213923121
32845196668
32869468101
4000860302273
32853095333
4001129661794
1005001920606470
1005003311238176
1005001511840476
1005003361970339
32968550527
4001304792209
1005003114915244
1005003069609253
1005001971348546
32757670386
1005003193536161
1005002356686721
4001106525695
4000192220281
32798687275
32954143794
4000476529703
1005003378018871
1005001597714977
1005003065180079
4001231233194
1005003353682176
4000685327272
4000589380510
1005003347972095
33028789463
1005001840666614
1005003135929464
1005003197385828
32888391857
1005001869277660
33011456199
4000133032190
1005001624530946
1005003135553544
1005003293325822
32710389701
1005002717222862
32972995426
4000183236948
32423857830
1005003097279686
1005003386810078
1005002142397629
4001188763678
4000166756188
1005002728602251
33006564413
32896922288
1005003069424315
1005003294368165
1005003337582478
1005001875377881
1005001990295027
1005001381889763
1005001609034119
1005002312679828
1005002211686286
1005003339411865
1005002988965378
1005003133714504
1005002033751053
1005003288074172
1005003198556334
1005001612092659
1005002765628731
1005002235802126
32868676202
1005003260759209
4000823720419
1005002928070166
1005002126085228
1005001952525213
32927952934
1005002709989313
1005002333084363
1005003338497686
1005002966860159
1005001616671470
1005002448169783
32909113741
1005003274023316
1005002746652017
4000336333246
32697545871
1005001399401604
1005003088346086
1005003141166087
1005003106091809
1005002592715152
1005003019715635
1005003145937097
1005003113721140
4001230339734
32871898440
1005002435712665
1005003160158247
32328702479
1005002337682622
1005003234236141
1005002368951898
1005001622227143
1005003097402862
4000741917108
1005002595658404
32379296727
1005001632272429
1005003153305662
1005003050313241
1005003261659890
4000313095182
1005003068766743
1005002380835385
4000117704708
1005002752872252
1005003342664929
1005002012326391
1005003036848422
4001201676911
1005001504782127
4001022413894
1005003305909921
1005003375994582
1005001867264783
1005003252425942
1005002804502349
1005001500707513
1005002889034357
1005002388928350
4000829439917
1005002518089233
33001986083
33048357935
1005002406328191
4000834021534
4001090489594
1005002345036330
33039787765
32855728032
1005002857927770
32907963146
4000747915803
1005003069539573
32916597065
1005001686178123
32954048268
4000396449120
1005002260613315
1005002084537554
4001271063049
1005002303664017
1005002939385119
4000187135704
1005003080094084
1005002272320223
32809478275
1005002410865701
32315447687
4000056291919
1005002032064062
1005003203591274
1005001556351259
4000125080498
32945764218
1005002781554642
32869328343
1005002474659685
4001320683685
4001032834273
1005002252752617
1005001503049784
4000546618891
1005003290257301
1005001708694139
1005002369223451
1005003232848109
4001054382734
4000073541544
1005002723664240
4000505677800
32809864086
1005003031818494
32959438256
1005001393143417
1005001605687452
1005001540985986
1005001430867597
1005002625796816
32970399553
1005003323636395
1005002774470844
4000941305293
32866093904
1005001851364874
1005002694854097
32879808001
4000538551619
4000529249854
4001217491409
4000783004408
32827617568
1005003326881444
1005002939627703
1005002751776207
4000563344586
32359929116
1005003050413984
1005003246110975
1005002722774196
1005002612841744
1005003100662918
1005003303317433
1005002965059330
1005002753986709
32911560160
1005002264007062
1005002559545710
1005002593601466
32664878153
1005003234277656
1005002753860845
1005003251475179
1005003279808629
1005002259329642
1005002721310286
1005003313636862
32856094093
1005003274275681
1005001990497466
1005003380376450
1005003325440044
1005003299392706
1005003072358747
1005003375564803
1005003009202833
1005003299527133
32855596624
32533922509
4001160465072
1005002471306096
1005003369924525
1005001747942563
1005003272276442
4000741590264
32971807706
4001292725037
32848367037
4000226921589
33009325172
1005003306614619
1005002947170931
1005003139405965
1005002678031386
1005003098624011
1005001991942691
1005002032910022
1005001727221536
1005002018397308
32961008474
1005002526434743
32833484816
4000504411891
1005002857083094
1005002616792522
1005003276110021
32947699233
32839556217
1005002259274526
1005003090902512
4000774150428
1005001419108077
1005001903017182
1005003298179999
1005003222275991
1005002801118014
1005002316707868
1005003166113456
1005002153796328
33038726821
1005003309997091
1005003104345826
1005003346746242
1005002991707103
1005002582514358
1005002734324318
4000029373575
1005002648834437
1005003381586630
32589212201
1005001779550481
1005001457612464
1005003277743760
1005003277924939
1005002333816494
1005002087759137
1005003213048085
4000057237327
1005003186968677
1005003380166633
1005003279322109
1005002957982248
4000057744677
32902672159
1005003017292159
1005003168997447
1005003278781311
1005002767502097
32893216305
1005001786014710
1005002359678742
32852767981
1005001953781203
1005002635335953
33034350357
1005003324366059
1005002945490283
1005003232691625
32810609924
1005003092574996
1005003180504431
1005002870084646
32808485503
32231914622
1005003275967596
1005002564814290
4001150742565
4000939261734
4000022376433
32282701921
32739718629
1005003292790811
4000440982102
32888504436
1005003371445121
1005002460642790
4000023707597
1005003028126849
1005001971820149
4001244827610
10000401719808
4001290487454
1005003302256260
1005002759165823
1005003068447265
1005003203743988
1005003175026650
32924527991
1005001555826479
4000900551441
4001125642646
1005002622058697
4000024372901
1005001473861086
32853572621
1005001786298637
1005002272467767
1005003156477650
32657563124
1005003148615049
1005003360424648
32562593061
1005002902611228
1005002705383222
4000360427814
1005002728266381
1005002224514165
32836190732
1005002232770571
1005002027963345
1005003031222176
1005001603572326
1005002749159076
1005001359509729
33047674917
1005002541292165
32780862608
1005003334652825
1005003379525692
4000776117304
1005002637540319
1005002320307271
1005002947398193
1005002608858811
1005002298943615
1005002630667111
4001132127896
32798967679
1005003102104175
1005003300793605
1005003255691331
1005003003665156
1005001651635555
4001248556529
1005003135612202
4000251309519
32871907384
1005003321573780
1005003095314894
1005003060331620
32321333545
1005003241521789
1005002709674886
1005002938147799
1005002992670002
32963571629
1005003037142033
1005003127480392
32959042388
32859412545
4000135826738
4001112865852
1005003158194097
1005003226985240
33026681469
1005003118964263
1005002587186121
1005002964483749
4001208736491
1005002692742499
1005002805688565
1005003278387702
1005002970569133
4000262894466
4000245373748
1005003197948406
32862881406
32844636582
1005002470558301
1005003210494649
4000968372478
1005002896982604
1005002775726529
1005003076865855
1005002790371142
1005002940476134
32829263440
1005002761166759
33038434388
1005002907557427
1005002925589540
32911891440
4000763887636
33029088871
1005003155926504
1005003342655111
1005002374780276
1005002826957737
1005002220427465
4000238861005
1005002339525095
4001235343365
1005002008548729
1005003299328481
1005002108727126
33034687147
32522371649
1005002841426570
1005003026555767
1005003250426751
1005002578023131
1005002690710021
1005003373753296
1005002393748485
1005003257933159
1005001834714996
1005003172650450
1005003129722513
1005003334032480
1005001485656273
1005003279849895
1005001304872131
1005003336864253
1005003032725714
1005002767984914
33009649660
4000018050614
1005002922324291
1005003387499530
1005002143233612
1005002258429777
1005002712191204
4000924106333
4001226405719
1005002869687005
4001327186275
33058188602
1005002076395683
1005001287046026
32553656533
1005003353076454
1005002388589592
4000382481187
1005003178313731
1005001708683202
1005003016477103
1005001924834578
33048874785
33009797616
32950640582
32478369381
1005002207985434
1005002516618863
1005003150825602
1005001873652361
1005002416622034
1005003199136894
4001306282185
4000183262184
1005002058704150
1005002836844269
1005003135840297
1005002739922279
1005002755980459
1159610047
1005003336515667
1005003159954202
33045903863
33034295331
4000853308652
1005003257752019
32802498424
4001093526689
32997120486
1005002618349768
1005002545573026
1005003392317910
33047160012
32955616579
4000562425534
1005002974255891
1005003205298249
1005001908760977
1005003341798245
1005003177420715
1005002422295799
1005003263489032
33029125275
1005003086201517
1005002753575954
1005002559009539
1005002408092992
1005002965125635
1005002997413774
4000764361034
1005003088267400
1005002605683202
32823215808
1005002542808501
4000149221630
32959566739
1005003215319051
1005002353712586
33011052001
1005002408179497
4001034248203
32997218903
32858873688
1005003154249022
4000022343507
1005003334892753
1005001893137800
1005002868832263
1005002995057516
1005001315661841
4000729677107
32813096991
1005002435372390
4000278059466
4000389508821
1005003320896449
1005003276446159
32996938586
1005003141370232
1005003331187760
1005003001171686
4001173142671
1005003000958145
1005002452882324
4000689207774
4000742484874
32967700219
1005002582056431
1005002726216752
32803885929
1005002988306611
1005001437597049
32408441183
1005002589520403
1005003249428319
4000628853714
1005001321609542
4001235732060
1005003246069851
1005003029769760
1005002660689502
1005003161714805
4000693304642
1005001320152122
1005001807830362
1005001432116499
32853450909
4000245741252
1005003245912472
1005003175759154
1005003191148215
1005003358189315
4000643383960
32869613174
1005002841127088
33014503336
1005002716886023
4000837981792
1005002751456494
1005002038430774
32801922205
1005002239827019
1005003302670117
1005003265204742
32810973793
1005003364358274
1005003344729788
1005002381132117
1005002708861979
1005002608781296
32970263746
1005001863680373
1005002446450947
32824305248
1005003336830762
1005002538076473
1005002603794602
1005003239356457
1005002032065542
1005003390100418
4001156186363
32859843580
32767109458
1005001675242850
1005002097694084
1005001867364345
1005002979928827
1005002094245657
32847489584
32822214039
32970511033
32965767258
32919526488
1005001934996726
4001054685655
1005003180568528
4000981910987
32946226110
1005002404088716
1005003081967300
1005003155900476
1005001607249911
4000801890619
1005002982720832
1005002868793749
1005003145467220
4000415282469
4001204035383
32926025806
1005003107283660
10000395951041
1005002243991421
1005003022428146
1005003168510971
32694895542
1005002270752444
1005002708304830
4000674247677
4000402929652
32808918200
1005003144450315
1879440386
1005002623788968
1005002495953532
1005003049938758
32960952761
1005003356033651
4000946763571
1005003128060906
4000967222708
32817999806
1005001415157702
32850817220
1005003225311608
33013303785
32999550339
1005003370967057
1005002003973491
1005003234965352
1005001392824783
1000001591665
1005001950272701
4000132393787
1005002494993150
32992992187
32942057055
4001068364872
1005002847882948
33007333012
1005003351811639
1005002670768356
1005003311321524
1005001559834288
1005003161083116
1005003192499057
1005002530290617
1005003008912113
1005003280041143
1005002320851842
4001310197506
1005003347847798
33004709820
1005002498748686
32913051566
4000119359794
1005002317691993
1005003292949794
1005002960169560
1005001634180272
33055336212
1005002170908300
1005002568807453
1005003035319576
1005002646972632
1005002395711220
1005003000181924
1005003355152395
1005002981887837
1005002172415648
1005002682040966
1005002065211338
1005002276978289
1005003298190429
1005002566720127
1005002650528435
4000906374878
1005003347997958
1005002603855097
1005002065332698
4000158418046
1005003224268838
1005003134473453
1005003069820401
1005003102338162
4000986349326
4001261525680
1005002589743978
1005002503493446
32951763854
32865211080
1005002341848632
1005003026222027
1005002039816835
32841915700
4000150912404
32990485849
4000465876798
4000918723401
1005003204478277
1005002630413989
1005001360113075
1005002676369941
1005001718738041
1005003089089478
1005003166162908
1005003277475150
1005001914707220
1005003391858274
1005002712405096
4001077297082
1005003322165670
32838076590
32723692862
1005001473074632
4000793791734
1005001380681970
1005003184532162
1005001953634472
4000331171367
1005003123534598
1005003080136124
1005002863806694
1005003307125172
1005003098728741
4001227847158
1005002567256044
1005001762113637
4000863319614
1005003146380244
32887167246
1005003069785495
4000286803812
1005002731578111
32801514961
1005003310083761
4001085020771
1005003080997959
1005003276925310
1005002297929151
1005002356962348
1005001478988816
1005003278261684
4001035441115
4000002509356
4001282698301
1005003162075288
1005003292296003
32966558502
1005002050206543
32952280000
1005003321103646
4001119174284
1005002314103339
32842361137
1005003262406648
1005002337070934
1005003139356281
4000392514445
1005002790989950
1005002165202401
32587222357
1005002153039202
32921693901
1005002619214968
1005002516925698
1005002239853510
32815749018
33040346807
1005003055172388
1005003150407368
4001113061933
1005003308124811
32635583019
32845880934
1005002192143769
1005002878483087
1902218180
1005003374579997
4000143969119
1005002838546334
1005002326197360
1005001889796475
32975408897
1005002605157888
1005002221353330
1005003040525238
32863871625
32949451184
1005002330594837
1005003244837460
4000766118724
32847526024
1005003245739532
1005002922610511
1005003136077598
4000780341395
32958077426
4000182966928
1005003276586339
1005003362828033
1005003098131661
1005003309959785
33046108228
33018035441
1005003226586181
1005001666672768
1005003181568815
33016701555
1005001658752003
1005002412939887
32912711094
1005002305923076
32951697447
1005002696179107
33043022973
1005003133875071
4000238865339
4001305911276
1005001680420725
1005003294334185
4000201760395
1005002622854200
1005001304562857
1005003334052066
1005001265571923
1005003076085855
4000138981813
1005003105644835
1005002342303140
4000982532967
1005002511266397
1005002094269902
1005002723392569
1005003346384641
1005003334796411
1005002608880688
4001359610694
1005002128367374
32908989488
1005002320705440
4000093523525
1005002794794716
1005002711329718
1005002627029311
1005002547625909
1005002584222455
1005003277807707
1005002121116621
1005003215940467
1005002907684232
1005002612548416
1005003237219644
1005003379305656
1005001320474901
1005003209669240
1005003066534148
1005002332699476
1005002408141552
4001159440790
1005002258698468
1005003048300566
32999961628
32949865605
32973477634
1005002441237911
1005002742992425
4000522817712
1005001478480391
33005769762
1005001491277175
1005002661977391
4001240422338
1005003222946154
1005002532763011
1005002973770921
32892434270
1005003076643760
1005003120624336
1005002862994607
4000377317325
1005001387659617
4000673174153
1005001722170830
1005003064014864
1005002616108967
1005002983436122
1005003277270763
1005003283758310
32787878043
1005002459487070
1005003202155930
4000250551643
1005002538078244
1005003025167673
1005001998951004
1005002026656998
32824549865
1005002039331484
1005002129934406
1005002616171528
4000586131021
1005002979506334
32832301299
32958333072
33007906905
1005002220872653
1005003135016601
1005003095371405
1005002885208123
1005003103017535
33006783920
1005002496464617
1005002539225648
4000538334526
1005001602452043
1005001524435568
1005002780187751
4000037048968
33032312821
1005002593146875
32951706815
32984438128
10000011482929
33044394148
1005002998115111
1005002658020103
1005001548160255
1005003149717065
4000261937194
1005001801186186
1005003328130855
1005001421473486
1005002991464863
4001299270196
1005002561768673
1005003333798296
32904297087
1005002571994487
1005001841686558
1005003243428183
1005002997923126
4001197407669
1005002648919450
1005002822823225
1005001778597904
1005003014727629
1005002957083318
1005002877115469
1005002973000444
1005003192998496
1005003292533635
1005001903203606
1005002363212356
4000129300935
1005003238194738
1005003105805492
1005001405348531
1005002075398383
1005003368351398
1005002617256172
1005003380905698
1005002447916087
1005002739069065
1005002918384037
4000818162098
1005002504895217
32985338216
32941941802
1005002579092127
4000760460993
1005002593049343
1005002384073665
1005003224836744
1005002955930678
1005002989834275
1005003297661782
1005002273223935
1005001643960435
1005002561592692
32965592381
1005001877702821
1005002083915417
1005002917533553
1005001861835986
1005002112748605
33063042692
32917175459
1005002008194305
1005001799042598
1005002278044116
1005002192475707
32795169957
1005001846481988
1005003326677529
33013539801
32857724238
1005003146054409
1005002991952874
1005002378426632
32860359105
1005001304391031
1005003163945816
1005003115322474
1005002796661124
1005003336069963
1005001305487926
32838618663
4001079693854
1005001840845743
1005002682677635
4001278352567
1005001670042853
1005003186020664
1005002623387479
4000084725188
10000343862916
1005003385769118
1005003249519320
1005002858036832
1005002497650377
1005002612239370
1005003196389633
4000774491225
32250945692
1005002355901525
1005002952029333
1005002964978103
1005002962886570
4000920190525
1005003375052751
1005003006016509
33052563312
1005002481204520
1005003156223026
1005002791637469
32562698098
1005003327176589
1005003154738700
1005002316223003
1005002796378796
1005002816804401
1005002756502577
1005003239353910
32983216462
1005003021198503
1005002288061182
32906454487
1005003273168619
1005002835591610
1005002723459114
1005002604078492
1005003102706219
4000013713704
1005003005806152
1005002722248197
4000598535433
1005001355357037
4001084872500
1005002891258944
1005003181053777
32864201237
1005002567816776
4000344534802
4000009106776
1005002805775872
1005003278716941
2028252443
1005002583110431
1005002296831364
1005002539870284
4000640054987
4000156064631
1005001631565372
32956062743
32982139828
1005002588365301
32971021151
1005002969980817
1005002545003226
1005002170506312
4001072363057
1005001392988291
1005003056739370
1005003239885430
33038503391
1005002828511431
1005003252330088
1005003173887575
1005003206057110
1005002492431981
1005003329808265
1005002502920045
1005003175257474
1005001899482559
1005003065712551
32874372629
1005001411687174
1005002941181117
1005003165176936
1005003297713073
1005003010783105
32801465631
4001241773868
1005002895947100
1005003182690001
1005002863741605
32987364526
1005002808261726
1005003128418672
1005002320667365
32809376996
1005002642708217
33055461057
32983172301
4000320504040
1005002482238784
1005002368368213
32990249491
4001147373127
32822208765
1005002974039746
4000195383196
1005003147610052
4001230322742
1005001322100527
33000407851
1005002453654233
1005003090841218
4000243367603
1005003356067836
1005002931365215
4000482582861
1005003287749116
32846730118
32838055548
1005003135216335
33009446937
1005003286861449
1005001593462965
1005003294094197
1005003158142488
1005003333192895
1005002180765124
1005002487983355
1005003337018987
1005001370016496
1005002394860975
1005002615539902
1005002448666711
32698725537
1005003318365196
1005001495634708
1005002671802816
4001165756681
1005003124926099
1005002751899019
1005001317271851
1005003165315513
32887921166
1005003068810682
1005003252334021
1005002301144526
1005002541623400
1005003237857648
1005001867275763
1005003299459663
32812703980
1005002600393160
32647672219
32923639399
1005002047241036
4000010618546
1005002595055102
1005002110065263
1005003239284229
1005002439877690
10000395876101
32787876513
4000199992025
4001017649440
1005002179712645
4000867083631
33057316111
1005002657032383
32811188592
1005003335137395
4000791767752
1005003335145700
1005002329201327
1005003052204120
1005003094919448
1005001580998292
1005001669409386
1005002879276481
4000410465510
33051542680
1005003263599514
4001291146242
1005001948454336
4001214571608
32939825000
1005002932587951
1005001905597424
1005003136182805
4000014133941
1005003175922532
32809792502
1005002043259640
4000115290791
4001173299341
1005002752795355
32913638115
32708266510
33012948511
1005003031634968
1005002635101884
1005001524724951
1005003273721614
32745240493
1005002312018033
4000407721840
1005003378970362
1005002915482992
1005001483453385
32852520281
1005003086007962
1005001905728869
1005002300939036
32849688553
1005002437980885
1005003365518768
1005002387836585
32855500170
33030005558
1005002389606616
1005003354644784
1005002211450944
32903504323
1005002420369810
1005002369715008
1005003283266741
1005003352834608
1005003351850376
33062586377
1005002377772982
1005002288954063
1005003112086985
32907702345
1005001676905166
4000720673055
1005002707205394
1005003353046101
1005003288401403
1005002328646827
1005003228317706
1005003171804511
1005002263647595
1005002340601515
1005002774061662
4000288611045
4001038783911
1005002028632926
32997875845
1005003239784101
1005003249864203
1005003283601656
1005002862755404
32849762134
1005003001130350
1005001572870120
1005003370984899
32809355711
1005002879226342
32972507759
32890623004
32724885105
1005003118065502
32978392238
32852898783
1005003189010232
32798763466
1005003146390626
33030391748
1005003128632358
1005001420159204
4000203467176
4001204123462
1005002395292569
4001061704385
1005003144449596
1005001567203439
1005002126071457
1005003285237423
1005002952408556
32910234099
1005003086743566
1005002711013705
1005002910772734
4001201891357
32911589165
1005002432883804
1005002260341932
1005003037505122
1005001279232896
1005002388402136
1005002271852224
1005003019238241
1005003131567047
1005002223817774
4000138728079
33055771935
1005002920576901
1005001439651287
1005002353835582
10000395899991
1005002079472111
4001104173171
4000120110338
1005003310144980
4000205888783
1005002939921130
1005002068582862
1005003230919109
1005002542941629
1005003265230634