1005003205654352
4000706412437
32814961186
4001365270259
1005003010842480
1005002054043004
1005003311136924
1005002402456002
1005003346054828
4001271897949
4000614471281
4001108717831
1005002026764488
1005002565512491
1005001441451708
1005003274873016
1005001920743777
33034047552
1005002656295097
1005003385848117
1005002890400290
1005001889527114
4000975908645
4000510764486
1005001868895865
32353731092
1005003330318171
1005001793016296
4000781165280
1005003182373665
1005003066031739
1005003099084579
1005002612236761
32912663130
1005002408844260
1005001965177365
4001095408494
1005003183003344
32800117140
32909193278
1005003158652694
1005003255107690
1005002571244763
1005002508543942
1005003057150479
4000890481716
32974342285
4000403254704
1005002637900490
1005003026817096
1005002694303147
4000151922529
1005003274136015
1005002656663411
32772989965
1005003270962373
1005003190558173
1005001560896965
1005002097493870
1000004665119
1005002286218009
32950498866
1005003077247586
1005001427437007
1005003264920105
1005002223890285
32993733952
1005001678033135
1005002518390643
4000188717974
4000755243276
32948240124
32907500449
1005003003012971
1005003166465852
32881437791
1005001700115532
1005003088408494
1005002979987811
1005002400320288
4000538582981
32959762930
1005002939966593
1005003290284184
1005002979605967
1005002095634342
1005001476080618
1005002246913763
1005002983860473
4001030984560
1005001836023222
1005003370852427
1005002584523851
4000496997500
4001081285167
4000728080150
1005003218106620
1005002321572258
32949929643
4001270709196
1005003076935676
1005003386227858
1005001593623788
4001178236867
1005002809033437
32279054953
4000581566813
4000469337651
32923732656
1005002781559110
1005001774798587
1005002212084961
4000990223634
1005002400057061
1005003327605788
1005002181208272
1005001357947133
1005002589006729
4000570502355
1005002696194993
1005002776468523
1005003262024483
1005002222296391
4001065047705
1005003262559597
1005003365875675
1005003392533083
1005002224231303
1005001315620594
1005001987316241
32957053224
1005002011159959
33017642246
1005003224691962
32840015013
1005002879787465
1005002768869371
1005003059507458
1005002515372492
1005002921247156
1005001682445602
1005001555137304
4001078016190
1005002600699973
1005002977642189
1005003334339441
4000884664536
1005003371398518
4000173671675
1005002682449784
1005002506413097
1005001365653225
1005003095877690
1005003170242478
32991646014
1005001348763361
10000343882913
4001150881691
1005003283792479
1005001327548830
1005001996619998
1005003212257157
1005002010787261
1005002305446646
4001039444289
4000682864991
1005002002872472
1005002211617659
4000627246666
1005001273674133
1005003180845573
1005001741198163
1005002625703210
32584194551
1005002450242892
1005003259218631
32972508590
4001155061556
1005001638648320
1005002337661447
33007718648
1005001630864405
4000642497782
1005002097648269
33001408425
1005002789059892
1005002597635071
1005003272056346
1005002105829335
1005002568813855
1005002312411791
32997152998
1005002974550755
1005003144227217
4001222709663
4001178441916
1005002774088301
1005001310799308
1005001520376031
32746413098
1005002977776372
1005003119201479
1005003346958424
4000696294788
1005003304042881
32799006775
1005002915584728
32582857429
1005003271137101
4000339128475
1005003010718502
1005002635342405
1005003307256347
1005001704921823
1005003139297295
1005003282140879
1005002016064695
1005003340460448
32835845062
1005003271131521
1005002752251694
32799377738
1005002965645533
1005001574114332
32630258771
33017739936
1005001564662087
1005002995697756
4000033159174
1005003268855856
1005002051954856
4000067067806
1005003275917449
1005003151955794
1005002994478958
1005003326650720
1005003247125085
1005003285885701
1005002573211897
4001061872762
1005003082033100
4001221066941
4000943611843
32918101239
1005003298651585
1005002908430303
1005002053792883
1005001768701624
1005003111626504
1005002277763826
1005002640784951
1005003020621351
1005002311011561
1005003122372933
1005003342831817
1005002831682712
1005002208305060
1005002337579435
32594336285
1005003255677472
32897209325
1005002469767477
1005002213694490
4001278904572
4000943563247
1005003254929900
1005002755920568
1005002470175542
1005003385005931
1005003247504140
32662836071
1005003342578188
1005003237965791
1005002115435106
4001284022667
4000585111929
32500097209
1005002276863049
32895794941
1005002748123586
1005001722167236
1775749740
1005003336207040
1005003197877653
1005002787045440
1005003246272583
1005002805318215
1005003365156615
1005002537316872
1005003158799877
4000793837507
1005002039117617
32699369705
4001022826793
32572854849
1005001814484210
4001120414239
32861677885
1005003102504274
33018443464
4001230400274
1005002767491849
1005002460961299
1005002806206982
1005002837065358
32960142593
1005002102221497
1005003244623208
1005003280258605
1005002842821973
4001127380009
1005002959587532
32918928390
32727051490
1005003113866600
4000043683036
1005002979679274
1005002687805886
1005003256362293
1005002265712738
1005003110294530
1005003340845406
1005002488816601
1005001858015733
1005003311619138
1005003210596623
4000292274952
1005003364192685
1005001319683517
1005003265060023
4001223191434
1005002546514621
4000771988308
32511133747
1005002652805856
1005003168884321
32849390583
1005002434742299
32922224141
1005001462548113
32844864480
1005001703205902
4000035778753
32856332324
32229440614
1005002246478517
32423557430
32901301920
1005002718876151
1005003261071590
1005002618395532
4000963832724
32818886151
32794972345
1005001865921897
32824325567
32932813815
1005003031824936
32895386750
32873481266
1005003114114959
1005003106334801
32961686034
1005001731937085
1005001970952327
32826719984
4001172824286
1005001999449523
1005003299047353
2021025776
1005001901683703
32901432198
10000022844263
1005003390874735
1005002430473659
1005002594033189
1005002128575534
1005003038149036
4001218924371
32832726138
1005001961670359
1005003091136743
4001237802633
1005002978513199
32900646369
1005002775969252
1005001292823358
1005002608343104
1005002282621450
1005002949698226
1005003124251025
1005001757547368
4000640628082
1005002979168955
1005001665725173
1005002804601186
32799228764
1005002343747903
1005001917617853
1005003176338872
1005003308024746
1005001877728398
4000915554834
32887959782
32972250343
4000861353253
1005003044963749
1005003124089607
1005003128308077
4000197583578
1005001572203068
1005001535150688
1005003371521298
32668946043
1005002246069462
4001167926539
1005001966895591
1005002426281480
1005002350736919
1005002820767984
33045087404
1005001348503386
4000047086969
1005003363040137
1005001949222264
1005001484251021
1005002717176541
1005003315955911
4000239186818
4000397533217
1005002924433228
1005002731802777
1005002394301271
1005002092080525
1005003106271192
1005002629384636
1005002524495343
1005003203837517
1005002424209220
1005002468809462
1005002723912139
4000415901668
1005003214576239
1005002608385950
1005001577586672
1005002594411146
1005002302738145
1005003272763391
1005001798835879
1005003272195864
1005003103023466
1005002572144764
4001231028240
1005003351452574
1005003172929908
33022205915
1005003335036758
1005003279292563
4001039386772
1005002868453229
1005002875364260
32993141264
4000042190687
10000293014531
33005964960
4001225873936
4000393536424
1005003175591294
1005001340049251
1005002646667937
1005002927725064
1005002454384126
1005003270411933
1005002775548812
1005003072910301
1005002543089738
4000785373794
4001234488570
1005003117186893
4001232253336
33011095415
1005003026719045
1005003384031009
1005002625222371
1005002953023260
1005002303128593
1005003307364332
1005001875115195
4000863598880
4000959826717
1005001281606654
1005003298886700
1005002187659984
1005002805020491
4001196358454
4001253436461
4000205592238
1005002873189517
1005002547841916
1005003309934279
1005003309516391
1005002512875338
1005002965344044
1005002317271437
1005002679506194
1005003211644829
1005003387799348
4000166965341
1005002991169168
1005003113878270
32908451399
4000430530277
1005002950938309
1005002286703226
32848420412
1005002205290573
4001127785370
1005003214028568
4000200609407
32920671300
1005001844088959
32847086451
32857312034
4000111817931
32958880308
1005002064120347
4000852923232
1005002568123757
1005003196806027
1005003287375031
1005002705262170
1005003168994017
1005003110928882
1005002920835498
4000112615076
1005003354162564
4000929786261
1005002305209693
1005003209327413
1005003383358743
1005003324478968
1005003217263016
1005001482655293
33002748730
32303299814
1005002586907182
1005003008373100
1005002283206810
1005001576471898
1005002370467342
4000173400036
1005002985172421
1005002133587847
1005002673234199
4001013902033
4001038489576
1005003228898187
1005003083517259
1005002254387496
1005002889880545
1005002822760903
1005002938041372
1005003368342120
1005002405164604
4001167976346
1005002775196833
1005001732709037
1005003319430238
1005003190522746
1005003140022203
4000254281126
1005003117892087
1005003269466207
1005002342611427
1005003037827520
1005002405762020
4001059274088
1005002234231083
32950154587
4000066652939
4000576541807
1005002727412630
1005002717607132
952553687
1005003053229602
1005002750906732
1005002663159019
1005002929104623
1005002761704061
1005003121957161
1005003337707800
32341994458
4001297237534
1005003130229243
32996299541
1005002227871935
1005002397831232
1005002869113303
1005002631538767
1005003102474829
4000589255325
1005002134070078
1005002315275862
4000689151344
1005002971642062
684852559
4000044831319
4000735734601
1005003372751371
1005003219462770
1005002579838759
1005002945277328
1005003326963753
1005003147813322
1005002331069049
4001027976308
32988610463
32826581362
1005002137045157
1005003252301248
32827012841
1005001998393066
1005002347687614
10000320484771
1005002830278349
1005002081877967
1005002332458396
1005002920723335
1005002283345379
1005001799057804
32813746807
1005001898809468
4000699089683
1005003032565091
1005002588014035
1005002221881489
1005002317964584
1005002476614784
1005003079544883
1005002819771635
1005002115451303
1005001401597508
4000865411367
32920193159
1005002650464309
1005002313418790
4001360682025
4000566787280
1005002564956443
1005001578743720
4000577148136
1005003380444803
1005003228089076
1005003234975807
4000070073736
1005002090069638
1005001996515842
1005003161532688
4000778315675
32754436053
1005003378187934
1005002675238922
1005002051542902
1005003250178970
4000527404532
4001160490384
1005002037842416
1005003351144082
4000184298512
1005001556954153
32954628305
1005003100753956
4001200397274
32944261360
1005001794591937
1005002935338802
1005002785529131
32607560508
1005001701736345
1005003230512489
4000999127935
1005002110036141
1005003338130674
4000892270665
1005002272524121
1005001860792991
1005002741249837
32900543424
1005003386418178
1005001457538413
1005002550872821
4000384568203
32810532487
1005002991461577
1005003366105272
1005001912443711
32847694080
1005002824169559
4000403074556
1005002327794388
1005001734572989
4001335931428
1005003113743551
1005001824310178
1005002939802220
1005001693449670
1005001796100146
1005003002691526
1005002751740056
1005001612148968
32934315924
1005002732563751
1005002762063410
1005001437311085
1005002087226415
1005002616221141
32989493461
32827906973
1005002490216336
4001362035334
1005003142842240
1005003126785729
1005003066912546
33032301876
1005003287287691
1005003149490675
1005003062867976
1005001922124386
1005003233773587
1005002747912570
1005003263197634
33023628028
1005002804163528
1005003338198769
1005002608524287
1005002539003169
1005001901426006
1005002605754332
1005001629160133
2031810775
32859253266
1005002922445970
1005003042103600
32856479476
1005002855136030
1005002475931975
1005002512322413
1005003264211288
4000129849244
1005003049379206
32790839013
1005002519987359
1005001451221203
1005002086180860
32779181827
1005002323664950
4000274026755
1005003328465094
1005002580079422
1005003108464730
1005002964585052
1005002614333739
32975842495
1005003184403795
1005003391407048
4000200488895
1005003114179860
1005002571218185
1005003093752837
1005002247439084
1005001998038168
1005002558170616
4000043966474
1005002966346769
1005002727513949
1005003008010818
1005002817477471
1005002810337377
1005002777123874
1005003002257436
32892696663
1005003287516564
1005002469151334
4000912878827
1005002007285062
1005002796334037
4001222621971
4000698192597
1005001325437863
1005003135982718
32831348469
4001120282493
1005003338116827
32586986074
1005003363578498
1005003008047365
1005002827977327
1005001941257627
1005002594850876
1005002866568690
1005002862170976
1005003135562808
1005003269376723
1005001706012385
1005003326993205
1005001580095785
1005002796746143
1005002291357920
32883666306
1005003186662950
4000238891805
1005003205839549
1005001424087286
1005002775627699
32956052730
1005002724564893
1005003075219174
1005001712832309
1005003172517409
1005002523554023
4000188756739
33013285256
1005002920082608
32888191294
1005002318392543
32951657440
1005001838807997
1005002621665800
4000281452128
1005002622023778
32842805494
1005002869676678
1005002267678153
1005002917975843
1005003172877750
1005002723209947
1005001634216807
4001237608324
1005001827305198
1005003007228606
1005001687571857
1005003263031007
1005002939633691
1005001495975096
1005001868027075
1005003082067049
4000143587712
1005001742629272
33051260537
1005002465776438
1005002779862310
1005002286317027
1005003128995221
1005002782035741
1005003105150444
1005003216579876
1005003274425795
4001116562221
32954980093
32863306392
1005003113611160
1005003346864001
1005002567536264
32811946397
1005001518391534
1005002747403355
1005002448913009
32794740925
1005002113196746
1005003364797218
32980200679
1005003178522447
32912031061
1005003297668126
32850470328
4001315468201
4001159266965
4000307099018
1005002863282403
1005003382191270
4000611688572
1005002301374624
1005002984410947
1005002498453645
1005003361349759
1005001627917528
1005002485650264
1005003265177457
1005002799563166
32960393103
1005003097320651
1005003001188194
1005001289583214
1005003156417231
1005002715652152
1005002511765123
1005003214335913
1005003381625154
1005002782036182
32874343996
1005003300799491
32962007613
4001115381843
1005003133781765
4000522565001
1005003374641578
4001093591706
1005002745634163
1005002783811240
1005002907981844
32870010639
4000854576713
1005001824789473
1005003140343296
4000767618010
32868341177
1005002116821137
1005001489002673
10000224584590
1005001360506390
1005001866119298
1005002552759367
4000381516720
1005003190850065
32641369420
1005003243988614
32954622679
1005002882590819
1005003324678445
1005002851467184
1005003064680430
1005002390854009
32476880644
1005002673453423
1005001997235511
1005001273586701
1005002107762963
4000516631662
1005001664671265
1005003386273639
1005002387155399
1005002657968644
4000738025926
10000405721671
4001094445048
1005003375293056
4001179875895
1005003247611439
1005003261917005
1005002878887688
1005002133622589
1005002475421930
1005003218207279
1005003245414838
32770179705
1005003100920953
1005002034076282
32720771926
1005001970749147
4001233761703
1005003322350306
4001340379549
1005003313260103
1005001831546759
1005002430779824
1005001768968491
4000241701930
1005002248640328
1005001900183189
1005002938535311
10000091133450
32975555856
1005003066490445
1000008308888
1005003345565201
1005002685043928
4000614581060
1005003275315507
1005003295847026
1005001930439460
4000705088521
32697289477
32880248740
1005003194624926
1005003026531318
1005003305711801
4001309304678
33004576986
1005003390740623
4001109156100
1005001666624991
32982864537
1005002950274401
1005001666356536
1005001864231111
1005003157836562
1005001452167477
32847858741
4001025079943
1005002363686641
32336672588
1005003167560587
32735179397
1005002945089348
1005003058134382
1005003217306767
1005002884982542
1005003204305840
1005001321293834
1005003288331227
1005002836576313
1005003194238759
1005001499445300
1005002856666068
32997190891
1005003229374564
1005003165972930
1005002235930897
1005002995077604
32961650758
1005003385875834
1005003374656169
1005001939793243
1005002527092374
32785976963
32849254286
1005001859478274
1005003115177288
1005001630840332
1005003138159838
4000848785328
1005003281748879
1005001966223380
4000818394137
32948012071
32992113144
1005003112841809
32250891245
32703001523
1005003208890892
1005001278069902
1005001417440297
1005002989067418
1005003270612991
1005003303111885
1005003197853880
33022581607
1005002719069020
33020169230
1005002723449003
1005003130294217
32838379683
4000194251959
1005001880445433
1005003187968289
1005003133316046
1005003356154965
33030000397
1005001565987860
1005003064545699
1005001404031055
1005002767955680
1005002883490691
4001107444725
4000816812424
4000396495512
4000032523806
1005001999937171
4000430194851
1005002526370134
1005002613955571
32997319691
4001042284861
1005003375564029
32844199903
4000589816477
1005003354711223
33035289766
1005002526219302
10000127569030
4000745325169
1005003245025188
4001065380694
1005001941057835
1005003335765409
4000802222163
1005002540790120
32909424209
4001153617253
1005003181088541
1005003146408340
1005003204201874
1005001798783695
1005001333837206
4001143687782
1005003272099588
1005002708653970
1005001779743927
1005001560108804
1005003097801290
1005003233583206
4000837087675
32887564004
32858812451
1005002457128040
1005002524218866
1005002022626491
1005002481206458
1005001874053172
1005002369494205
1005002159214632
4001229434358
32898604413
4000024291972
10000063395542
1005001686092365
1005003329627007
1005002846768190
33054041519
32931209856
1005003075137285
33046792462
1005002988677909
4000678111239
1005002003535716
1005002826999001
4001268887232
1005003019240586
1005003222545844
32865567467
32919921061
1005002364948731
1005002522252957
1005003203120063
4001272399291
4000127630684
4000770033845
1005002870461137
1005002618466277
1005003257148038
1005001712739759
1005002598597938
1005003151539027
1005003228034333
1005003360004557
1005002115839219
1005002449477116
1005003020551056
1005001389122495
1005002950369292
1005002964247241
1005001928363622
1005002925383371
1005003010663583
1005001577558533
4000186903497
32970766533
1005001995097396
4001254677010
32322319838
1005002661003135
1005003032384747
1005002137021075
1005001767924333
1005002693183307
10000031940173
1005002847762437
1005003385502080
1005002460918641
4000159312122
1005002461776516
1005002389944854
1005003072812621
1005003212743717
32816131301
33042560857
33041262010
1005003215024792
1005003101887900
10000069483688
1005003209147171
1005003321157849
1005003269937510
32886164489
1005002488911718
4000715632129
1005003203755330
1005003287112183
10000343871670
1005002364434024
4001278954988
1005003276005544
1005001506930542
1005003241526330
1005003303855197
1005002409310242
1005003004733837
32812431905
32963124672
1005002820803926
1005003337901686
1005003299331460
4001062455745
1005002966561745
32969279780
4000206858845
1005002313675217
32779847029
1005002824523579
4001222547314
1005002783122371
1005002329222351
1005003190700242
10000089311532
1005003338923238
1005002577840425
32884534940
1005002005926237
4001178828032
1005002438730351
1005003129874716
1005003344732690
1005003150634501
32830804444
1005001447305144
1005002409426709
1005002542708296
1005003096881233
4001149793519
33033344156
32852705258
4000804045226
1005002038904103
1005001322315247
32952195824
4001145921552
4001039549782
1005002646044874
1005002254031269
1005003172924332
1005003234440029
1005003159187606
1005002548414382
1005003066596387
1005002393945934
1005001701243257
4000730639381
1005002927200330
1005003333349375
1005003294370193
1005003227184411
1005002740060922
32953740030
32970825041
32909292056
1005002536578506
4000755967781
32862981692
4000156049281
4001184310396
4000890416166
1005003154882174
4000670584868
1005003197236712
1005003303939590
4000211406003
1005001912511389
4001278494451
1005003019899896
1005002305247771
1005001742919179
1005003241561475
32826452512
4001052683895
32886106001
1000007683501
1005003292648160
1005001982152990
1005003280998789
32865799411
1005003274634398
1005002233231179
4000204028196
1005003016078803
32801773456
1005003260282351
4001249956305
1005003388478446
1005003362113131
1005003265762434
1005002317129590
1005002287084162
1005002028755687
1005002769171914
4001043378836
1005002886764055
1005003146745244
1005002709360699
1005003055666006
1005003278128920
4000058978324
1005002710653351
1005002398969676
4000103115447
1005001943197133
32960284637
1005002413479455
1005002754637219
32244042828
4000337286339
4001150236054
4001126454553
1005003010627964
1005002930025927
1005002176770790
4000798312384
4000860057852
1005002496045537
1005002509237665
1005003351444062
4000142025890
32727871924
1005001907714631
4001231610967
33014241874
1005003381040143
32954032207
1005003309657553
1005002709192309
1005002322049591
4001115318230
33037645997
4000214945978
32617833958
1005001321533087
33047552324
1005003148096989
1005001566924071
1005003362644405
1005003387840178
1005002534379101
1005003323183976
1005002992547244
1005002905694708
32919313762
1005003320900107
1005001429931197
1005001850610482
32915656380
32781632659
4000138946311
33002434906
1005001471949593
4000193346738
1005003117363256
1005001692617011
4000856307114
32841658388
1005002122511396
1005002861816369
1005003238046146
1005003250597486
1005002592015441
1005002702785866
32825242245
4001136371439
1005001581207387
2013325194
1005002326239265
4001062046136
4001214161855
32953182630
1005002702806080
1005003020664802
1005002771567144
32770444670
4000044869053
32969514852
1005002670636825
1005001841437864
1005003151785715
1005002593022402
1005001703499504
1005002333155725
1005001367678462
4000863847199
1005002234994924
4000343678107
1005003048558565
1005001441475894
4001282610026
1005003345498865
1005002498842313
1005003344043196
1005002025459360
1000001656516
4001218860700
1005002932260558
1005003110260021
1005002801654771
1005002724485285
32812908814
1005003281451467
1005002828524641
1005002943859986
1005003293465985
1005001999091114
1005001908754115
32910286106
1005001999838811
1005001883497632
1005003325266565
1005003330860105
1005003192023781
4000403211194
1005002616177346
4001136125287
4001116832407
1005003168024756
1005003212901332
1005002911609107
1005003094069958
1005003106005210
32817411257
2049656998
1005003224590763
1005002679066491
1005002420396687
32820427568
33033940575
1005003246792295
32964032826
4001332543542
1005001418681945
1005003385038598
1005002889484592
32885924277
1005003225183271
1005003380179450
1005003008422224
32677975580
1005003091752513
1005002071780213
1005001894714807
1005002925641618
1005002904646443
1005003131334151
4000666042107
1005003301757253
4000046643695
32670039310
1005003105272957
4000129865937
1005003348444070
33032307043
4001093521870
4001125558110
1005003313463659
1005003261667217
32870450127
4001056994701
32993694651
33032113599
1005002616359078
1005003176635780
1005002246230583
1005001367696277
1005002333442111
1005003174913032
1005002593657338
32819252177
32624078139
1005003290234798
1005002766773509
4000238910817
32976887609
1005001356280576
1005003222385527
1005002877277238
1005002318111062
4000228436060
1005003298282870
1005002559526299
1005002755959066
1005001901909419
1005003366103999
1005003348466091
1005002308695477
32948254363
1005002753684976
1005001683666692
1005001463962449
1005002235485930
1005003166197140
1005002957057003
1005002478516461
32961101496
4000785501214
1005003032429158
1005002622236076
32598299496
1005003231667148
1005001818349524
1005003186493148
4001055868400
1005003303054552
32853572201
4000723370819
1005003157057313
32881174933
32350700437
4001222736255
32981426544
1005002485611001
1005001309119191
32893915083
1005003223719461
1005001450653441
1005003386365101
32848245958
1005002748034948
1005003311234969
1005002607628519
32843324579
1005003225077490
750411631
1000001837122
1005001995284130
32278314031
1005002768771198
1005003310553425
32915310780
32898014738
4000168879542
1005003176945164
1005001381449742
1005003273939419
1005003220444043
1005001977861015
1005003364791340
1005003333622946
1005002310443074
1005003171965943
1005003386342357
1005002565531051
4000222355164
4000026284109
1005003047257541
1005002134335665
1005003206397305
1005001657800429
1005002069941692
1005003375165897
1005003202939536
1005003124243734
1005002810037643
4000389314353
1005001423120207
1005003163881428
32893345607
1005002566099634
1005003350158004
1005001536822183
1005003177816832
32866244314
1005002859102674
1005003345214724
1005001538609786
1005003019433080
1005002804432762
1005003241720622
1005003094654961
4000938089517
1005001459398810
4000710008818
4001268320245
1005002607278038
1005002698451525
1005001387005249
1005003003880494
32873125992
32954548870
1005002632185341
33058820513
33024240446
1005003352758807
1005002253764542
1005002672779333
4000317692280
4000004961690
1005001664989583
1005002265318191
1005001307547621
1005003117453899
1005001665283853
32821790469
32964663302
4001364612913
4001268895017
32806537912
1005002616954024
1005003109532622
4000590856265
1005002932846778
1005002642402277
1005002157136789
1005001447285326
1005002441724637
1005003213015256
32725643688
4001110888176
32803095181
32965962665
1005002974793327
1005001747227551
32972703953
32857162046
1005003265135614
32655330008
1005003180071963
1005003321258097
1005002669254211
1005001369813231
1005002439582396
1005002605670877
1005003101990836
1005002616232623
1005003081737018
1005003291047583
1005003309792220
33005139763
1005003329060840
1005003353171818
4000803942064
32958430703
1005002801531587
1005002233672016
1005002803947400
1005002665789853
1005002704237400
1005003140194324
1005001521206047
4001216261810
1005002798170824
1005002888875622
1005002663880257
1005002606214887
1005002491404508
1005003336857058
1005002662078670
1005003090893646
1005002083993231
1005003095276095
1005002123609826
1005002647239763
4000336645300
1005002495925607
1005002128218448
4000160305407
1005002748039046
1005002125769869
32815423895
1005002279141365
4000818261416
1005003129322696
1005003208481502
1005002543233331
33042973450
32843226779
1005003366764918
4000023835456
1005003101882947
4000811933705
10000402417771
32863000607
1005002753237972
32965441607
1005002519124584
1005002687587358
32619623997
1005003350082172
1005001615453297
1005002698305763
1005002330785590
1005002000616011
32834618269
1005003048357246
1005003065236015
1005002289898424
1005002598399068
1005002912429571
1005002639623427
1005002613282498
1005003265000374
1005002329193157
4000344743321
1005001861375686
1005003123388687
1005002952413272
32957003740
32387039142
1005002220006186
1005002696441138
1005002044650697
1005002650649072
32953603522
1005003236107230
1005003333063949
1005003327616115
1005002388772746
1005002718049030
1005003249678058
1005003369849446
1005003356391154
1005002289936455
1005002974130518
1005001952193606
1005003014602312
32903120211
1005003349968593
32958833223
1005001479479877
1005002905951373
1005001794459015
32794944823
4001127887799
1005002803021469
1005003241611420
1005002734450294
1005002403870974
4001156531751
1005002416718815
1005003302129567
1005002842825855
1005001804368261
32964930875
1005002826848460
4001150925477
1005001714380346
32682179208
1005002495011941
4001275142650
1005003076382250
1005001724188263
4000552343232
32917547504
1005002931558906
1005003259236653
1005003223891390
1005003290168373
4000498288852
1005002224717497
4001238615149
4000779975293
1005002033756461
1005002978912318
1005003309173143
1005002096259596
4001290771112
32676034750
1005002709439845
1005002357591288
4001201945947
1005003133929373
1005003269529009
32868972100
1005003259896015
33058109782
32845882820
4000971581483
1005003123758919
33000954593
1005002398642461
4001214403016
1005003377672404
4001217128930
32965341201
1005002976312954
1005003165742524
32796687477
1005003306838675
1005003346436737
4001044716956
1005002838264834
1005002637103395
1005001407285914
1005003325761583
4001080804550
1005002705385097
1005002599973376
10000004060093
32975455747
1005002906501670
1005002760713006
1005002421408896
1005001704948258
1005002676385308
1005002618998150
32992245603
1005001572384503
1005003141524855
4001276841412
1005002707917404
1005002990311825
1005003333690994
1005002967771992
4000147938563
32757698267
1005001686718781
4001189657193
1005002524814187
1005003157452108
4001297005055
1005002803324933
1005002085951826
1005002878693218
33048104787
1005001865079285
1005003139599258
1005002492660385
1005002569411353
32921587642
33015377370
32821234556
1005002275372289
4000059529143
1005003283165926
4000741353375
4000677467026
4001138434956
33018685601
1005002966966841
32827559192
1005001439651287
4000773462180
1005003217113571
1005003384711557
1005003247612168
1005002907603741
1005002666436369
1005002224060580
1005003112492336
1005003016229380
1005003310020533
4000769303564
1005002028851113
1005002129360728
4000204569692
1005002161462825
1005003347307562
1005002593161882
1005003019400644
32833986515
1005003228108717
32974763481
1005002353316754
1005001299109427
1005003249509477
32880879052
1005003286838704
1005002966458417
10000242395652
1005002611751752
1005002006574057
1005003343024544
33059500618
1005002963637480
32718812352
1005002935178485
32286694098
1005001437521548
1005001757563141
32820892883
1005002939939599
1005002406511162
1005003308792525
32870176391
4001028552305
1005002603430275
1005002907423447
32921875301
1005003297623554
32837657786
4000039522383
1005002796830326
1005003357420546
33006180795
4000120270642
4000296501066
32856886738
32831908975
1005002592678148
1005002603585103
1005002516330056
32761918996
1005002400120469
1005002782128084
1005003082141284
32949790294
1005003180928011
4001142958340
1005003292215495
1005002963893595
32810428454
1005002259539349
1005002642943266
32815357300
1005002605603816
32983083373
1005003380807647
32974477904
1005003177465370
1005003082093408
4001226029826
4000021512983
4000849285673
1005002815385770
1005003269288180
1005003363841388
1005001567304469
32980109226
1005003259452889
1005002311071276
4000150129585
1005002627081507
1005001571973767
32886367384
32926426111
32814781045
1005003151833009
4001256475415
32827197120
1005002328864199
1005003232028811
1005001599019087
4000630789483
1005003344776375
33046193850
1005002747224844
1005003110094509
32889004021
1005001769308399
4000811005378
1005001861499023
4000807395341
4000008117202
1005003238714526
4000127039795
4001225096844
1005002363107647
4000956132760
1005002906353637
1005002901141899
4000409931789
4000755955113
32871202448
1005003285697452
4000186613405
1005003342546039
32720077549
1005003012635578
32283892598
1005003334067981
4001187823919
595317736
1005002846577766
4000010436626
33058731378
1005002870744992
1005002345247311
1005002599762998
33017271674
1005003129408107
1005002443665504
1005003003758531
1005002669214409
1005001671486525
1005002567825008
32727295970
1005002065587868
1005003145174501
1005002941757061
1005003030326809
1005003229295164
1005003390868464
1005002440988469
1005002367709048
1005003041648160
1005003290194978
1005003372061645
1005003386369016
1005001514667453
1005001813509343
1000007048742
1005003092497527
1005001341648093
1005001984660873
4001201838947
1005003130456779
1005002055943422