1005002412393037
4000158700618
32913759881
4000625744950
1005001489349066
1005003385254829
1005002177591038
32795072880
32806261794
1005001529406497
1005002869140638
1005002996078111
1005002657082165
32958520533
4000087311488
1005002649560867
1005002468085169
1005003345621067
1005003237302818
1005002970497979
32822487363
1005003086701132
1005003287804910
1005002851097223
1005002672711419
1005003165539534
32876430835
1005002138027710
1005003214152305
1005002777645042
1005002575458240
1005003016928226
1005002325258889
33013238008
33010385941
1005002587339826
1005002324106710
4000569520558
1005002916901799
1005002575360687
1005003149750576
4000288301501
1005002033371534
32988825046
1005003184140152
1005003277624176
1005003115315472
4000087567456
33050987657
1005001597345449
1005002369829397
1005003268746350
1005002905414059
1005001841997167
32999074622
4000926105554
1005003157221321
1005003156354931
1005002891666980
1005003315876803
32967216916
4000925896257
1005002854409902
1005003339852725
1005002347605018
1005001321732794
1005003031113915
1005002310761679
1005003187278208
1005003312292557
1005003181585729
1005002633278541
1005002941598616
4001340000170
1005002578265711
1005001798995693
1005003323298739
4001076507138
1005003277785643
32982228104
1005002727986419
4001027615751
1005003019459423
4000705834578
33037725033
1005003162717550
4001114461680
1005002298126826
1005002007902113
32992160496
4001000584778
1005001604579291
4000206298675
32955351935
1005002570333318
1005002253210700
1005002473122004
1005003195711974
1005003110787821
1005002940062429
4001238275300
1005001607916833
1005001440957744
1005002938161850
1005003000946605
1005003106091574
32836305399
1005002898703867
4001047227066
1005002974062923
1005001677928574
1005003387733961
1005003153147654
1005003065510933
1005001804588532
1005003120384560
1005003352436138
1005003022508381
32680078855
33056746776
1005003051050014
1005003312796235
1005002305696319
1005003091506194
1005003211878280
32745458044
32923691638
1005003038187580
4001173341326
1005003303306774
1005003075932931
1005001704279666
32974646406
4000008160981
32872539971
1005002964960944
33025112684
1005003218278922
33004540023
1005003014278659
1005002747336304
32910215838
4000575505190
1005003203558846
4000143978008
32326398585
32922891858
1005003121645504
33030766850
1005002997641798
1005002919312019
1005002730096505
4000073526526
1005002663402917
1005003174993151
1005003064753580
1005002052600246
1005003028444638
1005002112083400
1005002264045483
1005002610303999
1005001591796791
1005002676494134
32916863539
1005002695356968
32797869531
32785674452
1005003127773750
1005003325602925
1005002553384018
4001251738408
1005003356170156
1005001488716838
1005001970367279
1005002334758652
1005002915753474
4001304980955
32987992734
1005001599820644
2005953631
1005002265598130
1005003185021346
1005003251605987
1005003262399709
1005003342821968
1005002083871306
4000046448503
1005003221167377
32705466043
1005003287234413
4000626186245
1005003012268002
32613664751
1005002649087317
1005001780012135
1005003128135447
4000494385537
1005002255603325
1005003311245104
4000709048930
1005003158086580
1005002730973787
32581166060
1005002294240327
32942919444
1005002668538797
1005003014225463
1005002754029146
1005002108286766
1005003353388020
1005002552574928
1005003003559126
1005003087380537
1005001921885513
1005001961590155
1005002079291657
1005003062457493
4000106646984
1005001466494652
1005002295312085
32835277535
4001198163229
1005003036528457
1005001412386239
1005002956928335
1005002401278786
1005001816929854
1005001999372544
1005003285492568
32916359789
4000029696456
1005002418814791
4000106774178
1005002240852783
1005003373147987
32748842003
1005003193210806
1000002081231
1005003354920356
4000983451321
1005002546481109
1005002703232931
1005003094320187
1005003062567093
1005002485474087
1005003269717540
1005002824115024
4000181135027
1005003302490188
1005002863337667
4001289516873
1005002986817275
1005001355639472
4000031156270
1005001320269640
1005001466195546
32963187133
1005003168757669
1005002265120687
33006672965
32889768428
1005002702383580
32607656627
1005002495833491
1005002116497778
1005001680569593
1005003002016981
1005001799739053
1005003058178268
1005001441332641
1005001976915510
1005002944275165
1005002091400821
1005003316550698
1005002596689818
1005003047637913
1005003140846041
4000224121818
1005003298384668
4000270659023
1005002753602358
1005002916175558
32860625364
1005002913266905
32962293661
1005001401781883
1005003332463001
1005003133731361
1005003174946850
1005002591112718
1005002519880265
32999898022
1005003139449789
1005002650385271
1005001767926399
1005002133456419
33031123364
1005003354548278
1005002674492201
10000009120731
1005003210508826
1005002261232222
1005002632033385
1005003208603180
1005003108132523
1005002270321565
4001094732477
1005002522777080
1005002348471729
1005002882781650
1005002004582509
1005003287057971
1005003168341490
1005001872445156
4000630729050
1005003161357728
4001264094206
1005002508605875
4001308862659
1005001779481471
1005003221651720
1005002362765732
1005002254341209
1005003170889706
33022832893
1005002388712633
1005003292829856
1005003227451202
1005002702163755
4001246950702
1005002885615165
32701406536
1005003274165733
4000708806900
1005003040627430
32807882628
4000808944953
32816698388
32670277421
32902426851
32827420955
1005002468100397
1005003320047540
32862292863
4000316997768
4001134956080
1005003340592939
1005003276812982
1005002230269622
4001071406160
1005001990089740
1005002876726541
1005003334429317
10000061801084
1005002553958359
1005001602677928
1005001665514781
1005003386437349
4000859013209
1005003031685406
1005002879141891
1005002825763862
1005002381889777
1005003080952693
1005003236257764
4001119703827
1005003352161395
32924881922
1005002329362093
1005001297021833
1005002095175812
4000809970238
1005002816252395
33003082319
1005002582777376
4001337770039
1005002476530366
33040207128
32790800364
1005002989629180
1005003075924966
4000181260031
1005003223495915
1005003241776829
1005002060207873
1005002314292103
32796489257
1005003332520281
4000261522561
4000384793257
4000281920554
1005003280342729
1005002302216280
32852286682
1005003226146807
4000760233634
1005003246166406
1005002650618612
1005003034298965
32829167884
1005002399383344
1005003068432851
1005003120611643
1005002274475553
1005002462116934
1005003186626834
1005003197805720
1005003228540894
1005002424562427
1005001425326727
1005002043151438
1005002854664726
32897320566
1005003262091207
1005002886025941
1005003118029546
4000682654830
1005003096385439
32922537333
32810872829
1005002260022041
33026876798
1005001514486335
1005002780482128
1005001540955556
1005003367114221
4000691528574
1005002052079303
1005003121923640
32908796543
1005003094038494
1005001385160625
32876250786
1005002265172606
1005002752240908
1005003244286692
4000203996477
1005002255121426
1005001946583630
32939961245
1005002864181661
4000715159367
1005002989179909
1005002039381912
1005002473902205
1005002988621676
1005001594217732
1005001831840733
32830376965
1005003386277719
1005002499726225
4001039459773
1005002894717034
1005002821302590
32738484965
1005002314138578
1005003182567482
32970525046
1005002590305699
4001244398181
1005003167372751
1005003097335944
4000325271126
32774504072
32853074096
4001255502587
1005002907828749
1005003174269709
32932524104
1005003379782121
1005002103664976
4000925475725
1005001895834701
32879634715
32804354750
1005003223133802
1005002608823959
4001251650555
32981414637
1005003318782255
1005002053699620
1005003204284852
1005003069828760
4001065101177
4000892270665
32238217272
32513839964
1005001285039110
1005003063546452
1005002879030204
4001327122319
4001240149498
1005003204237612
1005002055843383
1005003219107298
32862269857
32841689065
32704876731
1005003365256457
1005003356091947
1005003082135048
1005002995193720
1005002190046809
1005002927340262
1005003078496657
1005003212693896
1005002790097416
1005003257961047
32431018609
1005001465307066
1005001829733613
1005003305500604
1005002810193003
1005003110998953
1005002624741091
1005002934919122
1005002667187859
1005002669533151
1005002039997120
4000938089517
1005001972517648
1005001577477778
4000868275244
4000567646510
1005002622105077
1005002358259823
1005002427761732
1005002436783572
1005002302408571
1005001722127169
32884896864
1005003050114788
1005003322603700
1005002425814932
1005003087450050
32835360998
1005001468161160
1005001571276137
1005003261843746
1005003007815456
1005001394897418
1005002624282657
32866925223
1005001580929310
4000751548614
1005001316604824
32594182524
32913831003
1005002022542068
1005001659129650
1005002039605450
1005001812209974
1005001742687712
1005002995071174
1005002522685724
32969225401
1005001330728239
32967868872
33044871706
1005003380541774
1005002615602912
4000111777202
1005003028189830
1005003211063967
4001243428193
1005003208495693
1005002636359925
1005002841525768
1005003325051624
1005003211846496
1005001770293453
4000992825937
1005003293909276
1005001398400374
4000917463736
1005001762369233
1774127770
1005002323368581
1005003181921736
4000955677657
4001210629994
10000395922364
1005003137821238
1005003198001282
1005003154475911
1005001307877706
1005002768067139
1005002685462023
1005002742612737
1005001387743286
1005003257139413
1005003381388949
32965725169
4001217319228
4001064473409
2030123058
32968929764
1005002591909341
1005001620765884
4000036372782
1005003090736088
1005003348330085
1005002284530459
1005003342776749
1005002395211116
1005003228132964
1005002991524447
1005002996993139
1005003338983223
1005003251243527
4000066515119
4001107395259
1005002593692175
4000725230775
1005002937524848
1005003136191513
32893406461
4000143895733
32807087351
1005003335597082
1005002648814917
1005001686290163
1005003365429875
1005001888224667
1005003008637079
1005003255226993
1005002393090672
1005003339341429
1005003109240290
1005002735424454
32843462043
1005001317914554
1005003353606830
1005003386324708
1005003324638120
1005003300428582
1005002198649333
1005003095202315
1000001192717
1005003291349632
1005002206206659
1005003257631726
1005001749306103
32917591065
1005002307285312
1005003084620384
1005003275685368
1005003333462586
1005002558665072
32949010805
1005003033661954
1005002413552950
1005001270544537
1005002996231031
1005001297215160
1005003232670221
1005001606164500
1005001854681427
1005003120924552
32881551421
1005001467603989
1005002180911304
32914257371
1005003041785614
1005002857336743
1005002329112752
4000538753775
32833853630
1005001830440618
1005003104105446
1005002835776070
1005003214004609
1005003209342602
1005003296667569
1005003387482515
1005003152463422
32904368759
1005002628459717
1005002339286083
4000786931994
1005002076819279
1005003237720057
1005003018612259
4000911775361
1005001920241433
1005003213719631
1005002973763120
1005002657213262
1005001368634687
1005002710289053
1005001603278544
1005002418899955
1005002704269347
1005002618119719
1005002907115355
4001038856571
1005002490576091
4000761988656
1005002907576728
1005001765436013
1005003277812975
4000912230769
1005003253293009
1005001805556684
1005001316741055
4001080560682
4000865388975
4001126885631
1005003223291055
1005002564658658
1005001906527866
1005003091806444
1005003081264567
4001197029000
1005002347142442
1005003354268789
1005002414024089
1005003091833890
4000296579039
1005003390206744
4000609966987
1005002950839741
4000918697802
1005003021373215
1005003052085522
1005002703330783
4000141396151
32954892535
1005001880252701
1005002981991141
4001061037299
1005001429394186
1005001708517117
1005002751931200
1005001422899098
33003674428
1005002283247968
1005002947116244
4000589355755
1005002369565616
1005003308733653
1005001398657564
1005001889920556
32996489267
1005001888160459
32916641617
1005003305777396
1005003060587160
1005002870586405
1005002628951977
1005002859077167
32930182116
33014504318
1005002991770282
4000495292068
1005001586890104
1005003277611617
32899871747
32975577668
1005003301829573
1005003342751087
1005001376192032
1005002476316440
4001362034079
1005001597016560
1005002232973269
32824981061
1005003128032867
32851996536
1005002780823491
4001362407280
32802281014
1005003065635014
1005001399904801
32947556488
4000202440955
1005003001131723
32728966846
32794868500
1005003356317997
1005003343153434
4000945447716
1005003278044074
4000088916343
1005003151384626
32870920245
1005003155110391
4000097560467
1005003035277811
4000334568085
32943261195
1005003188600923
1005003186639439
1005003119686607
1005002616163476
1005002907686115
1005001527073966
4000009647606
32898661900
1005002375368100
32529541960
32822608465
1005001893190775
1005003330798760
32995264577
1005002367893531
1005001406765277
1005003204216779
1005002865193659
1005003330636326
1005002570466357
32327802532
1005001877594372
1005003083159454
4001296284660
4000184945112
1005002981731030
1005002683973488
1005001862950015
1005001971386011
4000548407652
33004915491
1005001973275438
1005002776268323
1005003022535228
1005001569604761
1005003112083198
1005001841507959
1005002171996115
1005002777158196
1005001775619700
4000291384787
1005002808523490
1005002186061361
1005001491675643
4000160674509
1005003128060760
1005001304285621
1005002134510254
1005002836088780
1005003340401098
1005002932355761
1005003196017251
1005003142830727
1005002105863111
1005003299483932
33048130119
1005002089005007
32920377817
4000465194147
1005002267889489
4001293866433
1005003174455152
1005003192873214
1005002270576912
1005003339530945
32822480516
1005003220907538
4001023283849
1005002381158863
1005003316289364
1005001299909104
32905970064
32784507929
1005002716577488
1005003356780959
1005003147147607
4001243630885
32715069099
32838597408
33054893323
1005002428824048
32794828152
33031962352
4000479865841
32918462865
1005003359462202
1005001871087526
1005002986600041
1005002758637486
1005002284076956
4000709071489
1005001834784033
1005001705734775
1005003128844097
1005002604971214
1005002641029508
1005002245631565
32859345414
1005003297526510
1005002834175049
1005002709294677
4000405519280
1005002599147726
1005001671315805
1005003002861483
1005003064023356
1005001948998715
4000805064363
1005003141383380
1005003370002384
33035493622
1005001645434363
1005003336194636
1005002891543312
1005003347023527
32615810079
32963856700
1005003104190144
1005003262086124
1005002783172276
1005002521940075
32962376131
1005002885213230
1005003035799805
1005001670672219
4001249939365
1005002532376180
10000256672167
1005002515488300
1005001812437829
1005002827999962
1005002502763452
1005002665248049
1005002985513180
4000751361710
1005001593967353
1005003206846103
1005002306037766
1005002482876657
32824883215
32957958370
4000223573978
1005002892665154
1005002020268120
32887511179
1005002676344733
4000790218384
1005002738052913
1005002252845767
1005003346373059
1005001749824319
32790826315
1005002762469969
1005002835577217
1005002310892891
32854309401
4001220774657
1005001847734999
32786944001
1005002310452526
4000619185833
1005001848624891
1005002362401330
1005002603794602
1005003310966803
1005001813162338
4000967920025
1005002525161948
32997997582
1005001858692129
1005002661894111
1005003343175318
1005001574763699
33012821431
4001144416799
32796378436
33013311226
1005003127034703
4001070678747
1005002526470324
1005001365393593
1005003076342615
1005003279327057
1005002176322913
1005003135488223
4000333461941
1005001943580047
1005002992948554
1005002900245718
1005001971365984
4000503061934
1005002137681102
1005002926896259
4000991103121
1005002877267244
4000067407752
1005003334116977
1005002159478365
1005002904080675
32905488096
33044317085
1005003381168294
1005003304888277
1005003350249207
32999315450
1005001310082124
1005003354045300
4001231320722
1005001528856437
1005003351583934
33015031947
1005003193216033
4001133734878
1005002350651545
33010682822
1005003256384534
1005003292002559
32860382493
4000328339412
1005003359643687
33034255313
1005003080952598
1005003035963278
32794802248
1005002340153284
1005002939180831
32949113010
1005002275361698
32968270774
1005001625719017
1005003152380812
33050146328
1005003355392827
1005002683977047
1005002557585463
1005001430633355
1005002027795828
4000611433343
1005002650758005
1005002911971655
1005003161524473
32822125572
1005003126934370
1005001424879033
32858776754
1005003263403996
1005001790023825
4001189624707
1005003065305926
1431076837
1005001963931885
1005001320989119
1005003323325283
1005003285427943
32700537809
1005002052158631
1005001547325180
1005003184439395
32815479261
1005001567995382
4000843744583
1005001977577403
32870708747
32868181163
1005002344641753
1005002794524000
4001280756481
32628920843
1005001658711195
4000068768488
1005002650933488
1005002426522348
1005003363561740
1005001268806091
1005002855083927
4000498659965
4000464276393
1005003130202057
4000726306109
1005003380691130
32984324609
1005001630742339
4001184025081
1005001490292137
1005001813819058
1005002442234604
32739847816
1005001890303201
1005001789404847
33005177004
4000036393832
1005001831006593
4000130489704
4001248694170
1005001792313515
1005003334767771
1005002755427307
1005002990714688
1005003206794217
1005002523127126
1005003131369431
1005002206039575
1005003382194293
33061742565
32849256479
1005003280862420
32971599223
4000552033206
32785872471
1005002965709009
1005003362152059
1005002985054195
1005002843319353
32960419192
4001272304329
1005002665865746
1005003296894105
4000359502788
4000311898273
4001299602949
1005002386642594
1005003177082825
1005003086592387
1005001901102923
32853237989
1005003049358694
1005003276039739
32835542590
1005003160512268
1005002841994134
1005002565204465
1005001860283338
1005002321000386
1005002289032565
1005003206594343
4000475111326
4000106755402
4001226184425
32994400930
4001126580169
32858625221
1005002553221125
1005002971481255
33013986707
1005001928147005
1005001427401603
1005002212979103
32890104210
1005002735914678
32767880216
1005003345929814
1005002865032291
1005002561670001
32822620506
1005001273154699
1005002420554204
4000336144449
1005003183798963
33051754533
1005002850069091
1005002789568380
1005003144428200
1005001515856897
1005002561260457
1005002271526420
1005003218472799
32603245068
4001011076909
1005002844609341
1005003347084313
1005003337884667
32643314619
1005003165852395
1005003385326686
32998695067
1005001458040090
32851832798
1005003157922860
32677638017
1005002824200198
1005002012636344
1005002940165480
32295563159
4000928131763
1005002636548641
4000221538241
4001255298812
1005002593692175
1005001392556455
1005003250896913
1005001592246007
1005002970666867
1005002258490008
1005003229247322
4001214514111
1005002302114178
1005003025750122
1005003163921977
4000186983340
32851082134
1005002380630653
1005003166780772
4001055935312
4001196080223
1005003232350662
1005003146380321
32772288782
1005001571743058
1005002020110952
4001028387795
1005001579046709
32770167112
32676602809
1005001855039579
1005003381852984
1005001987596191
4000779286042
1005001882258732
1005003243681296
4000315427374
1005003120463835
1005002678304578
1005003168989008
32972754161
33002710073
1005003007673688
1005002831029030
32805691188
10000038508231
4000226434882
1005003157295608
1005002558778592
1005001708555904
1005002101523062
4001150142696
1005002686513533
1005001958830267
32834301486
32896895962
1005003032038312
1005002910750472
1005001786402061
1005002591857884
1005003170666244
4001295410448
32810341218
32847067749
1005003023460061
32805326909
4000129456699
4001323774403
4000842490201
1005002613803507
1005003033267181
1005002387468749
1005002869673068
1005001783413905
1005003339258144
1005002948877650
1005002304200451
4001316222214
1005002616731637
1005002519630811
1005002308671338
1005002624478719
483408815
1005002976111831
1005002446721403
4000945350743
1005003331192719
1005003290236536
1005003129682287
32966027187
1005002752616511
1005002762429878
32898415813
1005001893299876
32880511830
1005003370412983
1005002730597953
1005003231777236
1005003020444466
1005003378576396
4001173075030
1005001831427742
32869191724
1005002622192142
1005002907487970
32922252840
32884303063
1005003026992133
32729288967
4001041852259
4001150350142
1005003124737219
1005002575174157
1005002870875692
1005002176727272
1005002457617607
1005003309771890
1005002722601873
32792445259
1005003228256655
1005001998466016
1005002736856785
1005003106795936
1005003123063174
1005001307729575
1005002963180441
1005002432501833
1005002709694802
4000546658291
4000170069503
4000910067995
32721376859
1005003293130497
1005001622147800
1005002605716720
1005002138035042
1005002642770157
32858982407
1005001632719671
32916807699
1005002963410148
4001230343589
4000364516634
32960267098
32390149124
1005002313610063
32804445468
1005003140830029
1005003208483728
4000322415515
4001205759581
1005002395147032
1005001885948947
1005002557877390
1005002369806431
32993110264
1005002039058206
1005003115712556
1005003115713557
1005003371345444
1005001483967769
1005001606381152
32845239522
32852560957
1005001365165102
1005003184433798
1005003380162567
1005003190546412
1005003133102114
33026575847
32958487845
32733054900
1005003202437424
1005003263871069
1005003195329447
32970560486
1005002719638270
1005002447036169
1005003356144666
33020859679
1005002059293907
1005001927939677
1005002033778592
32842352561
32908438888
1005002990355055
1005003331050220
1005001389710301
1005002995684580
1005002813197881
1005003329186242
1005001843370991
4001251749824
1005003031822138
1005002280371740
32849141287
32976374872
1005001923295779
1005002697185610
1005002506095766
1005002679031654
32858929368
33012536534
33029807652
1005002317757408
1005002998679966
1005003345620347
32911785474
1005001501238732
32296388665
4000257661071
4001286554305
1005002761688254
4000345634551
4000936668999
1005001585023115
1005003172221484
4000316890196
32960812611
1005002475160110
4000148107831
1005002567801525
1005001444721387
1005001476676561
1005003227737873
32831031236
1005003337343439
1005002122413814
1005001659208139
1005003348444736
1005002485230707
4000089767124
1005002730486646
1005002337630025
1005001671551078
1005003318798507
32854837707
33054761846
1005002907126001
1005003294689532
1005003075932931
32811946769
1005003257184093
1005003148179495
33001016285
1005003104476598
1005001905554326
1005002945230002
1005002645939262
32529753054
4000318616895
1005002919014686
33019772472
1005002632934667
32758921791
1005003073693127
32856122545
1005002804884727
4000905705297
4001038673265
1005001610857734
1005002976373499
32954286097
1005002515771048
1005002419067873
1005002181095496
32740706223
1005001738740841
1005001405295922
1005002306166919
1005003219258563
32860896747
1005003234945697
1005002790637312
1005003169267612
1005002979764778
4001085951532
4000901579428
1005002701289786
4000622732952
4000454067967
1005003051512843
1005003233199255
32980986634
1005002905105660
1005001723796507
1005002828205482
1005002475422463
1005002489547760
1005001511494419
32621922655
1005003158144008
32950937361
1005002012663426
4000420168622
1005003297257848
1005002243888914
1005002352294832
1005002734586016
4000998112275
4001224172359
1005001500000921
1005003332659704
1005003189440167
1005003093234108
1005002559521231
4000995312764
4001146559346
1005003322924288
4001047494352
1005003165839152
1005003139524936
1005002801200597
1005003356120230
32962710789
1005003156033466
1005002478351010
1005002103679017
4000052163137
1005003315980475
1005003146316465
1005002921314665
1005003242509083
1005002488798010
4000008411946
1005002979999203
4000019143448
1005002894442768
1005003375366250
4000717324801
1005003372124233
1005002688951845
4000164316601
4001232777821
1005001609214879
4000157995950
1005002595204482
1005001405141675
32888287502
1005003119786969
4000724055630
1005003380072928
1005003088127098
1005002569855819
1005003276282573
32976543264
1005003339680389
1005002981467070
1005002902439029
1005002854891732
4000784772944
1005003223977192
32973196017
1005002124884075
1005003278632856
4001349530688
1005002351617902
32812743061
32910642963
1005003288306165
32799745066
4001146041838
1005003042129836
1005003066702465
1005003032724097
1005001428589662
32823002664
1005003119493518
1005002190492609
1005002919850446
32975272239
1005002221040566
1005003269115320
4000778323707
1005001915289194
1005002607887365
1005002945943931
1005002313707511
1005002022885955
1005003263990573
32987098907
1005003178944830
1005003197832151
32843396353
1005002252616886
1005002060295030
1005001304781046
1005003280511493
1005003198217972
32860483431
1005002303806367
1005003077046419
1005003297619890
1005001464546782
1005001675573365
1005002555061080
4000158163977
1005002693712465
1005001992824244
32844554625
1005002305223150
1005001537371763
1005001616779963
1005002527001762
32420123336
32958134915
4001154568476
4001338478006
1005002668198880
1005003390382655
1005001715996468
4000843734698
1005003107816354
33010009175
1005003216015558
1005003269407523
1005002226080099
1005003365838144
1005002777322341
1005001789305533
1005002823673413
1005002006386877
32296791291
32982247217
1005002910100249
4001255167089
1005003149478062
1005002998285225
1005002829495494
4000729607882
1005003079811660
32990030550
32967243259
32911087278
1005001597119680
1005002073598157
1005002534405824
1005002313947242
1005002956832949
32961683246
1005003121295571
1005002387845834
32967254630
1005003374123283
4000980304549
4000236006504
10000131439875
1005002679202087
1005002796501531
1005002233895921
33034217286
1005002185681427
1005002686993894
1005003264029292
1005001489480253
1005002748312548
1005003346417980
32357817473
1005003088338423
1005003102173986
1005003235433066
4001066851985
1005001604108715
1005002798162075
10000171948849
1005001501004322
32839352186
4000463403506
1005003317832219
1005002771264801
1005003052023555
1005002311818464
4001295229251
32630911109
1005001279367852
1005002469039927
1005002844203709
1005002398866853
1005002570002589
1005003125517991
32839925479
1005002239342361
1005001533375476
4001079956843
1005002734625419
1005001501979177
1005003391735292
1005003103681131
4000627829375
1005001659232520
1005002749962776
1005002190186407
1005002794351183
1005002728381030
33011828791
32834383068
1005002668976748
32826404368
1005003127845302
1005002983710864
32974202626
1005002721847873
1005002978943063
1005003195769129
1005002692114954
1889411511
32801070938
1005001568574814
4000070253892
1005002313031921
4001351815218
1005003003778558
1005003236124765
1005001451541421
4000777693230
1005001739437141
1005003337561421
1005002495879024
1005003353464259
1005003313282195
1005003247732411
1005002313090775
4001331039079
1005003295808771
1005002337450650
1005003015691198
32661929543
1005001423820190
4001343905777
1005002982485157
1005002180394944
1005003221653978
1005003095994874
4001227580903
1005003019228292
1005003386973375
33009969770
32952256367
1005003160226273
33000469935
4000575975859
32884329100
1005003071663452
1005002904195262
1005001830243392
32759139777
32976368774
1005002019075248
1005001405872722
1005003229904480
1005003384819135
4001291056480
1005003027775233
1005002517019163
33039609074
1005001584221937
1005001689407943
1005001839920829
1005003055747369
1005001960556794
1005001982632347
1005003214362400
33029474076
1005003280818931
1005003318203714
1005003222851493
1005002282064952
4001052651226
4000402929652
1005003083943177
1005002003181027
1005001417076455
1005003079916499
1005001380384024
1005001265355159
32666309916
1005002198658220
1005003325668837
1005002911850406
4001196952970
32862166271
1005002454211927
1005002608996086
32850274975
33007907634
1005001534908892
1005002577906948
1005002264946488
4001018753147
1005002922384082
1005003343532338
4000279001608
1005003043081163
4001136789862
4001352608835
1005002694869646
1005002862645355
1005001699174549
1005002831618844
1005001664322369
1005002647159086
1005003189548715
1005003168177903
1005003151247402
1005001844594609
1005003347755585
1005002557724128
1005003140555096
1005003328366067
1005003296250103
32890097365
1005001515147686
1005002717310947
1005001808657726
4000112119534
1005001443573205
1005003014124283
1005002248301383
1005002997154366
1005003198014810
33033978145
4001117022500
4000607640457
4000115198921
32817013247
1005001767766081
1005001570407927
1005001785829607
1005001992347646
1005003166885289
1005002650198859
1005003311345889
4000966394217
1005001908312166
1005001566243130
4000726498641
1005001927768353
1005003344777819
1005003111274484
1005002799707014
1005002529703520
1005002800860862
1005001389146758
1005002688381697
32966100695
4000396940988
4000154460089
32949820493
1005003178345451
1005001525721332
1005002034758607
4001283950883
1005001459518894
1005002825775378
1005002553332359
1005002852585737
1000006295826
1005003154765119
1005003146794918
1005001886235643
1005003213646257
1005002748746837
1005002790362525
33016187179
1005002416805913
32968764252
1005003019330141
1005003224775511
1005002918459172
32970005355
1005002313437906
4001082468743
1005002765250608
1005003355632690
32857533831
1005003004386165
1005002124476541
4000276021144
1005002623692802
1005002485922358
1005001510149469
32880348733
1005001912447478
4000053633463
1005001871816638
1005002001561130
1005002539396652
1005001948761941
1005001698463732
1005003269663980
4000070139180
33033203064
1005003179401105
1005003278509009
1005002572613066
1005003090709533
4000912865613
32857054469
1005001570993238
1005002524247002
1005002619055505
1005003182551868
1005003387951513
1005003257182254
1005002286733427
1005001671051480
1005002731439296
4000218184579
1005002832997033
1005003166962048
1005001447242328
1005002575194567
1005001626205718
1005002094225475
1005003147142262
33022643791
1005003135999359
1005003156253576
1005003387277798
1005002619649401
1005002492486935
1005002608080390
1005001519088711
4000200464004
32339375357
1005002446571323
4001333968582
4000278479650
1005002483073784
1005003380198273
1005003357289468
1005003210774210
32909742586
4000858766226
4001057084407
1005003302066180
33016343003
1005002066312616
32931827069
4000080128852
1005002330823383
1005003281871693
1005001267407893
1005002574313039
1005003127077563
1005002667484839
1005003088221679
1005002432806706
1005003213620509
4001130488325
32893739262
4001081342034
1005003135460527
1005001313499482
4000771311899
1005002912836326
1005003198549101
4001088367247
32898676371
1005002682191692
1005003216868910
4001261565238
4000035915510
1005003359727234
4000410953617
1005001498881926
4000859494900
1005001515412342
32975165062
1005001928219735
1005003277846214
32975971012
1005002797093763
1005002835660383
1005003140481516
1005003356938789
1005002510742600
1005003344735997
1005003087390069
32975688918
1005003346206797
1005003109302800
1005002860938759
1005003198110051
33006594146
4000586305191
32894331601
1005003131878557
1005002316181553
1005001364908675
1005003219650070
32849422407
32952297700
4000772195423
1005002167658254
1005002949917085
33036396715
1005002358420797
32824325567
1005003017248402
1005001722198917
1005001496905552
1005001639078808
1005002314245812
1005003036818697
1005002997684633
1005002547481866
1005003293972900
1005003210527198
4001321622865
1005001646118880
1005003056986030
1005003103577437
1005001868013101
32834590010
1005002272883979
4001250714745
4000337800208
4001153496419
1005003352792193
1005002304884146
4000025561723
1005002788286502
1005002821405219
1005001587407785
1005003146333709