33008825394
1005001470407998
1005002828724204
1005002984241275
33017710595
4000929541300
1005001864701080
33005890248
1005003166090086
1005001469669512
1005002964396648
1005003019404525
1005002685466412
1005003353381615
4000019648455
1005003243776156
1005002394294687
4000516846425
1005003099509714
1005003329077956
1005002478344590
1005003036721670
1005003339521082
1005002939310575
1005003299255544
1005001736488906
1005002816664588
4001079173125
1005003206699466
4000884195288
1005002537131964
1005001375607290
1005002965133780
1005002905996776
1005003259235618
1005003121642487
4001207393835
1005003216640199
33000235864
1005003324665507
1005001349776545
1005001334887561
1005001419834089
4000504281769
1005003272281934
32975229856
33013122091
1005003149242765
1005001517892796
1005002080620415
4001250926290
33057570816
1005003173345719
1005001635880983
1005002453076958
32871559720
32259590268
1005002951360460
1005002330934577
1005003291748688
1005003337280951
4001232776877
1005002539300300
1005002365913243
4000308609371
1005003177184596
1005003229579175
4000270069507
1005003086469241
4001221900072
32947999521
4000786489689
1005003227667016
32979536481
1005002107947307
4000987965345
1005002033107568
32922334033
33021073312
1005002780552655
4001209210288
1005002715745447
4001225215164
1005003027630904
1005003152471745
1005001514419416
32829547922
1005002450320382
1005001806321174
1005003359419403
1005003326059397
4001320169960
1005002840783415
1005003101838727
32966759087
1005002384857902
1005001987308737
1005002794230306
32781777125
4000856306036
1005003002918600
1005003015987718
10000004013957
1005002313328865
1005003070898097
4001083591395
1005001566661541
1005001376121170
1005001814207306
32758756706
1005003282384887
1005002919324156
33049907755
1005001589120730
1005001609325628
1005003308098543
1005002787087737
1005001302363848
4000589552176
1005002475539011
33012035978
4000369024302
1005001605286286
1005002871013457
1005003329476272
1005002788057477
32900186891
4000906716815
4000258516417
32876764875
33047956884
4000391657004
1005002177656319
1925035066
32871176207
32820298625
32810977860
32954941153
4000972897250
1005002646747492
1005003098997920
1005003199818277
1005002252572427
1005002606273188
1005002872314529
33022050551
1005003345112353
10000002734726
1005003206512090
33031549221
1005001946212393
1005002349868282
4000744972674
32994047035
4000212919606
1005003321592134
1005001506898577
1005003105406003
1005001322925401
1005002321075241
1005003336500965
1005002460622173
32993234566
1005003052122496
1005001768947251
4000079766081
4000641904861
1005003325955730
1005003136242478
1005002950460706
1005002857388156
4001221645804
1005001381795877
1005003096485231
1005001469842662
32920532924
32839447920
32799381836
1005002051808607
1005002345577793
1005002893412914
32702662937
33054449647
1005003278825773
1005002631275080
1005002922535064
1005001557361546
1005002875294845
32539052197
1418035401
1005003283254754
1005002313773325
4001106799701
1005001405811213
1005002806910048
4000379394481
1005003238364609
4000143937415
1005002137149003
1005002755659435
1005003136205378
4000926621029
33013249510
33052944732
1005002919632335
1005002830290841
1005002797252468
714353316
4000640929912
1005003304530197
1005002448723848
1005002482886988
32819339183
1005002305120872
1005002343946032
1005003337981302
4000127944502
1005002574528400
1005002383909684
32660103676
32946680703
1005002299218595
1005003266138805
1005002394726034
10000037775629
1005003276342127
1005002862785784
1005003074172497
1005002551569599
1005001333652684
1005003015759906
32973695397
4001045424727
4000954011073
1005003130600913
1005002657611543
4001236777719
1005002817472475
1005001278863016
4000771264283
1005001759521581
1005001692492730
1005002513118523
1005003007960520
1005003287301992
1005003357557384
1005002634210588
1005003190116511
1005001671731754
1005003170111694
1563950132
1005001615561040
1005003204759180
1005002774671857
1005003027712625
1005001264871297
32957427500
1005001427394848
1005002566633614
1005002938469461
32337462901
1005002905759175
1005002710910926
4000270426842
1005003383187951
32970200861
1005003198410973
1005003325451166
4000532985644
1005003158679513
4001325736767
1005002897394120
1181414798
1005003274792892
1005002037718572
33033836805
1005002964376430
1005003363626145
1005003348198140
1005003334823154
1005002847698564
32887951924
1005003234122948
4000261258702
1005003007539562
4001088382270
32736884527
4000320834265
4000280522780
2013600508
1005003151265209
1005003386371208
1005002948808743
1005001926666936
1005003177488169
1005002014128702
1005002924629823
1005002253555792
4001211187326
1005001882714326
1005003103082573
1005003367923984
4001012467102
1005003002814549
1005002419107333
4001149490228
32968527051
1005003087788229
4000262705149
1005001572988006
1005002015189304
1005002517219368
32967726047
1005003340324313
1005003104600685
1005002562815577
1005003239713907
1005001423036692
4000276164123
1005002938748946
1005002738996826
1781167369
1005002870632978
1005003008491786
1005002008171344
1005003124009060
1005003212352949
1005003019398652
1005003371049513
1005002039211191
1005003040684645
33006853689
1005002772504073
1005003059030773
1005002754226336
1005001967627544
1005002476108288
1005001845081130
1005001639359081
32730390030
1005002876911848
1005002394768773
32362029836
1005003238894922
33057503256
33004135551
4000318236216
4001243032452
1005003079669747
1005003346409179
1005003218170093
1005002891877003
4000129232272
32968230436
1005002049157239
1005002580830446
1005002442887719
1005002890437883
1005002948155713
1005001606417106
1005003093106583
10000201520610
4001062437560
1005002960073247
32909115240
32534212119
1005003027382167
1005001999131826
4000405062507
32934355693
4000738975036
1005003387998983
32848029891
1005003320485843
1005001727252768
4001149380943
1005002150648576
4001036590527
1005002647214812
1005002459645404
1005003245196992
1005003061889432
1005003389699785
32976192266
1005002704269294
1005002603466342
33054920978
1005001329895396
1005003137620969
1005003183378354
32668436183
1005002381516696
1005002852268835
1005002282283758
4000626032743
1005001506740296
1005003386733488
1005003380968920
4000557127884
32923398991
1005003257287047
1005002604745280
1005003100580836
33044458642
1005003040218236
1005003221824643
1005003363135075
4000746179942
1005003181951701
32872933150
33001219033
1005003077613064
1005002461333561
1005003079836653
4000630734591
4001110503485
1005003167759271
1005003309878311
33036791008
1005001498923387
1005003038053569
32811704399
1005003026361532
1005003275557707
1005003309982450
33009059822
1005003234765028
32951932551
1005002372083527
1005003366293388
1005003271734140
1005001895817619
1005002660111479
33046979938
1005001812593558
1005003013867769
32968527510
1005003251831206
4001145965854
1005002256195289
1005003223829726
1005003062035543
1005002096253489
1005002761141236
1005002197215246
32896088237
1005002419491179
32678092267
1005003208196263
32961358319
1005003310837083
1005003116156173
33058907668
4000162405860
4000263436131
1005003263679121
1005003240394968
33015015887
1005002589237909
1005001748953585
32850263182
1005003227046089
1005003061974964
4000927250679
4001078897359
1005002830404822
1005002323725390
1005002950394845
1005003337810394
32952125838
4001175027229
1005002977516260
1005003388345427
4001034668243
1005003123066874
1005003351227486
4001179338556
1005003379981831
1005003250420158
32759380062
1005003287640171
32967716182
1005002063164986
1005003102276348
4001196813192
4000346789034
1005003196716363
4000853199920
1005003123465127
1005002233399559
1005003211346430
1005001386179445
1005001739577153
1005001948507583
1005002885266316
32863774711
1005002953096625
1005001968356422
4001118042126
1005003274477907
32836268884
1005002416624489
4001161813838
1005003336202515
1005002608855988
1005002788768999
4001017400043
32815479258
32365350105
1005002315078830
1005003280034156
1005003177915905
1005001266627111
4000328588796
1005001680326693
1005003167493962
1005001966599557
32850835677
1005003060547917
1005001579158964
1005003196370661
1005003018460409
1005002094907946
1005001529682323
32500134027
1005002870638237
1005001795979510
1005001912978001
32813324737
1005003184456554
1005002792421301
4000633101735
4001325194867
1005001418491755
1005002766712711
1005001970603192
1005002864616375
1005002437657425
1005001483302543
4000847831982
1005003347030444
1005003325572364
32969218838
1005003245605313
1005003352785999
4000141161242
1005001401788553
1005003083940775
1005002735841379
1005003133981929
32809392498
1005001446634754
1005002612258989
1005002879300303
1005002541475743
1005003177201025
32624265467
1005003069530024
32435425196
1005003147104175
1005003355169290
1005002055970809
1005003245658215
4001315099594
1005002638506169
1005001325302508
1005001845187201
1005002722601873
1005001381266002
1005001531608684
4000273947997
1005003297645667
1005003278725604
1005003183815865
1005001858220296
1005003261030995
1005003196462588
32888563517
32692145588
32661562916
1005003197624855
1005002938251003
1005001525426521
1005003223429812
1005002284582748
1005002700400206
1005003008055281
32788124434
1005003003737211
32857306024
1005001841256562
4001068367689
1005002541111969
1005002834504650
1005002661751684
4001179241621
4001313918637
1005001527667428
1005001851318622
1005003031546655
4001290512705
1005003104857990
1005001663154077
4001293081641
32913409549
1005003134117333
1005001611402651
32891994918
1005002588487184
1005003367013743
32901094530
1005003338756302
1005003280483342
1005001446556524
1005002327642819
1005002630584741
4000324260878
1005001495410047
33027165346
4001219102239
1005002290025174
1005003128053191
1005002101688791
1005003318843784
4000464735725
1005002318626105
1005003250622774
1005001458239824
1000007489223
1005003170139117
32717547963
4001063689718
32996769069
1005003058274140
1005003226463206
1005003386327318
1005002626249282
32851879829
1005003254964759
1005003013984618
32987497292
1005003088061829
1005001374430958
33017810244
1005003291804171
1005002789457886
1005001462191255
1005003147933931
1005003265072076
4001153284644
32808906771
1005003015991763
32884122549
1005003378645133
1005003251610509
1005001393261750
1005003094508433
1005002901055370
1005002435340082
1005001845190941
1005003278137793
33036891516
1005001935908729
4001307791744
4000103098573
1005003059390736
4000715998966
4000660296328
32881526335
1005003359861863
4000610015485
1005003165871864
1005003001640975
1005003349639317
4000708381685
1005002579182175
1005002658560639
1005002541029573
33003006972
1005002668615521
1005002033576036
1005001536683887
1005003026215915
1005003365611264
1005002394629911
1005002954179705
1005002826076682
4000862676127
4001038466098
1005003342926419
1005003102211777
1005003058978768
1005002945935190
1005001999665811
1005001804537978
1005003333757967
1005002939570197
1005002797318842
33022023240
4000850951716
1005001484383252
1005002862873196
1005002863953136
32979139416
32738464904
1005001505349004
1005002939732317
1005003384899595
1005002324711563
1005003037544506
1005003160428325
1005002912528860
4000366519832
4000039254672
1005002686609208
1005002851938059
1005003129269849
1005001820441714
33045052348
1005002754460397
1005002187647803
32802455151
4001038801857
4001193820085
32993511267
4001151179284
1005001963260029
1005002380966413
1005003209546357
1005003097927399
1005002861896482
1005001877176076
1005003086963717
1005003087420662
32973963987
1005003306424714
1005002737192122
32830386917
1005003325189278
1005003254856949
1005003242313528
4000424362085
1005002259858304
1005002944996634
1005002050415341
1005002340036514
1005003091341322
1005002966399924
1005003300616841
1005001927626096
1005002734893016
1005003169863276
1005002271171533
1005002287334622
1005002593188507
4001043664979
1005002653123111
1005002840678501
32855025942
1005002630718816
4001021690873
32840681749
1005003188227361
1005002298676439
4000023872514
32769421186
1005001488975711
1005003016887916
1005002861551289
1005002863994650
4001211075695
1005002907079173
33047022808
4001184412592
1005003153274193
1005003129554060
1005002928282231
33063574809
1005002179565719
33033329798
1005003129611691
32989762540
1005001530645952
1005003012543007
1005002830345183
32870037202
1005001902444756
1005003324632552
4001254720980
4001196426391
4000788849511
1005003137902286
4001201146334
1005002574854982
1005003035306507
32833540696
32462539442
1005002674762576
1005002862529614
32264157937
1005002933427843
1005003093787317
1005003257374661
1005002841544277
32947527284
4000878854878
32496301938
1005003300788318
1005003099671041
1005002716321881
4001294850953
1005002413289325
1005003306894289
1000005793687
1005002012035067
1005002979275935
1005003363519433
33002258254
32831314901
1005002315812239
1005003065976101
1005002509502070
1005003339755794
32859250292
4000057526864
1005003263200841
1005001842050041
1005002925561653
1005001604786869
1005002793858459
1005002982867430
32976660361
1005002658035277
33009657632
33012210744
1005002603542241
1005003196725156
1005003278929834
32706012834
1005001877719317
33005451268
1005002176675233
1005002076574368
1005001523345449
1005002592266491
1005002326496434
4000023635024
1005002717229370
1005003096905708
1005002086094706
1005002108252106
4001099358481
4001204626407
32957162006
32962804126
1005003309203897
1005002683631227
32917947324
1005003354967682
4000214648657
32830270514
1005002059840547
32941538021
1005002449257612
1005002616215168
1005003266410915
1005002642636830
1005002567317088
1005003357165534
1005002674701886
1005002879153887
1005002650449293
1005003334815989
4000120438399
1005003371262948
1005001849830050
1005002655109631
1005003100763948
1005002383126238
4001053042281
4001146898098
1005003016372483
32919717722
32858980439
1005002851938059
1005002866436039
1005002384445345
1005003107909581
1005002399855761
1005001994140219
4000793923284
1005001369709951
32788944823
33001451150
4000001810486
1005002081081164
1005001946441201
4000782382960
1005003349651846
32993657986
1005003311396400
1005001429642423
4000326669056
1005001393803883
4000984130336
1005001623313515
1005002121077781
1005002969461570
1005002532085782
1005003237172916
1005003309979522
1005001676898651
1005002903878364
1005003244944294
1005002080897744
1005003105429525
1005001783474120
32992979199
1005003055405079
1005001347090496
1005002934031147
1005003138894078
32987797240
1005003254513635
1005003165776535
1005002973745679
1005003298957530
1005001848680599
1005002346243440
1005003037337152
1005003111580082
1005002925515056
1005002487500691
1005003019281018
1005002700277821
1005003307761192
32919291567
1005003234417671
1005003032177684
1005001984234755
4001143177806
1005001956705649
1005003366220454
1005003328333077
4000131604946
32604727863
1005003103641382
1005003037238751
1005002265037446
1005003366189363
1005002101314716
1005003192132158
817547780
1005003106264031
1005002615994326
32859573054
4001344367217
1005001361287606
1005003271184907
1005003030046867
1005001878758465
1005003127367017
1005003024271256
32902893144
1005003140328188
1005002380809283
1005001338801892
4001158755761
1005003257529872
4000072223688
1005003234283590
1005002885970174
1005002826372585
1005003175965240
1005001270968119
1005003030124854
4000207245303
32848996999
1005002520053816
4001000381700
32987634444
1005002653185585
1005002620203128
32317411549
1005003336299342
32969762423
1005002083949486
4000224370233
4000927000000
1005002540512619
1005003277240891
4001285532125
1005003161829640
33011350938
1005003195631600
1005002097600428
32956553323
1005002532983311
1005002570102528
1005002693711554
1005003044615194
1005002352367301
4001035310214
1005002282041429
1005002611860664
4000022850439
4001228560717
1005002996193900
1005003083961167
4001207043256
4000381753356
1005002640620527
1005002722310686
33027574942
4001294148362
1005001600371320
1005002994113621
10000395945399
32897770000
4001269682888
1005002976603204
1005002316758800
4000739235688
1005002056575420
1005002550795122
32952387775
1005003337979433
4000257426379
32924040523
4000336910741
1005003261574218
1005003209629252
32348194931
1005002937376491
4001114256957
1005003385301625
1005001649390840
1005001429892096
1005002992827020
1005003310008175
1005002947623911
1005002989550630
1005002848461170
32885553897
4001256960905
1005002910666347
1005002245890898
1005002412462712
1005003219284777
1005002660088561
1005003164846546
1005002682860747
1005002055662654
1005001370830737
1005002426538889
1005003191925582
1005003196247104
1005002760108218
1005001940881624
1005003127320694
4000087370563
1005003273175173
1005002017839188
1005003233535455
1005003235760155
1005003309682259
1005003382013222
1005001544883604
1005003115337072
1005002318577184
1005002828360508
1005003172823356
1005002879100888
1005002392990929
4000235222763
32378707115
32790442172
1005002876219702
1005002293667170
10000343877589
10000395871604
4001045732411
1005002193976177
1005003104883928
1005002047085665
4000266330598
32809523111
1005001701278467
1005001699583892
33020819426
1005003189021519
32887799344
1005002696024665
1005001314994511
1005003217972314
32868091034
1005002865801313
4000543537154
32940980647
1005003372684917
1005003309844636
1005002700918489
32991623394
4000067355810
1005002921219119
32850535026
1005001791946180
1005002076744331
1005003357373253
1005002573283966
1005003118422294
1005002711297027
1005003309926151
1005003222046428
1005003258155371
33009812272
1005002990452865
1005002314360462
1005002857257875
1005002903823297
4001036845771
4001016578626
32905228970
4001036664925
1005003274261984
33026974570
33023122295
1005002527014103
1005001742745332
4000717909625
1005003109569452
1005002984670959
1005003282108140
1005001465560353
1005003139402852
1005003042508566
1005003346825400
32858519698
32802957702
1005001360042474
1005001797412852
1005002951842253
1005002548643319
1005002340737466
1005001481537272
32725026427
1005003113358848
1005003179148924
1005002428695300
1005002191688555
4001085162037
32969920964
1005003255989033
32915112974
32799748232
1005002434936872
1005002330770135
1005003214051364
1005002587553989
1005002926646600
32977701450
1005002571806981
1005003319058149
1005001334489268
1005001877698588
1005002058598223
32828831405
4001057447997
4001305624084
1005002948956316
1005003218169236
4001155648232
1005003290566392
1005002738787272
1005003184414638
4000894654933
32960601145
4000641314831
32832116861
1005003230497985
4001187185878
1005003310492266
33001900982
1005003365188528
32950089061
32384055734
1005003319075569
1005002638926995
1005002865254146
1005002339428609
4001310341154
1005002480800394
1005003161784809
32967662219
1005002592424638
1005002231643115
1005003151685683
1005001704942254
1005003186538019
1005002619126830
1005001689759075
1005002823924732
1005003068856070
1814152663
1005001419847559
1005003204126793
1005003158562777
1005003197892049
1005003018038966
1005002915135158
1005002927881322
32887968138
1005002574672407
32854382653
1005002381746771
1005003329763415
1005003034639090
4000066588143
1005002737312685
1005002468962459
32969145974
1005002907044204
32878044052
1005003310405643
4000601704572
1005002345205370
1005003222527176
1005003292848352
1005001627344472
1005003024329583
1005002340824443
1005003230072422
32793181777
1005002575459522
4001165815000
1005002176984143
1005002240199084
4000103866963
1005003300690342
1005002267906135
4001052111128
1005002802365950
1005003339745757
1005002793472847
1005003342116452
4000314969181
1005003086262345
1005002033430086
1005002647293335
1005002801363386
32889210336
1005002808270824
1005002605117820
4000534369674
32694096475
4001250810892
1005003204034022
32650390521
1005002939012808
4001010953752
1005001430769256
1005002739128947
1005001922082368
1005002008449347
32789828179
1005002782733595
1005003356471394
1005003283024078
4000745129648
4000187596868
4000147218995
1005002868834833
1005001748833586
1005001376294279
1005001643446066
1005003241017637
1005003356064657
1005002586930487
4001064717940
1005002942328343
1005002313390569
4000632982558
1005003179525703
1005002289081945
32832832013
1005002884803853
1005002318988905
32743364916
1005001487879178
1005001763579660
1005001572413759
1005002746130955
4001200870669
32794896897
1005002111816137
32856280203
1005002842326405
4000864365270
1005002878686526
1005002995334337
4001076393804
1005002879583552
1005001935916483
4000216468063
32829242509
1005003251078370
1005002829773902
1005003176282479
32832012841
4000299962549
1005003215010164
33023827544
32376681839
2031010101
1005003146152268
1005001445909200
1005003384943899
1005001785606307
32864819835
1005003150820362
1005001287034996
1005002652516622
1005003030984020
1005002103110583
1005002596648630
32931625900
1005001935247417
32804919375
1005002856615315
4000115794116
4000628418843
1005002265328385
1005003298486817
1005001464362693
1005003349557483
32883203602
32841572223
1005002964564875
32972767820
4001267983560
1005002311200621
32803825599
4001003752870
1005003281324433
4000894189693
4000736043986
1005001892944571
1005002275419534
1005001628082233
4000275079378
1005001600596888
1005002495606024
1005001890676386
1005002614172256
32914926358
1005003043601777
1005001418355824
1005003142390847
1005001843445119
1005001445726253
32970567664
32728263464
4000236031207
1005001406819972
1005003331022440
32889098124
1005002693948326
33026518277
32377811695
1005003113171348
4000442416991
1005002296931250
33015538877
32929865932
1005001944081154
1005003019121528
1005001817273192
1005002957551277
1005001977483326
4001077677678
1005003101003917
1005001944505182
1005003385769653
1005003246604381
1005003008225222
1005001989088929
1005002196733056
1005001519173142
32907332501
1005002858177172
1005003278252008
1005002767450706
32840146537
1005002880151890
32968045280
1005003095808250
1005003083113484
1005002462424606
1005002589479250
1005002271150212
32955458413
1005002079002745
1005002201216509
4000016245100
1005002983606797
1005001890769907
1005003103022498
1005003011856009
1005002858338357
1005002989764122
1005003081106856
1005002755436462
1005002711099259
1005002490640711
1005002340202899
1005003178499782
1005003293298811
32847697802
1005002252865332
1005002818918502
32833988880
1005003274524069
1005002700822321
1005003238905930
1005002715729353
4000340156540
1005001814347188
1005002034953326
1005003117610520
1005002314293658
1005003077434198
1005003285778840
1005002457712489
1005003028747606
33008492839
4001139268084
1005003301973640
1005003274715212
1005002121482303
1005003149692425
1005002364120510
32830376965
1005002600090685
4000164517074
32835139153
1005003146102165
1005003348594589
32947845611
1005001469443886
1005002264498232
1005002389866241
4000818306141
1005002612850000
1005003329198611
1005002377420963
1005001652607469
10000384314177
32764987911
33018333233
1005002142404523
1005002661442261
1005003274958950
1005003205675169
1005002598868743
32985563147
1005002863226343
32962138231
1005003280519160
1005002094487508
1005003304621743
4000820640206
1005001956524606
1005001950488249
1005003015596577
32808159254
1005003015567159
4000608815161
1005003265224337
1005003216516218
1005002289921336
1005001375558846
1005001314358558
1005003106101001
1005002049496044
4000759581608
1005001835065082
1005002245034061
32846017705
1005002940083818
1005003014664976
4000200760254
1005002794410079
1005001764474029
1005003160886944
1005001703927602
1005003228661373
32901236508
4000696682392
1005001692208225
1005003337776150
4001038916762
1005003359990959
4000607415020
1005002756453639
1005003267975006
33055562192
32823830536
1005003214083654
1005003305740617
1005003047909790
1005001633413373
1005002817183589
4000790138352
1005002622785999
4000689746931
1005003218910701
4000806014520
1005003169005399
32853472689
1005003250094083
32809409390
1005002201038884
1005003374741129
4000760503109
1005002549629401
1005003353691678
1005003263460858
32864739319
1005002705395340
1005002967420985
1005002712174997
1005002270342328
1005001861302474
32849286607
33052187477
1005003037980383
32858245880
1005001278126416
1005002396585483
1005001420721729
1005003184001782
1005002631331538
1005002402362661
1005001875334688
4000166241533
1005002194271693
1005002509995547
32355441767
1005002524412725
1005001493639978
1005003348020449
32755246054
1005003176162120
1005002525010306
1005002814777320
1005002111565871
1005003123746135
1005002506942851
1005003093922249
1005001830420094
1005001697681679
32827862808
1005001388034540
1005003208903806
32905680220
1005001977672380
32918244621
1005001835411499
1005003021809928
1005001686145447
1005001614982348
1005003146380244
4000761529285
32865429678
4000609048899
4000466462425
1000001733995
1005002623500295
1005001327564005
32789784625
1005003307969400
1005002715820971
1005003387804636
1005002814235101
1005003091247583
4000007746326
4001127321093
33007920832
1005002228267884
4001200269676
1005002960728168
1005002675799106
1005002701282057
1005002824346192
1005003112641570
32653734691
4000018030037
1005002935408586
1005002101425841
33051231667
4001184879196
4000864138099
1005001561146748
1005003258223690
32798456951
4000267264379
1005002327675304
1005002556773273
10000150915165
1005002008916115
32974948484
1005002192733532
4001154482107
1005003205786320
4001257692640
4001090714616
1005002516580616
1005003083181330
32701024467
4000310017835
1005003387826312
1005001551515697
1005003064548315
1005003289142397
1005003137624601
4000055966570
33055774994
1005002345964998
1005001275129556
1005003310438470
1005003186253179
32974293476
33013501908
1005002508247952
1005002842919743
1005003004068555
1005002762936066
1005003376605814
1005003019094776
32966941968
1005001995381103
4000826228824
1005001808605859
1005001513381672
4001107444725
1005002350834240
1005002781627787
4001223977790
1005002804043785
1005003215482944
1005002876232650
1005002526750736
1005003381025692
1005002028330084
1005001962131326
1005001676910701
32901493643
1005002693832465
1005001998111532
4000430166773
1005001780362301
1005003351525863
4000986876842
32841958715
4000273920055
1005001996953943
1005003000563231
1005003188246201
1005003364886861
1005003298918630
1005002274026389
4001162112014
32990895724
1005003332266732
1005003158989426
1005001912598053
1602029378
1005003009918973
4001293531916
4000289281757
32388453152
1005002526642455
1005002877592609
33053610778
1005001988205214
1005003386010648
32620999463
1005003063336921
1005002573462855
4001197123557
1005003277912874
4001207108402
1005002903777083
4000929878796
1005002453608829
1005002875388237
4001268288739
4000011412960
32807267983
4000738735621
33046175994
1005002210846867
1005003375080698
1005002412798744
32898875578
4001328732114
1005003242034634
32814253905
32895203166
1005002645207442
1005001384153318
1005003222600666
1005003336779929
1005001495029363
1005002971835409
1005002275361698
1005001617133462
1005002963739314
1005002494299514
1005001287496538
1005001789381017
4000378074265
4000150111559
1005002494219563
32804872899
32971822532
1005002895468116
1005002429651987
4000812173691
1005002747606251
1005002314392670
32804885938
1005002250032772
1005002730697730
32742468019
4001242581072
1005002015628432
1005002794859810
1005003370820764
1005003021766837
32855456202
32878115784
1005003371050211
1005003265215442
1005002165086296
32584239634
1005002060019144
1005003286326313
1005002593124676
1005003041853811
32843489153
4000925455628
1005003019210654
32849462463
1005002583319472
1005002687318019
1005003173392919
1005001522304015
1005001992926658
1005002951682640
1005003276037817
32714964781
1005003139774702
1005002647407313
33044092622
33019546452
1005003095352465
1005002531742150
32423648561
1005003093743319
1005003001216555
33042835208
1005001297554359
1005002938675440
1005002170899654
1005001666670058
32888744077
1005002109619615
1005002416034181
1296824719
1005002232573260
4000858833533
1005002588380407
1005002612364887
1005003154666079
1005001825894064
1005002298436293
1005002373143500
1005001879565885
1005001791918426
1005002879315050
1005003342563257
1005003060080139
4000131797102
1005002995813100
1005001285498916
1005003064931926
4001283728856
4001118948235
33005513826
1005002530860123
1005003064191719
1005003097870203
1005002281069066
4001319567260
32973297141
1005002011294505
32873091522
1005002256537314
4000410476320
1005002787420442
1005001803994870
1005003233724958
1005003110964217
4000543420773
32840600398
1005002043045721
1005002847889273
33058728845
1005003098734133
32815903040
1005003275647425
4001115393379
1005002945811884
1005003197858089
1005002253963732
1005002382267140
33031489517
4000741268780
1005002324109479
1005003248593369
1005002862984826
1005002809488390
1005002225001377
1005003348360012
4000046489003
1005002946718505
1005001314352288
1005002862124903
1005001901595348
1005003271298551
1005003246071847
1005003021881038
1005003330078750
10000061850841
4000313461820
1005002324860781
1005003008194790
4000776800042
32880883846
4000034724418
1005002756000345
32792280930
33004790026
1005003354713614
4000976583409
32959063867
4000810903046
1005002293828502
1005003086600324
1005002557714080
1005003276337770
1005002610487928
1005002990939498
1005002565416948
1005003267918151
2045459012
1005003016198489
1005002670016612
1005002593100918
1005001670485436
1005002926319395
4001205950477
1005003331706783
32844968176
1005002129551948
1005001985055116
32861496396
1005003390833991
32976027047
32725503731
1005001349731950
1005002971102559
4000080856498
32833978330
32764363510
1005002943795108
4000419858364
1005003373749750
1005003376024625
4000484665779
1005003078221765
1005003101754375
1005002893809028
1005003044980023
1005002820549439
1005002637853667
1005003305954751
1005003067536759
32911447822
32847985811
1005003085328004
1005002175003804
1005001313174066
4000789698572
1005002452745285
1005002460452639
32963171524
1005001812432496
4000932313696
1005003337279051
1005002385267655
1005002638795164
1005003019908177
32965182739
1005002922047210
4001222507301
1005003314712976
4000261768024
1005002925660186
32619395921
32809263926
1005002121349730
1005002219890307
1005001967776883
1005003320588898
1005003324770639
4001355754494
1005003109953630
1005003118758182
32860247932
1005001946723975
4001231677571
1005003217266315
1005001896768237
32607953014
1005003253580116
1005002300564743
1005003102826671
1005001833677268
4001270433353
1005002565403938
1005003187890879
1005002821794541
1005002482477496
1005002982711591
4001011835408
32711544898
1005002976961338
4000916496598
1005002572507579
1005002965911637
1005002452811307
1005001756620066
1149336141
32991127521
1005003154715532
1005002864437740
1005001617222072
4001351388281
1005003357315037
32960303533
1005003214416311
1005003282562006
1005002971885626
4001280550457
1005001458859992
4001355138548
1005003392705975
1005002972085063
32864172635
1005003043996664
1005003226451058
1005003135034699
4000369963305
32891635789
1005002722698771
1005002975705099
32964158478
1005003255389311
32870048539
32792935935
1005003388468443
1005002907013431
1005003358181726
1005002778687456
4000348113430
1005001793101603
32817933922
1005003229490369
1005003265547756
33011779571
1005002002796460
4000089704121
1005002711299918
1005003335103390
1005002295444522
1005001462504813
1005002886271989
1005003042195346