32868320052
1005002231719129
1005002443830460
1005002495522921
1005001884673411
4001115741494
32851436741
1005003223519675
4000221510151
4000464304888
1005003285785592
1005002977425930
32910612490
32946946242
1005003223438412
1005002775008641
1005002596842931
1005003075806192
1005002766255446
1005002780861275
10000310491328
1005002734319959
1005002287620961
4000039954551
1005003146246564
1005002524224859
32976545864
32826622496
1005003283401021
1005002828777251
1005002711247343
1005002899106725
1005002103720080
1005003385434683
1005002775866290
1005003092753526
1005002935268165
1005003215464731
1005001850189800
1005002191310604
1005001809985397
33040301330
1005002082550865
1005003380206272
4000203139297
33016535643
1005002552047222
33001986335
1005003129304493
1005002730717834
4001246919711
33053853167
1005001880435526
1005003371887352
1005002284241577
1005002787136483
32977791774
1005001993249069
1005002938364469
1005002240905634
1005002963725212
1005002504391648
1005001884442967
1005002272206447
1005003118060925
1005002952627862
4001208360889
32892902483
1005002074875573
1005003174094336
1005003165169727
4000379586982
1005003288245011
1005002608919569
1005003315806276
4000843542410
32838692403
1005002662144128
4000926690014
1005002093806677
1005001666985413
4000663547520
32957415652
1005002920181833
4000509545030
1005002865930181
1005002541249163
1005001581011797
1005001844514271
1005003311836965
32693505099
1005003264678425
1005003281361768
1005002922614426
32824078889
1005002487241298
1005003219552936
4000736169232
1005003278559852
1005001850327703
1005002912467920
1005002600081125
1005001360310684
32830555340
4000850225585
1005002783811467
1005003343743578
4000944950317
1005002661926726
4000269222483
1005003287217929
1005003035072097
1005001397624993
1005002784436851
1005003154441823
1005001935514243
1005002635117995
1005001604783612
1005002702599800
1005001349731362
1005002614149228
1005002932406088
4001165953277
1005002255054656
1005002661580423
1005003311280538
1005003027219593
32974846879
1005002176256852
1005002746635232
1005002394596266
4000987496733
1005001779647333
1005001933557019
1005002610954835
1005003092154374
1005002335186265
1005002625066773
1005003203164156
1005002111411081
1005003222376956
1005003333546762
1005002709822565
32891443325
4000176279349
1005001622175070
1005001999784872
1005003241821243
32978823792
32966210272
4001294202956
1005003068415416
1005003303286381
1005003062116275
1005002348152378
1005001621395447
1005001870959824
32748655511
1005002245942865
4000075093791
1005003328829218
1005002448684516
1005002937739180
1005001464902305
33003970036
1005002916978350
1005001598680093
4000561170727
1005001297177588
32862501937
1005001718807829
4000235876207
1005001744264781
1005001562997193
33056692174
4001208916842
1005001867404240
1005003109915617
1005003160090597
1005003241461478
1005001421295753
1005003300759889
32963567947
1005001940358325
1005003387482372
1005002115708599
1005002828684582
1005003148882000
4000366025536
1005001988902228
1005001865784822
1005003313094407
32870510780
32690824321
1005003108808247
1005002878642588
1005001555818663
4000906525818
33002070086
4000935948188
1005002366125186
1005002531889018
32811495586
1005003201726442
1005003344963173
1005002304234048
4000800720183
1005001616684394
1005002940442091
4000241367363
1005002054494105
1005001917574692
1005003042733497
1005003344898626
1005002635322610
1005003097220142
1005002383225964
1005001844416368
1005002552551843
1005003129729066
1005002268005083
32799484764
1005003150499352
1005002998815855
1005003123481948
10000002742122
1005003170052832
1005003292803513
32954182801
1005002632016899
1005003041496696
1005001393269149
1005003221353756
1005001568103350
33004770145
1005001411805862
1005001624810524
1005003099649261
1005003302589611
32934195478
1005002672655421
1005003295248779
32948085472
1005001835466175
1005003145469089
1005003253530534
1005003083901679
1005003134574135
1005002732145394
1005003095255376
1005001298319224
4001225114747
1005003032944162
1005003208995512
4000551430780
1005001774818412
10000335880689
1005003373546000
1005003028444483
1005002277699708
1005002504631961
4000182116450
1005002530482588
32736846456
1005003313035387
1005002642107252
1005002687094745
1005003303384547
1005003336438570
1005003286691075
1005003172279949
32870116494
1005003076330152
1005003120319628
1005003156396113
1005002060544961
32577172562
1005003286129970
4000662719247
4001065924577
4001068388409
1005003385501684
1005001362344785
4000649215658
1005003105483940
1005003389842902
1005002480611401
32832169118
1005002860781947
1005003019993050
1005002924780167
32919244630
32720721492
32967046813
1005001688372536
1005003200966369
32869473746
33016541010
4000809909362
1005003090435748
1005003196375754
1005002656783115
4001233285069
33042212114
4000062785776
4001293810787
1005003377359744
1005002982916578
1005003180946209
32723706133
4000714228730
1005002851290926
1005001491393251
1005003215065282
1005003323080504
1005001789692136
4000021473810
1005003203755130
1005003298390990
1005001496273829
1005003388507203
1005003212242715
1005002119667923
4000781236659
1005003335873347
1005003336227815
1005001547840445
1005003092100778
32970390476
32849093506
4001359574149
4000072550116
1005001611938659
32776837604
1005001689527837
1005001617951159
1005002313124439
32832861670
1005002489799769
1005003019456210
1005002973684411
1005002817736033
1005002417848154
1005002780857021
1005002772274914
1005002944103024
1005003187137596
1005001647885801
1005001651052378
33032517935
32997341641
1005002984041153
1005002635136922
1005001884811676
1005001872433607
1005001958701967
1005002287880492
1005002731802777
1005002871741723
1005001499661618
4000625427885
1005003095435984
32864031900
1005002996763692
32963907207
1005002827639459
32836434034
4000682896280
4000704239170
1005003095323901
1005002120777161
1005002134569028
1005001771976454
1005003348391004
1005002900148387
4001271493278
4001322145207
32747305036
1005002746797965
1005003336089238
1005001525290999
1005002833931696
1005002239117663
1005002797333879
1005002223755777
32718571074
1005001939529821
1005001382095025
1005003305504937
4000582537429
10000395856501
1005002927503375
1005001799367581
32813166746
1005002940507769
1005002678857975
1005001770400014
1005001401859087
32878372368
4001017119310
1005003377214993
1138293854
4000557816571
1005002902410703
1005002656845529
1005003080867412
1005002276092771
4001354548837
32847205144
1005003111177470
32790096720
1005003050047629
1005002046023690
1005001908719654
4000178492682
4000016858330
1005001727057312
32697757452
4001163865986
32422466491
4001066938153
1005002594843906
4000219485935
1005002965812816
1005002143338089
4001162598791
1005001469222686
1005002985451717
1005002278348536
4001062415912
1005003359410368
1005001998685872
1005001599030740
32853130076
1005002010882357
1005002911986295
33061114083
4001207961565
1005001677065851
32810165675
1005002488809536
1005002825620910
4000955112856
1005002414389175
4000119066336
4001139588726
1005002883020084
1005002922132554
1005003133749118
1005001667863009
1005002268403397
1005003243773740
32853281738
1005002735630394
4000166194501
1005002788698485
1005003291353410
1005002949840898
1005002294010487
32841654374
1005002623187569
1005001316424022
1005003214448472
32298832080
1005002586602235
10000298623516
1005002940663965
1005002346113549
1005002614154814
4000130189057
32946604474
32718931150
1005003291542133
32876038435
1005002501038191
1005002448594718
1005002662184403
1005002727655408
1005003140742278
1005003360475476
10000395911871
1005001309234287
1005002656873495
1005002836551676
1005002899467580
32848892197
1005002033317586
4000749923926
1005002821233015
1005003375218988
1005002400003599
32694354108
1005002890207182
1005001914276200
1005002503578076
32834595146
1005003371094676
1005003297889178
1005002389030965
1005002989166495
1005001393173576
1005002826911785
1005003030140193
4000817518673
4000843199974
1005002746170755
1005002459613584
1005002051707548
1005002965526738
1005002083737960
1005002224074259
1005001745063041
1005002872489878
1005001756100096
1005001989614902
1005002627016824
4001089753349
32899304593
1005003183609769
32989184679
1005002333612286
1005003161890024
1005003337758223
1005002991430535
1005002426347705
1005002983404670
33005722697
1005003118937382
32991012225
1005002932642841
1005001369447720
32918536852
4001278959022
1005002207832841
1005002886311081
1005003340866903
1005002904593482
1005003387191669
4001281743282
1005002519724734
1005001620994686
1005002984360602
32429007088
1005003220949834
33010445977
1005002377562944
1005001942156111
32971843921
1005002897840261
32898459499
4001230335635
1005003346151420
1005003137726118
1005003363969946
1005002678824714
1005003178772848
1005003304762025
1005003311225734
4000311204898
1005001695502482
1005001453303339
4000727832524
1005003297706266
1005002428010312
1005003002465702
1005001303640581
4000071100936
1005002857110134
1005003165462860
33048438319
1005003254860308
1005002506270421
1005002642400279
4001360707165
1005003347120438
32882722999
1005003233428045
1005003147667645
32958344544
1005003313522471
4001150243256
1005001500301191
1005003069170061
1005001494940438
1005003245783808
1005003276539705
4001315505178
1005002292975304
1005002508748174
1005003346520204
4001177828488
32809746870
1005003340948410
32841709134
1005001817754009
1005002898947826
1005003014285325
1005002957895891
1005002572216381
32866495460
1005002616114059
1005003252859158
1005001882507940
1005001889523975
1005003163661704
1005003125158272
1005003130275171
1005003343699834
1005002775556685
32868390458
32864158164
1005002707663226
32707332736
10000358724034
1005003027399680
1005002650881830
1005001959965156
1005003274010772
1005001846653582
4001050383213
1005003329547071
1005002983893490
1005002063774135
1005003375193785
1005002211820075
1005001447145015
1005003224513788
1005002579948793
32951819603
1005003387693892
32827346125
1005003185943458
1005001934140106
10000343980018
1005003026371430
1005002967430225
4000402396968
32690378800
1005002734121659
1005003013667591
1005002948250181
1005001773471969
1005003339287894
32826842965
1005003025487498
33031899169
1005002070412672
1005003072810765
32968616269
1005003115672454
1005003211796622
1005002744687496
4000910649028
1005003016909655
1005002781009241
1005002818155587
1005002034438918
4000805492972
1005002315016435
1005003020495531
1005003170972963
4000129267736
1005003299506279
1005003150660360
32976770378
1005002002247603
1005002552939708
1005002958817529
1005001334214049
4000812276436
1005003006383858
1005002542432347
1005003348447172
4000269475219
1005001625523450
4001094861138
1005003276409540
1005002079705838
1005002875743657
1005001802104448
1005002584708994
1005003333150419
1005002313534615
1005003003042978
1005002597187120
33026196898
1005003023471998
32782111757
4000758270298
1005003306402573
1005002210959621
1005002264900925
1005002323390743
1005002956473185
1005002851790256
1005002280993354
1005001441392565
33028182132
1005003189695387
1005003227899949
1005003385357373
1005002085131737
4000674758349
1005003310069993
1005002333790761
32842428965
33049805079
1005002913748597
32990325931
1005002291789083
1005001430380637
1005002663099778
1005001638450177
4000729859535
4000294177511
1005002396436348
4000209382847
1005001688251078
4000987333789
1005002954271094
1005003302053064
1005003192867817
32846029334
1005002906232209
1005003177920848
1005003077050789
1005003044515130
1005002559752190
1005003032429158
1005001988319154
1005002283772119
1005002856791336
1005002925520597
1005002840025028
1005003042377862
1005002902474485
1005002464759177
32881821837
1005002878524250
1005002205717035
1005002830506983
1005002646035405
1005001623133686
1005003343960664
32884578980
32982357395
1005002794502235
4001141990692
1005003249298403
4001146307048
1005002678812554
1005003081389344
1005003293473366
1005002908128773
1005003203739964
4001065004628
1005003356932787
1005002997355706
1005003345061923
1005003303091462
1005002212229367
1005001959025094
1005002334965525
1005003164993832
32947433715
4001296944108
1005002224183420
1005002829624859
1005002716771830
1005003058433302
4001029405469
1005003133988411
4000921414551
1005003368009827
1005002133428876
32892131882
32958138603
1005002465505838
1005002450568443
1005003251783235
1005003293525567
32949139070
4000441828300
1005003172221293
4000936325782
1005002489820613
1005002657188644
1005003176574933
1005003069778511
1005003274389544
32883118787
4000344013393
1005002387017561
32987441718
1005003352002830
1005002044707244
4000884237143
4001027184364
1005003019587399
32835636276
1005001444888363
1005001342948304
1005003156427485
32717849253
1005002820715690
10000283335336
32995054564
1005003290402156
1005002545464835
4000090362934
4001296303975
1005001869263289
1005001860770599
1005002076507926
1005002426056078
1005002937817171
4000346298278
1005002399413854
1005002977721843
1005003240198111
1005002546414138
1005002861695031
1005002718666135
1005003051273005
32999856842
1005003387744098
1005002361562762
32582062928
1005003070429571
1005002619625851
4000570843874
4001149250887
1005003137123750
1005001836007328
1005003019179322
32959025253
1005002833664163
1005001757974538
33008836471
1005003296149286
32963054381
1005002061966790
1005002882982401
1005002475674258
1005002842108887
1005002624887384
1005002869733486
1005002047519517
1005003002147908
1005002746626369
1005003377605910
33010317705
1005003050777637
1005002566081550
1005002165406890
1005003101763154
1005001597767970
1005003057917231
1005003322054581
1005003160374176
33005533292
32829890654
33047530708
1005002717648442
1005001559719632
1005001405039973
4000077696676
4000555035810
1005003228010129
1005002066292146
32999652811
1005003266083695
1005002508945656
4000065494755
1005003382190329
32969197992
1005003000950255
1005002894278140
1005002537378798
4001272088876
4000761185278
1005002809814792
1005002508870716
1005002443096923
4000664030316
1005002953055556
32950552743
1005002525046757
33026886836
1005003111018356
1005001799870830
32838894505
1005002710196767
32966793554
1005001425674442
1005003191311228
1005003076058943
1005002688687700
1005003060596905
4001257089363
32906142364
1005002985417748
1005001523316491
1005001437590296
1005002765437252
1005002798194525
1005003296669898
4000756567089
1005002002375114
33002063741
1005003196051613
32921805081
1005003314191535
1005003039616765
1005003277422645
1005002664368101
4000973092209
1005003207869498
1005003253747001
32851986448
1005002374711756
1005003202758400
4000804489235
4000927457678
1005002029064042
1005002709190115
1005002512128943
1005001482720378
1005002185528153
4001230613816
1005003245446563
1005003151719488
32852749536
4000888823148
1005002697985860
32867329028
1005003229852779
1005001823714930
1005001319763953
2026643994
4001294405080
1005002753368748
1005003107219872
1005002554192887
1005003045553096
4000601530255
1005001566690474
1005003292700167
1005003235020075
1005003312618688
1005003228984715
1005003171356858
32997715586
1005003276132207
1005002322651096
1005003020942839
1005002628804944
1005001523667329
1005002775025791
1005003357656270
1005003331557881
1005003229481287
1005001614280142
1005003123376797
32982831317
1005001586264432
32914846495
4000122228391
4001224195503
1005002474065280
1005002779953584
1005002054360284
32995025441
1005003234855277
1005002859153601
32578085573
1005003297949325
1005002223517963
32794411813
1005002191130600
1005002062163127
1005002863838448
1005002343146330
1005002309509085
1005003071027309
1005003035875101
1005001329074791
1005002532504924
1005002870028794
1005002841969264
1005003377151253
1005002541136730
32777285079
1005001412310170
1005002896992671
1005001628080687
4000917995321
1005002657142844
1005002883144279
1005001904897491
1005003309850600
1005002519981284
1005002192486446
1005003356679524
1005002012133359
1005001934590659
32946951884
1005002035058452
4000346243888
32950159455
1005002663565750
1005001682861627
1005002680965401
33041113323
33002703771
1005002907480688
32808850777
4000117468074
4000827885460
4000049241477
1005001395015287
1005002734576260
1005003332774939
1005002977923697
4001215698224
1005002495348711
1005003325540855
1005001802185819
1005002656426874
4000262672602
1005002012819412
1005002333950357
1005001988986526
32753639915
32957601753
32351102023
1005002615968070
4001191819551
1005002365840220
4001139943694
4001161602774
1005001808875761
32956373479
1005003133908130
1005003228192987
1005002454304296
1005002905305869
1005002687114098
32842539537
1005002239697794
1005003321210580
1005003194397768
4001230355563
33025492025
32695261071
4000112110020
1005003151610930
4001105573108
1005001818953366
1005002865226551
1005002389070188
32964810627
4001039412361
1005002643165294
1005002317136821
32919976307
1005003117138616
1005001529604858
1005003209533996
1005001403679294
4000052567151
32978987707
32996731098
4001230317834
33050975015
1005003178143173
1005001275914864
32795396610
32825716216
32830894918
1005002314868167
1005001732930716
32858527561
1005001381271832
4000998083753
33056863238
1005003268357383
1005003228876319
1005003344739787
4000794603349
1005002387861380
4000768385059
1005002838175651
1005003188465483
1005002349913741
1005003256722492
32821168607
1005003019285036
1005003082193350
4001035074363
1005001480399774
1005002973803267
1005003031016570
1005002965162830
1005002101093755
1005002622526866
4001006520994
1005002314410006
1005002652890420
1005002587796523
1005003022023218
1005002992864798
1005003287872013
1005002941491523
1005001708775455
32945265561
1005003127864965
32964626633
1005001374715074
32814627118
1005003103955086
1005003287706974
1000005334659
1005003083455370
1005003349845068
1005003191340101
1005001527489486
1005001857120170
1005001737038751
1005002259064607
1005002394467022
1005001861026559
1005003316211545
32900502634
1005002608785785
1005002996600646
32888075470
1912552288
1005002813099265
4001146846987
1005002332761684
1005003336348218
1005002294017863
1005002990438338
1005003351498698
1005001563414582
1005002937473109
1005002967458595
1005002502953845
1005003299042428
32983432842
1005002320862198
1005003101482826
4000760735407
1005003381681334
1005001988938453
1005002795173063
1005003070611360
4000888964540
1005002739011546
32455062705
1005002449794878
32826321350
1005003002082578
1005003107830144
32831950352
1005003099296946
1005002615200717
1005003027028555
4001001031119
1005003293122220
1005003333003312
1005003144631491
1005001866954660
1005003287661688
1005002103573524
1005003066997829
32859842316
32944382426
1005002354110683
33037272920
1005002401758194
32750429929
32852364686
32652290760
1005003298497822
1005001577566598
32566905273
1005002401303450
1005003081355642
1005002100362870
1005002569060993
1005003264360616
1005001823181736
1005003038351502
1005003333607332
1005001573299241
1005003377164535
32993865356
1005002284450148
1005003211034571
1005003069930844
1005002912224900
1005003325656645
32971012688
1005001622388291
32834351309
1005001593148724
1005001913803847
1005001786638351
33026775527
1005003155697548
1005003206626308
4000041231397
1005002242898371
1005002607094885
1005001596470971
1005002314205906
1005002908091009
1005001767728862
32970345254
1005001992213234
1005002927208507
1005003263654819
1005002685443260
4000463689063
32856026318
1005002252396537
32952090344
1005001278268674
1005003302778946
1005001621298128
1005003188289511
1005002039627814
32971474223
1005001603887099
1005002404088977
4001175252181
4001225203686
1005001997198586
1005001957454815
1005002023831539
1005002318128170
1005002366066632
1005002038769035
1005003151812629
1005002663234461
1005003308776638
33054647049
32992640565
1005002878399831
1005003162941908
1005002867986778
1005002210036257
4000381790303
33018575064
1005003277797947
1005002551714847
1005003054103401
1005002007007460
32702244268
1005003026625566
1005002321022071
1005002297506982
1005003041189113
1005002109938299
1005001910261825
1005003228803578
4000808564272
33052740476
1005002688456574
4001336564636
1005003323136928
1005002352301541
32677918798
1005003384011240
32798967679
1005002702663706
1005003325395017
1005002811612440
32861291006
1005002981982855
4000253185527
32961129434
1005003102806402
33009123054
1005002592908007
32868753676
4001128652835
1005001845349761
1005002536353210
1005003198579269
1005002165965759
4001021637938
1005002275693365
1005003356252735
1005002393899777
1005002982142483
1005003082289940
4000790793487
4000688577893
1005002982346583
1005003183178015
1005002871754491
1005003367647050
1005002192355616
4000453112203
4000071135686
1005002379056972
1005003023075409
1005003381103372
1005002913855879
1005001571848314
4000904198946
1005002865637685
32952303545
32831194642
1005003201227211
1005003375124214
1005003371277667
1005003307472308
1005002857360238
1005002658043652
1005003212724354
1005003133241979
1005003118665879
4001183551626
1005002886392238
1005002462158658
4000909836841
1005002856867048
1005003072001880
1005002918363520
1005001574226095
1005003263746746
1005003257239297
1005003261640662
1005002271248496
1005003362611964
1005003385298159
1005003194146764
32835139153
1005002692357859
1005002615937818
33016359118
4001192031218
1005003281625493
1005001868614736
4000458978329
32258570562
1005003134441975
1005002643298481
1005003308250360
1005002453252864
1005002782353977
1005003092732343
32968377546
1005003081169136
1005003104343653
33026769637
1005003263320748
1005002718719532
32908268215
1005002247824409
1005003356849491
32901468882
4001248288083
1005002700271820
1005003107958598
32855960688
1005002076254347
1005002461299626
1005002002941857
1005002798827497
32921099531
1005002322324303
1005001563537495
1005002841589158
1005003283195389
4000898788177
32979703719
32495070904
1005002508245843
4000842826136
1005003287485661
1005002108468472
1005003019496374
1005001412987132
1005001913877325
32951103761
1005003082325057
1005002775070775
4000930818034
1005003275353559
4000091685201
33008190294
1005003055262112
1005002357734007
1005003330208031
1005001349072352
1005003191108721
4001333249793
1005001753284158
4000261374454
1005001926881586
32763503441
10000256956752
1005003308754366
1005002498740296
1005003309667234
1005001978583856
1005001708236602
32950960699
1005002457495194
1005003340260228
1005003115246138
1005003075031012
1005001360887318
4000103483766
32792695263
1005003193943627
1005003132285134
32951589891
1005003222840005
1005002646852197
1005002504578416
1005003140727686
32948691860
4001208308865
1005002245828994
1005002776350421
1005003103059071
1005002612760828
1005002122614035
1005002697812166
32929082297
1005001738684454
1005001705608555
4000771248096
4000188733643
4001039145082
4000209638723
1005003228183466
1005001552644496
1005003379363925
1005001867318553
1005001822487050
4000299890155
1005001882386426
1005003190498502
4000983676313
1005002857556119
4001221404103
1005002667088711
4000917841743
1005001994400264
32848339741
1005003282369438
1005002754105685
1005002944096801
1005002376081071
1005002650145525
1005002513525743
1005002755434805
1005001695543510
1005002453211445
4000076428177
1005003371242678
2009524623
1005002776388240
32714498386
1005003247417040
1005002489485333
1005001872603125
1005002418703735
33033878682
32826851818
1005003308671859
32792498129
1005002931882074
1005001705811281
1005003103206288
4001165108401
1005003202071725
1005002868516714
1005003392837503
1005002454197995
4000155257045
1005002799754502
32515712107
1005002650566099
1005003298670061
32869528002
1005003275858208
32856682317
1005003154498184
1005002357729822
1005001298013500
1005003059495928
1005001913080241
32892417760
1005002971820768
32817756213
4000543739561
10000109370912
32951787908
1005002927198345
1005003177424633
1005003124954065
1005002573445120
1005003030144475
4000606379577
4000380795711
1005001389146758
4001356470754
32968890148
1005002253701240
4000931028328
4000374341139
1005002568008188
1005002491945865
1005003213096151
1005003387841391
1005002250327341
1005003080551071
1005003016085680
1005003335641309
4000910190590
1005003292897192
1005002133243719
1005002588241388
1005002392376498
4001041111225
1005002672441154
1005003105805666
1005001798805841
1005003298347951
1005002721951533
1005002566049625
1005003356362046
33010752975
1005002228356839
1005002305183586
1005003363572012
1005002950259781
32810249641
1005003341733479
1005003325998212
1005002386512469
1005003307969594
1005002828693740
1005003253707778
1005002238108059
1005002703853046
4000936023558
4000132823002
1005003338663377
1005003153278756
1005001885973763
1005003101385570
1005003112531817
1005001779424893
4000038956463
4001015151267
1005002610270085
1005002186263140
32742058754
1005001619708626
1005001997235010
1005002884525317
1005003241784180
1005002203401874
1005002953449423
1005003392955905
1005002330420448
1005003311412788
1005003164950853
1005003275651186
4001365696545
1005002402117294
4000799414899
4001241547891
1005002667016013
1005003176740354
1005002977436497
4001297426156
32949071178
1005003196219323
32665552103
1005003231710261
4001294488805
1005003351646323
4001010664190
32970832848
1005002870230798
1005003313825660
4001060748863
1005003130175013
32945215876
1005003338257845
4001073451071
32222994204
1005002598783501
1005003007280941
1005002953094458
1005001269668061
32979681171
1005002821809920
4000463314118
1005003138887988
1005003248629277
32968780973
1005002330688187
1005003263437874
1005002056284917
1005003035875680
1005002292553179
1005002620037899
32972460475
1005002198950911
1005003350469748
32870472564
32839260638
1005002651496318
32867360712
33019707501
1005001411766093
33018887337
4000723462011
1005001738434620
1005003239713907
32845776444
4000706168890
1005002966219154
1005003113186231
4000086135111
1005001381889052
32857873013
1005001704017547
1005003161749817
1005002700956548
1005002823434446
1005001465191037
1005002871397595
1005002642331620
4000732594811
1005003339464505
1005001581370937
1005003115267843
4000837728976
4001080951144
32912381016
1005003122045127
1005002602561214
1005002197314087
1005003278469099
4000922583275
1005003332847558
1005002941874449
32229111690
1005001933314886
1005002113191421
33037785374
32817418251
1005002641106743
1005002708986321
32976345586
1005002136538437
1005001884675240
1005001476147238
1005003246127634
32796248554
1005001291707714
1005002099116832
1005002836560203
4000027275668
4000751775632
1005002386274530
1005003112794126
1005001452508994
33030991846
1005003325598341
1005002301085667
1005002359873553
4000959954233
32794970930
4000433997634
1005001596595982
1005002121856381
1005003118563323
1005001695109661
32863051922
32913178245
1005002787600074
1005001516093044
1005003082135048
32836890332
1005002192334918
1005002871730749
1005002663684346
1005002462874001
1005002505423140
1005002389636471
4001356658157
33043927186
32944056919
4000313329500
1005003311744920
1005003134837813
10000397399994
1005003131983116
1005003129448236
1005003195542095
1005002381152586
1005002313740575
1005002506187231
33026428429
1005002138027683
1005001709974065
1005002314110250
1005003008063316
1005003137358889
1005003058728507
1005001704531787
1005002180352835
1005003327769329
1005002326320822
1005003327671094
32781112886
1005002253277577
1005002745755568
1005001889621619
1005002289941257
1005002548010361
1005001697877642
1005003297993057
1005003318161715
1005002219930641
1005003066309565
1005002240311195
1005002196604309
4000876190898
1005001830658499
33035982355
1005001444452615
1005003135536051
4000048523305
32895425636
4001278546953
32741256244
33034564576
1005002604394271
1005002119202499
1005002175229341
1005003146092301
1005001849569634
1005002898082224
1005002954181249
1005002945165157
4000381302064
1005002351606246
1005003313293593
1005001637697672
1005002083683936
1005002959720055
4001243468925
4000625958947
33004592014
4000799095114
32814991289
1005002449728733
1005003148361182
1005003020334270
32967304890
1005003192260136
1005001458532252
32743575983
32952376484
32947654759
32667452336
1005002313387584
32833426146
1005002715525010
4000865435661
1005001329316134
1005003351058520
1005003015920140
1005003069376264
1005002190561001
1005003064671337
1005003205037995
4000214937515
1005003083480303
1005002552634193
4001334649408
1005002927994422
1005001890213517
1005003369926066
33012279416
32860635919
32817979749
4000195831854
1005003341625003
1005002524095274
10000060524932
1005003240632483
1005001315059219
1005001861391294
4001088975520
1005001506952343
33059707962
1005003108412023
1005003325096183
1005002664897701
32894188996
4001066830714
1005002033257739
1005003273223423
32611816164
33005434346
32962141559
1005002683019581
1005002558887300
1005002177600027
4000215654075
1005002604471296
4000966565763
4000564508353
1005002460141767
1005003354146639
1005002690192692
4000155055826
1005003335824748
1005003193869775
1005003350430861
1005003080126150
1005003383327598
1005002662647504
1005003277658445
1005003215040474
4000843603949
1005003236951267
32857730125
10000117633424
32889622272
33008702767
1005003119654283
1005002734372332
1005002345060094
1005003293262468
4001025709971
1005003114662837
4001278575902
1005003194581733
1005001292573597
1005002317660843
1005003109534704
1005002547760361
1005003122597744
4001286425530
1005002703993239
1005001693137891
1005003143837513
4000957496549
1005001686622955
32974866867
1005003041563909
1005003202059554
1005003081096659
1005003012965378
1005001882306760
1005003024677203
4000751710503
32854393236
1005002495626791
1005003014219855
1005002727323437
4001043464021
4000466607718
1005001445046940
1005003265218851
1005002617910398
4000011571430
4001257840502
33049120376
1005003391856316
1005002324155377
4000985437709
1005003022240964
1005002598457312
1005002920429557
32859823326
32886654618
32252188358
1005003228041729
4001307493657
1005002663966948
1005003252402474
1005003250699158
1005001359773557
1005002508677578
1005001425386006
1005002084797752
1005002907653453
4001269014143
32970356369
32952641675
33001770755
1005003252396799
1005003204348890
4000419500655
1005002538957282
1005001286754491
4000893018030
1005003320465479
1005002909009619
32807025656
1005002328306896
4000250369249
4001115615140
1005002431113572
33011226204
1005003363315235
1005002460047371
1005002011198021
1005003018200798
4001290330845
32882021672
1005001725945476
1005002749783915
1005003075963505
1005003090136429
1005003007948559
1005003200236703
1005001297429499
1005002996684074
4001226964695
32858495885
32926255113
4000922493714
1005003335296778
32803514932
1005002783106749
4001070486667
1005002079049893
1005002789647003
1005001989484630
1005003302552947
1005002939185733
1005003233775532
1005003367725798
4000435805393
1005002927076993
1005002134184428
1005003027678441
1005001806190158
1005002900485126
1000007001551
1005003107191603
1005002861611522
1005002133408927
4000740438522
1005002960352088
1005003337443113
1005002353346380
1005003330071770
33020526631
4000126061556
32984162118
1005002327135873
1005002761282801
1005002567898829
1005002132469075
1005001792936819
1005001317449547
1005003374994106
1005001901673143
32951047952
1005002100870088
32752528588
32880318829
4000755495447
1005001477990100
4001214359590
1005003269040486
1005003086784308
1005002643866614
1005002978196533
1005002646032680
32971346751
1005003289943575
1005002950055660
33040323081
1005002943856331
4000495970213
32961790224
1005003154588780
1005001325052562
1005001580538875
1005002046389888