1005001630529432
4000107438999
1005001286230258
1005003116545303
1005002783966151
32830584277
1005002857944349
1005003286442870
1005003076866129
4000031682032
32860955341
1005002723265547
1005003280610095
1005002790596061
1005002996900432
33043622584
32883950878
1005002463288236
32969089769
1005003033825926
32803505540
1005003106423587
1005002320577648
32638962037
32874966513
1005001775605830
4000109677072
4001231726605
4001247096727
1005003391092435
1005001633053891
1005003368135812
1005002868385311
1005003283430701
1005003206504921
1005002983090256
1005003250286212
1005003326370794
1005002670510421
1005002782006093
32856662007
1005003385849925
4001085601225
1005002990594274
1005003281044965
1005002122273818
1005002816905307
1005002608773868
4000444051297
32911928539
1005003088921701
4001159594099
1005002245801278
1005001604933130
32951715347
1005003292075856
32869085775
4001182397802
1005001352642045
1005002737543791
1005002986685430
33014090534
1005002315735565
1005002833450519
1005002501037986
4001218096214
1005003129672285
32960421485
1005003002916887
1005002473979046
32994544694
1005002412604349
1005003251741883
4001098443462
32950135928
1005002729485258
1005001872079424
1005003135696209
1005001867845062
1005003366159022
1005002997259620
1005001939991023
1005001359620881
32921024603
1005003091968226
1005003257493186
1005002315858342
32967953248
1005002951281154
1005003330168912
1005001693644121
4000945222419
1005003282266137
1005001270183575
33031864735
1005002342078573
1005002947012945
1005001966455736
1005003227772397
4001272445067
1005003107000100
32893160415
1005001279723448
32955563545
32889849946
32743967899
1005003006272860
1005002562099772
1005003309459420
1005002879514210
1005003180564924
32832710901
32884333345
1005001929450255
1005001695613002
1005002122449612
1005002495837103
1005003116936642
1005003221848743
32699362800
32964432204
1005002123246391
1005003272056346
1005002250769620
1005002790336468
1005002606349543
1005002976542177
1005003302893953
1005003302688248
1005003058825518
1005003313928709
32962105229
1005002810242015
1005002595640045
1005002706508266
1005002446154744
4001104727714
32808073998
32699623528
32949489397
1005003122210754
32848938089
4000778861612
1005002586542295
1005002770978738
1005003112795434
4001343626057
1005002583161309
4001296072717
1005001907141687
32958005496
1005002283594742
1005001305254910
1005003245840500
32970367324
1005002971293478
1005002907504533
32987048816
1005002398694426
1005003134981164
1005003380062971
4001245734232
1005001361741500
1005003256933865
1005003195691432
1005002015099451
1005003246752861
1005002871357097
1005003276273353
4001005108297
1005001588267291
1005001285069030
1005002830026089
1005003170942602
1005003380130708
32981303136
32855832457
4000453120876
1005003364049321
1005001729384559
4001224189286
4001045958181
4001321681557
1005002363667765
1005002206562711
1005003282147343
32757670258
1005002610370245
32844256170
32959654675
1005001264974180
1005003238815926
1005001677280139
1005002954201172
4000966133419
32999203520
1005003152870509
1005003002238748
4000111534667
1005002723816920
1005001355217894
4000921180724
4001205567680
1005003181273868
1005003361631040
1005003245210048
32833582164
4001047269213
1005003298075198
33048367256
1005001866961630
1005003164701919
32857872280
1005001611696883
1005002346057104
1005002392793854
32328721178
1005002743338939
1005003188372329
1005002552536527
32631017126
1005003279412047
1005002632482697
1005002672561405
1005001707815543
1005003310078469
4000618794357
32830140539
32947849915
4001340240047
1005002021650845
32945277179
4000667140876
4001090679472
1005002740853009
1005003222195029
1005002958226803
4001285970106
1005003277859173
32814183576
1005001995144066
33012350430
1005003157537230
33018553996
1005003364665104
1005002632381530
1005002139271547
32814083986
4000164344747
1005003319021329
32799455417
1005002782568978
1005003217520669
32988029741
32825754161
4001355742307
33017523174
4000464003724
1005002603060587
1005002979594376
1005001605416995
1005003025471146
4000956120828
32821163619
1005002957908294
1005002325351220
1005002454437022
1005003172343753
1005003268779527
32974112828
1005001575159166
1005001854143721
33018208521
1005003130496800
4000490326491
1005002433549574
32925850768
4000098250897
1005001817068416
1005003019271177
1005002475928006
1005003283231050
1005003193295445
1005003256810014
1005002502221478
1005002739948475
1005003321049730
1005003182845391
1005003228045487
1005003031514592
4001253801094
1005001723225181
1005002287968186
1005003325719165
1005003385308118
4001078082541
4000414614134
1005002913868154
1005002722529358
1005003197578324
4000780556855
4000546373552
1005001423958522
1005003096678734
32454646527
32845598613
32879132191
1005002316927303
1005003249022787
32982943296
1005003176808097
1005002907477703
1005002663224682
32783925172
33022669705
1005003191134824
4000677576508
1005003091397036
1005002957222940
32816853064
33023337697
1005003358091362
1005003109819867
1005001632714702
4001142093612
1005002087354280
1005002266152774
1005001763474728
33049263653
737312840
1005002317716678
4000590419286
1005003154709015
1005003341292348
1005003129657489
4001157460551
1005003086732001
1005002254962480
1005002508707315
1005002517718029
1005003177424496
1005002971350389
1005001511544071
1005002136854718
1005001955044430
1005003040604426
1005001398279768
1005002281214146
1005002885079568
4000183838085
33058386847
33041335192
1005002703637393
1005002327443602
1005003004820723
4000815063174
1005002584289595
4000111934360
1005001368140107
32263402748
1005003384994211
1005001287836948
32428977902
1005001991745578
1005001827159610
1005002996055929
1005003217298922
1005002393737299
1005002709986942
32841517933
1005002522483674
32972409662
33035627214
4000972079025
1005001398400374
32963664633
4000668395195
1005001604320194
1005001863943885
32835418810
1005003300679349
1005003215778456
1005003292095617
1005002642980659
4000429575965
1005003137639391
33021418757
1005001843847064
1005002066298706
32837710955
4000868094062
4000512833878
1005003015645931
1005002110044350
1005002219152482
33038978177
1005002857110134
1005002126548894
4000602168086
1005002995092295
1005003303384547
1005003002820415
1005001588204759
33023893986
1005002649399259
1005001429246995
4001008784049
1005002228474355
32217780320
4000465381657
1005001882743197
32832975030
32219551214
4001339980577
1005003200972466
1005001825334741
4001170641777
1005002513383791
1005002728980796
1005003329621006
1005002662252917
1005003256016756
4000117515734
1005003330478781
1005003106882437
1005003042002112
1005002754889596
4000776573088
1005003122516034
1005002619432009
32456658881
1005002015508475
32991507345
1005001769542257
1005002356377501
32710795182
1005003357352615
4000256079117
1005003363968750
1005001860933027
4001044897752
1005002570594110
1005002253036258
4000340575061
32594681178
1005003019228445
1005003155904449
1005003369651922
1005001563209441
1005001621076962
1000004665138
1005003215485629
4000219255082
32854162359
32963839620
4000141669099
32944377420
1005003121089815
1005002517552838
1005002982092360
1005002669364791
1005003134950610
1005002454106254
1005002448921458
32890606550
1005003296530527
1005002562285574
4000236361277
32837669001
1005002389132243
1005002547686905
1005002313336540
1005001397253203
1005003335885140
33012354181
1005002997083678
1005002814710952
1005003188765881
1005002301323943
1005002753285611
1005003197456311
1005003386358030
1005002947851983
1005002019318586
1005002018117594
4000532232699
32909569648
1005002404283219
32393736541
1005002125067171
1005003299032140
4001218749626
4000630618831
1005003245512526
1005002378992963
1005002330633482
1005001268474228
1005003262506118
4001218925334
1005001689839242
1005003381531931
32764747737
32967632255
32968483437
32875475750
4000889004255
1005002226442146
1005002525600954
1005001285497514
32967608772
1005002840487946
1005003244876644
32903736478
4001335366417
1005002967369967
10000343881718
1005003146386294
1005003163256537
1005002043367499
1005002286409631
1005001315520705
1005003318232202
1005002297713090
1005003208568522
1005001895469099
1005001586015274
1005003365981652
1005003024968916
1005002856077945
32990213184
1005002613981784
1005003349149340
1005001594135047
1005002969569310
1005001627822544
1005003330103073
32951799020
1005001874519256
33056142121
4000417147506
1718829452
4001037571866
1005003007049890
1005003362045070
1005003009748507
1005002966692348
4000464988409
1005002875917095
32708542871
1005001420110163
1005003258164128
4000131634774
1005003330463734
1005003333085107
1005002678246561
1005002787596312
1005002623609902
1005003340308013
1005001890850108
4000179387471
1005002822370696
1005002256482350
1005002687795959
4000114332925
1005002537715653
32955388817
1005001993698044
4000672441686
1005002519190814
4001229648393
1005002753886464
4000861146689
4001053108445
1005002383178681
32917456278
1005003094065971
1005002664868323
1005003084039299
1005003330134137
32651434704
4001245985307
1005002740826601
1005002238794547
1005003211236595
32961423200
1005003343784351
4000058042739
32917017739
1005001845582456
1005001907815274
1005001272605858
1005003201055511
1005002624105218
4000261804116
1005001779974290
32793444072
1005002898815078
1005003244148652
1005002460661836
4001124542746
32817217592
1005003328896409
1005001780846264
1005001597961124
1005002641095098
1005002046511958
32822559350
4000218794240
1005002547473263
1005003298927176
1005003112773382
4001264558430
1005003178375746
32682333145
1005002393549184
4000780315312
32967801088
1005002650943731
1005002658478410
1005002911480234
1005002568787588
1005001407899260
1005002753262187
1005002804660437
10000344962633
1005001835561933
1005002588915248
1005002462342657
4000909158118
4000791522129
4001249249077
1005002388902053
1005001829677017
1005003320474041
1005003152550122
1005002566781598
1005001713725722
32870468230
33046908166
32919995753
1005002058726284
33006610104
1005003346022681
1005003334140250
1005002073558313
1005002383780024
4000142385114
4000848899067
1005003219595327
1005001693908886
1005001888007296
4000817539066
1005003255867370
1005002855762519
1005002421319532
1005003108593448
4001039074184
1005003146362473
1005002678081791
32934643025
1005003125588440
1005002193882615
4000691878908
1005002751767086
1005002480035269
1005003215769913
1005002247576236
1005002466943988
1005003081865610
32923911190
1005002810236491
33020143297
1005003333207011
4001132893860
1005001987421359
1005003165784700
1005001726843410
32963541713
1005003257147755
1005001551777296
32698878832
4001172585237
1005002990799159
4000884189647
1005002129178280
1005002901587644
1005001594488402
1005002993029494
32843859572
4001027907531
32824678378
1005003337686231
33033248981
1005002732960097
1005002428577718
1005002419982307
1005002808574857
1005001612757454
1005003295802786
2054161790
1084176412
1005003015571406
1005002288875380
32840546438
32955009677
1005001587187533
1005001957057715
32885147855
1005002554309588
4000689196486
1005003314310699
1005002811006795
1005003223956864
1005002391893634
1005001573580827
1005003031685603
4000361658513
33011909588
1005001678586466
1005002651666924
32992175128
4001089105240
33018797650
1005003368375343
1005002971999837
1005002942323650
4000310616513
4000426085257
32993747507
1005002858543279
4001244877809
1005003386441332
1005002474284085
1005003193320017
1005003303990035
1005003021929658
32628214710
32686886826
32763403266
1005002774565014
1005002678735416
1005003169897492
1005003006319509
4000296478254
1005002283279009
1005002186072547
1005002726781361
1005003228451702
1005002270374411
1005002990575878
4001175169655
1461090021
1005003102047236
1005002142367571
1005002696910199
1005003281782485
1005001495601774
1005003362678136
1005002568162952
1005002739524226
33048545935
32811999081
1005003081422407
4001188826723
1005002447730240
4001131130369
32849637687
1005001393882659
1005002281441227
32613534087
32969296138
1005002305484200
4000133065908
1005003207264333
1005002686106816
32972526112
1005002568688493
1005002890318355
1005003105297725
4000864647982
1005002586887577
1005002961435640
1005003376843071
1005003116679272
1005003206694016
1005002460002236
1005002723384842
1005002931838116
1005003161773097
1005003140549506
10000395836377
1005001502958947
1005002730820169
1005002616093000
1005003236475578
1005002056983473
1005002651829100
1005001883259697
10000397733359
1005002898036004
1005002316218983
1005003242431207
1005002412114635
1005002635589948
4000873434037
1005003059952992
4001289147028
32682201330
1005002518670864
1005002997176609
33040103735
1005001710174450
1005003316623141
1005002566619990
1005003182952637
1005002983878053
1005003298027538
1005002592369395
32816050872
1005002635680608
1005002630584741
1005003287115097
4000087547528
1005002828008654
1005003066961207
1005002792146162
4001297441268
1005003168756548
1005003365518132
1005001966637964
1005002273104115
4000084297921
4000153823621
4001245474093
4001286138568
1005002638952627
1005002749182943
1005002556015414
1005002622797921
1005002564368516
1005003327831925
1005003258872141
1005002372894353
4000980186990
10000276893224
1005001559888699
1005003297631121
1005003291170169
4000378780960
1005002889791340
1005003392180471
4000336604852
1005003097093251
1005001473855146
1005003337379251
1005001605858238
32948117302
1005003325859002
4000207347397
1005001732393584
1005003371574628
4000861219182
1005003006271814
32813285305
1005001443329996
4001108155175
4000627119514
1005003248959902
4000194909247
1005003378908587
32830759493
4001286946156
1005002983581858
33048724745
1005003336242254
33008011571
1005003001775231
1005002813288276
1005003078420983
1005003375014944
1005002862713402
32981946929
1005002281382969
32917735211
1005002646510014
1005003119707993
1005002161616101
32933350529
1005002171004415
1005002561308302
1005001788835773
1005003204959264
32953971202
1005002034391252
1005003314116769
4000244555495
1005001475235323
4000589184304
1005001862899658
1005001588501175
1005002813318575
1005002636941824
1005001692691808
1005003271401935
4000786826371
1005001646856455
1005003324709091
1005003363425729
1005002611841657
1005002016869868
1005002363861410
32813202770
1005003036537461
1005003228041729
1005002314289858
4000250813577
1005002746748250
4000006473697
1005003363676957
1005003238879895
1005002940022120
1005003310800133
1005002788165590
1005002878468180
1005001844890898
1005003097296651
1005002005227065
1005001713357842
1005002971027796
4000226046949
1005001835918415
4001062008646
1005003200680489
1005003012204346
1005001989863823
32904169704
1005003382348711
1005001786727472
4000479455077
1005003380540188
1005003316934469
1005003031932306
1005003113564015
1005001645428472
32874630007
1005003293438924
1005003291450995
1005002253432299
1005002353319522
1005003365670579
33063102247
4001061776341
1005001985368364
1005003251848737
1005003174085409
1005001381271005
1005002210045767
1005003107709710
1005002324551273
1005003229905077
1005002989506573
1005002049548560
1005002294888131
4001094924116
1005002598720912
1005001690047435
4001293520365
1005003335170879
1005002889391554
32968723241
1005003176721869
32874713452
1005001310659785
1005001934553497
1005002605502525
1005002976138286
1005002546397315
4001041219674
1005001672716136
1005001321941540
1005002797411160
1005002567937311
1005003008009846
1005002672505453
1005003378225476
32804746136
32848286614
1005003323278631
1005002790104289
1005001821218546
1005002694036385
1005002985986981
4000561072531
32821035965
1005002889791142
1005001520162883
1005002895258474
1005001998471502
1005002611320767
4000464813269
1005002711131814
1005001368807348
1005002938157577
1005002653338292
1005002984879228
32958494846
1005001527264922
1005003368337306
1005003048191627
4000785806757
1005003179355849
33004938012
1005002904961722
32948531919
1005002383571024
1005003258868940
1005001499009417
4000786936291
1005002383944864
32747246702
1005003002683342
4000064407924
1005003082463117
1005003021577253
4000308337594
1005002818608113
1005003150701281
1005003371545123
4000340867029
1005002719878251
1005002604135175
1005002347386000
1005002622556266
1005002889721771
32983301528
681391321
4000899206944
1005002813917560
1005002125940809
32866975902
1005003070028204
1005001330652003
1005003318206457
4000852446414
1005002636281418
4001036648331
33036168964
1005001684966549
1005001841745515
1005001883760683
32262223058
1005003330086744
1005003359639844
32989284920
1005003197164223
1005002015327104
10000395946520
1005002964034750
1005001894093711
4000611194495
1005002797490469
1005003151448978
1005002858779008
1005002600705851
1005001989895263
1005003370309129
1005002424061294
4001181009951
33002903144
10000002720867
1005002658178881
1005001406179184
1005003379315398
32877866440
1005002413392284
1005002953486676
4000662790195
4000215741352
33039854466
1005003208371561
32962978546
1005003205175706
1005003307187376
1005003387750688
1005002624470607
32916959852
1005003337647954
4000982699839
1005002640871673
1005002605146985
1005002695395140
1005003062022870
1005003384178007
1005003281839733
32815812671
1005003233809191
1005002787133596
1005002310846889
1005002277626862
4000827256083
1005003072884536
1005001788765415
1005003205698216
1005003209217173
1005002122539342
1005002753309654
4000804222011
10000399951376
1005003063193385
33013833135
1005002383821716
1005002388651108
1005002661248902
4000702229491
1005002395918815
1005003185755485
32964844940
1005002270510190
4000993472832
1005002652238215
32649604262
1005002897120068
1005002642426007
1005001619964357
1005001908239201
1005003234424214
1005003287625638
1005002654792854
1005002301979138
1005002219886889
1005003176804184
1005001552837485
4001019829090
1005002317839055
1005001851965750
1005002281894339
32910675745
32993461893
1005003104365150
1005003014528811
4000322094802
1005002510829852
1005003032746605
1005003107424646
32837060437
1005003267992709
32509304277
1005002278305975
32953157892
1005003115418918
1005001424923554
1005003158619415
1005003270814949
1005001846758409
4000739308279
1005002245679193
1005003183290697
1005001355809207
1005001921502500
1005002526168316
4000217290573
1005002115914424
10000408228257
1005002310838330
1005001482963042
1005003121920514
1005003019281021
1005002946184085
33005008302
1005003325092511
1005002623237974
1005001597819391
1005003226258904
1005002617868970
1005003215930321
1005002034163633
1005002398294158
1005002393895920
32846181044
1005001917707443
1005001627491209
1005001463939185
1005002982457636
1005002725771444
1005002111457309
4000916563204
1005002174782593
32653527983
1005002105033451
32821466244
1005003325866023
1005002594683319
32959688935
1005001490667998
1005002123461832
1005003157806744
4000956040423
1005002539435315
1005002974417871
1005002460581383
4000348424996
1005003149118591
32920947570
32966762071
1005001992161303
1005002710498749
1005003247103612
1005003087353723
1005002886542014
32891611865
4000136120437
32801119742
4001220832651
1005002621648276
1423993677
1005003111087720
4001000975771
1005002894577488
1005003279322085
1005003087562726
1005003371071807
4000157820038
33058081807
1005003227179230
1005002673448701
4000580244284
1005001419928151
1005002765405248
4000546533469
1005002969543757
1005002319083562
1005001653678128
4000477828462
1005003275544839
1005002007555040
1005002263748619
1005002086194685
1005003382076858
1005002112645781
4000026375142
1005001594761212
1005003360949978
1005002408674054
1005001578907758
1005003010149227
1005003040896120
1005001773147900
1005001666108354
33011388896
1005002966728761
1005003088207577
4000893300567
4000695694383
1005002869762213
1005001960469634
4001038538982
1005003276935536
32885326628
1005002219402652
1005002806485277
1005002947808561
1005002548261842
1005003202724501
4000182285500
1005003353761572
1005003370741025
1005002740579696
4000891277159
4000994585361
1005003139379613
1005003005510586
1005003210437751
1005002870542696
1005002977484424
1005003324701651
1005002714522154
1005003109283296
1005001878996739
1005002546125459
1005001736738455
32416098526
1005002577845111
4000370389573
1005003082248239
4000850654788
1005001556700669
4001167984812
1005003130013501
33035503961
1005001419575858
1005002426087194
1005003005663306
1005002313221857
4000865738317
32944573009
1005003327645472
1005003298043011
4000335577330
4000863526316
1005002270586245
1005003219821625
1005002080765294
1005003119467015
1005002620107081
1005001993678915
10000171868514
1005001419435656
1005003294554733
1005003090299807
4000424581652
1005002443291066
1005001367757940
32912998426
1005002238829010
1005001489704413
1005003180506024
4000307614271
1005003334084115
1005003194777119
4000043145485
32961652034
4000179421007
1005002918404640
1005003380657428
1005001747918764
1005001511502299
1005002091274813
1005002574741557
1005003354674151
32986263553
32963122782
1005003163453345
1005003227071615
4000654105364
32961236236
1005003287809118
1005001960885522
1005001521483059
1005003227073906
4000083009662
1005001566973633
1005001798788270
1005002857250670
32962766661
1005003356510119
1005003328676661
1005001281826390
4000909094629
1005002377787334
1005003105989264
1005002655754942
1005001530382055
1005003231404828
1005003066770679
1005002901120445
1005003336690691
1005002822593220
1005002969908508
1005002964712967
33001427190
1005003107644520
1005003300396975
1005003044498746
1005003268619049
4000345160794
1005002921243917
4000076448051
32869761305
4001290542815
1005003349979036
1005002068481113
1005002617486716
1005001344501543
1005003392920031
1005003135357324
4000186371145
4000731293777
1005002780816369
1005002922552316
4001305316552
1005003188751062
32805021678
1005001386039096
1005003292693586
1005003154821895
1005001736360974
32949880698
1005002561871745
1005001868013101
1005003274054778
4000585476810
32819001744
4001157781984
4000438213063
1005002138035042
1005002731617642
1005002491022825
1005001770500125
1005002717219199
32834243516
32844380276
1005002994895335
1000008198187
1005001557120713
4000303417191
1005003317525785
4001156259470
32881428568
4000276026200
1005003144128074
1005002318335492
1005003275994963
32703200696
1005002547883198
4000126054423
1005001587484391
1005001355105438
4000468392887
1005002092284059
32813497638
1005002737703132
1005003324553185
1005003229199798
32838972737
32810078414
1005001286946428
1005002636644478
4001278817845
1005003079667756
1005002596587636
33007383624
1005001863970664
4001052026523
1005002642530539
32798577693
1005003197226100
1005002288901688
1005002783818721
32821568664
4000297037252
1005002467302081
32963516005
10000412519174
1005003166397660
1005001681063366
1005001962392912
1005002285666663
1005002033203309
1005003298579944
1005003108425055
1005002877042882
1005002049771083
4000405492805
1005003187062751
1005003168422968
1005003143893121
1005001344444382
4000668239849
1005003338146359
32663225323
4000869432394
1005003296767721
1005003021852112
4001268791234
1005001887672345
1005002775227807
4000131312510
1005003078884839
1005001500392222
1005002851940713
1005001375282141
1005002605542080
4000908636820
1005003337893971
1005001444944145
1005003123127929
33045008401
32462830391
4000235257077
4001021594102
1005001418587777
1005002543168720
1005003019141950
1005002398485546
1005002806042694
4000365537613
4001236640943
1005003164071215
1005003175050152
1005002413031088
1005003150940910
1005003329410331
32716804879
32485599459
1005001651251054
1005002973446354
1005001836198061
1005002417565847
1005001879746791
1005002992439145
4000341104125
1005002650901715
1005001606498286
1005003208768314
1005003080118516
1005002974821709
4001062332173
1005002435944343
1005002767608580
1005003133585359
1005002094296838
32867163284
1005002219938275
4000184496061
32817975510
1005003229514186
1005003058728855
1005003015913241
1005002841296550
33046184712
1005001986929750
1005002011157256
1005002288310243
1005002567757711
1005002288728804
32831297711
1005003256348437
1005001689158219
4000286736989
1005001488790967
1005001359225421
1005003104937868
1005002618554698
4001153660918
1005002648735024
1005002636823232
1005002919925237
4001071976347
1005002921637069
1005003010052809
1005002689014592
32975565954
1005003092273598
32954152769
4000664008303
32964229415
1005003264478382
1005002377873517
1005002492057173
4000566284657
1005001770180033
32948259415
4001149769605
32960783023
4001223704426
32889650548
4000760349152
1005003233885690
1005002768789203
1005003228774587
1005001611897565
1005003299494380
1005002389264469
4001155612876
4000560829464
1005002937326212
4000699277259
1005002974020985
1005003257672893
1005001897097780
1005001520861986
4001290738832
1005001681523131
1005003199291127
1005003209319856
1005001497895400
32836303781
32868384348
1005002678894621
4000910837299
687716599
32970874049
1005002307619108
1005002282498937
1005003220895569
1005003316347649
32819118205
1005003215147602
1005002717142831
1005002104954172
1005001557089704
1005003112845943
32903761094
4001108009103
1005002696652074
1005003175607205
4000116531256
1005002868594061
1005002378962209
32919056908
32867840934
1005003096003546
1005003387778147
1005002491172713
1005003110032854
1005003107768120
4000324617036
1005003375860933
4000468859211
1005003113899502
1005002229681932
1005002551597199
4001279260779
32869458459
1000008359286
1005003251000966
1005001488227864
1005001882509933
1005001930870773
1000006301777
32319726564
1005002823385670
1005001821969461
1005003299746763
1005002789408776
10000120643100
1005002068247456
1005003106137689
1005001485495098
1005002226003796
33050848604
1005002498608441
1005002870920563
1005002336039668
1005001632916076
4001090111568
32867756890
4000995285107
1005003140259528
1005001813773875
32889048818
1005002776721096
4001192959176
4000895369966
1005003258566377
32877515795
1005001268461566
4001001628288
4001192900988
1005003103503161
1005003256008180
1005003270027223
4000128050884
4001105950820
1005002057609127
1005002573024293
32841096890
1005003326635042
32952580835
32857827162
1005002440927848
1005002566671764
1005002084085283
4001231692828
1005002547563962
1005002518952400
1005001872329425
1005003015397302
1005003087219160
1005002361146377
1005003022185439
1005001632912452
1005003130466485
1005003002218641
1005003392665155
1005001795449227
32867628027
32878197466
1005002711571373
32861198536
1005003383356603
1005003002795189
1005003170892304
1005002771944372
1005001622533407
1005002523854231
1005003008015597
1005002328065831
1005002862129069
1005002143331175
1005001424312935
1005001369580243
4000766948911
32969378507
1005002132796827
1005003090460282
1005002981397285
1005003340162673
1005002598963649
1005002122090050
1005001645879598
1005002351282304
1005003187231091
4001232805765
1005002255234417
1005002776142943
4000224345234
1005003323798443
4000990958103
1005002500323106
1005003077705167
1005003055146731
1005003258375416
1005002835575831
4000991844052
1005003278311027
1005002247527096
4000480212293
1005003344710902
1005001948116550
32832114894
1005003230161282
4000772443583
4001254768907
32914245539
32817970967
1005003347682152
33027447613
1005003025456679
1005001623594185
32796749396
32906811799
1005003265227840
1005003177423646
32718136492
4000744636388
1005003178597181
4000589903896
32899074117
4001152359487
1005003210783142
1005002510658134
1005002288396193
4001121689984
1005001705455355
1005002287154075
32857932427
4000040976656
32999527446
32825810370
32829394127
1005003371003919
1005002983877832
1005002281531887
1005002438381212
32815354863
1005003064889265
1005002847196648
1005001598345050
1005002926342062
1005001947594380
1005003277747827
32243644300
1005002770628416
1005003104886253
1005002443079701
4001207398891
1005001321449980
1005003372839554
1005003028730301
1005003298888793
1005002683167233
1005003166069369
32870682817
1005003309658606
1005002258139079
1005001354393710
32883610248
1005002889230500
1005002655975696
1005003266763697
32811013165
1005002992691181
1005003246839221
32787415057
1005001492994355
1005003211682373
1005001280672359
32959442038
1005003014129015
1005002224721394
4001053043108
1005001540555270
1005003386325385
1005001521312588
4000182699815
1005003256283672
1005002908587799
1005002974453364
1005003296421125
1005001835937620
33003380460
32977011546
1005002641046288
1005002566675004
1005002648834702
1005001567568461
1005003015146628
1005003351878855
33045989670
32847056292
1005002566402608
4001054620324
1005002271846650
1005002330346344
1005001913719339
1005002816894013
4001054281742
1005002317494945
1005003301128259
1005002858704071
1005003021167318
1005001741997641
1005003143219843
32968544627
4001223280413
33016795661
1005003354550788
1005002281236946
4000114382579
32691058382
32966451372
1005002604829032
1005002053699613
4001091806896
1005003320657760
1005003133905292
32845217134
1005003247401366
1005003385014699
1005002125356625
1005001641089875
1005003355982529
1005003328208770
1005001934650756
1005002479661330
1005002790711105
1005002200451957
32959002534
1005003117804723
1005002144964517
4000543731135
32893534381
1005002410061176
4001268763232
1005003288813747
1005002995183407
1005003173859590
1005001339899721
1005003153343977
32821085972
10000358927533
1005003087124357
32987462362
1005003222291792
4001074785949
1005003145784447
1005002615963883
1005003304140585
1005003018291062
1005002718095338
1005002605931883
1005002291885135
1005002685826199
1005002580573407
4000769493971
1005002391661697
1005003080733290
1005001839851559
1005003015245824
1005002449359442
1005003299555484
32897108078
1005003183560129
1005002368604454
1005003253292985
1005001953806426
32723419035
1005003263623965
1005003105473392
1005001780630475
4000912529893
1005003224349556
1005001886357163
1005002570304722
1005003292993835
1005003358034684
4000807527430
4001083346610
1005003027136711
1005002664297249
1005003097810750
1000007131310
32891006892
1005001349792894
1005002715389206
1005002121137280
32886990961
1005002868845637
4000166514363
1005002567480768
358719830
1005002641701744
1005001787245500
4000979707700
1005002277823378
4000990499366
1005002992507186
1005002603686000
1005002266106782
1005003313459447
1005003263827207
1005003162358232
1005001630615563
1005003386352097
1005002655802830
1005001493027298
1005002288054104
1005003074014208
1005003108575059
1005003081974893
1005003118723408
1005002773783670
1005002424264619
1005002890909549
1005002752614675
33059663173
1005002932210566
1005002714747352
1005001749237243
32955193249
1005003387228427
1005002312303450
32332584758
1005002799560072
1005002991153643
1005003072281805
1005002696160164
1005001823406951
1005002936130296
1005002847941299
1005002906113397
1005002949357175
32673531882
1005003323031246
4001035851173
1005003149214926
4000255790450
1005003066971906
1005002596902534
4000532429098
1005002931415750
1005003197727431
1005003218517115
1005001657901612
1005003082030935
1005003187955385
32952625481
1005003108076292
1005002504739110
1005001367660732
4001208302408
32954663610
1005002649272173
1005001541575786
32966241028
1005002747308577
1005003201093972
4001113938983
1005002075211855
1005002327573751
1005003264024330
4000115695167
4001332910526
1005003322005065
33000137680
1005002944447152
1005001382871256
1005001505369711
1005003146303832
1005003144631447
1005002413686457
1005002811216032
1005001835063400
1005002426643178
1005003250377350
4000216476157
32864023781
1005002512190469
1005002873046911