1005003016147072
1005003326324289
1005003234283918
1005003067655766
1005003021852112
1005003102983307
1005003027961294
1005001624813398
1005003213567100
1005003191818724
1005002762629042
4001110556128
33022405897
1005002984447723
33041173083
32862264806
1005003384157406
1005002358415613
32856358217
1005002034799285
1005003301098781
4000784533420
1005002472968170
4000857887592
10000363483816
32820681378
1005002480455479
33017327606
32961455780
1005003102589779
32837729762
32881074113
1005003066050287
1005002109966171
4001202048228
4001050145015
1005002455779744
1005001515770230
4000160791546
1005002316958929
1005002993792972
1005003153555782
32988086966
32915903094
10000395866342
4000853215690
4001330621353
4001039254943
32898758816
1005003175570058
4001080901871
4001231881646
1005002359700985
32956842580
1005002794298619
1005003144376875
1005002784698653
1005001397488680
32666238430
1005003180268434
4000738111340
4000517689890
1005003014619614
1005003012286500
32949945932
1005002320451963
1005003000997745
1005002951845979
1005002318357534
1005003037322577
1005002310252542
1005001933765862
32856617093
4000007316946
4000442167924
1005003342991968
1005003161915131
1005002968135839
1005003017459260
1005003326749082
32723939024
1005002347614368
4001289967159
32971112232
1005002583135733
1005003082914674
1005003035947715
33037172864
1005002924718706
4000084730813
1005001821711825
32886113277
1005002775188621
1005002685954607
1005002804793442
1005003362939559
1005001998673948
32950937546
1005003192765451
1005003275180442
1005002316036261
32866156690
1005002917590593
1005002939855914
1005003339554250
4000137614954
1005002000820192
4000641822922
1005003151673881
1005003157408189
1005003325097189
4000912979370
4000300075796
1005002533973729
1005003094281420
4001279100351
1005002645921684
1005002731100664
1005001750044021
1005001627395615
1005001833745735
1005002985620287
1005003233823417
4001276356696
1005001835409128
32959640597
4001257431882
1005002631492728
32263264883
1005001369590263
32799775242
1005003235261817
1005001921754400
32881024377
32704036568
1005003208513093
33034643127
4001221710788
1005002718774673
32981157734
1005002253587992
1005002891356382
1005003116227705
4000039605776
1005002324142383
1005002304773021
1005002753895689
1005002053575538
32745339577
32991258228
32805039746
1005002542751958
1005002245395170
1005003091717347
1005002974049964
2011816834
1005002608428326
1005002974121215
1005003198839539
1005002006798954
32836756542
1005003135981680
4000156638698
1005003198651160
4000546550187
4000094625197
1005002756105170
1005003296203528
1005002605503853
4001259312277
1005003342280569
1005002708190217
1005002042390176
4001248109820
32961090423
4000255834033
1005002981928293
32820118249
1005001463822240
1005002313891203
4001307377264
4000219704356
4000292434309
4000070924298
1005002891676813
4000182699650
1005002899474750
1005003019505407
1005002063177810
1005002420128204
1005003317583178
1005001927661612
1005001699349731
1005003240405140
4000790156453
1005003269092605
1005003004494413
4000444653869
4000773727908
1005002956117098
32667661305
4001278899448
1005003130052999
1005002917681035
1005002875684257
1005003097694735
1005003158881324
1005003381398676
1005002939063478
1005003104780672
1005002466953699
32791838772
33025917513
1005002136568799
4000956027537
1005003271346240
1005002378887960
1005001847530969
1005001808113809
1005003309627512
4001018446831
1005003365729145
1005002994570901
1005001698554464
1005001646208291
4000249478050
1005001878289414
1005001519189477
1005002491874967
1005001793102083
1005003101998668
33032966224
4001155583834
1005003337737385
4001053705834
4000902579688
1005002619170667
32588994377
1005001597514870
33046101398
1005002136755854
1005002549807320
4000907262296
1005003228112578
4001142127245
4001260187146
1005002829079359
1005001628073831
1005001886184209
1005003036640537
32772557207
4000040812435
1005002545900656
32297336043
1005002928268936
1800917833
1005002359752245
1005002755995311
1005002949269181
32850618284
32826238861
1005001356749261
1005003387413641
1005002488139685
1005002866784301
4001161081184
1005002641092146
1005002903987473
1005002281195741
1005003341612679
1005003342990374
1005002687184097
4001227192179
1005001322467225
1005003279890986
32571836953
1005003105660693
32819190878
1005003234798624
1005002482957703
32965498508
1005003164535610
1005002317640805
32854202469
1005003379993435
1005002686182023
1005003247657969
4001361269627
1005002629969614
1005002637393519
33035017151
1005002307575452
1005002742397034
32758558271
4000295899166
32769577476
1005003142834857
32950581400
1005002773724845
1005003250603811
1005002598048470
32946619574
1005002276374209
1005001516239012
1005003169096335
1005001710864379
1005002249345317
1005002397945072
1005002849050634
1005003042105912
1005003101350128
32674237205
1005002039770370
1005001952185706
1005003320622729
4001278849843
1005002520391425
32962118690
1005002447626994
1005001317484277
1005002689797009
1005003064790346
1005002466396552
1005003387755636
33005546393
1005002477129564
1005003196043854
4000692112124
10000012928652
4000588989801
32885382001
33007152253
1005003280462901
1005001916115290
33011139624
1005002920477050
1005002774676730
1005002522763278
32360335874
1005001984825895
1005001627837385
1005003058855074
1005003347232882
4000662614614
1005002338738406
1005003389603567
1005001603517811
1447566773
1005002619201967
4000985943447
1005002682232836
4001287008031
1005002989791186
1005003090912801
1005003169034708
4000290622055
32589665627
1005002598206836
32897684425
1005003291823221
4000881646233
1005003309363787
4000074895386
1005003103274376
1005002589032311
1005002607004226
32901151590
1005003281824737
1005001409867384
1005002661184202
1005003118119874
33005392811
32252188358
1005002979601741
4000929274011
1005003282297369
1005002330977209
1005002878675426
32886352750
1005002352307802
1005002983056842
1005002239564757
1005003197209629
4000794621461
32609702547
1005001426817703
4001155178107
1005003241052019
1005002787074838
1005002936148831
32347136849
1005003130443352
1005002306367709
1005003326409347
4001029921474
1005003020098297
33059439022
1005002630913136
1005002886355562
1005001316084579
1005001439476504
1005002796941624
4000388153159
1005003273138710
1005003277701621
4000795236417
1005002027291890
1005003303326172
32856660276
33042190224
1005002864802865
4001214862988
1005003133180853
1005001413039547
1005003262916878
1005003245639664
1005003383373602
1005001411078235
1005002848590112
32953285347
4001238502114
1005001934184914
4000093576940
4000979212316
1005002630733107
1005002419830648
1005003057171957
1005003027260793
1005003337975514
1005003167743669
32864494164
1005003337807137
1005003251075250
1005003309947909
1005003133433489
1005002933666228
1005003294866720
1005002753624509
32970063674
1005002703822560
4000505686973
1005003259075755
33008809851
1005001360027891
1005002610572626
1005003195327534
33012866087
1005003322266199
4001217923113
1005002427799436
1005003345918629
32822477208
1005002840112643
1005003214269574
1005003287545729
1005002719274836
1005002340077249
1005001331524571
1005002615761264
1005002595599419
1005003094480712
1005002320138812
1005002983742433
4001212178363
1005003387798343
32876070494
1005003040858627
32528428936
1005003191705746
1005003304106948
32751789844
1005002564282747
1005003307834564
1005002936007557
1005001736436674
1005001918368466
1005001298986309
1005001452072293
4001223866716
4000708460633
1005003280781314
1005002802376791
1005001960463183
32917259238
32813870183
4000902657397
10000022101312
1005003371279444
4000937819133
1005001383811980
33015548780
1005003204337537
1005003371253973
1005001895684796
4000876525623
1005002656020413
4001212428614
1005001506594388
32983539481
1005001912408883
1005003041187587
1005002656762882
1005002991924989
33005917806
1005003106291042
1005002920231624
1005003001050695
4000560787482
1005003341739405
1005003162403902
4000264343265
1005002741221599
1005002389432288
1005002794832930
32916958396
1005002686960080
1005002678786949
1005003178733238
32798731102
1005002313574706
1005002496658462
1005002327148194
4000130500545
1005002539151594
1005002885762980
32789712140
1005003294198178
4000916018322
1005002835735420
32897340328
1005002958790887
1005002675457925
4001046372002
1005002559468114
1005003094989916
32994464663
1005001942850060
4000808917121
4001180247361
1005001838712726
1005002865081428
1005003138982828
1005002758869737
1005003250805044
1005001878117530
1005003016224746
32677203440
1005003152589043
32987599224
4000662528651
1005002767911123
1005003106963093
4001282120830
1005002950642167
1005002661753525
1005002986900126
1005001332912349
1005002073948264
1005002721807221
1005003239857415
32995750476
32856941033
1005003330176016
32777546494
4000955438003
4000978893911
1005002938281163
1005002925630938
1005003378456162
4000110865823
1005001874364831
1005002588041344
4000875978258
32758790745
1005001526412651
33048233507
32995461290
1005002132501585
1005002974266762
1005002926290535
4000558258756
33027196314
1005002278765579
10000343895520
1005001349710989
4001186238094
4000482713226
1005002795179273
1005002307601239
1005003148661515
1005003064316611
4000415874033
1005002777219100
1005003043973276
4001232031819
1005001380005685
1005002580554588
1005003391479353
1005002949137974
4000997021386
1005002552314573
1005003124645967
1005002551935009
1005003319839572
32344283548
1005001742790701
1005001929412420
1005002621436780
32863944927
1005003115251392
32894397513
1005002753903649
1005003287828754
32397297991
1005003144469803
1005002674966871
32974995084
1005003326001588
1005002793723731
1005003303687016
32830942756
1005002647192982
1005003154987818
32985098753
1305417117
1005003387308135
1005002925970872
1005002460546364
1005003099503877
1005003171931944
1005002721529811
4001139093675
10000294996049
32725417334
1005002619028567
4000724158452
1005001889869847
32740741366
33021126438
1005002984399341
1005003001733558
1005001721339724
32913563458
1005001513395116
10000002536813
1005003035715203
4000938322603
1005003304423036
1005002304918816
1005002065068520
32804046588
1005002478258874
32876277165
1005002771123454
32529862638
4001231006004
1005003134224022
1005003028280209
1005003015381232
1005001789547601
4000082419073
4000928170160
1005002735732060
32818358773
1005003025760749
1005002219246385
1005003085939720
1005002939291948
1005003176117410
32917458834
1005003115741266
1005003244862685
1005001962217873
1005002806342680
1005002001871276
1005002655189743
4001352564793
32828785574
1005002316476090
1005003235719078
1005001360960363
1005002843676467
1005003075666981
4001054218792
1005003269881983
1005001748738165
32813265669
1005003292471160
4001187814148
32919184924
1005003251767904
1005002668626639
1005003205486899
1005002755677548
1005001395791065
32846242015
4001219389977
1005003066863146
1005003037076786
1005002310454670
1005003176594268
1005002879646931
4001068361794
32977643140
32858219476
1005002525367061
1005002608401966
1569522569
32904707382
32863501756
1005003136011478
1005003169555183
1005003201971787
1005002357635149
1005003085684719
1005002613911062
10000190501435
1005002653040624
1005003269826482
1005002988987372
32717453157
1005001830988968
1005002597506256
1005002228512891
1005003321580202
1005002703401831
1005003201793313
1005001441332385
32851386982
4000183220895
4000837613480
1005002459928731
1005001279157129
1005003247425201
1005002976839531
1005002612082834
4000933581520
1005003369057174
1005002266641353
1005002398223418
1005002535759523
1005002393040538
1005003312049133
1005003163421897
1005003309695044
32844499720
1005003277925112
32987088840
1005001922120675
4000909681719
4001276396010
1005001763122428
1005002313790296
32792125720
1005001474644565
4000166436381
4001207782310
1005003191489052
4001147283681
1005003271156626
1005002842732573
32814577996
1005003296766124
1005002723372411
1005003168864387
4001073451071
1005002998264369
1005002345617340
1005003051933121
1005003005196003
1005002755956533
1005003335875538
1005003162041905
1005002537716430
1005003247411108
1005002577724378
1005002707195283
32858031459
1000001331246
1005003333590785
1005002831416639
1005003302029993
4000530573184
1005002836685279
1005003248533879
1005002989373756
4000866764784
4001229269739
1005002513254855
32788903248
32910315583
4000019977681
1005001804384711
1005001731164280
4000342312924
1005002754259476
32795957949
1005002425043503
10000265135325
1005001857401258
1005001607500432
1005002985113343
32361149387
1005001759084672
32791769236
1005003171661936
1005002914123214
1005003091793631
1005002954143882
4000838045322
1005003389787246
33020153776
1005003151326009
32914582936
1005002261843255
32810240269
1005001875826399
1005002192372365
4001175075094
1005003014414391
1005003313563971
1005002797051926
1005003179402358
1005003251821612
33011361071
32659635396
1005002309729412
1005002713105728
32824539252
1005003141865544
1005003037242052
1005002753289841
1005003255409457
1005003090377243
32976838313
1005003259741455
1005001357884346
1005002718191809
1005003140310084
1005002476968532
1005003198018041
1005003219168860
1005002709604983
4000538488832
1005001357633449
1005002684940490
1005002839303866
32811380067
1005003157093349
1005002657063232
1005001776899185
1005003127523992
4001152187161
1005002318093125
32991393066
32723656690
1005003263289798
1005003034093393
32861109188
1005003264437468
1005002725939533
1005001529965921
1005002400825413
32240561083
1005003372813699
1005002562866921
1005003304443638
1005003118082285
32705780352
1005002132685280
1005001573318115
32613506365
1005001732518340
1005003016266698
1005003161900968
4000970922085
1005002357356586
32982688338
1005003309146952
32400553283
33001388915
32701235872
33058643211
4001152286133
32882075162
32699002264
1005003302969745
1005002224703569
1005003320617573
32581677730
1005002995911103
4001224687753
4001110956388
1005003265469458
4001304731789
1005001936747419
1005002971183227
1005002037224947
1005001621207634
32584497300
1005001575248871
4000525739646
32826483342
33047135407
4000537733577
1005002988753411
4000772074813
32791074712
32909268029
4000172939450
1005002058875656
32803355322
1005003390567445
1005003169951555
1005001349436580
32804867752
32835104134
1005002686763638
1005002856481156
1005003268134477
1005003304524271
1005002864155189
1005002969844089
32822473596
4001274294732
1005002470702273
1005003305965622
1005002177468281
1005002552353499
1005003220230282
1005002409109256
1005003327430948
4000277343484
33011608051
1005001762405559
1005003196160554
1005003203908883
4000249704886
1005002961139343
1005003238458152
1005002553184101
4000106416611
4000427022643
1005003371969346
32823478508
1005001619146895
32681066644
32964272649
1005002810223480
4001093562447
1005002356522657
32946874932
1005003302775101
4000771194519
32908060419
1005002418100367
1005003223311244
1005001309426582
1005003183496450
1005002377753266
1005002482230648
1005003248860889
1005001572154808
1005003135321507
1005002732128311
1005002879516202
1005002970747431
32965869170
1005001504318060
1005002907662906
32863832801
4001047236311
4000822578236
1005002798852378
4001229458174
1005002537686936
32958333231
1005002797649416
1005002490521894
1005002986832706
1005002673815291
1005003258898300
1005002254281358
1005002656511211
1005002475452224
1005002069232888
1005002622799333
1005002426847915
1005002418877143
4000543978733
1005003278500598
32963030464
32964381385
1005003140796131
1005002622345168
1005001393851016
32958361921
32836892334
32833698364
1005002441021034
4000287678638
32588173767
1005003327983467
1005001496008086
32711636055
1005002950989716
1005002722295454
1005003388527207
1005003092443297
1005001973529480
4000709049750
1005003169000786
4001334511926
1005003264494407
4001190555519
32511261715
4000836981587
1005002462369878
1005002970923598
33014484455
1005001966660626
1005001825272189
1005002608277535
1005003161631196
4000843811252
1005001809487129
1005001541867737
1005002623297273
1005003140043047
1005002275845787
1005001424717434
33008741268
33000447800
1005002469751682
32827544603
1005003096695036
32857094678
1005003001979214
1005002642689123
1005002361307553
1005002224538780
1005001750637965
4001191494428
4000113667568
1005001882450244
1005003330776788
4001130768252
32890058191
1005001959559131
32865070944
1005001907825114
1005001874746057
1005002522368148
32973387561
1005002454249586
4001014979888
1005003062832389
1005003256332232
32741759408
4001040568814
32263192186
1005002951281154
1005002847988682
1005002204144950
32821981095
1005002732003456
4001282715760
4001062437560
1005001549165056
4000522402078
1005002763305835
1005001368117627
1005002989690111
32882656252
1005003047885209
1005002449582094
1005002258638657
1005001780998115
1005003147860362
1005002270423769
1005002462054080
32954695337
1005003238495062
1005002949959248
1005002864789153
1005002663491978
1005003391273821
4001003704067
1005002761374072
32990866866
1005003327707295
1005002746540609
1005003007950502
1005003299633908
32794752885
1005002239119627
1005003260232856
1005003315905714
1005001344251275
4001204646251
1000007954619
1005003037179582
1005003302598854
32800615455
1005003097067058
1005002790559136
1005003063573307
33057635973
1005001487412983
4000810234692
1005003029659050
1005001638729075
32904221060
1005003041900950
1005003182278542
1005003015081955
32992042969
1005002949179798
2043857375
1005002952573355
1005001698571860
1005002972007840
1005003333528579
4000988947838
1005003019343292
1005003160117131
32827539166
4001018673585
33017178713
1005003259085472
1005002981955576
32922665023
1005002931210717
1005002689689480
1005002318885534
1005003291782312
1005002630678689
1005002890808935
1005002885855170
4000260424443
4001251049158
1005001960084084
1005003363563896
1005002887993449
1005002752292577
1005003199442478
1005002905218146
1005002878773753
1005002441016493
1005002722806006
1005003095328797
1005003386315372
32883605724
33015655504
1005002666344329
1005003349384470
4001016114886
1005001742304937
4000155271823
1005003150664940
1005003385094946
32953324397
1005002785068497
1005003374834011
4001196505975
1005002586367791
1005002906365058
1005001506503404
1005003320162446
1005002947944973
1005003186180379
1005001884752954
32851562555
32860203853
1005003212465261
1005003323476223
1005003015271035
1005002667471747
1005002675486090
1005003262237905
1005002565097402
1005002336670571
32920100223
1005001706426913
32841049935
1005002733389190
4000134412307
4001221822303
1005001816735699
1005002177574113
33012791855
32822835601
1005003101309904
1005002518389621
1005001561787818
1005002389724051
4000485840882
32983863797
1005002834894709
4001042798516
1005001447319036
1005003031075996
1005002313709788
32857429138
4001213938297
1005001863841239
32859272657
32979542343
1005003300648094
1005002702077914
1005001418453852
1005003123626659
32864031900
4000701682348
1005002647303233
4001003754138
1005001616095240
1005002866186439
1005002739488831
1005003056383413
4001225338033
1005002112125585
1005003168663018
1592444078
4001038544659
1005002516160381
10000395860535
4000373632044
1005003066993473
32947661888
1005002299703114
1005003205623250
32796364846
1005003374955823
1005003089038499
1005002711486161
32813814470
4000739235688
33037468448
4001118327330
32947100240
1005003370068427
1005002878445592
1005003286530212
1005003029126533
32901704567
1005001414201306
1005002593202590
1005002247429412
1005003111140424
4000344768619
1005002443687251
1005003134350733
1005002802687903
4001320767738
1005001780850083
32893296082
32766135834
1005002393623310
1005002697487528
1005001669733455
1005001817399042
1005003186036948
1005003000662012
1005001359626663
1005003000270594
32971495353
32964569537
32926043707
1005002392048969
1005003282580394
1005001334414238
4001128434046
1005003329898378
1005002870432108
32967453213
1005002894601742
1005003014392734
4000433583497
1005003139944434
33027228183
1005003354353801
33045461886
1339390083
1005002775972950
1005003328581730
1005003335871436
1005003218131699
1005003189795625
32863066379
1005002254281169
1005002042939719
4001296787471
1005002925637039
1005003224519221
4000216222268
1005002074342557
1005003367264758
4001051126147
4000767727042
1005003280677209
1005002109982334
32839619306
1005002302427389
32861396945
33046177067
32852121633
4000309952228
1005002616584026
32650695186
1005003036796010
4001190587581
1005003031752653
4000926479238
32966871618
1005002966064944
32913443504
1005003155054685
1005001858324903
4000445313722
1005003168505051
33004022485
1005002579578830
1005001464563894
1000007687217
4000774958682
4000080486302
1005002763858935
32851812735
1005003108967520
1005002532878595
1005003340795266
1005001973831575
1005002963831501
1005003184415642
1005002549689307
1005002557600315
1005002758609804
1005003329173214
1005002779951896
32805727163
1005001676903490
4000583248292
1005001458212377
4000352940867
32973123733
1005003318596549
32993978566
4000048733143
1005003361295545
1005002418131691
32986608040
33011386665
1005003223798181
4001090052801
1005002418882995
4001190623564
1000008160405
1005003236208966
32355373544
1005002895331218
32741825819
1005002938237541
1005003029787254
1005002813483562
1005002060338842
1005001776246436
1005002271191134
1005002747264629
4001052881413
1005001872543956
1005002273034829
1005002438324918
1005003196582120
1005003200698092
1005003205808943
1005002617364241
1005002447434883
32895091790
32825083813
1005002718458736
1005003124107174
4000335546694
1005002335366372
1005003298802326
1005002017425589
33013917183
1005003020075743
4001105845648
1005001286641048
1005001341456987
33035299844
1005001548249916
32918385797
1005002669647908
1005003253417714
1005001950082930
1005003325094164
10000000792033
1005003320980552
1005003146995692
1005002827095769
1005002600106663
1005001551307307
4000548670257
1005002915261974
32665400559
32895231482
4000751482171
1005002789162772
1005003339886300
1005003082295643
4001102213453
1005003019340879
1005002545681943
1005003111546296
32827637479
33033070222
1005002826725642
32795980386
1005002783940039
1005001793077073
1005003251727920
1005003170589201
33047832967
1005002673112554
1005002998598985
1005002439288327
1005002797745709
32381592542
33048653132
1005002682404280
1005003066010623
1005001972892393
1005003130608206
1005003329866457
32892138354
1005003359891415
1005002861654423
1005003329354872
1005003270145757
1005003020141228
1005002886302137
4000960632183
1005003262799403
32694757312
1005002305309384
1005002208070741
1005002734973660
1005003142688942
4001105821625
4001204124820
1005002116799114
32859939822
1005002748776665
32954400916
1005002106985973
4000276982079
33033427076
4000789707819
32924674006
32578159575
32954320515
1005003293362811
1005002458820156
1005001882475239
1005003196836002
1005002834940537
1005002651813699
1005003227590962
1005002662607573
32975454263
33053203300
32833224765
1005002423461481
1005003197938653
4001239430169
1005003349431207
32868897250
1005003188380042
1005001623531266
1005003377676469
1005003188420953
1005002753798620
1005003310015623
4000591716672
32812812484
1005003195399030
1005002497508151
4001115987551
1005003335007014
1005003390991985
1005003183334853
1005003364021551
4000047753107
1005002320911698
1005003320748710
1005001789188732
1005002982074925
4001028591930
1005002185800676
4000931809567
1005002637520359
4001171789644
32756860380
4000192614678
1005002642832048
1005001309080403
1005003168642235
1005002110157476
1005001374517168
4000065390268
1005003364987996
1005002532467343
1005001540399993
1005002384790856
1005003193254823
1005003010248743
1005002837622734
32578441116
1005002797171724
32921736536
4001139107560
1005001639170468
1005003372850433
1005002315386608
1005001825538868
1005002554309588
1005001419906245
1005003330252567
1005002831659620
1005003171579756
32998248954
1005002120569693
32835508318
1005002448512945
1005003106119197
1005003225225012
4001218232479
4001021149066
1005002626419156
1005002198180672
1005002723804039
1005002260827962
1005002936025819
1005003065399837
1005003088307330
32832632151
4001265638590
1005003091058611
32965388460
1005002888942202
1005003200869474
1005003091365352
1005003238890136
1005002849422786
756405622
1005003263130412
1005003303147585
1005001985079091
1005003104762973
1005002136712601
32852366099
1005002765473740
1005003169752057
1005003082305226
33062067441
1005002335011215
4000631193394
1005001295698452
33003899935
1005002869858244
1005003345414186
1005003027036264
1005002899536640
1005002383014590
1005003097766413
1005002879048476
1005003248539053
4000378855938
1005002348192048
1005002303346054
1000008089559
1005002878300499
1005003126158714
1005002761998064
1005002175496792
1005001868617152
1005003122259560
1005003275888118
1005001473903175
1005001807050927
4000927307857
4000105544749
33049974438
1005002370049384
1005003032872816
4000675505409
1005003253565297
1005003322010015
33036628700
1005002888617169
4000794781233
1005002982360435
32933398798
1005002386751070
1005002007539405
1005003086614093
1005002770633197
1005001516973937
1005003295895101
1005003378566582
1005003018360136
1005001873245400
1005002976008978
1005003276459563
1005003344720847
1005001977674550
1005002602945725
4001041657289
4000998004976
1005001737271987
1005001405755664
1005002775414359
32931489222
1005003243672830
1005002982981873
1005003149860090
4000106359007
33020812697
1005003342016953
1005001351268401
1005002774089055
1005003336243381
1005002409426709
4000354928130
1005001834335519
4000766806472
1005001959868318
4001290808745
1005003012225828
1005003223513822
1005003083792733
1005002726001830
1005003071869975
4000081434583
1005002921546730
33040840451
32859873129
1005001548081281
33001547087
4001059637242
33021568941
32975908257
1005003113708492
1005001895416793
1005003228998789
1005003250651685
4001338528580
1005002753391774
1005002024326098
32998888829
1005002484094124
33011206992
1005001866371255
1005002171606145
1005002337592788
1005002622028084
1005003097316546
1005002252651586
1005003069852559
4000330912156
4000825647816
1005002779063751
32462353393
4000127700348
1005002996123496
32800383807
1005003266749901
32956779538
1005002512310403
1005003238152766
1005002685938874
1005002523507255
1005003191928762
1005003106029568
1005002891131330
1005003348399906
1005003163749828
1005002289947041
4000715289418
1005002610440047
1005003360014430
1005002302638084
1005001798512836
1005002603750790
1005003242519726
32943341458
32973609541
1005003118335334
1005003284468136
1005002965589462
1005003357226458
32982635630
4001307633061
4000245259488
1005003342213494
1005002311775317
1005002596867325
1005001397759038
1005003197194514
1005003302284153
1005003316935501
1005003147079555
1005003124909848
4000080114031
1005002969274464
32792852652
1005002892184659
1005002487986064
1005003110714807
4000161134649
1005003188820682
1005003128832628
1005003029720456
1005002390843588
4000706891552
1005002031781662
1005001458152949
1005001804174590
32819647018
1005002809051480
1005003250707888
1005002817727741
32863239386
1005002377310522
1005003288828443
1005003269695853
4000808280784
1005003350046469
1005003291405604
1005003391238938
1005003024356216
1005003351997169
1005003382248233
4000789101995
32812087923
1005002139709460
1005003367777799
1005003293721994
1005002374376265
1005003243350895
1005002991441155
1005003226291871
1005002851569645
1005003205466056
1005003245716055
1005001889198168
1005002109766724
4000035955955
1005003374307859
1005003079536453
1005002558729284
1005002407973415
1005003224357468
1005002109739957
1005002630993408
1005002740337151
1005002838091030
1005003359964984
1005002708584720
1005003366754171
32908078364
32952233982
1005001441452453
1005003056881406
1005002298234309
4000764971097
1005001628394317
1005003323676933
1005001319683517
1005002991004308
4000224177465
1005001836882339
4000747282804
4000052419585
1005002340023398
1005003338663764
4000480496569
1005002096259126
1005001624603500
506928075
1005002702023204
1005002717257318
1005002228340619
1005002061937337
1005001782969694
32954422623
1005001560792716
1005002945568824
33006603129
32967652234
1005002305874946
1005003282711397
1005001721540811
1005003011794864
1005002260177344
1005003336194636
1005003372121391
1005003070219197
1005003065605868
4000598893260
4000719986978
1005002605560119
1005003082225810
1005002509810102
1005002132798571
32857740515
32916023085
1005002057094442
33020060891
4000104253803
4000807569989
1005002607620067
1005003205906336
1005002191883634
1005002328172175
1005003367958011
1005002389669231
1005002805623931
1005002230051282
1005003383930123
32661562969
1005002485236140
33008151343
1005002761968089
1005002831925355
1005002746136334
1005002129425001
1005002754370369
1005001556700669
1005003383171900
32389505749
1005002762954643
33005529290
1005002055329790
1005003236615885
1005003355469707
1005003078158088
1005001859413209
1005002794237880
1005003391742266
1005003310210484
4000160883795
1005002612899498
1005002823030325
1005003231292637
1005002387239776
1005001967944301
1005003082351903
1005002394932437
1005002434942930
33008351228
1005001946141978
1005002718129396
1005002530436490
1005003293907524
1005003320142182
1005002989897172
32801859118
1005003227939929
4001216923568
1005002281936043
4001143108049
1005003117838499
1005002293318792
32863023787
1005001918780292
1005002647330010
32886038309
1005002066393992
4000962362553
1005003100803433
1005003112989659
1005001580609775
1005003387811151
32320619705
1005003212652225
1005002623834807
4001039133223
1005002599857664
1005001769624398
1005002442407973
1005001593420897
1005002448522609
1005003001753516
1005003257978329
1005003320542167
1005001958471775
1005003066536996
4001029486396
1005001718648924
32847982994
1005003093782755
1005002006797708
4000857239654
4001220051213
1005002273158276
1005001695328742
1005002541922824
1005002140189420
1005003282917756
33016364848
1005001344369437
1005002973852896
1005002520359316
1005003328959476
32985876212
4001109124541
4001283126896
32955651923
1005003017518524
1005002494191723
4000179885313
1005003176288717
1005002813155883
1005003131224966
1005001360393085
1005002666010010
1005002806485277
1005002362680872
4001039289299
1005002705073268
1005003156469011
1005002856082094
1005003172368907
1005003386340333
1005001526181092
1005003280966650
32785576852
1005002443457279
4000370144308
1005003209033409
4000777164251
1005002708398738
1005002247444012
1005003367401993
1005003324986330
1005003085006847
1005002281115530
1005002593408037
1005003275435823
1005001789333108
1005002858320362
4001290561135
4000898586676
1005002267866715
4000890797725
1005002662329286
1005003365470700
1005002495422205
1005003119792675
1005002064383884
1005002271526420
32940682917
32888976039
1005001906854470
1005003151401528
4000960568853
1005003263716761
4000222518298
1005002940487516
1005003246573428
1005003361825300
1005002641158259
1005002606051079
1005003027146800
1005001918802285
1005003026974139
1005001699516759
32919383131
1005003365623115
32899170486
32503094395
1005001701861766
4000263189067
33043119733
1005003197044718
1005001525276755
1005001467629994
1005002547312780
32352939297
1005001845058687
1005003198507485
1005002993122090
1005001674798521
32775917426
4001233570725
32847302732
32825315037