1005001292918533
1005003227876623
1005001652526529
1005002918063713
1005002545857827
1005002002355223
1005001316451524
1005002055365366
33032015638
1005001948982632
1005002473411368
1005003311850784
1005002907531450
1005003371639082
1005002508568060
1005003222798514
32831120789
1005002305376538
1870389783
1005003216618720
1005001869855297
1005003283349670
1005002582387508
4000996680565
32955352608
4000764722617
1005003233513145
1005001381201332
1005001476957557
32825819356
1005003299095276
4000682416650
1005002329105417
1005003313825660
32987021267
1005003036219938
1005002565238639
1005003051701335
1005002978677784
4000964315949
1005003256756694
1005002606150893
32959174319
1005001333841564
1005001553728692
1005002892131227
32954225118
4000385086195
1005003379038805
1005003129154941
1005002317394372
32968539081
1005003032601115
1005002694955442
1005003137270451
1005003180938143
1005002198492255
1005003110540880
1005001870347494
1005001681792841
1005002900562941
1005003208634599
33024874974
1005002848996653
1005002424345823
1005002948915813
1005003326306269
32286900758
1005002542022241
1005003353667825
1005001438812551
1005002170391543
1005003387350138
1005002328306896
1005002701527797
1005002641211183
4001163907980
1005002946936905
4000001502430
32997578169
1005003276314599
1005002826235046
1005001967529294
1005003338324654
32968885458
1005001789610384
1005002886107866
1005003153682282
32832066236
1005002783319067
1005002522181973
1005003336859810
4000549134075
1005003130511458
32814634765
1005001469218023
1005002921660105
1005002710506238
1005002661835882
1005003019449280
1005003277484026
1005002244769394
1005001360788076
1005003211937501
1005002814940735
1005002510683407
1005003282221776
1005003214208321
1005002489507620
1005001805773529
4000789222182
1005003276823313
1005001544213151
1005002624639754
1005002121345052
1005003292818136
32678609880
1005002780544439
1005002883262474
32993887910
4001148168003
1005003038731851
1005002271839406
1005001356555253
32813121138
1005003329129571
1005003201679431
1005002599598524
4000292745242
32665081760
1005003333576554
32649242683
1005003365045683
4000258968709
1005002831231464
32672811635
1005001448792790
1005002417243636
1005003009537410
33021949897
1005002608983194
1005003155456622
1005002591560223
1005002914890063
1005001420970680
1005002597511667
1005002467041739
32860513557
1005001410630517
1005002097473806
1005001417940926
1005003310360936
1005003161915131
1005002330492386
1005001962510489
1005001566028086
1005001451523321
1005003302196108
1005003387535083
1005003095126009
1005002519500003
1005002957059218
32908124906
1005003363040237
4000193367896
4000626787773
4000458347046
1005002220991648
1005002669049440
1005002124284599
32838709495
1005002742395168
32888948371
1005003013707362
1005003153172323
1005001444502815
1005003249181841
32638306172
4000741718521
32959466492
1005003373807413
1005003254400142
32772243372
32795959896
1005002723950348
33061267981
1005002938042973
1005002301188400
1005002625811104
1005002717214788
1005002738670306
4001042571378
1005002655507154
1005002745549754
1005003223195377
1005002083985705
32851449522
1005003325895378
1005003103118739
1005001704543054
1005002776159961
1005001266053315
1005003388311469
1005003042262379
1005003378616399
4000209386741
1005001888078116
1005003176643433
1005003224333099
4000804958417
4001241799145
32826418743
33053390432
1005002716633036
32965620568
1005002936360163
1005002580542516
1005002094084353
1005001768504394
1005002983936786
1005001657043788
1005001883913727
32963132725
32799908584
1005001476930817
1005002551253514
1005003180442951
10000142813009
4000223407899
1005002882604294
1005002954749004
1005002608988182
1005002480252347
4000018328156
1005002997468381
32757532718
1005002997552265
32860665888
1005002958034914
1005003000007466
4000229880679
1005001780545756
1005003324610038
1005003004879375
1005001399145704
1005002870698814
4000755507487
1005003218169730
1005003292626302
33044074894
1005002478425109
1005003258810672
1005003305719742
1005003365911563
1005002772420032
1005001411751904
1005002965857227
10000343888546
1005002378248366
1005003239218670
4000510231175
4001275727286
1005002949218378
1005003338378115
1005003318950709
1005002992514654
32869752757
1005003080477901
1005002002288525
4000546569822
32334984708
592938934
1005002716984785
32471161205
1005001808722023
32896357931
1005003153247233
4001111481834
1005002555414210
33009219841
1005001555922201
32905605499
1005002668396462
1005001993988328
4000593833572
1005003261618218
33010071053
1005002780401295
1005001585981814
1005002960470763
1005002050388802
1005002976891691
32760577407
1005002555489151
1005003242375952
1005003158548871
33059664247
1005001280958618
32884445045
1005003005772759
1005003117060817
1005002775156732
32903496489
32733100522
32734897573
1005002617758139
1005003293001245
4001278753946
1005003024622517
1005001346464998
1005002659140260
1005003384262850
1005003273490585
1005003157969684
1005001680654602
32885568106
1005003166698770
1005003294467501
1005003066255351
33009673264
1005001797470854
4000330361065
4000229934637
33006944218
1005002833658501
4001064981921
1005003048084170
1005001451907315
10000136533863
1005003252636126
1369371060
1005002253265218
4000828119088
4001242755564
1005002932264442
1005003298958784
1005001290846784
1005002056032918
32980356693
1005002438340233
1005003143234148
1005003035979207
1005003274881097
1005002766872581
1005002935747621
1005002373252254
1005002974056651
32441721989
32887127883
1005002922359248
1005002513153534
1005003391458849
1005003368680394
1005002645931625
1005002937932375
1005002672340209
1005002274076777
32967753421
32905152543
32979165054
1005002207896597
1005003227945563
1005003224625383
1005002641757585
32842446845
32972616312
32989751754
1005002410850682
33055224425
1005003329215242
1005002312282552
32992090593
1005003165106524
32864871366
33057965655
4000397025145
1005002797637751
1005001940342849
32808905568
1005001866268469
1005003191986486
1005002824284578
1005003037991475
1005002894226208
4001306272880
1005002940390356
1005003157799424
4001218938733
1005003128155079
1005002499486373
1005002343025467
1005001496057254
1005002500236229
1005003311981670
32980138178
1005003369073433
32966519407
4000182310297
1005002946522263
1005002934848106
1005003149857155
32958474587
1005002789618871
1005002823408535
1005001651988977
32971322232
32845189465
1005002974030839
32906479218
4000641272854
1005002963878624
33013740665
1005001632392277
32790560930
1005003026935510
4000216230481
1005002991017494
1005003202073752
1005003018148006
1005003156698971
4001192898226
1005003341188714
1005001476801359
1005002886909542
32918835601
1005002483986405
1005002941652268
4000679484173
1005002346262198
1005002953330802
1005002206480522
1005001764049503
1005001675472429
1005003345095480
33036499758
1005002731200278
1005001830314455
1005003137293854
32962760061
1005003239587629
4001164451734
1005002281648247
1005003106161694
32900162677
1005002332749190
1005002842937771
1005001454155996
1005002399144519
1005003255541284
1005002338953360
32848479740
1005002532050083
4000329311768
1005003263580273
1005002308933800
1005002961621605
1005003366054591
1005003233635028
1005003178736910
1005001561729797
1005003291651327
1005002518962902
1005001814590302
1005002364270059
4001066970345
1005002799462716
1005001954389942
4001091811438
1005001864777541
1005002989632070
1005003340376653
1005003328543148
1005002476256381
1005003149537162
1005002662564662
32603209306
1005002529569297
1005003116926040
1005003211187648
1005002876891598
1005001570207206
1005003100678521
1005002503473141
1005003144788566
1005002179399532
32288932325
32844929765
32957305156
1005003271285494
4000062527487
1005002484452105
1005002948245227
32944021078
32710220383
1005002288299398
1005002920753765
1005002851540908
1005002979172822
1005003264751998
32853605766
32855593206
1005002940463278
33002052315
1005001588818547
1005002441730456
1005002607383263
1005002310933845
1005002688020793
1005003297847470
1005003206185867
1005003176950499
1005002513248355
10000358982314
1005002273900998
1005002989264629
1005002918435335
1005002393629056
1005002165216184
4001235824552
4001361252271
1005002856967990
4001280201772
4000677037203
1005003368971558
1005002724534856
1005002481811722
33009817189
33023936974
1005002745671744
1005003121753238
1005001901825048
4001273370449
1005003212306587
1005003201183503
1005002752238167
1005002246252182
32856269442
1005003148102452
1005002123802595
1005003171847176
1005003076155472
1005002878476237
4000100484297
4000221400659
1005002932317033
1005001813494972
1005002540878340
32787717868
1005003172879767
32808180995
1005001573006457
1005003323573963
1005002833514526
1005003019280422
1005002361234210
1005002878917963
4000538681312
1005002399081174
33004669802
1005003048951848
32919739715
32887725422
1005001656545930
4000308519902
1005003281703637
1005001876655423
1005002957908294
1005003137370025
1005002121218681
4000047618546
1005003225039001
1005003098827336
1005002136946191
10000336435620
1005002260174539
1005002053238503
1005002935345759
1982184169
1005003090456977
4000941063549
1005002715638146
4000467744318
1005002532535864
1005003222066828
1005002518533068
32728293222
4000706421016
1005002586997261
1005002339667908
32836201358
32510496162
1005002515091450
4000615663923
4001145288152
1005003192973057
1005003390826370
32826926913
1005002214117839
32553966326
1005003339779496
4000811064104
1005002617531240
1005003149890678
1005002529668154
1005003146795572
4001039712602
1005002813543723
1005003127965378
32266531905
1005003197278645
1005001338328953
1005003249090980
1005002566882077
4000371020243
32908852952
33010033623
1005003336485397
32604969616
1005003005084824
1005002322980384
1005002481368833
1005002926684113
32968231780
2051544763
1005001765857477
32511194632
33062251287
1005002695431266
32800383807
4000919783155
1005003273004134
32950875292
4000669783988
32997148231
1005002014123917
1005002939368784
1005002562477856
1005002425194490
1005003148084848
1005003265547756
1005003257875433
1005002324701556
1005003384133553
1005003372845209
1005001727305392
1005003364036355
1005002628650575
1005003161487355
1005003121163242
1005003121983812
32454975489
1005003286488865
1005002257790517
1005003021402582
4000684648541
1005003051066610
1005002653363202
1005003258743473
1005003240058472
1005003366824486
1005002780734707
1005002877791164
1005002228069387
1005002630163182
32931173549
1005001994504261
1005002345749727
4000799397445
32759813146
4000865442248
1005003383051489
1005002673876773
32844202515
1005002734877130
32741567317
1005001755909138
1005003250035579
1005003238922094
4001084818003
1005002997670959
1005003006254951
4000671879118
1005002611814283
1005001809784055
1005002747985777
1005003205689192
1005003272555052
32319564012
1005002046367990
1005003212574525
1005001625269614
1005002176500363
33008362660
1005003162546961
1005001850383266
32969411866
4001209099884
4000346290360
4000505527479
1005002203427391
1005002931705529
1005003167711664
1005003357479724
1005003303474469
1005002339856896
4001051875710
1005003384905497
4001017652045
1005003390549159
4000220080386
1005002472747717
1005002347135511
4000099719751
1005002535282243
1005001960205546
1005003272332869
1005001773917043
4001115866688
1005002406954393
1005002439909278
32841519862
4001312832414
1005002281177914
4000229964637
1005003115881785
1005002716744995
1005003386782977
1005002772421246
1005001955028198
1005002952076117
1005001914446063
1005003081507481
32884989636
32941018246
1005001268648694
32965353205
1005001541884155
32606079836
1005002369287826
1005002393734844
1005001623689438
1005003138769314
1005002872119977
4000849837533
1005003050397206
1005002382902250
32832415143
1005003064806081
1005003136102110
1005002868216824
32885838593
1005003133244812
1005003161691218
4000462883972
1005003160168929
1005002022676414
4001286415826
1005002837368319
1005001670556332
1005001885982601
33009702681
1005003281552072
1005002317839055
32552329181
4000203053416
1005003245981041
4000054663989
1005002573614759
1005002926580889
1005002558859821
1005003208924064
1005002265103795
4000029137776
32827848805
4001119174284
1005002580130798
1005003300362887
4000119130045
1005003109459473
1005002593201218
1005001678140359
4000748791869
1005003238919270
1005002907956598
1005002459103854
1005002566207211
1005002198654842
1005003165562926
1005003101806784
1005003202630721
4000880019836
1005001279052712
1005003345870777
32966958843
1005002252476155
1005003378258656
1005002297198357
4000807149178
1005003155995395
1005002575217405
1005002428447970
1005002304958323
1005003014900097
4000199188225
1005002622683542
1005001337779705
33023288051
1005002790763284
1005001393842750
1005002852335678
1005002761722182
1005002261553287
4001270734911
1005003390916916
33013505011
1005003118253118
4000459739279
32850392194
1005003377487048
1005002317630129
1005002559231846
1005003039611033
4001269182456
1005003362005482
1005002885416763
1005003377873639
1005003146322775
33040276811
1005001922845242
32986233803
4001118563667
1005001863521827
1005002194397026
1005003329963690
32889097337
1005003114880535
1005003044197396
1005003254572712
1005002966156490
1005003229265698
1005002042346163
1005002624287021
1005002505287813
1005002219991443
1005003110417676
1005003197853439
1005003117574761
32847332976
1005002300856635
1005002811074779
1005002620112575
1005003298100777
1005003356706037
1005001676354942
1005002608232136
1005002342591076
1005002561212219
32845349172
4001279363723
1005002967644596
10000344111231
1005002575421927
32773993536
32889613061
1005002304951776
1005002559269886
4000580698021
32854792769
1005002662344403
33001083846
4001003797634
4000216589110
1005003186184791
1005003141753281
32846938474
32994695772
1005003038107393
1005002507220105
4000295753495
1005003156429427
1005003307158866
1005003280261722
1005002226895931
1005003042179296
1005002080570202
1005001505264948
1005002133852753
32958545504
1005002710335002
1005003111197042
4000769501271
1005003286023516
1005002852071751
1005002700246382
1005002755441038
1005001598470487
1005003161173178
1005003384347275
32951762444
32852957822
1005003027792009
4000775800923
32877181445
1005002957254145
1005002087569483
4001114848257
1005001665209846
1005003204468268
1005002558887933
32813222268
1005002855212508
989903237
32839778204
1005003093683921
1005003278263658
1005003252434011
1005002748083962
1005003067076276
1005003070168781
1005003101339764
1005003355686600
1005002992767897
1005002682688384
1005002882490406
1005002941590361
1005002032304594
4001015525467
1005002973419038
4000571034768
4000349043137
32788776441
1005003278003788
4001014770324
1005003329379180
1005002722994083
1005003319513852
1005002281053660
4000229286838
1005003275492102
32764382340
1005001585093640
32971123103
1005002266204441
1005003002729176
1005002469250295
1005002991650194
1005002254875817
1005001686146387
1005001437742447
1005003145545338
1005002440042213
1005001824538079
32688122178
32287975721
4001008969577
1005003342424059
1005003223859212
33030593428
32823002611
4001097195368
1005003334860055
32803575092
4000822294077
1005002848871945
1005003304724247
32825763852
1005002778321472
1005002322417179
1005003282868502
1005001284708653
1005002375315365
1005001917985446
1005003292338767
1005003322293095
4000966361103
4000850093026
32893034132
4000682911920
1005002858174028
32607611442
32953673442
1005002329051974
4000704691873
1005001961951946
32531579907
1005003157999150
1005001598138241
32961781549
1005003136268600
1005003021606155
32919989729
32994577111
1005003269768615
1005001303426760
33038351765
1005002925417773
1005003121916970
1005003381189313
1005003311958471
1005001939643640
33046258222
4000203749438
1005003296191416
1005003060133804
33051533435
1005002599793359
1005002900043898
1005001380888076
32972656411
1005003258414060
32967252633
32804726357
1005001468807516
1005001660296562
1005002636858315
1005001930333468
1005001580794499
1005001817823047
32920193159
4000927047619
1005003319801928
1005001394501503
1005002343815617
1005002829092020
4000131320880
1005002883794205
4000552127138
1005001728639438
1005003049811010
1005002081665149
4000353285960
32534511750
4000195502240
1005002271699594
4001365822022
1005003283841800
1005003129750271
1005003333454809
1005002119568428
4000072254928
1005001491611276
32793495388
1005001732522824
1005001763296007
1005001867411133
1005002910693956
1005002319209055
1005002932204457
1005003275572170
1005003171935458
32827012959
1005003149937833
1005003264817944
1005002394514442
4000026104401
1005002314976118
1005002449020852
32890824803
1005002051239168
4000274964004
1005003166118152
1005003232239634
1005002986314800
32870185598
1005003213081203
32908965439
4001228233010
1005002993789905
1005003305726745
1005002759285987
1005001320427859
1005002573136745
1005003299563606
4000331799383
1005002245528697
1005002781865768
1005002928482414
4001122434378
4000442831917
1005003254396228
1005001944408125
1005003390534268
32621361106
1005003264708207
1005002738899694
32796168685
1005003093045808
32837383994
32966363075
32933063467
1005003305810111
1005003162767047
1005002752721733
1005003298537703
32842496123
1005002624482208
1005002824127621
1005003008820084
32971639601
1005003098228184
1005003229288710
1005003364433935
1005002481478990
4000644635148
4000878875755
1005003085732930
1005002836058472
1005003013870418
1005002974213260
32810398729
32952701614
1005003198132102
1005003369141084
32956842580
32856636651
1005003265719917
1005002317400811
1005003364068124
1005003106891707
4001283349302
32829612531
1005002967447963
1005001865281229
1005002436732291
1005003262170945
1005001425359143
10000002727793
1005003346197327
33054610027
1005003198690930
1005001334492056
1005002611550979
4000761687134
1005002448607080
1005003233575446
1005003277911524
1005003361788238
4000424093213
1005002235310404
1005003387489310
1005002910556960
1005003257720175
1005003161105725
32785884775
32459046401
1005001808466429
1005002568339046
1005003026129788
1005003191075131
1005001330900777
1005002538992665
32966237625
1005003263185963
33049470701
1005002417475165
1005003017209857
32979354695
32830656333
1005001406209610
1005002749708390
1005003002412417
1005002933596001
1005002524215282
4001260812319
1005003196881028
1005002422067753
1005002136932173
1005003333020280
4001184288853
1005002004574143
1005002467386511
1005003145075487
32916533870
1005002683195726
32812905341
1005002579856037
1005003292197662
1005001713271348
1005003385100911
1005003195801411
1005003146084416
1005003282754043
32823349647
32977350592
1005002652005372
1005002836252072
1005002287293268
1005002692399869
4000206184178
1005002280706264
1005002253538232
1005003342462619
4000398385369
1005002551814663
1005003076270361
33049974438
1005001344623349
1005003370183220
4000794655357
1005002979182394
32590431101
4001278289449
4001359699759
1005002683170441
1005001607989989
4000245083578
33045171901
1005003311797645
1005001280147230
1005003387765875
33059358619
1005003345456098
1005002833229055
1005002950333126
1005002228480058
1005002666670274
1005003005132319
1005003224015129
1005003158147736
1005002739204938
4001235504404
1005003345605172
1005003370056987
1005002978949350
4001180025063
4001220685698
32996225518
32993717560
1005003019139020
1005003310472214
1005003077236852
32975025470
1005003301366002
1005002372325602
32555128114
1005003125004747
1005003373726136
1005003116477820
1005002313368094
1005002458032691
1005003388429881
1005001273439714
1005003160716045
1005003069702940
1005002780451978
33052429746
1005003371203281
1005003321292195
1005002928671621
4001321877739
10000352641633
574809432
1005001732377175
33010463557
4001021665546
32969888250
32991002905
32544105340
4000816858694
1005001693620528
1005003251336328
1005001635621944
33041122448
4000028872517
1005002084026442
1005003299041551
1005002333565191
1005002733265295
4000833442358
4000960490977
1005002727099811
1005002427937760
1005002281228018
1005001604568555
1005002841031639
32831516310
1005002382758891
1005003156552158
1005002424728491
4001241381210
1005001867278696
1005003115801831
4000918210082
1005003274910288
1005001824129469
33003407957
1005002897756104
33024558565
33031347396
1005003303255003
1005002843188098
1005003388302094
33029873239
33022137608
32968498742
1005002776331887
1005003309634876
4001225123594
1005002512251068
1005003316483904
10000012602711
1005003386279347
4000271798222
1005001374080161
1005002804478622
4000521513140
1005003046812314
1005002816419219
1005001823753021
32967186849
1005003200494487
1005003391447456
1005003307472159
1005003131960479
4001003753867
1005002121769992
1005001561022832
32978751626
32994376258
1005001632966832
1005003215470596
1005002564552634
1005003389122359
1005003222906742
4001141518425
1005003271322585
1005003334896475
1005002732842525
1005002478266441
1005003319612235
1005001790200162
4000444369931
1005003236307744
1005003039728517
1005002974146190
1005003176490108
1005002770272856
1005003365862411
1005003207048091
1005003228554304
1005003004389417
1005002413014536
1005002320433608
33021981118
1005003097658596
32920777896
1005002963856122
1005002675296396
1005003067950774
4000430194001
33052903387
32813136466
4000273961358
10000345827698
1005003387299076
33042789053
1005003367925276
1005002259329642
33057924176
1005002246662075
1005002801909999
1005003084093497
1005002901763274
1005003008817091
32239045428
1005002337807431
1005001355567871
33024351745
1005002318641779
1005001272787257
32826920525
1005001999021072
1005003064512752
1005003241516434
1005001557786468
1005003230978545
1005002538498336
1005001690010129
1005002723509675
1005002051565880
1005003263960191
1005002754463754
4000185469315
32954597831
4001097023881
4001035232590
1005002392376537
1005003387452498
1005002861104974
1005003232250104
1005001604998668
1005003363307916
1005003068732025
1005001914964246
1005001966435206
32855065830
1005001813127806
1005002894665090
32894302721
1005002157633996
1005003117290137
1005002886356332
1005003025907122
1005003263685477
1005003249733043
32817792671
1005002924071803
1005003173278431
32834563471
4000436790801
1005003392397594
33038451025
1005002347015952
1005003326826162
1005002638924487
32424470425
1005002339537249
1005001614962898
1005003016480257
1005003131810148
1005002023075320
32904642531
1005002735835243
1005003237610387
1005003248591669
1005002775880335
1005003083795882
4001296008300
1005003211945527
1005002921053420
1005002801706755
33055962936
1005003235604982
1005002594470450
1005003342307666
1005003214265323
4000162448266
1005002709623465
1005002423860344
1005002315799224
1005003311988877
32859105980
1005002496085768
33011469992
1005001604507327
1005001619196652
1005003344935330
1005002469353104
4000253352347
4001003598525
1005001831062113
1005003289369293
1005002774330336
1005002964996115
1005002858224354
1005002346608627
1005003377203916
1005003316445917
1005003198660350
1005002765626076
1005002967688578
33001926339
1005001361574726
1005003368408697
1005002957088055
1005001303238012
1005002824129867
1005001853460371
1005002499069177
1005001559872102
1005002659172553
1005002575107325
10000226061792
4000493422365
33039014116
1005002129806184
1005003021629020
32877682733
4000170532690
1005003330287000
4001359283775
4000955781268
1005003119323701
32985904963
1005003330606625
32892902483
1005002958178864
1005003154777911
1005002820157782
1005003134630801
1005003379848578
1005001734975051
1005003190142334
1005002405536307
4000279868449
1005002540824867
1005002588049288
1005003098679820
1005002935887555
32659998130
1005003233490087
1005001570808160
1005003339293021
4001360262721
4001193887473
1005002985348749
33018426996
1005002435049065
1005001699817011
1005002676344097
1005003193794891
1005003142087363
1005003273185251
1005003095468369
1005003022191416
4000553771305
1005003188433500
1005002914623563
32829199632
1005001482052289
32918916846
1005002998035406
1005003176003178
1005002110927237
32414852226
1005002294264487
33002420723
1005002253586637
4000749677964
32700705021
1005003321900144
1005002655643804
32965951109
1005003200235349
1005003325614873
1005003358183375
4000526110336
1005002320888599
1005001706009368
1005002279255576
1005002516253910
1005003258882444
32975320364
1005002821517470
1005003155302576
4001272478205
1005003014259796
1005001868143747
1608004184
1005002239426980
4000141376777
1005003152074967
1005002301684124
32949820355
10000423503452
1005001883543539
1005001824537594
1005002645875487
4000141669702
1005002949731131
1005003218157924
33014114337
1005002959696126
1005002582871736
1005003122484888
4000337677681
1005001463286650
33055072661
32821148012
32804936975
1005002952219723
1005001935751856
1005003200390089
1005003191384888
4001040673635
1005002374814515
1005001723922546
1005002572600880
32999086112
1005002990586365
1005001706261266
1005002372862089
1005002462899139
1005002046647892
1005002392927484
4000067702847
1005002300617807
1005003387858154
1005003325609821
1005003183290697
1005003294373309
32828867950
1005002299528067
33047697553
1005003340754866
33053162873
1005003123624077
1005002127855813
32867304734
1005002572768803
32887159615
1005002832909683
1005003392538746
4001231108362
1005002549687167
1005002508525313
1005003185781407
1005002820513321
33032117469
32972755887
32234058539
1005002924367017
32909298209
32672953340
10000423849520
1005002551148204
32407881916
1005001518578007
1005002839798357
1005002495797197
1005002647046388
4000003081105
1005002297181438
1005002398676548
1005002615223013
1005003223038712
1005002796233239
1005002317523801
4001084596528
1005002632958108
1005003283346910
1005003307112036
1005002835509983
1005001387330973
1005001962730632
4000467557182
1005003197124439
1005002968074642
4001358352806
1005003324179563
1005002043629841
4000149324262
4000956230500
1005001287164447
32659052549
1005001895923780
1005003257339223
1005002574990895
1005002937394730
32852316047
1005003095547989
1005003007509741
1005001884968002
1005002528171411
1005002755576921
1005002282434824
1005003387734461
1005003329280616
1005003080368600
32551602324
1005003387139743
4000249352256
4000319503681
1005003315843799
1005002663303227
1005002422874392
1005001424355198
4001219506488
32840580354
1005001268068702
1005003243933514
1005003337426877
1005002990951698
1005002484918762
1005003141973703
1005002774237303
1005003333700832
1005002954082937
32984086609
4000438887885
32849983589
1005002615668438
32268718848
32951464406
1005003077167634
1005003246579339
1005002811420396
1005002809309608
1005001389146373
1005003266254100
33035664275
1005002457357707
32864008067
1005002281572745
32698635095
4000062017203
1005003306977098
32978454266
4000053585144
1005003272315932
1005003235475319
1005003199662323
1005001447487817
4000130972100
1005003070903287
32967380013
4000007746459
1005001972054702
32903472182
1005002841127088
1005001679218213
32808869066
33026135251
32697251241
1005003390848210
4000249289200
32834371915
1005003146400443
1005002990609644
1005002191061585
4001335228605
32861155289
4000866199466
1005003205877933
1005002019386280
1005003041502539
1005003037076077
1005002672350259
1005002946444380
4000874272829
1005003136212559
1005003330740305
1005003281693642
1005002510123961
1005003370966508
1005002678842149
1005003386847085
1005002253711975
1005001439146561
1005001889546200
1005001656981964
4000277697119
1005002656099569
1005002430848215
1005003323954965
1005003026452832
1005001349807507
1005003332292131
1005003005702449
1005003118497470
1005002751922643
1005001669611933
1005003269149727
4001066229458
1005002836104247
1005001664575273
1005002618250139
1005003252125276
1005003311526432
1005001992708475
32823363474
32852630165
1005001829770387
1005003222891673
1005003236768315
1005003369910229
1005003074274106
1005002344721884
1005002398825398
1005002625873732
32834146025
1005002705740949
1005002957720964
1005001426941974
1005003203152115
1005001997344437
1005002623485061
1005001467971848
1005002137804363
1005002715685998
1005002733007630
1005003083803845
1005003016090981
4000734756578
32703023089
1005003337937832
1005003373749430
1005002839823763
32964856182
1005003100626352
4001086326067
1005003306308500
1005002483142760
4001315075651
32661881905
4000527781205
1005002983507332
1005002790366286
1005003152256744
1005003258888909
1005003368617812
32917089231
1005001895420943
32780809461
1005002305552120
1005002035250200
32984846362
1005002390031713
4001271866066
4000884770204
4000926735480
1005002756077039
1005001437581309
1005003007756476
32812268685
1005001380537666
1005002542522519
1005002478286173
1005003155239078
1005002258451957
1005002277456895
1005003141660501
1005002259454968
1005002710578183
1005002954899478
1005002414077495
1005003380088913
32983311427
32918661807
1005003268536427
1005001565954725
1005003264760782
1005002833694035
1005001687515379
1005002430364794
32842121138
4001335450328
1005003181660462
1005003383951275
32914982593
1005001406376747
1005002662073183
1005003069860140
1005003276535017
4000282251703
1005002345477474
1005002137046781
1005002401534537
32982672431
32839435558
33012938431
1005003198830639
1005003109830615
4000275312298
4001297340904
32578185181
32915166663
4001037384991
1005003049402348
1005003064537124
1005001714077248
1005001920849355
1005003107709120
32974746519
1005001524127493
33014819865
1005002319066689
4001161031940
1005002707507650
1005002651715863
4000310348862
1005003307212815
4001255520758
1005002361805975
1005003326172730
1005002796602510
32931533056
1005003251771603
1005002871798643
1005003008217698
1005003146427589
32959958196
1005003310213062
4000111484359
1005002318378081
1005003188809886
1005003379436566
1005002931911511
32981454622
1005002591195674
1005003112338536
32874854990
1005002386902605
1005002912025014
1005003252905356
4001104891329
1005001922555050
4000511150668
4001271027267
1005002647333393
1005003195786423
1005003245281044
1005002271439979
1005002675629389
4001090261404
1005002729136195
1146573321
1005003187791475
1005002337555277
33059267212
1005002200080512
32942808305
1005002798355704
4000379681328
4000582381909
33037186725
1005002841354658
1005001594023834
1005002833681586
1066136275
4000971417803
32960589300
1005003290284770
32844304023
1005001946611456
1005002940967318
4001072301689
1005002080969284
4000906468197
4000141272749
1005003288035480
1005003348334482
1005001266451821
1005002824004964
4001123101135
1005003083193970
1005002815134556
4000779174840
1005002852777000
1005002618357848
1005003124032597
1005003119738776
1005003332376941
1005001739282075
1005003148217841
32976979095
1005002663241520
1005003113660884
1005002333814723
1005001718882750
1005003309575226
1005002046532557
1005003382078922
1005003187654312
1005002459663769
1005001914358856
1005003147661641
1005003072256616
4000278929275
1005002985435419
1005003105629611
1005003336385218
4000934528325
1005003242545403
1005003362652503
1005002627017111
4001162800880
1005003008182708
32695915213
1005002305554043
1005002254062611
32716194264
1005001423585944
1005003258861231
32978596448
1005003163649716
1005002237925051
32862568554
32669365495
1005002059373209
4000510821934
1005003223429688
1005003097804605
32531236513
1005002868747674
1005002624804795
4000867863588
4000345258883
1005001960494962
4000136259205
32988208894
1005002856186907
1005002459061203
1005003264219474
1005001798534293
4001221788560
4000117160375
1005003140403509
1005003044822478
4000558075564