1005002532096020
1005002300768757
1005002714490558
1005002003643752
1005003352207675
1005003019387042
1005001800646752
1005003141949599
1005002304580071
1005001639127016
1005002687371238
1005002718129396
1005003118399493
4000183287855
32840605890
1005002947608499
32990423124
1005002967897426
32375514012
1005003108618879
1005003289166016
1005003097630516
32955329612
33004255891
1005002902318078
1005002087463965
1005003002222008
1005003319343834
32878489625
1005003230223664
4001286857630
1005003336793635
1005003072194742
32359059010
32936601616
4001304779323
32888097211
33037509894
1005003256760223
1005003383326360
1005003249863013
1005001540643565
1005003327900831
1005002746018471
1005002272730032
1005001872556275
32962318947
1005001575917077
1005002670509780
4000226598766
1441568905
1005002870052754
1005002467156106
10000342240937
1005002447888956
1005002398852946
1005002882445765
1005002482923487
1005003060049172
1005003123635243
32972281322
1005003347044476
1005002983823281
1005002863471671
1005002971399698
32831497983
1005002276269081
1005003158303266
4000315311671
4000808665847
32359292408
1005003363553823
1005002027183806
1005002765378202
10000323544607
1005003319782017
1005002988083265
4000403130687
1005002090541084
1005002319293796
1005003136300498
1005002274962574
1005001767630978
32694993711
4001340657312
1005003318143616
4000203302956
1005003259843264
1005003352517985
1005002413242740
4000695526224
4001268812995
1005001447191833
1005003107732014
32490288950
4000316987678
1005001491393251
32963638233
4000956375333
1005003168745629
2053027178
1005001936741553
1005001588754499
1005003322954408
4000162727278
1005003134387285
1005003291207999
1005003344040394
33055572083
1005003184143691
1005002949377399
1005003064121972
33009599477
4001335851349
1005003069971715
1005003200115653
1005001426170280
1005002481868211
1005001308799449
1005003329048597
1005002950911603
1005003016424070
1005002943951834
1005002461022700
32846027893
1005002952290780
32978394075
1005002796774125
1005001615467862
1005002004595052
1005001806494313
1005002588544912
1005002633054106
1005002710289817
1005003112895523
1005003263196565
1005003160993402
1005001309086542
4001317807168
1005001987449408
32887246763
1005003267411180
1005002205546306
1005001388955562
1005002797730316
32816641240
33056591046
1005003314228452
32571662720
1005003227199809
4001340505206
10000103855448
1005002870251619
1005002775070387
1005002878066847
4001242425847
32922546403
32831235818
1005002629468070
1005002716487207
1005003197991787
1005003309177359
1005001895319895
1005001463214331
1005001361635082
1005001461805125
1005002830071290
1005003338912231
33000701648
1005003010394842
1005001695580125
1005003155929583
4000484598249
32912346826
1005002437553403
4000092751216
1005002539525886
1005002727317256
1005003310345918
4001308033302
1005003083915631
1005002007143597
1005002981359984
1005003102015522
1005001519335978
4000177905143
4000941575839
1005002776518242
1005002721169337
1005002782241493
1005003338192283
4001236426809
1005002023626986
1005002996795797
1005003027746018
4001090210584
1005001320544236
1005003351452284
32809245877
1005002576953481
1005001591808223
1005003195389836
32650470761
1005001332893276
1005003075962961
1005003043621634
1005002314228324
1005003276905269
1005003362006088
4001036641013
1005002982783647
4000319455448
1005003328971478
1005002835314006
33021552486
1005002614189133
1005003135858739
1005003125664739
1005002270761022
1005002591812980
1005002363842591
1005003288665161
1005002023436818
1005003336429832
1005002053358360
4000049259800
1005003035838650
4001037726170
32856190184
1005003310015047
1005002368188993
1005002917214365
1005002687377198
1005002822114936
32791435555
4000740292920
1005001964852821
1005002597177253
1005002081037039
1005002270910047
33029371571
1005003380010578
1005001303388043
1005002073323509
1005003131349473
1005003098540530
1005002259627015
4000596116967
1005002028008114
1005003169081632
33046544177
1005001927184284
32971647763
1005002110278253
1005003163677879
1005003041641331
32946571845
1005001640436053
1005001594753330
32902925328
1005002642605474
4001138572845
1005003309832375
1005001464533790
4001052744052
1000001501233
1005002698411989
4000777155230
1005002398828866
1005001458476247
1344233728
1005003171440397
1005003210789576
1005003179464022
1005002559498305
33024913333
1005002763120409
1005001579716910
4000862808674
1005003344843217
10000395935792
32530284872
4001138184513
1005002906413588
1005001371597072
4001236047857
1005003015350744
1005002315314573
1005003333044685
4001093802887
1005003247616713
4001056930265
1005001834048978
1005002869810595
1005002383523127
4001075551133
4001121308308
32963567947
4000730143535
1005001989741805
1005003290548841
32829875198
1005002288206726
32719051331
32967988216
1005002558808751
1005003127924558
32949134234
4000113039347
4000900560601
32858314055
1005002068168805
4000817994757
1005003017870561
1005001602158117
1005003092679175
4001257920856
1005003128797853
4000309790763
33046948621
1005003156149040
1005003135315961
32824091658
1005003245658215
1005002963398274
4000458632302
1005001893875762
1005003026432916
1005001998031528
1005002925627946
1005002576259097
4001061585440
1005002851803613
1005002030258341
4000626291388
1005002930749765
32834413631
33021751636
1005003350374578
33028465040
4000089995253
32612772462
1005003387278196
1005002088002123
1005003228967866
1005002856161214
1005003300388646
1005001977515262
32959966635
1005003309637881
1005002441522586
1005003337567859
1005002583860039
1005003237228468
1005002341788578
1005002791382137
4000742255693
1005002506621724
1005001990920334
1005001752863465
1005002490970539
1005003083948392
1005001807996973
1005003380417267
1005002978788571
1005001918516809
1005002909029049
4001226912593
32727215390
32989215253
1005002783906362
1005002253638207
1005002562184636
1005003381943600
4001116677599
1005002351532094
1005003161523475
1005002630599736
32827135664
1005003334823381
1005002976927864
1005001796846744
1005002751863182
1005002632465440
1005003300518182
1005003296213230
1005003308283947
1005002774208842
1005002695523372
4001294888640
32816988544
1005003249667274
1005003175718345
1005002090742942
4000445941323
1005002652196545
1005001841730744
1005003280704854
33060266304
1005002256443673
1005002199785163
4001212322487
1005002510321089
1005002604080338
4000623499919
1005002483270480
1005002528171411
32986737189
1005002926042459
1005003246885686
1005003029835423
4000082455521
4001158345767
1005002974144315
1005001616561053
1005001948454506
1005003139474216
1005003019114948
32786077293
32898241063
32800456582
1005003156153079
1005003370002384
1005002921243692
32954304133
1005003240911620
1005003076785321
1005002065372828
4001240584722
32825055377
1005002840950676
1005002871342273
4000024645175
33056330088
1005002597945196
1005002146800991
1005003179328314
1005001805560428
32881012704
1005003118379481
1005001595015051
10000395839930
1005002990954364
1005003201493904
1005003277606867
1005003140599481
1000001707220
32320567657
1005001525349768
1005002722328360
1005003015406230
4001174528717
1005002432775697
1005003278804192
1005003065679169
1005002215486085
1005002651496169
1005001686374061
1005002935854524
1005003032695702
1005003107107586
1005001954048982
1005003271927452
1005003311402884
1005003262366440
4001314636543
4000180077952
1005002369009312
4000204314081
1005001793069600
32802312672
1005003197507895
1005002911905280
1005003180526261
1005003108925596
4000801599066
33005902501
33030066980
32960221834
32838935207
1005001465041355
32650564686
1005002722758359
32585662276
4001210687752
1005003001675920
10000356072322
1005002418788515
4001090261404
1005001949382914
1005001593510629
32789666322
1005002440902745
1005001388612096
32934356792
1005002949205009
32398557493
4001061227894
4000410353642
1005003335698427
1005003375460706
1005001576810903
4000443781846
4000990220075
32836591093
1005003032427498
1005002193133539
32519702845
1005003130184123
1005003103220916
1005003369752515
1005003055062345
4001068707996
1005002617164120
4001296685630
1005003103326063
32817249676
1005003297616123
4001115400081
1005001612197897
1005003344987425
1005002316917694
1005003346911485
1005001703676047
4000529313267
1005002282655480
4000394256857
1005003255819738
1005003015974931
1005002732563751
1005003027666144
1005002796430212
1005003166565175
4000176745856
1005002847153764
32663722281
32767681598
32956156085
1587932818
32960651861
1005003382999306
1005002525319564
1005003037555352
1005002721540818
32638148012
32815036025
4000292874949
4000106269642
1005002511174794
1005001537032122
1005003003474586
4000497149862
1005002367331260
1005002165275471
32795121468
33012730224
1005002660640662
33000284744
1005002969766774
1005003115219997
4000583637727
1005001905479013
1005002866658577
1005002537060383
1005002589175564
1005001559918384
1005003233479529
1005002930991656
1005002604253792
1005002997134716
4001107957675
1005002828260036
1005003351101597
1005003188254597
1005003388531154
32550515932
32887999240
1005002467638414
1005003221370975
1005002688985328
32676726772
4000322107041
1005001972266938
1005002926805485
4000382179367
1005003383770199
1005003039218920
1005001369193542
1005003307060100
1005003012697701
1005001596547621
1005003017132192
1005002548878871
32969958629
1005002990901952
1005003146311906
1005002952053666
1005001315221178
33000304254
1005003384035474
1005003340695002
4000278992646
1005001683269771
1005003019349059
32902062455
1005003329664372
1005003106324807
1005001860843474
32948597431
32864344733
4001080277334
1005002219451338
1005003013783543
1005003268989373
1005003211865982
1005001704037399
1005003257412734
32739113046
1005001657085236
1005001270009733
1005001500567145
1005003280669654
1005002622417481
33012800197
4001203800004
1005003184071661
1005002789972239
32815563567
32978881805
1005002945464365
32800296342
4000042486917
1005002960909567
1005002663643752
10000395914326
33034665917
33035733212
1005003250572913
32986647905
1005003171646025
32997102287
1005003263631052
1005002959501113
32928633243
4000938652806
1005003004100513
1005002895534290
1005003299870593
1005003251848737
1005001349584065
1005002330206307
1005003079853671
1005003338135775
1005001355655443
10000304481270
33014369045
1005001281910346
4000284082094
1005003291117281
1005003337372127
1005002421229491
1005002280833194
1941745517
4000971690653
1005002989772952
1005002553844434
1005003162772564
1005003197904086
1005002766644203
1005002862623426
4000495495192
1005001412815135
4000222607432
1005001858019315
1005003300222974
1005002651508654
1005002386965902
4001052654722
32898342051
1005002879885493
1005002309978672
1005002546050452
1005003147613293
1005002026829119
1005003195816876
1005003273203477
4000510108169
1005003001423869
1005002649178456
32421299896
1005002971148887
1005002533843571
4000321179723
32850360286
1005002271125406
1005002552520456
1005001654353501
1005003094225958
1005001355898668
1005001355395166
1005002982543052
4000902114950
1005003019392870
1005002668493567
1005003302098508
1005001483890227
1005002545793088
32812741023
1005002851665955
1005003038172853
1005003278315311
1005003312222272
1005002642178977
1005003038905926
1005001351869871
1005003102320128
32909020524
4000894500815
4000484974937
1005001807997115
1005003386050292
1005002889608404
4000241481406
32952229445
33056723090
1005003229614612
1005001744119302
33038465869
1005002049635244
1005003344690321
1005003357275909
1005002626749215
1005003337307062
1005003015803337
1005002622449298
1005002731042633
1005003099351108
1005002531862224
1005002348408753
1005002296420220
1005003136281133
1005002622205555
4000371397041
32863732710
4000656863502
4000303301004
1005002591728848
1005003277008014
4001229420281
1005001940945253
1005003246154311
1005003206788797
1005003331154594
1005002964722534
1005001608649667
1005002608624239
1005002757881806
1005002996192023
4000627056349
1005001851609120
1005002815010303
1005002707585982
1005002646075082
1005002347191079
33014055153
4001186412615
4000277697466
1005001463964160
32809625588
4001039277333
1005001947419566
1005002988390133
1005002843016919
1005002667526969
1005002401569031
1005002915772607
1005003193509835
1005002583323969
4001279828764
1005001466483041
1005002299374500
1005001683269771
1005002253028284
1005002717774878
4001366019917
1005002116191226
4000209960056
4000864652908
1005003105254642
32689946373
32882495295
32909642988
1005002864983486
1005002298021111
4000187968393
32561777792
1005003365257957
1005001324448649
1005001854623689
32915170378
32655668861
1005003386961132
1005003204077114
1005002064225815
32815694360
33001208178
1005002821194407
1005003092991571
1005002664294536
4000053017183
1005002657305953
1005002834863114
1005002780030848
1005003261266075
1005002288766550
1005003093786900
1005002616624345
1005002317509504
1005002702446029
1005003358106946
1005003223849503
4001116646594
32805382493
1005001994987167
1005002469069051
32961125524
1005001381181633
33017959276
1005001908334189
32968876204
4000529344405
1005003226597383
4001244545987
32848156856
1005001962469566
1005002958023794
1005003170217114
1005002669437398
1005002959919497
1005003342178953
32816301447
1005002547849148
1005001754195613
33014347709
1005002672465424
32978394010
1005002454922637
4001125019483
1005001737488830
1005002592480515
1005001592573053
1005002482129047
1005002361877039
1005002534639903
1005001480412664
1005001436381353
1005003262320744
32931613756
32926839305
32848594173
32827889821
1005002747737608
1005002514414441
1005002696769418
1005003330073076
1005003223977244
4000510897393
32958300965
1005002642363525
32653806596
4000042835538
32791884038
1005002679546921
32961454052
1005002753592600
1005003321425555
1005002770985768
4000925558782
1005003040297596
1005002235113565
1005001927652500
1005001412671967
1005002176449327
1005003208253802
1005001890351977
1005003126067354
4000997806373
1005003266022948
1005001972591625
33007525453
1005001489363218
1005002960554665
1005002996585742
1005002608981238
1005003239926032
1005002375339816
1005003083838515
1005003021382967
1005003266781658
32959045522
4001214101913
1005003249500927
1005002410960882
1005001970526737
1005001330037017
32950725347
1005002225669155
1005002516034153
1005003182469835
4000931024299
1005003253496716
4001289516873
1005002662964185
32587982154
1005001748448446
4000082329761
1005003105558463
1005002516430185
1005001518771984
1005003197329916
1005001642328797
1005002835037863
1005001437045609
4001220627674
1005003000938007
4001027758198
33058229292
1005002950350321
1005003376100075
1005003247001365
1005002559463227
1005003230506498
32835630884
1005003182702864
1005003334943384
1005002801481208
1005003360222222
32684496828
4001151910092
1005003127543715
4000473808830
1005002646675619
1005003353328045
1005003251255763
1005003120460466
1005003165634556
32836225662
32803386710
32895216065
4000104102473
1005002111032075
32963798899
1005002353866427
32880879149
10000089302170
32964308914
32977072101
1005003341453423
1005001411160954
1005002688506755
32841072452
4001283095170
1005002863287156
1005001580863165
1005001817996959
4000201215357
1005001923098018
1005003033019768
1005003201197287
1005003340573308
32852675921
1005001809534460
1005002709402103
32311773608
1005003347671243
1005002913377758
32952182321
4000753234632
4000708036195
32789314478
1005003209266798
4001236834960
1005001608079048
1005003277843791
1005002622527149
32869669844
4000858933309
1005002971009287
4001067397905
1005001343295413
1005002127131316
33059610895
1005001986971706
1000007689024
1005002753483610
33029853317
1005003194832951
1005003025564552
4001337716620
1005003065481796
32854251379
1005003166173090
32832378525
1005002316551753
1005003334746870
10000112695046
1005002424668500
1005002353262344
1005001591268732
1005002636838544
4000592690453
1005003216495715
1005002645823339
33015880268
1005002979841758
1005001274521866
1005002839874612
1005002046704563
4001041086926
1005003219200904
1005002504372851
4001173319305
1005002427287097
32875380535
32860110882
1005001907959259
1005002325135464
1005003103602117
1005003128369978
1005002980434630
1005003096297550
4000546571889
1005002780445476
1005003388466493
1005002681057712
4000781357738
1005003323795092
1005002393671479
1005002575057604
33033539869
1005002911521447
1005003233867430
1005003191901555
10000287906800
4000358525291
1005002695369769
1005003024430906
33017803350
1005003050225904
1005002534849109
32895446222
1005003071045843
32906206178
32891832075
4000141322228
1005002487807361
1005001798039856
1005002907611419
1005002963613454
1005003196883982
4000933587584
1005002320833069
33047599980
1005002489722805
1005003295320165
1005003188659514
1005001350655136
1005002239507576
32899504964
1005003081403632
4001270508174
4001159966606
32818791586
1005002008615840
1005002224769556
1005003302999437
1005003269156229
32850149472
32251424969
4001068015338
1005003214335913
4000767541737
1005002813685498
32868493901
1005002722736561
1005003196241806
1005003304511477
1005002425208224
1005002321101685
32959059674
1005002470274515
1005002631996912
32993557667
33031263151
1005003329008784
4000196417489
1005002885079792
32787419674
32494070246
1005003293409668
1005003333714499
4000357111965
1005002171187268
1005003200096430
33030129404
1005002467168394
1005002277878384
32890601105
1005003042157426
1005002712067084
1005002122564273
1005003278403699
32838917499
1005003252128456
1005001917395527
1005001608344097
1005001667303054
1005003340446953
32964890140
1005003136805436
1005003324112076
1005003332362419
1005003190730088
4000057550860
1005002989966022
32729871105
1005003095416274
1005002083863356
1005003205308629
1005003200007626
33028682241
4001230403791
1005002835685126
1005002364296903
1005003177094586
4001345867724
1005003375811500
1005003198364166
4001359774664
4000261522561
1005003263063398
1005002186160042
10000289514480
32722980800
1005002272550286
1005003172449312
1005003173107129
1005002039211597
32683699363
1005002766911405
1005003142545090
1005003383343864
1005003218696229
4001294992058
32896789315
1005001977060114
4001059922042
1005003131675636
1005002683549307
32329599865
32870804344
1005003198099036
1005002491033057
32813868805
4001241183230
1005002053803054
4000137532378
1005001913943320
1005001586457478
32970437497
1005002755170081
4001035818584
1005001645986740
4000502668183
1005002297761495
4000185803421
1005002564828516
1005002608879642
4000374014999
1005002878535026
1005001997350481
1005003104202653
4001118315150
32870807813
32865174693
1005001821428986
1005002777108049
1005002554642647
1005001860828825
1005002066748150
32976080724
32929785082
4000055295169
1005002331043909
1005003158677960
32826513272
32819177209
1005003163935476
1005001957054557
1005002477967177
1005002629958998
4001188897386
4001139152114
1005001861915191
1005002603394090
1005002499855141
33004677249
32954013150
4001356201784
33053406650
1005003209754068
1005002796439742
1005002669869684
1005002753351293
1005003326332282
1005003274021809
1005001316536304
32806231636
1005002219294486
1005001429973942
1005002304648556
575428765
1005002982629909
1005002635973928
1005002448365459
1005003327805754
32337673337
32961853550
4000246122552
1005001430682690
4000378868256
1005002754003911
4000071157177
1005002401737386
32975498493
1005002953912190
1005002576066651
1005002945803322
1005003330876886
1005003178218729
1005002605166492
32891319247
1005002927023795
1005002890560011
1005003217554537
1005002988541012
1005003155783847
4000472785259
1005001525358725
4001366063862
1005002652082959
1005002318222026
1005001921550191
33014178164
1005001699941704
1005003303450084
1005001665988786
1005001389181136
1005002475701971
1005001635621944
1005002522159434
1005001943448450
1005003151305934
1005002392740309
1005003062947294
1005003155912087
1005002738262628
1005002978366551
1005002496464617
33052786801
1005002679215675
4000347990927
4001155400029
1005002305697469
1005002568732977
1005003071391671
33001249213
1005003047461466
1005002672783025
1005003221233278
1005001924377531
1005002084133273
1005002432103345
1005002467335447
4000188787914
1005001445397711
1005001769611476
1005002064961070
1005002533553533
4000756357751
1005002534911311
1005003238436838
32964261899
1005002504391118
1005001874326054
33006372947
1005001826545491
1005001439123459
33032698790
1005001866249724
33041090257
4000430086049
1005002915286516
32884631412
1005002137876190
1005002402626098
4001297222701
1005002880360138
1005002646524773
1005003185385626
1005003370713708
1005002180860746
4001332548341
4001125150773
4000639914530
1005002984054099
1005002359963696
33014545183
1005001604358094
1005003142072510
4001072362384
32581844943
33024369789
1891531425
4001015683697
1005003069024382
1005003310622289
1005001481482224
1005002765758867
1005002993566978
1005001860250390
1005003129690706
1005002416554120
1005002439187811
4001137762510
32750436095
1005001413094651
1005002100149763
1005003128938632
1005002646754600
1005002053316523
4001299247481
33047941651
32825711685
32899276795
32851087013
1005002368801789
1005003318820807
4000881525565
10000369654799
1005003158712056
1005003095238908
1005003031004922
1005002159732132
1005003312549728
1005003296692446
1005001428586045
1005002468472183
1005003201872801
1005003341188283
1005003209683362
1005002043030299
1005001414433053
4001115569427
32875616771
32909528849
1005002855536824
1005002809224559
1005003340312501
1005002848624272
1005002890771862
1005003262471167
1005003151826494
1005003378689340
1005002293624441
1005003281576158
1005003198950120
1005003244489952
4001110498417
32958475629
1005003224147099
1005002500413074
4000167047611
1005003238896856
1005003342176734
1005002755674988
1005001678416520
4000939206613
32434792630
1005003107440021
4000800604693
32954201522
1005003282099669
1005003233820874
33005546393
1005001916572081
1005002813661434
1005002412198238
1005002314368390
1005002664622074
32983252475
1005002086094706
1005002881739819
1005002809825896
1005002206180576
32930620214
1005002265743108
4000242621804
405194550
32864224386
1005002969634744
1005002133361601
1005003039138139
32783651612
1005003355118778
1005002281477855
4000894251802
1005002019147235
32995379998
1005002567732142
1005003207606114
1005001888197833
1005003113481033
1005003097930711
4001292369170
1005001489608687
1005003139822890
1005003210659083
1005002984341976
1005002580775534
4001109288945
32995031728
1005002524941682
1005002762959381
1005002717964955
1005003277783249
1005003139699350
1005001602052343
1005002012192289
1005003275188378
33010769309
33033186807
32424587282
1005002658179543
1005002671524388
1005002365598379
1005002904675270
1005001902818681
32853781828
1005002885681884
1005003157648605
32655445942
1005002351052886
1005001376337714
1005001335254558
1005003064628175
1005002027963693
1005003337476377
1005002479544575
1005002815993464
33053432920
1005003165740530
1005002504841651
1005003298015137
1005003281392797
1005002821601391
1005003122293483
1005002920760226
1005003259076776
32888661851
1005001452702169
1005001597795808
1005002361718790
32830782681
1005001890259269
1005003155420556
4001172986335
1005003347270734
1005003146449107
10000011698506
1005001914748735
1005002097498679
1005001445661585
1005001882677294
1005003375123495
1005002551429144
1005003131903994
1005003337211637
1005002841973554
1005003040498250
1005002225571044
4000447249246
1005003019651544
1005002854692376
1005002908203613
1005003389221512
32852051425
1005003312024947
32858792973
1005002622591190
1005003235544822
33037803055
4000560276013
4000154193409
4000858919648
1005002509052354
1005003221940076
32787417751
32995213555
32804539256
1005003337634667
1005003361705098
1005003086178678
1005003291987761
4001217504174
1005003245247276
33009255227
1005003239877912
1005003353228767
1005002392013686
1005002211420292
4000398055082
1005002624932585
4000207846886
4001238943132
1005001354330256
32856116320
4000145944902
4001114848257
1005002767450706
1005002231484836
1005002208430172
1005002240870034
1005002952591196
10000002475209
1005002938476560
32438664435
1005001570405356
1005002131372863
1005003123165594
1005001438660718
1005003264537235
1005003002896636
4000040215356
1005001623977782
4000485278542
1005002773405343
1005002283722190
1005002144093491
1005002689228415
1005002246993704
1005001325139377
1005002868119554
1005003319114504
1005002875747650
1005002780584693
32813222267
33000948850
1005001525386652
1005001404255943
1005002810518519
1005002746869137
1005003298927802
1005002888587382
32959459151
4000029005453
1005002318358217
1005001830274609
1005003281913038
1005003195836488
1005003344865142
33019145546
1005003373865202
1005002997602413
1005002776884440
4000416857639
1005002702524012
1005002613310887
1005001984663106
1005003223806553
1005001872970244
1005001597106956
1005002982101850
1005003012553987
1005002085213792
1005002531832492
4001345241926
32555147223
1005002483545271
32995974917
1005003330720882
1005003331145065
32819967300
1005001779464820
1005002467088206
1005003191083832
1005003219046530
1005002617565704
1005001732472174
1005003283179501
1005002169086165
1005003305970545
32957163580
1005003193727392
1005002949275662
1005003192976299
32686516453
606115816
32392790488
4001078129508
32966269093
1005001962257322
1005002372377080
1005002974807260
4000597293498
1005002305153418
1005003155216048
1005002673131123
1005002073670647
32735099866
1005002248775739
32811131356
32836570002
32972349015
1005001817975823
1005001890239962
1005003319782017
1005002176797415
1005001902697469
1005002253301441
1005003306542426
1005003000826975
4001135434474
1005003018160663
1005002836322991
1005003263881603
1005003094119361
1005001304504658
32861179161
1005002876263977
32927072120
1005002320660005
1005002426068484
1005003298290199
1005003022792994
1005003340353349
4001304613548
1005003294641715
1005001768237301
32250154822
1005002393392122
1005002315613342
1005001547170093
1005003107880538
4000594773113
1005001723101951
1005002852955051
1005002276304246
4001030682681
4000835371246
1005003266264370
1005003330599383
1005001588033496
1005003213325517
1005001665781155
32867960006
4001193797987
1005002313781522
32757002614
1005001952890526
1005002804320085
1005002997252027
1005001556507262
4001007483632
1005003380149397
1005002943644503
1005002518433440
32407132094
32815467565
1005003344082288
33019291680
1005003267267824
1005003388062337
1005002721632068
32891907472
1005002168156191
1005002794506724
1005002845174253
1005001968427436
33002155555
4000269083158
1005003156927594
1005002268993510
1072989669
10000397664548
1005002499525600
1005002947404685
4000817571256
1005003322883879
1005003286131398
32837744513
32642331483
1005002027934619
1005003087691049
1005003005082515
4000990291067
1005001769210348
32764510101
1005003032507466
1005001525881265
32788011834
1005003274939850
1005002220806609
4001111546340
1005003118047382
32844617587
4000668448192
1005001317106933
1005003101945323
1005003222707324
1005003112766683
1005001989202365
1005003290643319
1005002349685860
1005003265436961
1005003153455025
1005001315940820
1005002946071916
1005003222150406
1005002659128985
32839839107
1005003078588291
1005003019256866
4000584574092
32813226340
32954913378
1005002089802019
32874133933
1005003283122888
4000953908814
1005003336672828
4000739704855
1005003033396752
1005003204935004
1005002087308339
1005002777371017
32948533441
1005003103609585
1005003166920097
32756512033
32996972482
1005003246299849
1005002832876366
1005002761017834
1005002622813422
4000214812120
32824626091
1005003294553385
1005003345113531
1005002443075855
32860542417
1005002305090135
1005003021451551
1005002966078211
1005003280367589
1005003365668055
1005003375416800
1005002656807482
1005002386819452
33053444169
33039514829
1005001887953158
1005002932454438
32896756507
1005003386350011
4000095495128
1005002401728336
1005003092068201
1005002069862252
1005002491455497
4001242212895
1005001882414247
1005003256664993
4001233606789
4000406305270
32970183163
1005002381538219
1005002678229086
32607493043
33027816168
1005001368140107
1005002137083665
1005003232273553
1005003336859250
1005003365426832
4001192403570
1005003311245229
1005002212905029
1005003016445529
1005003230155562
1005002278620614
1005002949620844
32931144300
701686138
32870491080
1005003149938275
1005003320931562
1005002739384291
33029585060
1005003121783888
1005002281078064
1005003329790926
1005003380383389
4000055054928
1005002589712054
1005001386739915
4000608816278
1005002522406071
1005003358124363
1005003276063521
4000983941129
1005003059958984
1005001838057545
1005002818651629
1005003035156846
1005002666991050
32789934355
1005003217441320
1005002395453476
1005002967839544
32918336474
32845242384
1005002090507151
1005003092178645
1005003129830604
1005003308791561
32984707222
1005001821770605
1005003229716754
1005003318074307
32897727421
1005002989695921
32823262745
32877650365
32872219444
32998067821
1005002564512684
1005002877923478
32896611975
32978720663
1005002650195914
4000498283627
4000628506675
1005002304027928
4000689948088
1005001627946481
1005003047086799
1005002491907121
32848771072
1005003179379558
1005002752191878
1005003384332581
1005001621125209
1005002623549883
4000597420971
4000071853111
1005003002818410
1005003065187635
1005002324198643
1005001618233727
1005003316882836
32823658538
4000376721794
1005001995557378
32962040512
1005003250304491
4000319405417
1005002687010040
1005001758733710
32920626825
1005002784047233
1005001584991852
32971954520
1005003306585572
1005001311758224
1005002508918021
1005002125875908
1005002107032743
4000891424936
1005002876880443
32773530610
1005002950882453
32723977339
1005002282558581
1005002579730074
33059622090
1005003181539918
1005001554264229
1005003134100057
1005003130225439
32996745200
1005003172891778
1005002951835501
1005003041942457
1005003195805957
1005003180407755
32803467530
1005002657518041
1005003226469910
1005002615910779
1005002118878222
1005001562630435
905505886
1005002244336425
1005002272942672
1005001691538799
1005003010311342
1005002931359065
1005001966454409
1005003346372770
1005001999213680
1005002616132126
1005003391487917
1005002821613940
1005003130749642
1005002119139652
4000922705919
1005002323114814
1005001814348342
1005003129049626
1005003153388667
32726148639
4000772864038
32956396450
4001152257682
1005001619567476
1005003014737979
1005003388433726
1005002797912723
1005002669146046
1005001850493782
32951687480
4001137966506
1005001477250053
1005002760409998
1005001867864799
1005002761951864
1005003303222042
1005003139192094
1005001320725477
32664455879
1005003384691136
1005003032420217
1005001350256103
4001122632132
645466890
4001197022472
1005002357471617
1005002959853646
1005002517852670
4000277403723
32967892575
1005002693449059
1005003135835386
1005002865765391
1005002329916494
1005003129049626
1005001482912611
1005002425558183
32530149273
1005003365169698
1005002359414883
1005002616158256
1005003004861503
32358125812
1005003117989798
32797432093
1005003192873724
1005002427308617
1005003142480450
1005001926473290
1005002313380624
1005002328075130
4000141161242
32997369548
1005002638913818
1005003187277387
1005003144923794
1005002307349767
32840744809
32830064996
1005003385409900
1005002090634199
1005003270730599
1005003271323952
1005002282140629
1005001879895976
32246921476
1005003335170226
4000691049939