1005002453809983
1005003348617458
4001109153501
1005002182259214
1005001935751267
1005001896351136
1005001736314677
4000689180105
32848822527
1005002746590872
1005003247653109
1005003323175987
4000972136835
4000917759047
1005003165313293
32924366009
1005003079793051
4000211768441
1005001286526230
1005002887078214
4001066999972
32504624821
1005002283114450
32906830396
1005001998806450
1005003180064335
1005003110541944
10000265236382
1005001604737730
33005236905
1005002592753882
1005003375214165
4000715466314
1005001935874488
1005002664304404
4000135338845
1005002836347455
1005003195893073
4000886068007
4000055332576
1005003323732544
1005002922609814
32914126206
4000626450807
1005002856957669
1005003157848645
32977763022
4001208114169
1005002909253258
1005002903466247
33040376141
4001365141656
1005003282838611
4001112245982
1005002742615285
1005002973995972
1005002983406336
1005001695465578
33008518403
32898278478
1005003257607872
1005003063604921
1005002466150256
4000866757046
1005003175167050
32829073957
1005002398612149
1005002608439585
1005003198716344
4000243231705
1005001883290481
1005003322540494
4000977376597
32955698035
32717873303
1005003236090726
1005001521124680
1005001806132190
1005001621723006
1005002813682017
1005003023966212
32960687850
32962421803
1005003381380378
1005001599488992
1005002260001971
33033441333
32926431005
32800479371
32860464725
1005002357133420
4001063617968
1005002786467669
1005002709908971
1005003287850732
1005002571960616
1005002529374604
1005002925112785
4000168895821
1005002260095973
1005002959919497
1005002979401813
1005001960678662
32959791903
1005002994462659
1005002983004119
4000928443767
1005002547975710
1005002564889680
4001115969912
1005003124941779
1005001269928540
4000049716670
1005002444147217
10000343988118
1005002287232767
1005002754867088
4000082053945
1005003092663367
4001201676911
1005002610154184
1005003118482516
1005002612918044
1005003161239410
1005003391239934
1005003078960467
32916358220
4000688463127
1005002475113982
1005001792951625
4000337311073
1005002920261578
1005001993714655
1005003137313991
4000061226578
1005002660498071
10000214261416
1005003115171028
4001046219643
4000158132668
1005003166133055
1005003085456946
1005001278417617
1005002870517464
32581677730
1005003384601895
1005003301612167
1005003365078983
1005001442762168
1005002885268105
1005003186784017
1005002618359841
1005001649159008
4000906015399
32900553607
1005002605719304
1005002981471880
1005003000309076
32959973464
1005002836549968
4001227230217
33036145262
32530081133
1005002357056487
1005003108985755
1005002940525422
1005003285538206
1005003391178120
1005002344966691
4000945568163
32976854232
32889552658
1005002600735213
1005003266317831
1005002642257356
1005001528863877
1005003371149022
1005003390277184
1005003350084299
32947631008
32834994100
1005001365799719
1005003123464217
1005003325678431
1005003340265681
1005002745324132
33037804535
1005001941744655
1005002683326697
32851038351
1005002667224886
1005002855354761
1005003171654293
33053691398
1005002348204352
1005002210091644
1005002003987418
1005003309300072
1005003351855581
1005002853020175
1005001873600358
32986853257
32885860453
32875974603
1005003204204837
1005002983438616
1005002460638710
1005002702225776
1005002933299673
1005003393183043
4000740014572
4000264850846
1005003001673931
1005003146508273
1005003297813483
32811387540
4001265024229
1005001864644827
4001254861037
1005002572424077
1005003327060968
1005002680935150
1005003326428362
4001187215514
1005003375761018
1005003148101469
1005003118341351
1005002813151470
1005002875813312
32834774947
1005002835184106
1005003356063322
4001190339930
4000901276263
1005003379789016
1005002900709195
1005003177978491
4001135869295
1005002401441865
1005003332472074
1005001780089244
4001095592341
1005002808891405
4001295189568
1005001830842196
4000286949520
1005002787269218
1005002582488097
1005001450178396
4000677940104
1005001750770655
1005003058903551
32809907736
1005001632758452
1005001314473855
1005002480695907
1005003149837710
1005003178792102
1005002941005327
1005002388892900
33021058040
32965331509
4000853467172
1000001980474
1005002420730222
4001221781146
32986849642
1005001373659781
1005001750098644
1005002050171421
1005003124262576
32330766199
32982266488
1005002082302418
1005002974134396
1005003089081712
1005002947199311
4000938040585
1005002612127594
4001179218123
1005003200785099
1005002985353193
1005002954412919
1005003142543293
1005003307849803
1005002552680902
4001294408516
1005002899607572
1005002095069854
32854828596
4001168930410
1005002293435597
1005002790710557
1005003162806348
4000338594020
32972624540
1005002306805041
1005003178932988
1005002672924775
32859922451
1005001983296909
4001140549759
1005003246715724
1005001950339662
1005002404782725
32865503843
32992439898
1005003216643970
1005001548994233
1005002865007674
4001104467768
4001304503884
1005003033095261
1005002829446987
1005002954926838
1005002906744582
1005003368947166
1005001305197358
33061499879
1005001322222183
1005002593038496
1005002653327145
1005002896869200
1005001500062070
1005003288537599
1005002678777278
4000538103929
1005002973038406
1005003329686548
1005002839430190
1005003330837748
1005002783452859
1005002003582141
1005003038592681
1005003214001984
1005002617416188
1005002264447020
1005003161567488
1005001330142478
1005002264415540
1005003251685490
32843740936
1005002314353032
32956758942
1005003131319783
1005003298405252
4000266030101
1005003119841128
1005002654870039
32989132570
1005001361514796
1005003069365224
1005002978464537
4001138970724
1005002736988927
1005003239173534
1005002591063552
1005002433964203
1005003218634779
33014687967
4000925500061
1005003218489727
1005001639293606
1005003087997030
1005003258799901
1005002963964727
1005001406834653
1005002781682924
4001092911179
1005003101267514
4001238131860
1005002836018003
1005002939971197
1005003058504595
1005003121982405
1005002835065975
1005003246306970
1005001420248922
1005002361269138
1005002304918816
1005003383452464
4000585775924
1005002218187392
1005003283569434
1005002933745324
1005003228333666
1005003068560738
1005002167873219
1005001810621516
32973365028
4000218972393
1005003154836706
1005003342104495
32981528161
1005001953648930
1941751821
1005003152615707
32885699159
1005003187136449
1005002237533537
4000813899195
1005002865861279
33000050030
1005002695916791
1005002493533281
32862774079
1005002708995662
32880650092
32823572306
4000516346808
1005003257485775
32903316057
4001156908006
1005002919407774
4000084001147
1005003263285486
4001205349639
32764116462
1005002727878521
1005003219744311
1005002565593154
1005003031113905
1005003128984226
1005002094236742
32378779487
1005002764368193
1005002730354601
1005002006508815
1005001681556221
1005002605675874
1005003001595134
1005002965979325
1005002841643811
1005002656884058
4000696368239
32843663348
33056866684
4001267775757
1005003335787850
1005002997161680
1005002347177197
4000067552259
1005002403577030
1005003167253789
4001146528787
4000628767469
4000196051903
1005003217247415
32992380181
32703705631
4000625832061
1005002275913162
1005001617374595
1005002927636281
1005003308216090
32950534941
4001158314555
1005002179728480
1005002313738472
1005003020065824
4000117224451
4000176703283
1005001966093989
1005001584326211
32293025878
1005003368805914
4001184256533
1005003313270344
32868326052
4000533928057
4001155646734
1005002890684252
1005002897484826
1005001630898965
32722201016
4000101852432
1005003391096123
1005003247042893
32957173775
1005003273927359
1005002269101460
1005001803188442
1005003300468206
1005003251375417
1005003384304733
32590207009
1005002657159785
4001061982767
1005002052149498
1005003282512351
1005002558210971
1005001797476411
1005002455067193
4000407141683
1005003100166083
32978751862
1005003210879336
1005002341100194
1005002826899054
4001166813851
1005002646314092
33041565394
4000768006452
1005002941941315
4000088930120
1005002428524389
1005003087192017
4001233553283
1005003141629270
1005001441320550
1005002287758598
4000305592857
1005002924416525
33036745131
1005002370467342
1005002213083710
32952174294
4001197671676
4000239474350
1005001284869261
1005002672403277
1005002575684029
1005003291793142
1005003077629954
1005002334400319
1005003165491440
1005002033550391
1005003143087472
1005003019729065
4000607093333
1005002276975873
32946384085
33059474572
1005002224444113
4000133019316
1005003236134633
1005002618890885
1005002762534283
1005003157657594
1005003241562509
33040330938
1005002418892915
1005001361388475
1005002112794728
1005002132734253
4000069772059
1005002350092677
1005001727020415
1005002719939722
1005003173055208
1005003252154245
1005002383849762
1005003247705090
32996655936
1005003122311323
32465981446
32748056448
1005003209825607
1005003032858462
1005002846150250
32690909138
1005001630608434
33013091911
1005002920281493
4001115685415
1005002799537300
1005002762939177
32852191058
10000404601037
33033661352
32969849537
1005001288220752
4001178465069
1005002322770371
4000010324757
1005002334589018
1005002503590647
4001132941999
1005003027461201
4001226162259
1005002920480417
4000388322821
4000719772675
1005001757827157
32853064392
1005002431266877
1005002639359998
1005002946393990
1005002816022890
4000143973011
1005001565537076
1005003392955905
32948576764
1005002912607043
32961603441
1005002762472053
4001200030716
32908963832
1005002692371805
1005002508785366
1005003213027980
1005001571702780
1005002614052210
1005001973126907
1005002879560233
1005002863386102
1005001269825918
4001111989004
1005001593455404
1005002260989067
1005003214339856
4001237712163
1005003309722028
4001076899175
4000860091401
33037779889
1005002963464424
1005003347418928
4001349495428
32839279465
1005002715282280
1005002969075142
1005002271679740
4000845433830
1005001678768416
1005002123433603
1005003247543330
4000693746986
1005002530676782
1005003191194043
32864566344
33029008061
1005003224537213
1005001424356167
1005002175934550
1005002388113730
4000858115038
32990935833
32854829631
32753739588
1005001901757696
1005002647276452
1005002317062615
1005003300653046
4001264999099
1005003011476939
1005003159481119
4001243274957
4000384799213
1005002747297160
1005001457953067
1005001882509978
1005002650868718
1005002367175707
1005002128367374
1005002663628794
1005003378555207
32881680094
4001322025562
1005003367532167
32950256699
1005003095304188
32742705960
1005002717569221
32870201294
32952376484
1005002770279494
4001108498216
32715842950
33004583439
1005003026175739
1005003099566171
1005002544437528
4001288849310
1005002993855515
1005003144891939
1005003206285819
1005003200634510
1005002180788117
1005003107023288
1005003208511505
1005003294884678
1005002941386287
1005002996625327
1005001297799830
1005002563971954
4000732984607
1005001707777489
32965136160
4001248190277
1005002593038496
1005002960194294
1005003239856703
32902871441
1005001960873198
1005001685261966
1005001709975958
1005003320287721
1005003158258608
33042797350
1005003344421485
1005003193334361
32967098253
1005002990586533
1005002770898534
4001152929814
1005003304025415
1005002696891982
1005001783302139
1005003274196640
33004484338
1005002989590229
1005002654526250
4001042607693
1005001733691497
4000794165510
1005002932048889
1005003042752217
1005002739709725
4000038304664
4000068868629
1005003290220139
1005001838985352
1005002328552977
1005003255492992
1005002476399754
1005001863890387
1005002833888967
32846552873
1005002509619019
1005001940953987
1005003292377815
1005003373515489
4001038730385
1005002314306475
1005003313489935
1005003176580605
1005003195576899
1005002966800457
1005002932153180
1005003362162522
1005001912470525
1005002584079265
1005002604329301
1005002703335204
1005003359751526
4001071903541
4000433582831
4000197035397
1005002766643966
1005001865324784
1005001463770147
32724905415
32853091631
1005003331097352
1005002337662606
1005002877972822
1005001588124600
1005001406833597
1005002347693543
33061690101
32997777914
1005003008964992
1005003299025368
1005002702329373
1005002990387483
1005002939874279
1005003025416930
1005002134634722
1005001814284488
1005002577741817
1005003364879722
1005001841189007
4000070877807
1005001525618543
1005002190504939
1005002313339493
32233102118
4000626152503
32802132765
1005003298687176
1005001995347185
1005003100075664
1005003147240751
1005003001560094
1005003341711954
1005003099367085
1005001495248149
1005003211208321
4001334834820
1005003032933770
1005001644566080
4001139151163
1005001888039076
1005002442660391
1005003043034584
32630596541
1005002890865738
1005003234327890
1005001338383950
32986732632
33012843504
1005002820203786
32973189064
1005002554212811
1005003315966102
1005002349670028
1005003379458698
32827549203
1005002587413337
32802821710
32897715824
1005001388974973
1005002840351418
1005003278733239
32842253831
1005002890852823
1005003176462976
4000614181326
32869846277
32919934693
1005001836312167
1005002932941190
1005001731143518
1005002110055144
1005001966005996
1005003251572642
1005002302240872
1005003392844258
1005003118927431
1005003286942266
1005001651263872
1005003058704575
32588617042
4001255767699
32828358328
1005003316209821
4000164124832
1005003265787017
4000921724871
1005002719296644
32612832289
4001142798477
32980052017
1005002761754441
4000489087878
1005002695634464
1005003219601884
4000043662937
1005002275083299
1005002254592123
1005001871825837
1005003350853232
1005002991521541
1005003171166367
1005003221115468
32887486756
1005002520225121
1005002790993780
1005002365690509
1005003104752694
1005001590983190
1005002537755873
1005003286476582
32824091241
1005001744667144
32545907790
1005001867200091
1005002810151466
1005002851385953
1005002678682465
1005002461969643
1005003246146284
1005002687602949
32953586352
1005003079528927
1005002519727202
1005002778603990
4000610123223
4000080303442
1005003108165701
32848672004
32854336974
1005003051707273
32903448306
32863110284
1005003344436104
1005003294833975
1005002541340949
1005003326097841
4000189018598
1005002863355470
4000832388710
1005003128735529
1005003387861134
4000832168402
1005003148594553
33041236849
4001028057768
1005002603664803
1005003387514270
1005002903993494
1005003109596081
1005003003323181
1005003304178747
32973628213
1005002933056341
1005003257754464
1005003292937174
4001020167421
1005002688712613
1005003127726818
1005002492396480
32912001759
32829418564
1005002945482471
32893053252
1005002497536122
1005003199603274
1005003058199491
1005002083940240
1005002144511332
1005002798301801
1005002276824871
1005003127029162
1005002964618333
1005001859777553
1005002398922740
32832256070
1005001774983837
1005003206338529
1005002525016737
1005003056596661
4000729879147
32921266176
1005003074234180
1005002907967240
4000406621171
4000377334970
1005003130266623
10000144469353
1005002876012639
1005003337141068
32852424796
1005001788980319
1005002844123840
1005002615366495
32955673712
1005002212654080
1005002670549602
1005003336309953
1005002532331234
32991304814
1005003144300037
4000201131940
1005002214860378
1005002616188648
1005003288062587
1005001862607256
1005002797796949
33032862201
1005003079255347
1005003215460558
1005002949508456
1005001840224554
33006552744
1005002939950562
4001228287273
1005003102051432
32705888960
1005002282075596
1005003222367008
1005003133918700
1005002995824226
1005003365365259
1005003042233063
1005002565389934
1005003161749307
32855081510
1005002983470421
1005001895550836
1005003255573657
1005003038294009
1005003120376366
1005001308348355
1005002810387639
1005002365547949
1005003027287769
1005002843076192
1005003273829861
1005002537861139
1005003038214741
1005002889957289
1005003027773725
1005002608897571
32966213066
32662290006
1005002568413040
1005002193460568
32987894668
1005002588795966
4000691697198
1005002459240892
1005002829329330
1005001605186097
4001163406039
1005002615893281
1005002762575701
1005003256737561
1005003160542691
1005002781654961
1005002372171810
4001042713038
1005002847054380
1005002639240142
32963367360
1005003239261659
32983095423
32970693756
1005003297337810
32466178348
32730719289
1005003116081109
1005003007494830
1005002166046678
33000222072
1005001768232223
1005003383677468
32985026065
4000832148810
1005003188567324
1005003385093044
4001068801642
1005001829614429
1005001899335026
4001351750465
1005002397768764
32952628266
4000808449151
1005002101987022
1005003107382466
1005003377433289
1005003276946159
1005001505024120
1005001692989041
1005001885325784
1005003219946519
1005003370296715
1005001409594265
1005002922624556
1005002719766440
1005002434448900
1005003273085075
32868942207
4000597456756
1005001853928027
1005003323196779
1005002103156332
1005002749307019
1005002191121047
1005003376864334
1005002938031970
1005002866603949
1005002649058348
1005002522265609
32280375408
1005002114904508
32954127068
1005001489714619
1005003090077719
32778569053
1005002389064254
1005003071155446
4000405437952
1005002950740371
32685630355
32956625264
1005002966965235
1005003273277077
1005003251708821
1005003133032490
1005002542149394
32953860879
1005003123755485
33012451753
1005003264678660
1005003228307179
1005002220768979
32604972547
32439477287
1005002496559123
1005001702591018
1005002512375633
1005002823122639
4001223549511
32979423988
1005001651760953
32951051784
1005003224431946
1005002560956258
10000402091230
1005002210468172
1005002484633531
32845130018
1005001806494313
4001056510455
4001094174225
1005002252501412
1005003367829107
1005002964383703
1005002390193160
4001105922994
1005002236436415
1005003319829679
1005001970892891
1005001747538105
1005003317819372
1005002996757007
1005001906527866
1005003310030416
32952196975
1005002300905180
1005002948396850
4001295814723
4000693445544
1005002052057417
4000974865448
1005002393000845
1005003223401730
10000395842886
1005003336285032
1005002785045856
1005003380156405
1005003157002986
1005002613723108
1005003205661210
1005003336394282
4001308430028
1005002912394517
33003010721
1005003337765430
1005003075178224
1005003138045544
1005002151752517
32963567708
1005003280320793
1005003291325647
1005003215165593
1005002277621927
1005001775043887
1005002549725498
32922615190
32707626468
1005002833539151
1005002842258399
1005003015148083
4000812525000
32949643097
32966276792
4001104273406
1005002482494512
1005003186184791
1005003064732072
4001088364921
1005003310923701
1005003147672329
1005003026866253
1005002793715513
32990214203
1005002729924479
1005002788570819
1005003329769950
1005002901135151
1005003205154263
1005002569707873
1005002981947829
1005003387778642
4001142056391
32704096025
1005001810738369
1005002643870266
1005002339468209
4000832300825
4001109039431
1005003321326620
32997255640
4001063715336
1005003014589682
32676178372
1005003298170416
32983767978
4000075564084
32800118260
1005002149366059
1005002774222979
1005003057985086
4001174595859
1005002285886954
1005002847000103
1005003255455203
32935059427
4000065285623
1005003101317290
4001109258414
1005003120679426
32783218081
1005003300755941
1005002975927556
1005002272801623
4001177817156
1005003365719290
1005002657650297
1005003090435066
32971028515
1005003168830599
1005003212225439
1005002650017074
1005002296967367
33042672133
1005003115119998
1005002917507945
1005002542843173
32972749884
1005003375468110
32954368994
1005003319403641
1005002442754869
1005003032215339
1005003385050572
1005002248297143
1005002952677500
1005001523904061
32814431798
32982572216
1005003152037109
1005003072541290
1005001922215864
32998135693
1005001790268642
1005002529965482
1005001971378516
4001284891069
32848716165
1005001677755562
1005002963598030
1005001355514561
4001038840197
32822965401
1005002866507381
4000203320158
1005001742323058
1005002956665608
1005003301520888
32846829342
1005002884410376
1005001720921841
1005003205628353
1005003021980125
1005002758291924
1005001597680633
4000163477765
1005002770324689
1005001986121003
32806928354
1005002623874127
1005003235021323
33005390126
1005002382057383
33038072774
33000719784
1005002953214730
1005003342625829
1005001515879768
1005002344550710
1005003174658270
1005002591139967
32989132857
1005002938287790
1005002382838456
1005002663278259
1005002907629404
1005002993936857
4001231338502
1005001441045359
32913534165
1005002763427061
1005003099470896
4000971574593
4000148742853
4001038977306
1005001866320438
10000237628992
32870082359
1005002891133105
1005003018113232
4000719825833
1005003309052311
1005002610128664
1005002041907454
4000472895578
33047866846
33023090604
1005002806449547
1005002749375338
1005003246902144
1005001439096502
1005002394207586
32759052941
33029024947
4001106418809
1005003070767265
32859899669
1005002928774435
1005002715264467
4000151259382
1005002001611598
1005002388401383
1005001337689616
1005002313833355
1005003342397574
1005002003053683
1005003171426700
32885817203
1005003249226947
1005002809328760
32978378158
1005001870901087
1005003240687431
1005002961274487
1005003188375555
10000265231655
1005003013880782
1005002336761301
1005002767532272
1005003235275226
32890180016
1005001350795195
1005002413744993
4001158314555
1005002401983309
1005002716463261
1005002304985442
10000352647367
1005003282570693
1005003144522679
1005001345314157
4000315625719
4000790375216
1005002949334889
1005003106918675
32844877412
1005003292434707
1005003297930233
32968300634
1005002563827184
1005003387806549
1005001623578307
10000367155398
4001099024833
4001056722662
1005003345497656
1005002591476790
1005003243800185
1005003127495845
1005003006354130
1000008139368
1005002313801938
1005002608823191
1005003258003165
1005003072314027
1005003067236966
4000946919521
1005001977369999
32850054141
1005002355255228
1005001965160180
1005003380105186
4000700002177
1005001677009448
1005002604413708
1005003280440265
1005001763010178
4001092248440
1005002935848867
1005002911070844
4001121829455
1005002406652952
1005003131692527
1005003292761928
1005001441405719
4000204063237
1005001851639491
32822260165
4000840303611
4001262607298
1005003009885272
1005002515705685
1005003369157640
1005003080510195
32972047290
1005002888861549
4000179056507
1005002030338517
1005002781371747
32817985535
1005003061446366
1005001732257917
1005003295825727
4001346634182
1005003120202913
10000142742653
1005002247874344
1005002399725867
1005002935295992
1005002763018573
1005003022158417
4001277941655
1005001298625328
4000172583559
1005002790637297
1005001902708588
1005001709451408
1005003334126438
33001054711
1005002959447427
1005002685121518
1005003108521781
1005002997730183
1005003257380778
1005001762118227
1005002066815587
1005003270638891
999653733
1005002651318474
1005001872741519
1005002861754826
4000745167956
1005001502349420
33048908365
4001287007940
1005003322894914
4000499931336
1005003096848857
1005003161061527
32965486817
1005001946398239
4000934901014
1005003122798309
1005002254775181
1005002542627042
1005003077816317
32968078465
1005003309178656
32831956262
1005002873319154
32971602007
1005002387149760
1005002638833164
32977569965
1005003188191033
4000759353153
1005002946442046
1005002991011176
1005002984407139
1005002617738373
1005003057272504
1005003223983237
32985643394
4000000825762
4000780713643
4000373406091
32837943370
4000558312196
32980392812
32917997061
1005002907670276
1005002982349361
1005002636197791
1005002910523622
1005003146324803
1005002916893655
1005003035875680
1005001765927865
1005001620359763
10000395843335
1005003378746387
1005002264368688
1005003089592953
4001130226635
1005003330705080
1005001572828231
1005002562058401
32798793086
1005003368264968
1005002516351164
1005001648488813
32868394553
1005003022738588
1005003309898658
1005002838195138
1005003099598686
1005001727156262
4000290609540
1005002616782818
32986039464
1005002672462904
1005001569203101
33043796473
1005003203538065
1005002811427967
1005003348193048
1005002988689207
1005001387041184
33044200341
32838982408
1005002747817068
1005002752670024
1005003337889014
32999862842
1904084883
1005002773881600
1005002739289302
1005003300649727
1005002516996804
1005002649671547
1005002032726383
1005002709146089
33043513275
1005003134806641
1005002010847102
4000475552680
1005003361483023
1005002862741871
1005002133923343
32787337752
1005002601241103
1005002782454158
32987388365
1005002996130803
1005002911862772
1005003202518493
1005003336966647
1005002718290481
4000186858629
1005002826334882
1005002975411667
4000894910495
1005001408776014
1005002801826573
1005003152863999
1005001838052852
32698389776
1005002316609889
1005002427115895
1005002897692139
1005001652433398
1005002284267529
1005003218484011
1005003365726330
1005003330207207
1005003276579747
1005001723005225
1005002753278585
32829853320
1005002748966078
1005003263200270
1005003072369588
1005001324984379
1005002900384579
1005003292270053
1005002772127491
1005003239170848
32630390243
1005002738673095
32802405401
1005001992244909
1005003257042004
1005001444864274
32828854813
1005001585552249
32982102165
1005003104811027
32946385766
4000785264270
33036679158
1005001985488024
1005002599102318
4001305194612
1005001730803675
4001045186471
1005003152477560
1005003387837276
33010073944
1005002518384061
1005003111309224
1005002224309029
32932072608
1005003180514601
1005001621447357
1005001984951859
4000159717487
4000858975831
1005002318244484
4000971362024
1005003259578036
1005002669323618
1005002317727246
4001035653939
1005002476676642
33004857813
1000008199567
4000515125229
32850908103
1005002744640398
4001153821008
1005001683943293
1005001984218665
1005002857411492
1005002647319284
1005001812437244
1005002650674296
1005003266076734
1005002949456121
1005003387474324
32905275916
32975386084
1005001367354088
1005003147250792
1005003079785133
32918680057
1005003298455253
1005001609810504
1005001882731182
1005003016563126
32860288282
1005003278762208
1005001956681406
1005003105493220
32824162029
1005001368789754
1005002722501964
1005002771198961
1005003056426323
1005002628546832
1005002489757482
1005002680234657
32457704575
1005003368075464
1005003295113235
1005002649716829
1005003091064481
4000535457906
32698848891
1005002762542314
4000837148497
32963984776
1005002327659760
4000406996546
1005001606170572
1005001999809665
32893740899
4000416531190
1005001793685809
32999768232
1005002238805195
4000074006046
4001249743532
4001117626783
1005003309762394
1005003128769893
4001253503735
1005001510763765
32785830861
1005001620293346
1005003146594854
33027700056
1005001860251921
32950586209
1005002876314538
33056167271
1005003274639087
4000623938307
1005002882496061
1005002440402852
1005002973353504
4001212262170
1005003039383528
1005003253604801
1005002388329246
1005002083770628
1005003270659627
1005001607836836
1005003331213878
1005002755302731
1005001984604226
1005002935301502
1005002944530172
1005002329431266
4000012429979
1005001758530188
1005001390583515
1005002207912322
4001265143749
4000166219950
32805651684
1005002304355402
4000918951799
1005002631276475
1005002156626374
1005002858952646
1005002516189602
1005001447351886
1005002536334421
1005002619608608
1005002924744664
1005003011770715
32879501217
1005003143317535
1005003200993793
1005002848118997
4000570384824
4000406186461
1005002548549028
32901066548
4001286513297
10000343969461
1005002879304281
1005003031997790
1005002037638044
1005003034379285
1005003205785727
1005003386347235
1005002050615686
1005002779942519
1005002350931042
1005002265813986
1005001480234091
1005001627188712
1005003095275493
4000842603989
4000068422680
1005001739813303
32964700592
1005002782685729
1005002840262910
1005003281223772
1005002789000400
1005003096779296
1005002907019214
1005003262427948
4000077722484
1005003110801761
1005002288258462
1005003320469931
1005002187806959
33035639305
1005002131027411
4000739647148
33003324369
4000805117988
1005002680268623
32984167623
1005002710145161
1005003224257525
1005003337202220
32722269992
1005003014170280
1005002967972753
1005003124298856
1005003031309784
1005002443135310
1005003207893207
1005003330927280
1005003297411081
1005002907546881
1005003124047181
32822951869
1005003357018367
1005002787449101
1005002900986874
1005003048935634
1005002926205776
1005002527810156
1005003127644198
1005003296916798
1005003285889825
32853214812
33002164334
1005002346487935
1005003106371638
4001037533809
1005003362863542
32704940647
1005002836347455
1005002377868461
4000049485954
1005003114871587
1005002295245903
1005001446185309
1005003038686387
1005002327830473
1005002919983165
32991427565
1005003210973792
1005003114146295
1005002600082221
1005002315273207
1005001843809217
1005002796494755
1005002212271281
1005003040576044
1005002028965391
33025030331
1005003245848464
1005002760875230
1005002613331455
4000040851382
1005002301115082
1005002854883119
4001315956424
1005002425789829
4000812789072
4001265425159
1005003337133177
1005003212874157
4001042496377
32844794655
1005003341064564
1005001645738534
1005002944994788
4000007114449
1005003231570920
1005003135339882
32894827416
1005002734570831
1005002288125454
33007119906
32777502359
1005002576228912
1005003349483348
1005002076462679
1005001279419550
1005002294210466
1005002627076324
4001025732501
1005003162221609
1005003388553025
1005003040916752
1005002073900239
1005003263648791
1005003101394647
1005003122449554
32859061995
33043147552
1005003241680844
1005003275375969
1005002382822377
1005003303173301
1005002610405905
1005002744870202
1005001581174377
1005002264674424
1005002309093672
1005002985270753
4001217503674
1005003283666157
1005002363704541
1005002576027618
33015635625
1005002344426473
32852281465
1005002622443379
1005001291879833
1005003050177860
33039249518
1005003009932942
1005001364760018
1005001450461543
1005002619031952
1005001433884435
1005002700120610
4000098000759
1005002990797739
1005003033470188
32809788570
1005002446869826
4000749713129
1005001360571573
10000395963860
1005003168996828
1005002964769874
1005002956954956
1005002989050503
4000926613298
1005002689168834
1005001989587727
1005001722039547
1005002080634540
4000201826944
1005003125218702
4001146879069
32821826892
1005002613073250
1005002404161049
4001158427537
1005002640782836
1005002797194134
1005002955747311
1005002272276538
1005002325124929
1005002549091962
1005002137200415
1005002654846523
1005002035485254
1005001815063015
1005003091744903
1005002912655158
1005002674545759
1005001817127435
4000894702178
1005001439073633
1005001383387982
1005002146838692
1005001518814047
1005002315871570
1005002870005185
1005003151088526
1005002760092439
1005003080399928
1005001296094261
1005003227833357
1005003288092295
32998539746
1005001789601902
1005002334338303
1418277974
1005002996944765
1005002996266449
4001271827898
4001055813799
32986767315
32869240252
1005002076804388
4000179614175
1005002116500167
32736066728
1005003118878370
1005002918740273
33045577096
1005003374657577
1005002099367080
32639654720
1005002191030173
1005002482029196
1005003149999686
1005003133913281
1005003038193150
32838570848
4001309872419
1005003371360286
1005002665376753
1005002852029784
32991087476
1005003305471008
1005003113526657
1005002559816842
1005003115761153
1005003213072195
32848580467
32716737860
1005003337992189
1005001321040775
1005003375146092
32967673758
1005003349815174
1005001702466509
1005002581264926
1005003375025891
32726447594
1005002418574509
1005002058811856
1005003282160255
1005001816850579
4001140357051
1005002759320219
1005002254170579
1005003369226958
4001189223276
32962760061
1005001968225315
32820093197
1005002947145789
4001272495893
1891413234
1005002394865183
1005002705222204
1005002717229370
1005001823006298
1005002917590593
1005001948925304