4000238884867
1005003282526639
1005003223481000
1005001890025833
4001289432552
32976160350
1005001630905603
1005002393339842
32838328734
1005003334258747
32963181753
4001052740684
1005001486909364
1005002965042671
1000008156758
1005002704428240
33062903134
1005003044863873
32671553142
1005002924248985
1005003327760134
1005002451203612
1005001301969922
1005001825207703
1005002851845999
1005003066195470
1005002341266362
1005003343068032
1005002937317043
1005003212973940
1005003100590911
1005003199422602
1005001439329617
1005002654964374
1005003056571179
1005002319144248
4000837483374
1005001748061664
1005001363481819
4000209305966
1005002823979208
1005001920805698
1005001356263166
1000007663891
1005002915371650
1005002940611738
1005003383494255
1005003234869543
4001321089991
1005001851334917
1005003255333447
1005001401996482
32348521081
4001110829757
1005003284565690
32994537517
1005002767538811
1005001820398180
1005002348680827
1005003047453480
32904928460
32815804020
1005003101759773
1005003370925367
1005001504264659
33011804629
4000784119571
1005002796457989
1005003188297277
1005003321462278
1005003292360762
4001106888317
1005002192682111
33004827612
4000178478688
1005002927605119
1005002782513843
32250509392
1005002724686229
1005001332768831
1005002350813626
1005002564295466
1005003370383126
4001073044285
1005003069791793
4001358258429
1005002832295443
4001118095994
1005002510465060
1005003071740705
1005003354142663
1005002930919848
4000834839226
33025738281
1005002980589554
4001225166408
32840905203
1005002614323131
1005001458878479
4000909759122
32682485063
1005001802609650
1005002404038537
1005003214292914
1005003305800250
4001037636865
4000233059586
1005002766830102
1005003303054661
1005002583319139
1005001338726163
4000088803860
1005002127179965
1005001695096394
32788602578
1005002606041094
1005003276362394
33029571501
1005001880358453
1005003201026833
1005002669123482
1005002217807392
1005002116176350
4001013984663
1005003073661973
1005003237935484
1005003112091131
1005003114155897
4000793984365
1005002710522711
33021101004
1005002953225703
1005001639213146
1005002714740575
32875376616
1005003175647386
1005002924011821
1005002133398743
32319738892
1005003001195501
1005002926121067
1005003252386522
1005001362090993
4001207555416
1005003221786511
1005001354106792
4001035442786
1005003276577446
1005003386904414
1005003335039578
1005002125803606
1005002655708159
1005002898841329
1005001698217916
1005003071669292
1005002604121281
4001080078524
1005001856172952
1005002715578387
32974436861
1005003198688938
1005002963732160
1005002467005822
4001242350753
1005003315926430
1005001928352535
1005002313746441
1005003172921140
1005002755973519
1005001890158073
1005002940706778
4000550241416
1005003262030976
4001198147716
1005002787956272
1005001888081702
1005001266654735
4001129061324
1005002323864845
1005002265903583
1005003322187389
32606767535
1005001583116181
1005002420341587
1005002685502822
4000941072263
4000537546129
1005002864277770
1005002457357707
4000677367521
4000723204441
1005002796109173
1005002913872583
4001258971031
1005003384815059
1005002322173227
1005001677793144
1005002129909737
1005003163945816
1005002546938923
1005002891778872
1005003123736216
4000465960149
32785744436
1005003170070065
32970120645
1005003236652448
1005001588686850
1005002652732208
1005003101570205
32863935132
4000098316909
1005002880234803
1005003290174206
1005002376220920
1005003287671309
4001165209054
1005002551787216
1005002728260097
1005003035955992
4000303388299
32947131596
4000001175565
1005002781042237
1005003060604932
1005003298755433
1005002998564532
1005001607818105
1005003017344187
1005002842755512
32981061735
1005003075049846
1005002843233114
1005003261855165
1005003156828354
1005002565097402
1005002533397417
1005003100590111
1005002997881396
1005002651950973
4000577696406
1005002517788153
1005001374931331
32913386016
1005001604031732
1005002208249342
1005003177911826
1005001769119559
32849722776
32922575175
1005003065106499
1005002321790848
33002593236
1005002475339576
1005003228301011
1005003031671794
1005003191075281
4001224560990
1005003063776159
4000302407207
4000333309874
1005003210770153
1005003234959029
1005003217021330
1005003093110874
32889485905
1005003340260551
1005003312717151
1005003154835939
1005002058013735
1005002801865772
1005002640687305
33060338740
1005002783612293
1005003300758561
1005003176877240
1005003196815471
1005003361996096
1005003001335999
10000220929897
1005002027945631
1005001493276259
1005003283224994
4000967142470
1005003009993264
33062434928
1005001577152191
4000589638520
32950524950
1005002599413962
32819847539
1005003234701186
1005003004012205
1005003303352077
4000954186849
1005002878429452
1005002051463259
1005002643040798
4000372197269
1005001330026987
1005003350245370
4001195909822
1005002872816851
4000642447249
10000015463269
32983393206
1005001873911996
4001252837731
1005003342176921
1005001321811037
32881054908
32860942572
1005002660570839
32918699378
1005002997519041
1005002546766274
1005003018063933
32847137728
1005003278058778
4001142801132
1005003391902653
4000111896144
1005002759200597
1005003346794518
1005002972823094
1005002399819940
1005003342891561
1005002271798344
1005001734719159
1005002995640234
4000630249993
1005002790187501
32803454922
32898905207
1005001961601406
33042584635
1005002043468650
1005003039518917
1005003324468051
4001031360663
1005002312807620
1005001798448657
1005002245949697
32959096974
4001299610856
1005001926721612
4000539476325
1005003337883549
4000289744204
1005002636488937
1005003069446684
1005002614325228
32815738620
1005003222564935
32951663532
1005002816975720
1005001798823823
1005003325271448
1005002716852258
1005002781689329
1005002569464128
1005002041954658
1005001530692102
1005003021691703
4000273997463
1005002583226482
1005002537534231
1005002930459138
32880206988
32410443988
1005003108991451
1005003385057168
1005003020063218
1005001762747007
1005003337531488
1005003292545291
1005002288147975
1005002865641908
1005002794461965
1005003162858202
1005002039685047
1005003242431207
1005002841692485
4000956190007
32944605601
1005003315565848
1005002389543947
1912939350
32815818425
1005002150772159
1005002044653869
1005002753306698
1005003198016248
1191975524
1005003095326622
4000977433563
1005001889170725
32963437218
32818543114
4000346308606
4001290643171
4000016441580
4000990187049
1005001487728908
4001230483815
4001004510382
1005003338830765
1005003070048898
32864474630
1005002281041933
4000711897184
4001142098476
1005001567205675
1005002693635700
32799031575
1005001274312793
1005003203857861
1005002415701809
1005002635706051
4001031740442
1005002749324179
1005002861892095
1000008376298
1005003019394593
4001272669945
1005002835929459
1005001788750919
1005003180754466
1005003215193569
1005003382650871
4000132823002
1005003083677929
1005003337759117
4000927435302
1005003024976235
1005003320644890
1005002085692902
32998878409
1005001355800220
1005001824808808
32999546823
1005002608925378
1005003351921355
4000031934997
32507754203
32910619083
32852631228
1005002012354272
10000293291230
4001294504798
1005003188195963
1005002805567288
1005003308394735
1005001322866816
4001251775245
4001227942670
1005002970333040
32716037409
33033794892
4001322059048
1005003303888365
1005003213582120
1005002814330798
1005001880957134
1005002985237357
1005002982982720
1005003391292672
1005001482459228
1005003333021892
1005001860151413
1005001441331534
1005003141790912
1005002916885912
1005003172940458
1005001629651643
1005002833695062
4000411423004
1005003298141469
1005002387911460
1005002775047433
1005003092390857
1005002541015294
1005002642347548
4001023225123
1005003383011902
32719747029
1005002307335043
1005003384992729
32917204198
4000082895569
1005002074212175
32861648125
1005002590635923
1005003243595280
1005003290739378
1005002650826609
1005003327829682
33056531669
1005002351642482
1005002829764924
1005001290320832
1005002954155326
1005002889032815
1005003193662690
32606717687
1005002357303236
1005002957982317
4000420319129
1005003212935709
4001225293290
1005002820519739
1005003337662501
1005002577146956
4000160539531
4000069556862
33008266386
1005003149142157
1005001648115833
1005003058918449
1005002997061479
32964359014
1005001275614165
1005003088639334
1005001923240539
1005003380311572
1005003180396804
1005002814909888
32974950092
1005002270913954
1005001304606310
1005002606233322
32875300761
1005002527491885
1005002352104490
1005001755819453
1005002210900723
33046315024
1005002822234024
1005001579120373
1005003269080169
1005002568787588
4001351716694
1005002717427144
1005001713968429
32922780245
1005001357672695
32779073798
33025492025
1005002681824502
1005002960320802
4000595433200
32952938856
1005001441271913
1005002894790376
4001023138411
1005002688013500
1005003355990803
1005002284109644
1005002696414269
32994616828
32992503598
1005003031202663
1005003329912267
32909354888
1005002069167663
33034116483
1005003301308868
32679984143
32720433675
4000689273474
1005001946496370
32869052591
32959328996
1005003031742297
4000670624776
1005002395285428
32363576413
1000001842247
1005003291694758
33042440656
33009352869
4000698328681
32664527231
32962057128
1005001296090143
4001181568659
1005003209933156
1005002265356867
1005001788707896
1005001427062569
1005001789247414
1005001360849666
1005003343618547
32967069814
4001232937944
1005001703177773
4001013316531
1005002232799291
1005003270556718
4001015043532
1005003205099164
32791312747
33036400827
1005002260379918
1005003138978283
32861633045
33009080046
4000497786712
1005002271240658
1005002418760031
1005001431106755
1005003066638176
1005003276401773
1005002377367727
1005001695283900
32849176744
1005001354878863
1005002652831250
1005003123392965
1005003121462653
32853047667
1005003368329914
1005002558660550
1005002155891848
1005002511650148
1005003169968773
1005003097867472
1005003027304465
1005002771535077
32932894873
4000631904747
1005001387074973
32916696928
32969736767
1005003148582555
10000383684755
1005003100632193
1005002740609132
4000968120176
1005003257895061
1005003181890055
32970212547
4000348919558
4000056734585
1005001618084935
1005001582388866
1005002912403729
1005002298793009
32334984708
32854645793
1005002080359715
1005002354378847
1005002328522500
1005003356678840
1005002976714113
1005003271086758
1005003201386711
1005002978504410
1005001732373202
1005003085098413
1005003230584912
1005003149217791
32837641753
1005002393310643
1005001825290901
1005002938553249
1005002960271844
1005002629934263
1005003195490767
32844834239
1005003159964281
1005001615295651
1005002257700988
1005002530325573
4000224058013
1005003049753143
32828352854
32850659430
1005001456090747
33044642643
1005002790095065
32760881211
4000655769831
4001249908730
1005002491153230
4001025248467
4001241145568
1005002029184146
1005003344062155
1005003311985402
1005003098475003
1005002963767952
32965012132
1005001309127987
1005001480212563
32994731329
1005002842876038
32845813193
1005003163834097
1005002726197888
1005002040389872
1005003051500778
33037768803
1005002348673401
1005002663127486
1005003304468169
1005003161969584
4000926501533
1005002899863234
1005003177007824
1005002611598507
4000905539931
1005003379233857
1005003176963943
1005002897808729
4001291995474
1005002596701285
1005002121926217
1005002577605835
4001023597256
1005001711428666
1005002628629233
1005003252423675
32804998104
1005002727113632
32818569618
1005002508822598
1005003266889186
1005002847832865
1005003237198929
1005003164985685
4001010736014
1005002674840060
1005001599313826
1005002497170933
32789082568
1005003382190321
32275560511
1005003340728850
1005002952285306
33025658580
1005002268234820
1005002450564435
4001232443601
1005002975095344
1005003080803433
1005003029877582
4000445061420
32920804133
1005001876976709
32890783544
4000786335076
1005002381599648
1005001566198294
1005003107236984
1005002823435822
1005002869088088
1005003156804709
1005003298331678
1005003278276930
1005003375132659
32750585568
32834370325
4001294047836
1005002656415328
1005001998438352
1005003326019884
1005001418334880
1005001520948607
32710060863
1005002333802019
1005003159039189
1005003228688124
1005002483147457
713929148
1005002905495071
1005003160001902
1005003101037589
1005002902281074
1005001995673605
4000898586676
4000769893004
32998846564
32312816503
1005002696340048
1000008371026
32915850464
1005003034605650
32721416233
1005003320141302
4000621553849
4000016858330
1005002968251075
1005003240451104
1005003335077310
32912951946
1005002400065599
32821938933
4001138532313
1005001936052118
4001177597414
1005002615393477
1005003114846541
1005003245982189
4001214685806
1005002457974265
1005001599752994
1005002846407918
4000543947629
1005002989645626
1005003319884231
32891146109
4000351715653
1005001447012905
1005002029562031
32948421161
32416561792
32908644817
1005003278231768
1005003251591351
32790129741
1005003081783654
1005002919277905
1005003308187224
1005002564475159
1005003367618465
1005003066158482
33005529225
4000224540130
1005003178709497
1005003364844806
1005002746132173
1005003385126708
1005002776714262
1005003325656301
1005003120420655
1005003099142076
1005003127766141
1005001936048203
4000812418348
32830071645
1005002738519116
32888433450
1005002523379062
1005003109390098
1005003235953994
1005002124449302
1005002953215165
1005003330450792
1005002329505890
1005002989000165
4000366078647
1005003276366978
1005002380756096
1005002578050906
1005002600404666
1005002941863128
1005001695367852
1005001604818372
1005003304166094
1005002690360655
4000410948359
33044113644
1005002473048889
1005001308779130
1005003261522876
32999452273
4000006010504
1005002971058805
1005002558676855
4001223560482
4000992006699
1005003307904885
1005002772155786
4001080160597
1005002634621884
1005002761109637
1005002070605286
32839116504
1005002861803505
1005002624478719
1005002623639049
4000674511015
1005001591096697
1005002499405595
1005002774164159
1005003280951645
4000585863994
32766583406
1005002685563560
1005003371389417
32964659638
1875756387
1005003211526164
1005003042146969
33032373616
32991263842
32909109177
1005003296285753
1005001505619980
1005002985336438
1005002913704645
1005002951347407
1005002059746465
1005001868561379
1005001879475826
4000359087251
1005002990703155
4001103293001
1005002624100937
32932927797
1005002398929671
1005002602267432
1005001713884993
4000490484507
4001020604736
33042870951
4001039264091
1005003168659628
1005002914322875
1005003103476287
32811648354
1005002119326775
1005002541140558
1005003375096512
33048069694
32789862984
4000111277330
1005003208492373
1005003361538666
4000808349235
32751061216
4000240537813
4000829758376
1005001975756339
1005002244695310
1005002982011957
1005001679586161
1005002865637685
1005002086538387
32999935344
1005003178801379
1005001429883742
1005001772072147
1005002791220545
33004755132
1005002159005164
1005003269374632
1005002111407558
1848356301
1005001921859476
1005003063601077
10000013679756
1005003146334708
1005002966372599
1005003257244406
1005001990737840
4000188792876
32980786826
1005002508752756
4000957526837
4000343217410
32888729027
1005001794130282
4001345126247
1005001726808870
1005003302169656
1005002771301079
1005002618561401
1005003146364394
1005003359949604
1005002672423790
1005003146200423
1005002124810793
1005003176583658
1005003391664609
1005003385991669
4000682677748
32815812515
1005003263053020
1005002672089851
32985941951
1005002967579834
1005003384576496
32953999921
1005002636385897
1005001472009138
32831163056
1005002938152977
1005001625028903
4000744392589
1005002076540066
1005003208553163
1005003287231275
1005003308485501
4001224135014
1005002122472394
1005003302125123
32967514660
1005003291072305
32973687290
1005002424036248
32976213247
1005001585488333
1005002988106604
1005002829407743
32837923674
1005002766979198
1005002326852049
4001212007134
1005001436602418
4000045337582
1005002945718139
1005003363168714
1005001594470711
32724108424
1005002886829190
1005003100655656
33045337435
4000410100779
1005002799757476
4000165903471
1005002728980791
1005003200329293
32818725190
33029840536
1005001504940153
32967762547
1005002560049609
4000759807304
4001115150862
4001057434224
32807717573
4000235530713
4001156041938
10000343889222
1005002705445440
1005001762029124
32960938405
1005003296914108
1005003249529644
1005003192445432
1005002511656873
10000188238169
1005002298138816
1005003117194630
10000045172299
4000506905363
1005001567366126
1005003278557969
32978407594
1005001987649764
1005003266276187
1005002022100820
32852610525
1005003316210791
32619785965
4000118074769
1005002130338966
1005002935924638
4000305855676
1005002322167718
33036158661
1005001710983888
1005003027461981
1005003356220364
1005002927763014
32975692197
1005002749766279
1005003209127325
1005002608918384
1005002982296953
1005002028541122
1005002317532958
1005002870466014
4001044655414
1005003317801295
1005002900557225
1005002048760926
1005001906141365
32931125668
1005003214504148
32841611969
33000016733
33061115926
1005003093708008
1005002323492704
1005003325653462
4000921521566
1005002868345738
1005003357782065
1005002328348957
4001335126665
1005003353956741
1005001923631144
1005002137090522
1005002304603823
1005003065096981
1005003129410014
1005001362608533
4000282288362
1005002231531293
4001050338093
1005001458218564
1005003074976516
1005003037941091
4000087078714
32864723817
1005003075885944
1005001431781380
1005003280853440
4000986748685
1005003043643357
1005001845446393
1005003362104275
32948079571
1005001678290348
4000703414808
1005003202386952
32891315652
1005003218109394
1005002002973346
32992311718
4000313953279
1005003217238923
32975655081
1005001781088696
1005001861871845
1005002907096804
1005001520376970
32792090599
32813299850
33041353037
1005002987898936
4000308722002
32966120609
32843246714
1005003375698510
4001321783517
32915595571
32976788803
1005003302337458
1005002920965382
32793076816
4001108075846
1005002673256883
33010333368
1005003070136289
1005002314324268
1005002284161320
1005003146353744
1005002773845710
1005002469416761
1005003137358889
1005003347747919
4001075103262
1005003174494866
1005001446282366
4000833153977
1005001790151108
32866955846
1005003146795028
1005003354167571
32896641115
1005002539021026
1005002028681290
1005003355340846
1005002721763984
1005001389052022
32572843424
1005001418967483
1005003102201988
1005002129831818
32817795254
1005002880239983
1005002952505958
1005003201261304
1005003387376926
4000786784346
1005002925460360
1005002138913672
1005002935019713
4001186770689
1005002226062377
1005001996052320
32504551983
1005002454219159
4001230353670
1005002742397034
1005003062045770
4000679484173
1005002907756149
33005521421
4000036114717
1005003356327125
1005002972132836
4001116864905
32319078980
1005003156497861
4001170417895
1005003223074374
1005002723690641
1005001797827227
32369660210
1005003093776229
1005002897461202
1005002826401711
1005003269388618
1005003129317136
1005003384896026
1005001872837985
1005002708432842
1005003243985517
1005003048294494
1005003348900925
32603022808
4000863370468
1005002635107942
1005002702135198
1005002652665844
1005002753368211
1005002618969467
1005002648935398
1005003380455755
1005002357005022
1005002618286125
4000150734700
4001218002363
4000181377016
1005003235874647
1005001868677972
4001022734106
1005002696206264
1005002960474250
1005001575519384
1005002128662308
32870807652
1005002740029084
4001255198732
1005001742674570
1005002831086202
32837988917
1005002300586945
1005001626789734
4000595069490
32979539484
1005003089989550
32849883174
1005003357367143
4000763502142
1005001821750227
10000009738656
1005002618216721
1005003319282852
1005001586888668
32880800371
4000939730468
1005003135466136
1005001665537380
1005002787750004
1005003269554660
32818794668
1005002599207682
4001289780377
1005002754122515
1005002698539823
1005002342463034
1005003388494254
4001139777115
1005002671780958
32955542732
1005002133524672
1005003327740857
1005001408594591
1005002442799686
1005001606023369
1005002600486810
1005002461022700
32919101412
1005003210884274
1005002842583265
1005002723441970
1005003374815013
4000902464541
32898174339
1005002822660450
1005002377480956
4000372865666
33045926792
1005003079658803
1005002973917856
1005001854792757
1005003357020332
1005003241027774
33007251089
4000786936291
1005003336018343
1005002575344880
1005001779814783
1005001894708525
1005002340272027
1005002316696278
1005003065617379
32807090291
1005002143156816
1005002946963599
1005002857743044
1005001756210839
1005002995722106
32958901547
4001033073638
4001066752407
1005002490030064
10000002731752
1005003114246971
1005002538404719
1005002589455418
32984326084
1005002588371553
1005002253975792
4001178185614
32879318881
1005002622368618
32853101076
1005003340019188
1005003087446118
4000259364807
1005002612735570
1005003051133222
1005003251913690
4000202553333
1005002339160986
4000748131717
32306636826
1005002439114143
1005003341764203
1005003069993081
1005003286119867
1005003335236157
1005003361797731
1005001810961467
1005001308088951
1005003362573024
1005002301176004
1005003118611368
1005003326593281
1005001793102230
1005001319680643
32898286383
1005003200920851
1005002841672813
32956691183
1005003026888042
33047076515
4000937223834
4001352735475
1334615656
1005002748843019
1005001490939943
1005001552391513
1005002830119893
1005002393966560
1005001629247014
1005001286954902
1005003129695351
4001095458999
1005002879946549
1005003192384255
1005003041522721
4000650400017
1005002265230440
32799900385
1005001756517028
32617770757
1005003190522590
1005002565400850
1005002809253192
1005001771754389
32986028638
1005002582878413
1005002905257382
1005003324474984
32915002702
4001199628594
1005002769247178
1005001379325115
32999888304
1005001419183612
1005002492497290
4000009838191
32796180427
1005002930162880
1005003089156920
1005003048657669
32850935267
32769614874
1005002424690597
1005003305431479
32664231642
32822600543
4001320297439
32855678123
1005002884335027
1005001848815095
1005003052354326
1005002848802194
4000391882686
1005002144561264
1005002552928948
1005002674155997
4001131392310
32951109091
1005001409198352
1005002738669924
1005003391333170
4000384747485
1005002559988120
1005003356079080
1005002739267965
1005002883723958
1005003287668731
4000926424692
4001188890592
1005002003369272
1005003124059040
4000726915270
1005003209314579
1005003253506691
1005003277565380
4001031783195
32822951869
1005003337632598
1005001667511226
32820685431
32338796024
32793698017
1005003327275878
1005003287597796
1005002946135605
1005003212679807
1005003202080894
4001223293006
32645733743
1005002604642107
1005002554246774
1005001758653336
1005002512060588
1005003187013805
1005003095770373
4001147410066
1005001865142673
4001279240829
1005002612933764
1005001889979941
1005002378688194
1005001891855130
10000343965672
1005003098825158
1005003109779361
1005002878861065
1005002611419916
32370500329
1005003270917302
1005002975341075
1005001638588535
4000023608144
4001082736386
1005003134091633
4001117560750
1005002943774698
1005002007704414
1005002635477928
1005002409889990
33021933163
1005001821770018
1005002613405029
1005003012164782
1005002443591606
32999680429
1005001403756545
4001263769957
1005002814643052
1005001923440808
1005003082214637
1005003235474017
1005001964088710
4000179631635
1005002947447107
1005002460210154
33021183883
1005001315476391
32827467099
1005003218970541
1005003347637540
1005002613412078
1005003375758973
1005003266927356
32953350993
1005003233635378
1005003310501893
1005001504138742
4000011708117
32957937034
4001029053591
32967162846
1005002253167234
1005002988982964
32977032101
4000040350219
1005001977728716
32379918312
1005002710049581
1005002965362574
1005003177449151
1005002345022548
1005003362155199
1005002040213632
4000806167662
1005003350900523
1005001397701759
1005003161455119
1005001839481813
4000176585534
1005003167991439
1005002103538763
1005003234954501
32582205984
1005002035125940
1005002485238280
1005003376074928
1005001960236082
32975675000
1005002921751219
4000337685364
4000164239918
1005002755228658
32867064459
1005002070024437
33004069988
1005002396627264
1005002958436758
1005003285684105
4000861582683
1005002960670336
4000264062451
1005002258693629
32838508986
32962956762
4000537982935
1005003337932327
1005002629109801
4001000973745
1005001869113078
32983748525
1005002597311997
1005001474679178
1005001619751724
1005001529131420
1005003305978537
1005002247059536
4001272056464
1005002804702265
32448749831
1005002611547381
32890274554
1005003338090845
1005003333393356
1005002433465411
1005002227760380
1005003216081898
32834095453
1005002784990967
1005002307239740
1005003343155560
33025782389
1005003228273450
1005002067564444
32300538188
32792574778
1005003257222065
4001153517308
1005002719783523
1005002911923018
1005003385921193
1005002476938719
4001175832015
33031393774
32788306637
1005002518208533
4000307998314
1005001429391805
1005002427212543
1005003387972545
33043672308
4000433148446
1005002873523602
1005003264185878
1005003390031149
4001285487228
1005002584239488
1005003098976726
1005003152061308
1005001794291606
32980548334
32959874717
32921300817
1005003256009866
1005003249413878
1005002077373973
1005002730410648
1005003316820002
32758688472
1005002907599474
4000203781298
1005003209666369
1005002876120948
1005002738851917
1005003219381767
4000141887679
1005003006433653
1005003325979067
1005002443080604
1005001501394282
1005002878531394
4000337312488
4001355985019
32380479067
1005003292184120
1005003107231433
1005003195036717
4000691219649
1005001790048142
1005003194858346
1005001267255815
32287974277
32909807746
4001270513369
1005003356115398
1005003162089324
1005002208445451
1005002301401341
1005002906892913
4000607829040
33022037890
1000007180903
1005001697629840
4000243266206
1005002536164381
4001007924027
33040206796
1005001902551766
1005001912972289
1005003339172241
33049752440
1005002615511773
1005001370461058
1005001689839242
32831393752
1005002831628021
1005001361178044
32960936713
1005003257050670
1005002676556616
1005003174612189
4000881568706
1005003199323514
1005002132565474
1005002410944149
1005001946951056
1005001379904103
32436049180
4000627063204
1005003355513736
1005002610181127
32744336075
32402224908
1005001715720602
1005002973289948
1005001377437779
1005001731012970
1005001948430755
1005002908031042
1005002901418824
1005001478195479
4000344013393
1005002997048581
32852208626
1005001500004203
1005002503461324
1005002472698217
4001268237882
1005003091043006
4000081341063
1005003186180379
1005001446805617
1005002352838285
1005003014952590
1005003014602493
1005002070412913
1005003334819165
1005001695372902
1005002815002445
1005003333541908
4001064631750
1005002339406861
1005003211882237
1005002626146277
1005002623520212
1005002336539214
1005003024857448
1005003166267839
32796394374
1005001452708833
1005001350502165
32816899218
4001282580830
1005001916422606
1005003014332971
1005001311665801
1005003355003196
1005002976155688
1005001882310816
1005002344260685
1005001981638271
1005003256345268
1005001361782893
1005003385968772
1005001847104564
1005003025535069
1005003080428448
1005002276638124
1005003072201931
1005003305804146
1005002792267339
32947245326
33005986072
1005003267502785
32975339405
32810867505
4000987957376
1005003148617339
1005002811543230
1005003339637923
1005003032353699
1005002774678762
1005002730233808
4000188747808
1005003221898973
32726091615
1005002378939087
1005003334431611
1005003114042905
1005003031858801
32813066521
1005001793050696
1005002957026958
1005001824596371
4000982530994
1005002996746021
1005003183762335
1005003147314443
1005003314958335
1005003059078872
1005001414016550
1005002233399559
1005003042114879
33043024253
1005003241754518
1005002238430685
1005003107796121
4000219341536
1005002356899069
4001349495428
1005002196288375
32779437453
32835152511
1005001858708559
1005002167077451
1005003214424757
4001359769493
1005002907985870
32784940926
1005003178129667
1005001860792991
1005002650788801
1005001437245447
1005003290441163
1005001693304146
1005003208551984
4000143312167
4001185310188
32855335842
4001143123195
4001270439514
32790897768
1005003191885548
1005002789016264
1005003102313209
1005002907556960
4000095297671
32969784672
1005002359154626
1005003220974353
1005002091547312
1005003234904287
4000381948549
1005001937418912
4001039057480
1005002963573178
1005002551314319
1005003129509304
32971304271
4000176536725
1005002721805686
1005002737733291
1005002570919629
1005002643094796
1005003278384498
32875954186
32701331464
1005001581391371
1005002937368303
1005001963934715
4001036577334
1005003034197609
1005002566212662
32547729529
1005002595863907
32957365278
1005003371895265
1005002611581092
4000725238629
4000418872838
1005002939634958
4001110876323
1005002603623926
1005001648441585
1005002289036694
1005002989903116
33013017727
1005003003895780
1005001464786540
32919612266
1005002141363464
32921058455
4001138172790
1005002935369468
32902043896
1005003102284140
1005003292540382
32743196741
1005002432672527
1005002658397355
1005003200062488
1005003112078051
1005002786740040
32858452772
1005001659010856
1005002225712638
33015367234
1005001605343762
1005001967909035
1005002141371823
1005003142359682
4000263279082
1005003009134394
1005002923788564
1005002702409388
1005001936332169
1005001800647643
1005002697951952
1005003050045436
1005003337612126
1005002982380260
10000395927455
1005002964380449
4000407441194
1005002580592439
32975563918
1005002421627586
1005003133889033
1005001393065760
1005002387447449
4000417055454
4000719811925
32826758559
1005003285826570
1005002265198813
1005002726900917
4001283158787
1005002297144092
4001036116021
1005002613604343
4000793316589
1005003030578175
1005003017163420
1005003197595448
4000803659572
1005003235044072
1005001321362614
4000602478055
1005002093808955
4000934668589
1005002641278301
32969601785
1005003176938883
1005001425991136
1005001793143852
1005002499200580
1005002995901163
1005002321696892
1005002265040358
1005002276829737
1005003136703054
1005003310070059
1005002902175499
1005002386819452
1005003135109034
1005003304179899
4000910205400
1005001270685245
1005002199338865
1005002997851400
32371324139
1005003139276021
1005001788953067
1005003304475010
32916975623
1005002401197147
1005002180987994
1005001731154627
1005002878631713
1005001441766660
1005001977456523
1005003125543134
1005002600120409
1005003172315204
1005002739475675
1005003269078404
1005002118798830
1005003087596649
1005003060071584
1005002710373553
1005002004590806
4000672913988
4000244230980
1005003010654407
4001028232723
4000551799178
1005002321616960
1005001626348722
1005003340814803
1005002441136145
4001253636339
1005001409576841
10000395909679
4000266495025
1005001776815313
1005002590044156
1005002000395853
1005003323308495
4001071817012
32839075335
32970392050
1005003107767761
4000875577732
1005002808700971
33060226381
1005003269737494
4001205416984
1005003118602198
1005003186408955
4001127554713
32754772036
1005002608967235
33007586857
33032287715
1005002382245731
1005001475461732
1005001439582790
1005002925827897
1005003336124026
32988759146
1005002398791549
4000857887592
1005001821171166
1005003219051280
4000721898641
33033852509
1005002284386866
1005001839548990
1005002187302228
1005003193024073
4000850262891
4000990456840
1005003095242684
10000395810662
1005003041333564
4000249585670
1005002935427535