4001115257416
32817319568
1005002402129326
1005002364048122
1005001453708825
4000370383493
1005002393282659
1005002752450519
1005001638195107
1005002952604759
4000926350284
1005002466183672
1005002566181236
1005003255695820
4000926649272
1005002865649279
32964641398
1005002818235247
1005002921768699
1005002424705045
1005002386946189
4001272937056
1005003003764291
1005003276562674
1005002844619208
1005003124902911
1005003263585003
1005002007184357
32607391831
1005003213267705
1005003097899130
1005002674599886
1005003383291164
4000550449217
1005003118886913
1005003392442427
1005002734610321
1005002607752848
4000287149816
32968203598
32974321536
4001040571803
1005002206456710
1005002804749744
1005002476714608
33060120977
1005001499612234
1005003382004074
1005002970188806
1005002722733560
1005002532092372
32817298415
1005002765743426
1005002942078577
1005002583107302
33049528340
1005003130188103
1005003307190954
4001271438211
32906459118
1005002777848808
1005002227834431
32883862275
1005002700904018
4001272053303
4001179387367
32997311314
1005002673729826
32765687918
1005003385897696
1005003063734456
1005002857562485
1005002716810586
1005003221228799
32823608010
1005001419467974
4000776711881
1005002312555634
32856143683
4000332006119
1005001320807904
33024192288
32843409506
33036037343
4000084750587
1005003286639573
32873188101
1005001918388998
1005003181687348
32853781410
1005002988254324
1005003188636608
1005003138608622
4000794748019
1005003116141782
33034152206
1005002327881730
1005002500023616
4001104202638
1005002936192829
1005002990548186
32504930857
32321079509
4000782653610
32973955990
1005001908534787
1005002763179716
4000220551601
1005002288439051
4000661258628
32855339766
1005001933644741
32977530305
1005002551925067
1005003183091681
1005002496410385
4000938884077
1005003020075813
33050202915
1005003141353831
32902770898
1005003097035685
1005002496848214
1005003229692577
1005001838364574
4000807358743
32958653308
1005002958332626
1005002941554600
1005003100723010
4001305216406
32445193664
1005003373621619
4001152539391
4000803179842
33010930699
1005002310380356
1005001315506043
4000242876013
1005003090737649
1005002314338021
1005003282889224
1005003376626412
32872695512
32898721846
1005002843000880
1005002900616342
4001230800690
32793366947
4000059004468
32889296811
1005003305656934
1005001907549870
32986624668
32935927707
1005003362077173
4000850532453
1005003080509229
1005002648778711
4001145989749
1005003037348188
4000294633358
1005002182208353
1005002788757012
1005003231476379
1005003304475010
1005002904962566
1005003132037047
1005002021502713
1005003327980818
1005003168393468
1005003304990555
32848532440
1005002025716243
4000734027957
33010281166
1005002613569590
32805438699
33005744194
10000395852239
1005001695465769
4000511047336
1005003357259931
1005003129731000
1005003194915448
1005003032310949
1005003306982718
1005002064991412
32898713620
1005001848835009
1005003294285171
1005002956940070
1005003141003957
1005003221752897
1005003294497487
1005001525563056
1005001993510653
1005003087274640
1005003312806162
32942947147
1005002920340185
32834823546
1005003390712778
1005002437868721
1005003005158533
1005001633656391
1005003177313498
1005003178820054
1005003017403849
1005002837010352
32983111990
32841192349
1005001619862458
4001106711573
1005003198854663
1005001704081202
1005003346417980
1005002976345478
32881853308
4000273643766
1005002225732926
1005002097639320
1005003177447889
1005001936484668
4001231099369
32870706128
1005002708558232
1005003251147262
1005001809451894
4000675104487
1005002271598682
1005002702725347
4000899236652
4000516380869
1005002863401328
1005001865756272
1005002956756232
32813136467
4001205648923
1005003130285466
1005002911229383
4000162930450
1005003318944174
1005002302690531
4000622840471
32961622355
1005001833915640
4000149537210
1005002409492586
1005002773681726
1977089156
1005002003968025
33049085549
4000074558197
1005002551372958
4000936762098
1005002710698735
1005001355639859
1005003130749542
4001026737112
1005003202942978
1005001901742623
32948212415
1005003372683115
1005002258885257
1005001552481144
1005001866523931
1005002384800211
4000903604665
1005003361632076
1005003337880367
1005002912220517
32426061761
4001155271405
4000788882305
1005002967808766
32948635429
1005003310070277
4000694128554
1005003272494001
1005002819455018
1005003346497713
1005003087483144
1005003251340883
1005002567154704
1005002774431229
32732616210
33016270367
1005002371461620
1005001303534990
1005003166634430
4000379253189
4001120434703
1005003372111366
1005003280347500
1005003049010030
1005002402116760
4000401343154
1005001913666268
1005002618731809
1005003120013029
1005002256230776
1005003265529290
1005002791837200
1005001694376204
1005003002545648
1005003301750481
4000494460748
4001267186872
1005001588781128
4000663514462
1005003228233391
4000918141727
4000191978753
1005001566332837
1005003298588168
1005003118650942
4001152316316
1005001568716097
1005003298649747
4000843585904
1005003040320531
1005003345225476
10000395838959
1005003292820454
1005001922144058
1005002011771253
1005001470697907
32984038976
1005003337671556
1005002771877838
32712007199
1005002810227143
1005001664394237
1005002754353334
1005001821218546
4000806172493
1005002065097440
1005001862008334
1005001612562863
32962092793
1005003036847503
4000516317891
1005002674524786
32965352189
1005001564703254
33030422630
1005003317935489
4001040558848
1005003370934334
1005003025687980
1005003297992702
4000279002567
1005003339240822
1005002937789040
1005002471064817
4001213814567
1005002924904143
32800534946
1005003172395518
1005001553247138
32812541396
32990995989
1005003212935219
1005002376230529
1005003224968979
1005003095781707
4000939325571
1005001968522252
1005003310347922
1005003233808218
1005003371620448
4001309283859
1005003127839313
1005002837804858
4000962355372
1005002414276431
1005003256391906
1005002313003724
32982759966
1005002716304730
1005002046447831
32803318108
4000610018278
32943785587
1005002870496827
33015750680
33045305246
1005003306431080
1005002089487938
1005002674076471
1005003141110170
1005003363760673
32950415110
1005001690167283
4001131750909
1005001893206594
32923354291
1005002225006122
1005001579048444
1005003268492008
1005002651255810
1957032019
1005002922048247
1005001552459705
1005003315946025
4000071374661
1005003318610418
1005002511888425
4000460835669
1005003314641484
1005003129479731
32872824742
32566771423
32838117905
1005003092142525
4000549922090
1005002293155648
1005001463737492
1005003274397306
1005001571857140
1005003272366659
4001133810901
1005002780601392
32854680343
1005003227484067
1005002425626245
1005003264730600
32756878638
1005002457389313
32969525120
1005003151220339
1005003197973310
4000469060907
32989386738
1005002016643983
1005002686644104
4001292103340
33034703547
4001299678218
32853541964
1005003063508184
1005003147910945
1005003375955749
1005001420082009
1005002915250662
1005002187729770
1005003085082871
1005001442781315
1005002866325536
1005001828424941
4000679869934
1005001321271847
1005002775361935
1005003041455808
1005003237688862
1005003155518651
4000777508690
32879917528
1005002416870228
1005001393042604
1005001934602142
1005002083948463
1005002706711344
1005002981541103
4001192337410
4001119917810
1005003041892123
33048007797
1005002107049950
1005003354519671
1005003356207110
1005003210844634
1005002714847084
1005002717387671
1005001877954465
1005003319954652
32858342049
32889862717
1005003163988866
1005003142111323
33006130048
32879476785
1005003001555774
1005003193552560
1005002992765088
1005002334056480
1005002183545529
4000642661767
4001013501508
32910629394
1005003119414085
32956050803
1005001920591625
1005002695172887
1005003294738711
1588443190
1005003169800378
33063438039
4000827075925
1005002781380423
1005001658520210
1005003130368318
4001001103714
1005003292903993
1005001600169464
1005002682245771
1005002704322104
1005003083009917
1005003302704317
1005002964785152
1005002294150024
1005002330486108
32375921797
1005003376122069
32970455052
1005002160242424
1005003336132747
1005002822064436
1005002447024956
32996359232
32973439031
1005002592450634
1005003071107474
4000051140820
1005001364530588
4001104734239
1005003322487960
1005002932091694
1000001529410
4000070213230
1005003221250470
1005003119179054
1005003296647239
4000781519476
1005002579745699
33020201491
1005002291066793
1005003141169015
1005003300386479
1005001913129042
32945256459
1005003199099883
1005003168610451
1005001503279393
1005002985565390
32804733732
1005002083536966
1005001544603807
1005001579734723
1005003100209292
1005003108703532
1005003100595675
32982523824
1005001568774520
4001132911446
1005002438955436
1005003358778104
32890457957
1005003146379625
33035869879
32998750853
1005003250639713
1005002871317171
4001166104604
1005001423658233
1005003287500855
1005002682722219
1005003217618034
1005002900562941
1005001639227541
4001158529868
1005003114946402
1005002915593793
4001317148170
4001338191134
1005003019105915
1005002523101295
1005001968175422
1005001742783007
4001029965524
33040660783
1005003290403065
1005003058374964
1005003309933216
1005003178854696
1005002804947389
1005002424277803
32932712132
1005002840274948
4000789066243
10000397698991
1005003249771096
32852051425
32982565578
4000349546953
1005003310501893
4001304873595
32763475097
1005002408155676
1005003036818697
1005003354294874
4000623949930
4001145850012
1005003092634536
1005002967147238
1005002313955423
1005003152087350
1005003280569149
1005003021367075
1005002432876006
1005002207406260
1005002921260986
1005003038834022
33009831799
1005003198598587
32844985316
1005003367834471
32990233671
1005003148213102
1005001468856274
1005001368685642
4000051975377
1005002970961142
1005003347240567
4000774962189
1005003016258925
32811028251
1005003020282790
1005002883920137
4000350405679
1005001379965060
1005001806242063
1005001431364719
1005002130100806
1005002253678172
1005003057860154
1005002864709237
32744031713
1005003090114880
1005003085341682
1005003336557569
1005002573319964
1005002612451154
4001179270880
32909107271
1005002869992698
32977685276
1005002329309022
4001333261229
1005002205198122
33005722238
1005003048792656
1005001731171488
1005002080945315
1005002855130665
1005003135297847
1005002557333257
1005002814297513
4001127240828
4000825737383
1005003344478087
1005001494897597
1005002840723147
1005002863219511
1005002861639738
1005003182303192
1005002989778251
1005003299894162
32796272379
1005003249368273
32896696440
1005003019261190
1005003047127125
1005001789616092
32820884812
4001335313475
4001067068540
33030265448
32867151713
32890565592
32816963798
1005002316312841
1005002871784742
1005002394655819
1005003012884923
33026829473
33051715225
1005003306998156
4001076735140
1005003360158377
1005001505824973
1005003208574052
1005001824537209
1005003206872131
33000253628
1005003199378908
1005003142987325
1005002287271820
4000480093514
1005003258320784
1005001947467553
1005002708399784
4000141635293
1005003156414173
4000090064843
1005003014177802
1005003286366934
1005002859031944
1005001570592356
1005002798095376
32894337898
1005001966967496
1005002783930008
32880089272
1005002976811081
1005002570299702
10000212634286
33011203988
1005003286372091
1005003201418841
32951230210
1005002511284985
32968685724
1005003015437295
1005001452102248
4000804765604
4000598562200
32911806624
1005003199041496
1005002037719007
32856232964
1005001598889816
1005002208049369
1005001835245839
32790098436
4000167463739
32817939827
1005003322466519
1005002790283572
4001330828759
1005002559484180
1005001350842006
1005001942231764
1005003218182583
1005002565552638
4001244575499
1005002610729242
1005002571779468
1005002254121696
4000039100966
1005002179459863
4000194280363
1005003097113808
1005001838425749
32888261804
1005003323801515
32903204790
1005001444300395
33030012352
1005003096130209
4000239900627
1005003019295666
4001224512883
1005003334068889
32973441124
32914947322
4000698339638
1005001988228105
32807640020
32805802082
1005001581597110
1005003337555575
1005002007513858
1005001998237195
1005002926825215
1005002848028423
32757642864
4000714653973
4000548964186
1005001858762583
1005001463116412
4001247840603
1005002484631454
1005001780503326
1005003270954980
1005003328857465
4000128624134
1005003102534333
1005001276428204
1005001957735072
32881658103
32788521586
1005002930399323
1005002572042858
1005002542909071
1005003051531735
1005003020361540
1005003205099142
1005002530025975
4001194929741
4001294252409
1005003240175555
1005003305266837
33026711501
1005002855033919
4000585103360
1005001958919349
1005001685972350
1005002496971136
1005003098612529
32855377656
1005002193722612
33035749632
1005002951166121
1005001511781437
32998310910
1005003304970083
1005003241581381
1005003140155841
4000008485233
1005003065043937
1005002841924607
4000070996160
32864792354
1587688325
32878673366
1005001340524020
4001278700948
1005003084465806
1005002652073291
1005001621209307
4001308137093
1005002204026697
1005002608465506
4000562443285
1005001913598097
32857695768
1005003182667086
32989764482
4001354542783
4000908896927
4001333063939
1005001934538915
1005003026119101
1005002201989274
1005002767635157
1005001401729996
32984087974
1005002818257809
1005002923958150
1005003215219367
4000396183189
1005002702505122
1005003271079652
32692602221
1005002879170346
1005002411847738
1005002217845017
1005003283514884
1005002623216703
1005003194407749
1005001392961414
1000001874043
1005003263654955
1005003337765684
4000642169496
1005003293530997
1005002605327347
1005002511705415
1005003063756403
1005001537745636
1005003358539922
1005003186795995
4000944872868
4001113285374
1005003174640866
4001225180861
1005002062143161
32820785605
1005001489806076
1005003037197289
1005003159946693
1005003190480689
1005003063497125
4000883990073
1005002939596623
1005001909489023
1005003065294748
32812324081
1005001906267040
1005003042091966
1005002924618391
1005002122275784
1005003149898977
4000101180361
32965498450
1005003048542189
1005002755933903
1005001871129217
1005002879711560
32717285887
32828318230
1005001500846536
1005003347177220
1005002625387309
1005003360313627
1005001651358961
1005002990024279
32897920101
1005003207048091
1005002738360760
1005002032248696
1005001551896710
1005002964742727
1005002294889205
1005003333615394
1005003036569513
32998135693
1005001444671587
1005003332326905
1005003086961574
1005003191094734
1005002586999809
4000265412584
1005001348598932
1005002727387863
4000768822183
1005002830330925
1005003325557508
1005002537721903
1005002611719529
4001323616921
32809785174
32888433688
1005002978660164
1005002938232622
1005002952642745
1005003212869528
4000181220532
1005001686254790
1005003324598467
1005003333774411
32931237525
32834567384
1005003325902905
4001062338913
1005002567965607
4001321461563
1005002466112060
32856178945
4000389230271
4000987088251
1005001659129379
1005003349170409
32955557595
1005003133849391
1005001588183097
1005002559822014
1005003130258441
4000037400016
1005002952244208
32889691244
1005002449290428
32946162462
1005002264037371
1005002843221129
1005002960964078
33002477136
4001197548056
1005002565548496
32959284867
32861636479
1005003285180090
1005002537834964
1005002952714724
1005002697904857
1005003387692347
4000955349162
1005002432185183
4001253736969
1005003129675674
1005003129594007
1005003387443614
4000208209677
1005002657563142
1005002854235342
1005002841704983
32963382028
1005003351399449
1005002292018394
1005003335010964
33003899223
4000511360516
1005003066793675
32912885987
1005002483421595
1005002665301404
32830009575
1005003140322486
32965217647
1005001800898403
32991531632
1005001551963953
1005002211764995
4001223659037
1005002311452966
1005003340932932
1005002656113540
4001131803997
1005002244760757
1005002020077290
4000013845307
4000853640288
10000371472454
1005003093591958
1005001320776986
32812529712
1005001845779321
32918111062
4000437923603
1005001615832062
1005003382070333
4000058872535
1005003172222580
32868197867
1005002863237737
1005002912174848
4000420937076
1005002791391521
32806119749
4001189880262
1005002950856630
4000264803372
1005002984274920
1005002758637486
1005003161942978
1005001429402939
1005003192373987
32950389971
1005003384056970
4000118683838
33044771041
10000312863307
1005003207804190
1005003349965919
1005001506027481
1005003339129634
4000990521048
32790285159
1005002658167495
1005003013809407
4000494264275
1005002717256454
1005002806112592
1005003248852527
1005002776245080
1005003272436704
1005001692543999
1005001441487138
1005002426366455
1005002879244915
1005002912941059
1005002460868873
1005003165835808
1005003146094649
1005003026745419
1005001733108653
32832114894
1005002661088563
1005002323691645
1005001345920421
1005003089204447
32818667751
1005001973348491
1005001970530374
1005002910184805
1005003038888620
1005003103915265
1005003036253524
1005002932359785
1005002428600566
1005002537413987
1005002219312472
1005002007458414
1005002115547056
1005002901804485
1005002908216703
1005003306574507
32852276654
1005001815233487
4001203840017
1005001437402816
32815921032
1005002039472361
32511700850
1005003151060758
4000292132050
1005003299153638
1005003273232679
1005003105515847
32896324204
1005001989734654
1005003366249055
1005003336464887
1005002120369829
1005002475968011
4001294254690
1005003133991438
1005002790367626
1005003136020399
1005001384205454
1005001839828421
1005003002814433
4001316746512
1000005971500
4001178423257
1005003102632352
32995755282
32976827742
1005001697573564
1005003184487871
1005002702913864
1005003257927189
4001148218817
1005002632110811
1005001906697574
32759586936
1005003090343811
1005001577570333
32959440480
1005002309536736
1005002434992208
1005002244786647
4001349493827
1005003143249016
1005003131824099
4001251090530
1005001882600606
32869899253
1005003003956669
4000940576661
1005003124078092
32780275242
33002106606
1005003266251945
1005003257589899
1005002599588311
4000938588726
1005003281219465
4001331457326
4000888612708
32895173735
4001044326580
1005002600675689
32765727457
1005002851225562
1005001879190621
1005002612990774
4001043536481
1005001946936279
32950476704
1005003019256859
1005003283197654
4000189015207
1005003337678788
1005003022221959
4000491367854
32359130737
1005003032378879
1005001429688201
32982328235
1005003336917479
32722378943
1005002776652501
1005002612954634
1005003309556838
1005002198881759
1005003294284637
1005003032487145
1005002937828005
32827303407
1005002951565720
33001186509
1005002567696926
1005002769849659
33048875453
1005001602557907
1005002059992294
1005003170579252
4000369334624
1005002461227834
4001273268787
1005003375365292
1005002871526753
1005002055915504
4000062656494
32934471661
32764516967
4001078677501
1005003217734195
1005001976502703
1005002991412907
4000715604395
1005002074404475
1005003369056536
33023586797
32829345824
32454337421
10000384379263
1005003285387637
1005001277886587
1005003146304986
1005002125772799
1005001813853770
1005002640474770
1005003252088766
1005003183562094
32896942608
1005003277836555
1005002348933415
1005002004683215
32307375796
1005003272464452
1005003290196922
1005002193995064
1005003194157399
1005002587464429
1005002121432233
1005002688646235
1005002990352253
4001052088404
1005003229609269
1005003151445608
1005002786525245
4000225210932
4000674682832
1005003184189319
1005001970410353
1005003007991890
33006811846
1005002641437992
1005002611310540
1005002917972196
1005002872321454
1005002425397535
1005003297073539
1005003134897323
1005001869582654
1005003383094139
4000695300874
1005003110129181
1005003111944660
1005003148637872
1005001930720868
1005003238738050
4000758334226
1005003008784390
32937483003
4000124222147
1005002070210882
1005002702990289
1005002907682126
1005002647208805
1005002621845925
33028987062
1005001798502133
1005001785511967
1005002914151115
1005001514016803
1005002927168720
4001280759399
1005002959217587
1005003083944271
1005002345951751
1005003367163187
1005003201650827
1005003209202213
32965435450
1005001582866936
32703513003
1005002714646621
1005002268424036
1005003013006325
1005003247344566
1005001536290870
1005002951823936
32769475239
1005003058754419
1005002372821640
1005003045072563
32723944372
1005001441327433
4000396637085
1005003272802033
32773263603
1005002788013376
1005003283636115
1005002362220713
4001365201015
33014506371
1005001623221586
1005002710447493
1005003305146171
4001160911154
1005002566829667
1005001639852071
1005003162702094
33030461446
1005003215653588
32801334010
10000154500121
4001178821820
4000467199511
32887373656
32854579712
1005002698188702
32825435334
1005003253769532
4000326840741
1005001393630137
1005003155012667
1000008005333
32979336273
1005002612969280
1005003256836147
1005003224933554
1005001968559223
4001204458757
4000095204654
1005002762547365
1005002831149149
4001156914415
1005003219353455
1005003095419350
1005002522181277
1005001696054207
1005002252223108
4000800799217
1005002622273348
1005001960256051
4000007004849
33022066228
1005001973225966
1005003303137360
1005002408744289
1005001474682436
32913007173
32947475985
32948276391
1005002237572885
1005002416619679
1005002983187582
1005002211799982
4000494296117
32961439942
1005003004432514
4000160664369
1005002397698308
1005003050181932
1005003273676193
33000555926
1005001632834473
1005002572600940
1005003370948741
1005002326807118
1005003375510305
1005003095099217
32792486147
1005002907475813
32885389455
1005003246697382
1005003179226276
1005001562661315
4001042166874
32935171058
32767624562
1005002753200989
1005002696990514
1005002423655386
32858010643
1005001354585622
1005002953338292
1005002970707747
32947283881
1005002502920045
32963730130
1005003384997689
1005002730366156
4001330619489
32709888652
1005002937783336
4000863226288
1005002866665603
1005003337321282
32855065415
1005002132534126
1005002350825273
1005001531065989
1005003299104304
1005003208571763
1005003107301638
1005003138119007
1005003300846142
1005002084799919
1005003104999638
1005002386968753
1005002895287575
1005001280638060
1005003040129055
32844461752
4000076342332
4001104166638
1005002965020028
1005002288618711
1005002649961544
1005003328330053
4000368249845
1005001616331799
1005003037940555
1005002265179880
1005002652964950
1005002615729006
32847685062
1005002966021412
1005003239826628
32712215152
4001132744786
1005003210707807
1005001680580406
1005002989487521
32823393212
1005002245820929
1005003381189522
1005001606728767
1005003135271835
1005001584690710
1005001495105641
1005001781314380
1005002029546786
1005003125677890
1005003266770043
1005002253130341
1005002774045641
32652711305
4001202687747
1005003270258069
1005002716707959
32547935622
1005002829573200
10000367155398
1005001474583315
1005002319013113
1005002478013635
32857195016
4001274242993
1005003003566322
1005003186935009
32893606009
1005002231980776
4000294831599
33049843381
32905311161
4001131923155
1005003300691938
1005001658247908
32652877906
1005002418299155
4001055355127
1005003087014551
1005002778320182
1005001439069834
32630063283
1005002841463505
1005002724672632
1005003154890121
1005002917565662
32759044699
1005002982392083
1005003146353767
1005001610224571
32691196171
1005003051835363
4001253327779
1005002994847864
1005003382858651
1005003000499736
1005003303421685
1005003238742278
1005001855279049
1005002741321817
1005002837175322
1005003298658211
32513956548
1005001504156573
1005001585086024
1005001538731864
1005003386213807
1005002397706541
1005003375084862
1005003269559576
1005003157326296
1005001458694404
1005002801401603
32870305334
32811725842
1005001882524899
4000940978248
4001106773910
4001271173541
1005003297584432
1005002925843186
1005003036118160
1005002398911266
1005002604560777
32828696084
1005002672147126
1005002530064811
1005003197604549
1005001683113299
1005002665009770
1005003202289775
1005002367510889
32821011783
32721845673
32789210874
1005003353825117
4000274202109
1005003021651288
1005002424573824
1005003353575845
4000994911599
1005003191176086
32814640968
1005001355301932
1005003227831588
1005002938046856
32867051933
1005003105491225
1005003250536577
1005001386798779
1005001572003980
1005003234257516
1005002647256695
1005001891855130
1005003265217900
1005001505497385
32834170658
4000434017104
1005003103357110
32890479576
1005002540803112
1005002376910978
1005003279503542
4001293422249
1005002869709547
1005003271470850
1005003016686313
1005001586322052
32878585067
1005002612108159
32713909576
4000905360911
1005003027596868
32790992673
1005002652081450
1005003350460778
1005001303996572
1005002753978096
1005001754649715
4000391645469
1005001883055722
32865319796
32912499386
1005002790038593
32834105098
1005002967026691
4000592313930
1005003051503336
4001299244858
1005003132993381
32882676777
1005001557603569
1005002970486481
1005002703867895
1005002334627458
1005003146433128
1005003126825179
1005003082296192
1005001571926917
1005003241305152
1005002624243415
1005001665945469
1005002621641920
4000357699902
33035280092
1005003370850224
1005001305738725
1005002750859300
1005002558279397
32620999325
10000400043247
1005003347004627
1005003351073485
1005003082767038
1005003246164441
1005003129634976
1005001291041763
4001082046614
1005002666910814
1005002937870730
1005002782102632
1005001934461842
32902926790
1005003330659374
1005003224991868
1005002949919957
1005002272161053
1005001933832964
1005003226809802
4000569665305
1005001911877648
1005002714305879
32617689544
1005003147973680
4000552895723
4000368405622
1005003209278885
1005003259512737
32982623895
1005003342486960
1005003256760164
32697904572
1005003298221599
1005001325470987
1005001877721589
33036411560
1005002885248887
1005001718612372
1005002073031942
4000598641407
1005003075984180
33019697518
1005002771293758
33051987860
4000476189882
4000156391530
1005002511457467
4001141789941
1005003249181313
1005001592813208
1005003361192293
1005002615105090
4000023191267
1005003343060149
1005002716347523
32855738298
1005002619152322
1005002630459957
1005003387839220
1005002624931470
1005002723400470
1005002511107485
4000279956167
4001139883891
1005003214196245
4001332658791
1005002616249632
1005001520948607
1005002787823998
4001288764526
4000858810015
1005002917524706
1178828511
1005003198555329
1005003040587303
1005002176996537
1005002624253972
1005001843346773
1005003238907961
1005003295895141
1005003330159071
1005002000205715
1005003275261823
32847080058
4000790140011
1005003169122234
1005003224736695
1005001889760114
1005002264974383
2049851632
1005003137950668
4000101971015
1005002341209040
1005002534026836
1005001733143062
32871654883
1005001965749437
1005001406857254
1005003356382411
1005003082806244
1005001594491885
1005003380946196
4001350695789
1005002966516231
1005002265086870
1005003367359234
1005002432668881
4001134864543
1005001789741326
1005002571236519
1005002740514831
1005001624021997
1005003290813628
4000597293498
32998135693
1005003338140038
1005001611641874
33035517612
1005001446943233
32807379263
1005002873046911
1005002078643632
1005001471943463
1005003259151213
4000898688942
1005002266294137
1005002591162435
1005002192099887
1005003333753009
1005002952073915
1005002512787606
1005002970084697
1005002041652541
1005003372029251
1005002490551554
1005003336997175
1005002065245254
1005003113690661
4000440289867
1005002907744787
4000600459476
4001253652111
4000867157491
1005003280410686
1005003193084287
4000833295850
1005003089189812
1005003339008881
1005003297142475
32837415968
1005003317828559
4001069128264
4000997045706
1005003355207204
1005002527054517
1005002060165852
1005001763914753
1005001786899165
32785884775
1005003314040617
32887470162
1005002882255496
1005001848883722
1005002958438958
32975914585
1005003154896395
1005003283737134
1005003277737102
1005001819842468
1005003379319186
1005002768001520
1005002967496499
1005001870195800
4000763561331
1005002974188152
1005001812606385
1005003235609089
1005002648563532
4000410193133
1005002497499217
1005002935423686
4000336602507
32856247190
4000982921925
1005001321492178
1005003200213671
1005003344848372
4000023135505
32856077609
4000708811504
1005001269374172
1005003382034300
4000902130843
1005002793852868
4001076885352
1005002622791975
1005003340420103
32846385134
1005002050942151
4000794520735
1005002139869398
1005002849451513
1005003198122890
4000971634289
1005002944553606
32947990178
32954044383
1005003205694096
1005002688584676
1005003353606830
1005003172557817
1005002070440365
1005003041026494
1005003282588911
1005003343971445
4000976146448
32992857696
4000040378596
4000623491492
32888681549
32688968680
1005002775465012
1005003036587641
1005003148849283
1005003135471721
32976384037
1005003038224153
32981329652
1005002044733269
1005003019336301
4000066310169
1005001401848377
32838721978
1005002390309187
1005003214304020
1005002318295286
4001203366690
1005002044196568
1005001552015452
4001127236505
1005002928297173
1005002869864839
1005003238291129
4000018895015
1005003099577189
1005003349738400
4000040364017
1005001653400669
1005002817464211
1005003315996713
1005002197800999
1005003373909355
32829800773
4001307814958
4001292457617
1005003207791439
1005001417732809
1005003221926159
1005002599326923
1005002762001950
1005002519358173
1005003355450092
1005002996039894
1005001887616514
1005002567792092
4001086456179
1005002543029989
1005002254897008
1005002192519315
1005002208213574
1005003256687732
32721737213
32818883015
32845742865
4000823244324
1005003337821971
1005003250879944
1005003013120823
4000218183806
32854629088
1005003290820145
1005002790642267
1005001478664033
32581677706
1005002228899012
1005002309973971
1005003365064380
1005003387251348
1005002767782895
1005002963687759
4001256284613
1005001538081628
1005002693845438
4000917977273
4000925689910
1005003307007603
1005003141770043
1005001474722862
1005002151479043
1005002993176647
1005003029061198
1005002109923901
4000989638398
1005003278314099
1005003195653926
33046200275
1005003033776519
1005002433626694
4001186348757
32942923447
1005002230174012
32887543096
1005003327775678
1005003347197871
1005002337912647
1005002673297575
1005002645206944
32802402612
32845511054
1005001742467566
4000988397378
1005002984660107
4000160450435
1005002330608452
32994401301
1005002824737012
1005002274341243
1005002576273284
4001351185295
1005002582347389
1005003103577437
1005003298412526
32881704653
1005002719741675
32880021009
1005003058706282
1005002193579138
1005003093357806
1005003086977871
1005003188012087
1005002912422653
1005002246741919
1005001540651656
1005002139318369
1005003294793670
1005002347017668
304276007
1005001880622721
1005003365381476
32706827265
1005003172390354
32598483484
1005001579312985
1005003009875367
4001216955220
1005003021535879
1005002515581698
1005003148217841
1005002763337182
4000013735439
4000307377865
32916133559
1005001622530103
1005003380725033
4000402406024
1005002991353837
1005002600797308
1005001386534765
1005003310563272
1005003318825476
4000678046247
4000080174153
1005002384403278
1005002564735288
1005003155920178
32881054588
1005003092155161
1005003229358817
1005002395708200
1005002643287073
1005003304986981
1005003303767335
1005002280551821
1005002891895536
1005002912259077
1005002639532686
1005002830545109
32856792358
1005003080971924
1005003277866445
4000381306630
4000661111043
33035717231
1005001657168642
1005003187410277
1005003290316421
1005003298597629
1005003038315636
1005001592427865