1005002991486398
33006577516
1005003095817048
32862809704
1005002547324694
1005001928500123
1005002857427426
1005003209313789
32881063809
4001279367300
4000948965561
4001324485270
4000346116889
1005003192028418
1005002298973705
1005001905619145
1005002847334629
1005001993030389
1005001621397330
1005001515951749
1005002724156868
1005003174872681
1005003001077054
4000773775490
4000149074182
32444139628
4000062704025
4001109367577
1005002642562386
1005002907537989
1005003094087696
1005002485241018
4000963668032
33003668332
1005002559243982
1005003021962706
1005001802658764
1005003223056334
1005002939431957
4001200330250
4001056124064
1005003336375439
1005003381680062
1005001412101081
32974990029
1005002337807501
1005002231910566
1005003337925078
1005002510599268
1005001669581817
4000224691424
4000833249658
1005003197319149
1005002309037675
1005002652125030
1005001894874817
32947355547
1005002989214816
1005002003588112
32799867190
1005003337567165
1005002960856737
1005002480350653
1005003085621792
4000162439343
33044809725
1005002899697117
1005003016224746
1005003393595298
1005001703554873
1005002236684034
1005002336971336
1005001648977048
1005001482894493
1005003265227840
4000143593365
4000481387145
1005001590359122
1005002245867186
1005002696538549
1005002848408735
1005002015533869
32867061498
1005003233886323
32735283843
1005003217188620
1005002524373895
1005003385573309
1005003208221651
32962815234
1005002429090946
1005003365719276
1005003307064757
1005001308526984
1005003075046795
1005001500108145
1005001600129998
1005001955372304
1005003158742846
1005002775443750
1005002266607484
1005003329319991
1005003270765323
1005002763657372
1005001320480301
1005003280153959
1005003302351913
4000822958010
1005002894530742
4001178409722
1005003369930695
1005001720649473
1005003219055194
32703062058
1005003326324825
32905143695
32837542365
4001118537326
10000065834344
32868750182
32823386114
32817628585
1005002559532172
33034735456
1005003283706359
4001278913139
4000849975286
1005003160756905
1005001596420515
1005001475107767
1005002273382195
1005003069636248
1005003247600515
4000736066745
1005003288557969
1005003098339706
1005002826814087
32815765717
1005003156015241
4001006772862
4000898273150
1005002386993945
1005001739899001
1005002608675105
32639046212
1005003282199435
1005002218919882
4001266514270
4000546612744
1005001466774064
1005002865021107
1005003223797987
1005003152203425
10000358714184
32870179298
1005002678820820
1005002804067372
1005003037361874
1005003171428890
4000017616801
1005003372143194
1005003137602124
1005003330982386
1005002738525753
32817447882
1005002465928059
1005001529740073
1005003292503307
1005002919083610
4000781949185
1005002386765709
32996910738
1005001896224923
1005003228145958
1005002542998000
1005002748636606
4000245961125
4000533807161
4001241617770
33047858719
33021148647
32782488802
1005002629863602
32581891159
1005002795855438
32541760657
4000809726081
1005003381040709
1005001680506643
4000184412527
32798856320
1005003030507960
1005003170697225
1005002718306371
32922004342
1005002271766822
1005002702670774
1005002926181127
32994942585
32844762021
1005002489841912
1005003360858610
1005003346745111
4001062332173
1005003270845180
1005003303829029
1005003025390775
1005002028263679
1005003123373442
1005002919501796
1005003295108417
1005002615857954
4000383356000
1005002912274290
1005002982969816
1005002326716986
1005003391304332
1005003107976343
1005001300408629
1775682973
4001315943982
1005001495699404
1005003256143418
1005002907613070
1005002974059606
1005002973972722
1005003236442402
4001193080432
1005003036251778
1005001430568356
33012921628
1005001686488194
1005001793085329
1005003387301032
1005002808314003
1005002504419817
1005003239867763
32815359399
1005003256669983
1005002316530977
1005003388413965
1005003342023681
1005002935300754
1005002605035223
32982296787
32929388944
1005003101197874
32951161660
1005001835330317
4000054954567
32828347802
32983265655
4001219187187
1005003300690152
1005001722811834
1005003124899469
32579392244
1005002833378761
32912580604
4000126336847
1005003366414263
10000159892100
1005003180277888
1005003107211814
4000906513806
1005002977683871
4000817572598
1005002500705464
1005002577921601
1005001846325115
4001122520072
1005002803107254
1005003151350966
4000829833962
4001060944056
1005002115009634
1005002721371682
32954522634
1005002397857374
1005001620897759
32981780106
1005001631738971
1005003071700561
1005002003950708
1005003336363474
1005002957469998
10000281074562
1005003242644042
1005002938319449
1005002980865274
1005001392749048
4000618499545
4001192957976
32914020704
1005003316342615
32790551272
1005003303225350
1005003226576402
1005002783244830
1005002484318727
1005002515537438
1005003025483256
32846191945
32946798360
32956239455
1005002037776590
1005003218017165
1005002297900246
1005003100755024
4000712636244
32862953827
32881167789
1005002779806612
1005003221992627
1005001646367825
1005002630286975
1005001429031698
1005002252284693
1005002032128777
1005002264271732
4000370141673
1005003224578687
32667449999
1005002723795001
1005001817350243
1005003290547114
1005003323353702
1005002692525014
1005003321350472
33021916498
1005003383278331
32916273113
1005002983332642
1005002944817973
32464837404
1005002611607710
1005003030283790
1005003290250534
33036138312
1005002065043553
4000206236705
1005003309955167
1005002983432223
1005002084941841
1005003166974328
1005003249138483
32851600149
1005003297413944
1005002086189268
1005003150047885
32805565071
32967047947
4001321519987
1005001376791843
4000926414816
1005001683269771
1005002135052487
1005003243614298
1005002914983870
1005001813211127
1005001808496532
32815049347
1005003236266922
32719917523
1005003197355117
32855998143
32995210151
1005003026162749
1005002776248780
1005003341858900
1005002692723939
1005002894643345
1005003288604446
1005001958321072
1005001544800705
1005002028068371
1005002324863878
1005003042157187
1005002193878600
4001287357140
1005003030559766
32779933804
1005003345188072
1005002828012930
1005003302836928
1005003293767275
1005002621941175
1005002334358362
1005003380725902
1005001988305835
1005002844129104
4001108038024
32795659570
1005002442388971
1005002818105618
32828122982
1005002614979308
1005003027294722
4000096735143
1005003224344587
1005003228113873
4001219592687
4000960556893
1005002982780699
1005002936235549
32856344631
1005003301699958
4000242465145
1005002739711341
4000115778342
1005002577113845
1005002852585737
4000830822583
4001314241834
1005001365413415
32962129977
1005001581619618
1005001608357845
1005002788375415
1005003214366639
4000791223586
1005001561243956
1005001727752345
1005001708118989
4001286909533
32824502000
1005001705564707
1005003008083041
1005002999408856
1005002397736677
1005002969322998
1005002950197612
4001199767309
1005002918415396
1005003144486965
1005001760313778
1005003109028029
1005003036030948
4000556882052
1005002109660296
1005002959937278
4000644932453
1005002272151951
1005002843863351
1005003385923985
1005002393083212
1005001797905241
32445121974
1005001850733062
1005001867779961
32997544659
1005001488501706
32943273041
1005003137335596
4000945266658
1005002717532592
1005002566211312
1005001843242209
1005003239927223
1005001868435872
1005003272232913
1005002568794457
1005001871414950
1005003264265314
1005003137846606
32720421374
32702290819
1005001437504850
1005003037857460
1005003172494961
1005002647354074
32814210445
1005003330353813
1005002217586675
4000726820869
1005002578272966
1005003325066520
1005003092800330
1005003285942325
1005002692581398
1005002125645324
1005003341287157
1005003335706728
32948083870
33047096497
4000894441442
32827636549
1005002801862856
33026815351
1005001959012150
1005003246202630
1005003096614643
1005002348679615
1005002983062691
1005001609591463
1005002287931330
1005003119729990
4000744769885
1005003086436925
1005002067091420
1005001515495637
32989496045
1005002660975541
1005001832419082
4001226309067
1005003320770051
1005003261711953
32869960171
1005002568709971
32722707942
1005003275838537
1005001428985725
1005003301422126
32707027767
32910624194
32891747465
1005003353954939
1005003006312621
1005002690169601
1005002367941833
1005002631341754
1005003385014699
1005001984478089
32350744103
1005001556026574
1005002522210703
1005002327966527
1005003327224164
1005002246259032
1005001983102873
1005002901452942
1005002748843019
1005003102152965
1005002777766107
32812558095
4000853477767
1005003233782462
1005002710300670
1005003069771736
4000303129072
1005003310032448
1005003253511629
1005002483304028
1005002888753368
1005002359192553
1005001824594491
1005003183460949
1005002840321018
1005003197897362
1005002268375168
1005001425143707
1005002705147970
1005001354963006
1005003289208807
4001028166991
1005003258583674
1005002081521129
1005003162674863
32981307272
1005003047928401
1005003309838230
1005003381614274
1005003345840420
1005002431559174
1005001639784149
4000966072192
1005002939250905
1005003365115004
1005003197428139
4001038573661
1005002289268231
4001227898892
1005002287984323
4000282249365
1005002386224139
1005003382212437
1005002355821448
1005002675273250
1005003334933965
1005002837959911
4001138753682
32904300206
1005002517368114
1005003201713386
1005003101719213
1005003150279194
1005002319395165
32951841564
1005001563616186
1005002656097596
1005003070209397
1005002339927614
1005003087265001
1005003328984324
1005003340781334
4001262907696
4000301990791
1005001607356043
32852103473
1005002835494051
4000017112855
33049465790
1005002753923516
1005003166003583
4001272630321
32808202491
32524879641
33056966326
1005003071000067
4000219230181
1005002956009784
1005001780201924
1005001359596911
1005003090193954
1005003311354556
1005002708559705
1005002904643569
4000091144960
1005002555212372
1005003341383061
4001261284293
1005002828079884
1005002871313799
1005003000036169
1005001565884729
1005003144015928
4000959802302
1005002480333192
1005001867018448
1005002531379052
1005003322253900
1005003213804227
1005002813245482
32921277484
1005002532643047
1005002450954766
1005003346134281
1005003030046455
4000888440921
4000628996678
1005003246001784
1005003027330865
1005003162539690
1005003123870262
1005002831854324
1005003197238320
32514852269
1005002265360343
1005002949618214
1005003331635234
1005002963532667
32874891413
1005002387585211
1005002994126567
1005002936274105
1005001385741754
32817856805
1005002530625565
1005003301403265
4001347187448
33004382859
1005003204271412
1005002756504586
1005003296596984
1005002191523247
1005002014078517
4001142413803
1005003030095619
4000983861567
1005003276941178
10000001590521
1005002932787262
1005002795693335
1005002912563208
1005002700273006
4000303264142
32900032380
32956871536
4000318430535
1005002959657956
1005002100751590
1005002276946074
1005002950501826
1005003160230215
4001214142553
1005002747275348
1005003036532381
1005003328896843
1005003064572993
1005001490568000
32992281791
1005002006023386
1005003209245576
1005002687738851
32961570434
1005003350768566
4000910899453
1005002650545595
1005002259151129
32998323970
1005003027473306
1005002689238244
1005002467289398
4000893414551
1005001597628825
1005002523792700
1005001992055165
1005002011727675
1005003357143560
1005001899537425
1005002703248462
4001315618931
1005001264907385
33001990671
1005002374903240
32441139650
32793298510
1005001398711290
4001230671878
4000020823230
1005001899563183
32335178274
4001084257680
33056898734
4001128821093
1005002129759434
1005002758816613
1005002828750107
1005003212882123
1005002532948900
1005002235699070
1005001803790888
33024717029
32334540762
32918666734
1005002394203736
1005003330645598
4000628159666
33044542353
32340188534
1005002735568764
4001293660216
1005001894747448
1005003305187619
1005003122792895
1005002884513573
32999987759
4001027142576
32997149930
1005001652033565
1005003292110981
1005003146896355
1005001389698475
1005002606225245
32853060450
1005002954175820
10000002739522
4000943404326
1005001670790773
1005003087653280
1005002811740425
1005002680934842
1005003391406785
32999502377
1005002960918964
4000796408353
32712555136
1005002886421357
1005003186155213
1005002729016936
1005003214428680
1005002489795073
32902286492
4001025313990
1005002781350129
32818164271
1005002645916185
1005002008033718
32920953470
4000586510139
1005001355599557
1005001557505748
1005001579318377
4000131617680
4000184360078
32957541105
1005003020524981
1005003217547919
32956830969
1005003222134178
4000151799367
1005003001188311
32606534573
1005002344936834
1005002969904564
1005002805870902
1005001767681847
1005003106127195
32807006957
32902815869
1005002477877674
1005002358503466
4000986345974
1005002531657314
1005002345127969
1005002577693037
1005002727234506
1005003353749926
1005002567599973
1005002314013341
1005003229063333
4000256523213
1005002398771612
4001255530204
32966570948
4001209099308
32919175795
1005002984060808
1005002963111375
1005002612428961
1005003040459855
1005002756031335
1005001987575824
4000288477380
4000627934523
4000552620877
1005003272713938
32855874727
1005001705233441
1005003390981242
1005003305028788
1005001785558900
1005003193803594
1005003309635469
1005003340253729
1005002210592070
1005002546887340
1005003205828875
4000003595487
1005002531265467
1005002945350199
4000794144838
1005001940888061
1005001391676222
4001021671448
1005003320861075
1005003170332871
32895333603
1005003148596151
1005001425243556
4000392781702
1005003124053228
1005003327034798
32959674852
1005002616232696
1005003133177204
1005003367444000
1005003123470767
4000048016346
1005002340077249
1005003369227272
1005002818145854
1005002940026642
32725503731
1005002843191973
1005001458726530
1005001861345288
1005003008311464
1005002033300294
1005001670552974
1005001626362879
32850992124
1005002603774262
1005003382023690
4001291876189
1005002344174042
1005002997110931
4001340256941
1005003012904104
1005002362973912
33034116483
1005003221305816
32867205582
4000383262830
1005003310807296
1005002603855097
1005002058280824
1005002380803724
1005002006093017
33044074991
1005002350863660
1005003306725874
1005001397537356
1005002086262074
32964626747
4000300410781
32970371010
1005002066252267
32892243409
1005002582337069
1005003110157990
32952938400
1005002790894790
1005003222041816
1005001860310163
1005002924353336
1005002995849843
1005002776978803
1005002793683127
4000519837313
32797768234
1005003201765002
1005003047960939
1005003337572879
1005002272133162
1005003337186595
33016330772
32977495523
4000533342884
1005003282079905
1005001872608755
1005002109906832
4001046500799
1005002593097008
1005003164579646
1005002590044156
1005001430224079
1005002002280679
1005002727372644
1005002126741335
1005002015281469
4001035109087
1005003265073799
32957861441
4000767842527
1005003296719562
1005002270760371
1005003039516820
4000927469035
1005002981199594
1005002409392927
1005002693697344
1005002443854597
1005003274182876
4000675904367
4001277786706
32522490751
1005003118731744
1005003305694842
4000407294044
32377151978
32985663950
1005003171753400
1005003193789337
1005003109705716
1005001991212269
1005001977472832
32844069859
4000054025005
1005002344981575
1005003255450994
1005001946698062
1005001834878516
1005002995536129
4000986719559
4000183057290
4001176049249
4001230356615
1005003322924288
1005002863401744
32735283843
33043905639
4001038426746
1005003184427594
1005003309712193
32848403352
33015056117
32536106596
1005003148919094
1005002817255292
1005002723830003
1005003329150428
1005003211533058
1005001863985819
1005002837593502
32812640803
1005003300511286
1005001344607136
1005003282527572
1005003265243179
4001104184104
1005001678064135
1005002938320644
4000910942251
1005003386817967
1005003385946373
1005001821589863
1005001906650284
4000385606770
33002223751
4000704552604
1005003167146230
4000969681991
1005002803186617
1005001401860027
4000537157177
1005002254169811
32826872671
1005002844273967
1005002109704547
4000979282803
33059447330
1005002309435766
4000531861248
1005001664650271
32981298735
1005003351526174
1005002406434675
32588006276
1005003371319428
32642632078
1005001675194684
1005003331611867
1005003198623038
4001054371121
1005003220715559
4000449538587
1005003083964813
32998001469
1005003214208638
1005002453268024
1005002739202132
4001333424601
1005002969969182
1005003102523340
1005002747151813
32889256157
1005002410798984
1005002760322573
1005003303151674
1005003355752232
4000119072272
4000117354085
4001233985322
32805124642
1005002708465724
32888682259
1005003279255587
1005003083914473
1005002857728790
1005002934919122
1005003251587087
4001234603011
1005003223450719
32956166065
1005001969315578
4000553343503
32889724408
4001317993408
4000155631456
1005003332299168
32565059080
4001192831112
4001334520836
1005002717862101
1005003193287709
1005002533447616
1005003360039112
1005003187624617
1005002815004259
4000765174024
1005003117868406
32963230331
4001055855710
1005003076767310
1005003385303202
1005001546653094
1005002311908980
32842509999
33020707957
33048185910
4001179875895
1005001624709746
32965014062
1005003128061932
1000008179941
4000798329902
1005001645467933
1005002363762352
1005001469129401
32995326002
1005002499531741
1005002468469077
1005002719847168
33000896941
1005003342956243
1005003222628225
1005002849245433
1005003263498271
1005002731921037
1005002320138812
1005002799426930
32858307224
1005003160282539
1005003281266763
32896173356
1005003083318483
1005003123196226
4000580413285
32982699014
1005002543222670
33058643436
1005001773260503
1005003277433840
1005002692406442
1005003291561318
32837578729
1005002490207656
1005003263306061
4000738827692
1005001650679236
1005001425862651
4000473698585
4000793862770
32809125836
1005003105337492
1005001361643845
1005002884468986
1005002836209411
1005002137036482
1005003245643898
1005001407240201
1005002898577368
1005003277421418
4001095849812
1005003294782733
1005003214498587
1005002441780387
4001171833565
1005003114897637
1005001709074267
1005003294468175
1005002661715270
1005001969666849
1005002302335588
1005002862605787
32790464890
1005002937677830
1005002103746351
1005002564523268
1005002947191894
32775124415
1005002613046251
1005002167238045
1005003345554549
1005003351232362
32752619712
1005003382231397
1005003222194179
1005002758670964
1005003277875396
1005002734530049
1005002674413786
32820416955
1005001580050377
32942321382
4000348847208
32892918392
1005003129191744
1005001961523478
4000252900797
4000766274124
1005003323461461
1005001989006329
1005001823486677
1005001374372928
1005002468169063
1005002231755557
1005001304589273
1005002830944928
1005003042181391
1005002889997406
32852034952
1005003097795014
1005003321918787
1005002925901907
1005003249977745
1005003206099815
33005847140
1005002221653709
1005002110230091
1005003058493167
32851856064
1005003224431188
1005003388443668
1005001563237331
32595408703
1005002997388942
1005003270111110
1005003299699199
1005003036606666
32991043257
32969411866
1005003365196735
1005003130669100
1005003154719545
1005003337582478
4000730143535
1005003305643710
1005002711313360
1005003026178041
4000230905278
1005001997372025
32779311168
1005001705744087
32726166596
1005002768770351
1005001893304430
1005003298045509
1005002633242694
1005002498915210
1005002859663982
1005002291764917
1005003388241167
1005003245476877
32949758561
1005003248501090
1005002818080016
1005002608843414
1005002551112681
1005002790202531
1005001619964357
1005002380649337
1005003125726016
32959384950
4001254842445
32823584014
4001223054600
4001195050386
1005002443088590
4000686969332
1005003336114905
1005002301123583
1005003230502226
32514923584
32954107859
1005001579955878
1005002378835367
4000119062409
4001189323235
4000712677603
1005002680969818
1005002649475442
1005002461102047
1005002375396687
1005003338014822
4000470561434
1005002992913946
1005002252316152
32881929008
1005002278388456
4000894404116
1005001457720685
4000286839611
32854420771
1005002286356492
1005003162595690
32844859487
4000816404647
33018433641
4000450889249
1005001423337820
1005002559648121
1005003221734731
1005003117927734
1005002966037227
1005002934772524
1005001270379222
1005002721399137
1005002911194732
32971423085
32987148235
1005002520146276
1005002719531524
1005002434271386
32889677462
1005003224336872
4000983806646
1005003210556790
1005003123897479
1005001616421033
4000807680019
32904783623
1005002722380031
1005003158999595
32819827981
1005001652063814
1005003332101865
33016540568
1005003242783080
32857426241
1005002029183473
1005001407930063
1005001511492464
1005003323543626
1005002301773584
1005003031782133
4000813725638
1005002504803532
4000694013787
1005003138576437
1005002965329245
4001143255027
1005003317674181
1005001455996578
1005002544541239
32780009079
1005001379490635
32808425678
4001098962474
1005002935162403
1005003156410350
1005003309926787
1005002961217104
1005003172087520
1005003241353302
1005003320609434
32829251243
1005001956656050
1005002313585420
32895679236
1005003329182721
4000742122907
1005001652387505
1005002978521782
1005002680751590
32978292275
1005002782744620
1005003380549550
1005003042794758
1005003134515109
32500713457
1005002206026391
1005003157648830
1005003356497906
1005002932149544
1005003119413124
1005001629754321
1005001882108283
1005002912369142
4001144948419
1005003117263027
1005002260892312
1005002599662809
1005001844180041
1005003356403111
33054588482
1005001280406002
1005003023629261
32687036439
32858400724
32993661249
1005002775301987
32830475284
32809784819
1005003342852460
32818997780
1005002440125906
1005003298407983
1005002546258259
1005001983296909
1005003364873386
1005001705882162
1005001953796367
4001286489040
4000413917671
1005002043721930
1005001818360495
32848546796
1005002642346834
32821183897
1005002319120599
1005001619426231
4001160869499
1005002616679970
1005002555790945
4001257390839
1005001506145796
1005002875269600
1005002006702511
1005002448808605
32968333282
1005001585223597
1005003107797888
4000143901970
1005001386600585
1005003214437665
32579627023
1005003291902494
1005001273904076
1005002663210776
4001008854530
32579788995
32991814667
1005002937915394
32908273251
1005001466856585
1005003342804026
4001237883701
1005002786757923
4000466571208
4000627327487
1005001973483134
1005001361601172
1005003023699656
4001264265813
1005001824252620
1005002309959512
1005003386605171
1005002311644159
1005003174658270
1005001840227646
1005003187247481
1005002326470984
4000077966970
1005003251010856
1005003136226551
1005001604482542
1005003070136668
1005001441517044
4000103671894
1005002815008465
32392438417
1005002932221542
1005003081229329
1005003161731835
4000689638021
1005002357988333
32901525284
1005001594163234
1005003364046371
1005003120465961
1005003270725709
1005002766798123
1005001609580105
33013303785
1005003347162531
1005001973353299
1005003039034004
1005002548276788
1005002680258927
1005001748012293
1005001786404818
1005003303232666
33041042091
1005001953542706
1005002024253127
1005002711194370
1005003301465075
1005003277611829
1005002747226287
1005001272548906
4001151179284
1005003021707128
1005001967364085
32841830722
1005003109037191
1005002446149786
32961405318
1005003028017521
1005003253519304
1005002863303659
1005001463309652
1005002125460468
1005003085747789
1005003064355340
1005002555989329
4000599429473
1005003093095995
4001303219606
4000007030499
1005003185081419
1005003068359901
1005003261030233
1005003098180340
1005002123921750
1005003097431781
1005003302810704
32996112759
4000771161366
32888421920
4000182223265
1005003305008195
4001134392293
1005002468889336
4001127657538
4001220420717
4000224093602
32974110991
1005002316304684
4000393379836
1005002488543164
4000112139488
1005002666738137
1005003313482474
4001037700796
4000739771786
32848632469
32835716816
10000223208746
1005003165528470
1005003306060060
4000423918550
1005003379346510
4000119057470
4001066400274
1005003072123149
1005003387395902
33010477316
32828457756
1005001594959494
1005002846334335
1005001500676088
1005002132844614
1005002318548921
1005001389055461
1005002399610506
1005002971827005
1005003311883149
1005002050684150
1005002240925654
1005003072321721
1005002989097226
1005002551664459
1005001865814239
1005001678292933
1005003065839784
1005003030848340
1005003179562332
1005001792977910
1005003213994275
1005003208507567
1005002624532066
1005003285639354
32946172644
33011688700
4000223834938
4000625520049
1005002966433621
32305975553
1005003065078552
4000297110707
32651839299
1005002768600541
4000768616609
1005001902942154
4000771228036
1005002607447123
1005001809614475
4000112080655
1005001593064298
1005002350713732
1005003221862740
4000720872461
1005002719328556
4001017934764
1005003157538205
1005002651462049
1005003370573263
1005001784995969
1005003038367190
32983144485
1005002323084751
4001086830810
1005002729853083
4001118280516
32805304028
1005002647187952
32951742162
1005003158581950
1005003206092556
1005003135954229
1005003108720857
1005001456799760
4000559462033
1005003309825134
1005002271964634
1080463786
4000986963311
1005002920806188
1005001525355551
1005002977944074
10000060547468
1005003008201143
32959079371
1005003274891505
1005003249135102
1005002335824638
32920437754
1005001354306977
1005002205245395
32921346714
4000459141430
1005002907732946
4000574712811
1005002761447400
1005002642959246
1005003294224250
1005002359027773
1005003327921751
1005001627204252
32983778842
1005003253874041
1005003342172999
1005003252132445
4000837068103
1005003082297636
1005002340724878
1005003181520944
4000183432963
1005001375894619
1005003370397621
1005002395576711
32708008628
1005003143340584
4001197244637
10000343979089
1005002557995501
1005002681976659
1005003355935988
1005002369378012
1005003117695277
1005002568824438
1005002910851154
33049921557
4001268596813
4000086143016
4000825796118
33049903164
1005002855421183
1005003364801790
4000835430593
1005003001038272
4000722627447
1005001999090965
1005003066845133
32964424781
1005002368290211
4000805846924
4001358444855
32907886927
1005003173533829
1005002333649560
1005002513296349
1005002608506271
1005002516084897
32843364258
1005002860878021
32983748525
10000007983082
1005002207056791
1005002244895261
4000816136213
32974240057
1005002309932451
1005001427502219
1005002748034948
1005001321094567
1005002529868182
4000993250242
1005003352884577
1005002765908571
1005003377956302
1005003248763493
1005003318648403
1005002984405483
1005002849440722
1005002708092568
1005002827664343
1005002861576833
1005002580916286
4001106796577
1005003334996775
1005002558295441
1005003316765533
32995012778
32974553992
32288274858
32793236490
2052906462
32794055753
1005002784096320
1005003003307169
1005003086547805
1005003316262715
1005003129831193
1005003387189658
1005002648974319
1005003384553318
4001221038867
1005002939691729
1005001781450481
1005003136587683
1005002271734689
32954832549
1005003299489868
1005003329706122
1005002974983194
1005003173195974
1005003159886631
1005001932826947
4000706541353
1005002648194268
1005003014294183
1005001593176186
1005003275109396
1005003260295505
1005003096065112
1005003057685592
1005003092823221
4000438647795
1005002602798654
32946883739
4001195276439
4000931919721
1005003340305679
1005002705427340
1005002859629801
1005002260118241
32887522224
1005003307704129
1005003050078850
32822125572
4000415993165
1005001726762530
1005003004274904
1005002231956599
1005001336058552
32950248643
1005002602538051
32951093270
1005003141783413
1005002872258155
1005001824702483
32790873922
1005002904011950
32735474559
1005003285266620
1005001999878757
1005002291985150
1005002894316554
1005002798827232
32981669546
32983116837
1005002939881145
1005002879032757
4000112019742
1005001553062705
4001092006080
1005003018314221
33006536978
1005003331590870
33040393892
1005003262005636
1005003130661360
32948394104
1005003109665969
1005002990456718
32964378817
33007862197
1005003165971055
1005003256377767
1005003337934175
1005002532367106
1005001447205625
4000641232961
32981764403
1005002293357530
1005003306995363
32859838992
1005001719419164
32807367727
1005001389125464
1005001968582700
1005002760687962
1005003125411318
1005001902070566
32997811101
1005002686686796
1005003171211725
1005003017584241
1005003183297369
1005003326278832
1005002792266639
1005001705567804
1005002643797327
32971018031
1005003232476098
1005002164984079
1005001381575543
32955397343
1005002566665174
32850283351
4000382962977
1005003315406917
1005001596592318
4001068092604
1005003022703353
1005003336646392
33000093612
1005002567706360
1005003118222669
1005001941453945
1005003075067743
1005003346194196
1005001861152747
32328397707
4000460488347
1005002960366730
4001038491110
1005002570987727
1005002843796328
4000791258690
1005003032028709
1005002460204557
1005003257397300
1005003258815726
4000309830918
1005002038928840
1005002982525266
1005001423603602
1005003333768590
1005001817100896
32671973439
1005002605767345
1005003001828890
32969664694
4000704420913
1005001670670192
1005001385160625
1005002785373989
1005002874214759
4000472461005
1005003354117064
1005001912513359
1005002404228537
1005002771288743
1005002240103884
1005001429031698
1005003161523182
4001236560318
1005002356504872
1005002531091694
32970215797
4001126979222
32966828243
4000641942310
1005003080145818
4001160650854
4001038148150
1005003072492380
4000076555204
1005003150727883
32810304613
1005002340153284
1005003311801916
1005002312533433
4001154085734
1005001524936955
4001193130874
1005002871332548
1005003348610073
1005002337390081
1005002848714045
33030410918
32839229612
1005002351076343
1005002622797921
1005001982960232
1005002468692145
1005002613408114
4000282075906
4000169661970
1005002373155160
4000089579738
1005002910862775
1005001798504757
1005001894976282
1005002947626453
1005003296553175
1005002032502097
1005002999025806
10000395866855
32782196641
4000763599037
1005003082158263
4000537414602
4000600204220
1005003130153179
1005003008342385
4000933441277
1005001556248343
10000136269374
32965929422
32845718217
4001158312221
1005003251834025
4001042212004
1005002230138491
1005002351115426
1005003264666624
1005001820356695
4001210585057
1005002044511878
1005002935919456
1005001508097046
4000235733192
1005001859419393
1005003240354111
1005003301905911
33009807736
1005002398560833
32952225760
1005002686093495
1005001644353908
1005001595015051
1005001677136648
1005003083120977
4001220270215
4000233017392
1005002730557662
1005001718045488
1005002608499412
32829043904
1005003209048619
1005003036214597
1005003158326555
4001086287581
1005002104961835
1005002905420169
4001153685333
1005002228620495
1005001812261751
1005001445634811
32840331748
4000590861171
32958403169
1005003081833965
32974418928
1005002301274783
32924875576
1005002855210593
10000423500591
1005003330777381
1005003276313438
1005003346452802
1005003366607509
1005003014056582
1005003338897720
33055627148
1005002813146883
1005002429551728
33003373648
4001298949940
1005003227791457
1005002646693705
1005002348074928
4001325953768
32729992152
4000262059022
1005001456561078
1005002287552230
4000988653307
4000073761805
1005002663754206
1005001785945500
32819082891
32831680715
1005001469345712
1005001721740530
1005002289198905
32654626333
1005003121879428
4001350691335
1005003281292450
4000399246486
32881667833
1005002965553705
1005002826856244
1005001723044382
1005002936111158
1005003268423954
1005003173947234
33061138668
4000626780347
4000041124828
32861776606
1005003191684703
33019586134
4001219340092