32853433014
1005002895239650
1005002780685809
1005003299885181
32954645188
1005002986334213
1005003292571735
32869604298
1005001937213874
1005002019084868
1005003263064995
1005002530330863
1005001688486571
1005002872466435
32723248221
1005001870927893
4000575633529
1005003017052873
1005002914353100
4000333986426
1005003102183689
32969047308
1005001927038319
1005003303489689
4001042052950
1005003141878009
1005003219073954
1005002647304160
1005002708308778
33020818234
4000528972196
1005001278035130
10000061966993
1005002598035249
1005003163027418
1005002642759389
1005003070574653
1005002488101086
1005003112230138
1005002831895976
1005003128843929
1005002878393629
1005003078689042
32924885550
1005002608436230
1005002787692123
1005002684861847
1005002179293535
4000187953640
32809304531
1005001444879408
1005003280803510
10000098799396
32711441297
32891310576
1005001729406783
1005003102795024
1005002988542394
1005002991796731
33036736478
1005002963509081
33048562538
1005003209933156
1005003140586147
1005002649118665
1005003342524695
1005001882620481
1005001624992516
1005002465188918
1005002611673620
1005001998074245
4000769705503
1005002359872323
1005002241729331
1005003003278005
1005002924550796
33001976607
1005003319597151
1005002906619101
1005003314515105
4001265780757
4000829643454
1005001795872388
1005002746048769
1005003338102522
1005001817869315
1005003079950842
1005001338926854
1005003051480539
33012690163
1005003249650233
1005002802020562
32871843729
1005003303347366
4001098214293
1005002467843334
1005002993908439
32989125603
1005002918911919
1005003011355865
32832074204
4000221671530
4001146685862
1005003138701722
1005002763838594
32800604465
1005002356290559
32630887120
33046205199
2055050592
1005002753862926
1005002248188902
1005002591306697
4000392909587
1005002016319997
32958941194
1005002180736601
4001022929779
1005001593397952
1005001495829180
4000136437501
32844911190
1005002491067556
32850873796
33042647093
1005002751965310
1005001468153934
1005003186340689
1005002827652133
1005001372046122
32283396009
1005003152700234
1005002806253188
4000830709400
1005001995403121
1005001796010314
1005003310446391
4000585220094
32359398643
32914328521
33053716092
4000708908848
1005002746595121
1005002713992675
1005003313719379
4000142180647
4001037804148
1005003309603787
1005002611995022
1005001884610821
4000484164931
1005002846283561
1005003279070373
4000625492345
32814095894
1005002562169576
1005003271450933
1005002496408759
4001114649537
4001293846633
1005001667175761
1005002527818040
1005002513510623
1005002874494206
32998942908
1005003324304241
1005002798960264
1005002076628830
1005002603793449
1005002552662245
1005002898902910
1005003065613614
1005003170920920
4000272628412
32887953699
1005001380086305
4000698314917
4001194019371
1005002282150615
1005002050388802
1005001895713880
4001000918000
1005002303677724
1005003262174451
1005002446579346
33038845562
4000736200124
1005002656581775
1005002949173364
1005003238540126
1005002859934059
1005001520343060
1005001812717272
1005002613064187
1005002583523846
1005003229732431
1005001912719883
1005001529936947
1005003176712225
33023440783
1005003295003968
4000200151283
1005002176506963
1005002630215783
1005002910910757
32854184753
10000002732730
32789921898
1005003001772046
1005002482363201
4000097572688
1005003009884950
32840081927
1005001364946805
1005003056019927
4001173181865
1005002930581901
1005003133440596
1005002122373513
4000142782398
32862645315
4001273769979
1005003273671946
1005002004873653
1005001594519590
1005003250376866
1005003255131110
32974241143
1005003269437622
4001209997644
4000689802424
32769515600
1005002781703453
1005003219566712
1005002810214027
1005001444975363
1005002252732153
1005003165155871
1005003208427703
1005001466674435
1005003284624322
33005191375
1005002320148695
1005003084403065
1005002816528459
1005001827013408
32996360470
1005002924964270
1005003278230553
33011190306
4000429827912
1005003167667455
1005003392099785
1005001682783084
32832095839
1005003200662558
1005002642304514
1005002918622526
32959831548
1005001895178538
32996313824
4001039413469
1005002223902856
4000248231582
1005001507014403
4000375408077
1005001599782021
1005001572846395
32807636187
1005003277294551
1005003247446922
1005001457013998
1005002980497050
33031810790
4001018857466
32699362435
1005003119526939
1005002959864544
1005002469096322
1005003378386220
1005001836980564
32809398524
4001227372127
1005002389707347
1005003163563770
4000456778691
4000240208195
1005003188165538
32913573006
1005001984957096
1005001871033440
1005002932717647
32652142511
1005003033350970
4000708125567
4000837701739
4001119016428
1005003297675333
1005003234248222
4000260535586
32978492492
1005002612685351
1005003299662274
4001102580648
1005003158640191
1005001316475983
4000117253268
1005003090581542
1005003225161585
4001094084762
4000789769286
32946433417
32782648208
1005003029905520
1005001761879350
32701036398
4001005568258
1005002968182054
1005001994175340
1005002201641937
4001073091068
32887987558
1005001792986543
1005002667010679
1005003162120240
1005002248983714
1005002855339726
1005002603548002
1005002702559854
4000422927678
1005001625733556
1005001626949031
1005002511705415
1005002705849442
33010222332
1005002049537045
33057717584
1000008089988
1005002687845146
4001259458954
1005003224431946
1005003060915264
1005001616082935
4000760745127
1005003111179481
32854958889
1005003130048283
1005003206931402
1005002824191253
4000860522527
1005003380132395
4000802280957
1005002775563917
4001081121882
1005001707781549
1005002790448874
32826360062
1005002997047674
4000189895980
1005001369486834
1005001829504898
1005003336663869
1005002971545345
1005003251936524
10000396697900
1005001742261085
1005003269177179
1005002790970548
33022739516
4000110369168
4001199280977
1005003235629665
1005003235247084
1005003008063387
32811683019
1005003084249146
4000160438022
32844198609
1005002271823309
1005002577593031
1005003133643992
1005002977676156
1005003117869327
1005002948307191
1005003200853466
1005002978148124
32973950577
1005003303951850
4000790291385
1005002219026639
1005002083763877
1005001723553303
32881473406
4000430079943
33003189348
1005001731257079
1005002965893010
10000032307902
1005002989972717
32962623998
1005002439795298
1005001822188975
32833809726
1005003261710409
1005003133949106
1005003211683246
1005003212577248
1005001581087737
1005002768403605
32357347766
4000553134935
32744787371
1005002783773162
1005003277695745
1005003021172275
1005002406053933
32951416686
4000253412166
1005002125310662
1005002953429975
4001127669421
4000899041359
4000719567881
1005002006537757
1005001549421055
1005003100602106
1005002527857319
32723899660
4000832220254
4001212601515
1005002339301710
1005003265407231
1005003168751949
1005002465837498
32728732989
1005002084415383
10000002753085
1005003221003955
32866184562
4001261055004
4000368144121
33022941077
4001091629721
1005002496028123
1005002352666159
1005002901909736
1005002426469220
1005003346131274
4000113734867
32917123068
1005002721371011
1005002959860945
1005002426788508
1005003334704967
33014343346
1005003383314044
1005002306670207
32846432583
1005003069635285
4001075393322
1005002549536970
1005001564521904
1005001413112937
33022174868
1005002488260620
32831799553
1005003322160936
1005003307014693
1005002008209768
1005003140317866
4000058065266
1005003188825450
1005003379781731
1005001399031398
1005002932031427
1005001950309373
1005003218668843
1000007629874
32982402841
1005002091222568
1005002250267740
1005002524469191
1005003101882466
4001114815328
1005002176686978
10000033791176
4001069457018
4000447921906
1005001725806133
1005002428577085
1005002900413836
1005002043315607
1005002545189512
1005003303769691
32982348133
1005002494333552
32742499863
1005002064950316
1005001895599527
4000201536993
32858632073
1005002315959511
1005002107024664
1005002784705354
1005003305489694
1005002640898957
1005003387829049
1005002963281505
4000288205732
1005002650635645
32933178659
32858654413
1005003229433795
1005003165386228
32919040476
1005003117940851
4000945644036
1005003032898303
1005002647294701
1005002885719863
1005003215281345
1005003119047542
1005002438991843
1005003330582263
1005001916345894
33009248959
32862664948
32949979416
4000105444159
1005002727561130
1005003255412487
1005002932074271
1005002841560845
1005003383729123
4000707344747
1005002903370378
1005003208522344
1005003038199670
32871638706
1005003158139012
1005003296960219
32692035668
4001066021030
1005003214699864
1005003081535043
4001041800477
4001214411966
4001216772877
1005003234299957
1005002766770750
4000789578771
1005002086126883
1005002051373882
1005002658869447
1005001406544737
1005002613145125
1005002863013300
1005001821895280
1005003147870777
1005002122295829
1005002753448174
32999418517
4000295660273
1005001424544221
1005003034237099
1005003356594854
1005002753889611
1005002165142226
1005003093582825
1005001592557447
1005002933594285
32855205262
1005002992315835
1005001497016819
4000220678363
1005002110483093
10000142847483
1005002211923009
1005001461781779
1005003380653214
1005002672773284
1005002822889013
1005002492765156
1005002866822737
4001161628828
4000570123472
1005003112853085
1005003319809492
4000470124451
32984374973
1005003316157583
1005003262069401
1005002503969952
4001134640376
1005002716690079
4000795106830
1005002704950523
32976503321
1005002546258101
1005003032816600
1005002307727788
4000772068971
1005001999189046
1005002570221773
1005002724718197
1005002133903487
32862298925
1005002306100709
1005003375520396
1005003338136319
1005003308795291
32921062843
1005002286960690
1005003302648962
1005002981768089
1005003067787949
1005003306695290
1005003101448121
1005003198602423
4000670669135
1005002212099120
32786256814
1005003272600331
1005003207958698
1005002608846970
4000085476603
1005001896007400
1005002455033692
4001149292855
1005002554906520
1005003208503567
1005003134173501
1005002589014005
1005003033390567
1005003303148694
1005003027229442
4000557276427
1005001777226384
32981197091
4000114095856
1005003297412226
1005001265876705
1005002958466035
1005002600885951
32977932548
1005003329033375
1005003048242719
32856601030
1005002651140231
1005003366352888
4000021581177
1005002547427452
4000108918495
1005003134237469
1005001425339938
1005003075957578
1005003186191480
32974039950
4000113501762
32845254311
1005003318077990
1005003235266595
1005002799466680
1005002305160975
1005002780090133
1005003335871457
1005001792988498
1005003136885543
1005002782235840
1005002516921565
1005002513271516
1005003161583656
1005003348251575
4000317013705
1005003026269900
1100253953
4000974328495
1005003157031823
1005002776312386
1005002702850712
1005003120360568
32622679273
32794337046
1005003014825985
32985477812
1005002549623332
1005001356425129
1005003098406443
1005001747525713
1005002680789979
1005002647284477
1005003102907401
32868102285
1005002927656479
1005002730641289
4000121449530
1005003190413009
32853247515
1005001406913400
1005003259804792
1000008421334
1005002286199256
1005003021079544
1005003072204144
20000004434383
32860802335
32728741083
32970030241
1005003003847482
32854630158
1005001330192619
32835132676
1005001897433219
4001347102710
1005003304396950
1005002012180106
1005001565282634
1005001741591197
4000118447352
4000301222232
1005002629418524
1005002527045341
33013843838
4000467383479
1005002781810742
1005003298949927
32825507163
1005003057523699
4000263731042
4000023752011
32967225278
1005003229869062
32985182404
1005003224806763
10000399947467
4000615000245
1005002261535143
1005001477871887
1005003219679305
1005003166028090
4000283189875
1005001279734642
4001226354666
1005002030671019
1005001474177999
1005003330733406
32978809594
1005002939994444
1005002624458005
4001118199834
1005003060978798
10000343974262
1005003269575118
1005002862450286
4000843216885
1005002513283091
1005001899975578
1005002557297807
32823693272
33000706667
4001265584926
1005002027223768
4001148127271
4000111767641
1005003381889797
1005003080905818
4001039136199
1005002309762582
4000505527479
32876384478
1005002874242129
4000708653716
1005003376667706
1005002401319024
4000505834485
4000928322033
10000350950384
32991569432
1005002564268035
1005002953407657
1005001519790021
4001153320214
1005003340511077
4001219559908
1005002336014221
1005002895133637
1005002899275710
1005002122455662
4000464872023
4001027333779
1005003296414469
1005001958114846
1005001994460714
1005002271080982
1005002320924313
32807015320
4001060520137
1005001367924473
1005002788977897
1005003001385965
1005003028120554
1005003336206145
1005003303258832
1005001943471860
1005003146417024
4001059099913
1005002917178940
4001025472762
1005001365883783
1731625312
4000771215802
1005003239512123
32356182704
1005002536789300
1005003080548395
1005002998235394
1005001922208050
32883666306
1005003120217615
1005002581031647
4000375538201
1005002112736650
1005002533303847
1005002318755888
1005003360280591
1005001560197180
1005002014748858
1005003037062295
4001039456412
1005001774618439
4001095390476
1005002474509044
4000884628637
1005002924860414
1005002307270889
1005002702370622
1005002637695949
1005003246760944
1005001600115439
1005001995040519
1005002049409715
1005003175889957
32924370229
1005003099114463
1005003309993673
32721400597
1005003206186934
1005003038670712
4000167255830
1005003156877642
1005003345552968
1005003283869513
1005002763580599
1005001515575234
1005002997392729
1005002527822458
1005002731802777
33049997151
33028632623
1005003167297191
32364083545
1005002656666969
1005003296941593
1005002614250615
33062182375
1005003157355675
1005001317236143
1005003010627652
1005002943888447
1870654147
4000521743396
1005001832001589
32792732240
4000414294651
1005001970161475
1005003116753906
1005002454268315
1005003300270811
1005003096678734
4000148683000
4001125565213
4000082046668
1005003380074459
1005001922939370
1005002611534776
1005002821368052
1005003218289657
33037174663
1005001900189473
32887674431
1005003303229360
1005002998084970
1005002831871135
1005002723238506
1005003115412723
1005001833319469
1005002507159881
4000272922663
1005003021030823
32907374144
1005003090435066
1005002828265061
1005002892188662
1005002593166948
4000809001532
1005001967909711
4000085013046
32338206462
1005003366058448
1005003064840080
1005003000208697
4000091144960
32964519361
32988889043
4001253322611
32975835565
4001176914832
32856757165
1005001995833458
1005003202909868
4000239602805
10000345635597
32982117950
1005002418970525
1005003342107436
32934012741
1005002330288483
1005003035373032
33059464433
1005003277274287
1005003315139033
1005001878590004
1005003202547283
32638275884
1005001602635034
1005002191134230
1005003157914401
1005003337967414
1005002293885678
4000259712948
4000056983983
1005001728769538
4000321732327
1005003030562781
4001290319447
1005002960535672
1005002980007194
1005003097722058
1005002784003229
1005002111561940
1005003149291456
1005001419275110
1005002901606156
1005003105176235
1005002746240555
1005002635743878
1005003222431397
1005002895807206
32856907759
32967542582
1005002682561949
1005002450475593
1005002028563407
1005003188544911
32985923935
10000019723449
4001150100650
1005002060008239
1005003096817842
1005002662757853
1005002745674054
1005003337635759
1005002874912941
1005002662611949
1005001792201340
1005001988813423
1005001988742012
1005001329712662
1005002569591169
1005002816850255
1005003390184625
1005003108578555
1005002926829079
1005003190394457
1005002221432247
1005003210934603
4001094473350
1005003146034732
1005002265148717
33029168464
1005003026183091
1005003132912017
4000283402889
32901798238
1005002968071003
1005003128750680
1005003175572989
1005002856900956
1005002608861827
1005003180761723
1005003381501215
4001197434950
32946384085
1005003303450854
1005003175790953
1005003217744251
1005002121700975
1005002194565957
1005002889209560
1005003299449961
1005003177912825
1005001591658291
1005003224312077
1005002100322334
4000799693816
1005002482259204
1005002871339747
1005002949219550
1005003066023109
1005002085178036
4000035853394
32801502121
1005001709021021
4000090778095
32411945415
1005003168119229
1005003345867128
33041742196
1005003374282734
32753069597
32967117931
4001039284574
32962039968
1005002875813747
1005001893209673
1005003258726102
1005003079594465
1005001855724582
1005002534779933
1005002888212234
1005002910366472
4000124104673
1708004842
32690855303
1005002961445361
1005002557344659
1005002635031493
4000364901783
1005003300835327
1005003329326410
4000693735239
1005001437467992
1005002623360732
1005003007112392
1005001658727904
1005002304419325
1005002802831044
1005003217384925
4000987252736
4000497860902
1005003208236563
32984228181
1005003101317251
1005003015327284
1005003176190494
1005003280539144
32987894311
33005554606
1005002900005070
1005003292866601
4000893885245
32964781408
1005002008852834
1005002937127618
32906628804
4000565946622
1005003330571381
1005001362359899
4001101399097
32832358831
1005002482196980
1005002773945501
1005001748507200
1005003271332763
1005002876821322
1005003163407344
1005003287439391
1005002814457346
1005003278479101
4000959038311
1005002588296736
32993839104
4001186137019
1005002297900246
32843073438
1005003149682695
4001042573542
1005002760476253
1005003230398834
1005003001692828
1005002275423813
4000817988413
1005003213379097
1005002443476682
1005001947416790
32842457654
4000641172608
1005001355593880
1005003357871443
32792449642
1005001373618802
4000377720891
1005003204305283
32819956803
1005002966556245
4001233252928
1005002925794541
32892386994
4001047209125
32822170558
1005003070906157
32336672588
32850392696
1005002605917804
1005003247585785
1005002922384082
1005001464185147
4000689741714
1005003083865478
1005002685868914
32820674519
1005002348610899
1005003024780055
1005003365988995
1005002958386218
1005002350862007
4000032740003
1005002368614669
32817354498
4000874903399
1005003266683152
1005003151584442
1005003218530596
1005002408040703
1005002712608170
1005002918325529
1005003281536483
4001055831968
1005003126885759
1005003379293587
4001252592193
32953077186
1005003050617634
4000767654994
32854791945
1005002125013249
4000272055554
1005002483535664
1005002745762708
1005003380112639
2051544763
1005002345569846
32859698003
32594879386
1005002808631441
32762737257
4001294567531
1005002012636206
1005002060757701
1005003111309224
1005002950033823
1005002390328565
32869118275
33000906815
1005003218093260
1005002731054429
1005002737462215
32708232610
1005003099712099
33053369881
1005002110970501
1005003127208073
1005002735004386
32957065111
1005003179375560
1005002920567211
1005002670763507
1005003322671165
1005001860405238
1005003140307326
1005002767066735
1005001680516552
1005002298324292
1005001495908679
1005003296480852
1005002665731777
1005003196972957
1005002011928570
1005001825346241
1005002859113137
1005002434881492
4001218725686
1005003346800891
1005002361938738
1005002828822875
1005002761777063
1005002710592698
1005002824750935
4001355065635
32878415232
1005003118507421
1005003268617756
1005003262399589
32875395341
1005001840288903
1005002911784548
32603005104
32905566977
32757506478
4001204718903
1005002518006253
1005003176468537
1005001608589667
32678414630
1005002615816831
32804321083
32909097948
1005001594383698
33045277709
4001290665974
32882849577
1005001616784242
10000395869093
942670226
1005003144878209
1005003019514073
1005002933556702
32813649302
4001129669000
1005002950602724
32992756315
1005003349855252
1005002552457529
1005002577768776
4001061120111
4000795002900
1005003133323951
1005002689456495
1005003165068936
1005002737039317
1005002802292150
4000076456344
1005003342183690
1005002862827172
1005002642205896
4001282304068
1005002995226583
1005002622279509
1005002990593197
1005002532918288
1005003173858167
1005003342067108
1005001788887300
1005002779878385
32826732285
4001008050959
1005002288848843
1005003338828587
32846966241
4001192927628
4000674518024
1005001750812285
1005003324685024
1005002988710672
1005003203886638
1005002640966147
32851786287
1005003336655880
1005003226434337
1005002876850113
33050896132
1005003155811748
1005001696239488
1005002517526093
1005003140227799
1005002982253300
33028466565
1005003280874844
1005001795038769
1005002938915014
1005001463757647
1005002648595792
4000112500584
1005002003466743
1005002421455682
1005003128064399
1005003371098524
32378712983
4001095283705
1005003090412211
1005002277667937
1005001831059479
1005001802552640
1005002530201725
1005001424814847
1005001714207226
1005002197144660
1005003364991940
4000892078073
32846992474
1005002511456280
1005003243319309
1005002984328501
1005002745038770
1005002798894100
1005002761622284
1005003387774535
1005002590124214
4001011127965
32970114569
32474338221
1005003098964993
1005002221500294
1005002232378918
1005001284623818
4001314317028
1005001520538534
32913146802
1005001750212991
1005003069700063
1005003275629091
32736668275
4001190002892
4000582932400
1005002739366112
1005001469438549
1005002949308748
4000610836147
1005002023415544
1005001726430016
4001132148478
1005002868527795
32979015536
1005003365218006
1005002111340864
1005003113477565
32879656467
1005003374800850
1005003143701008
1754285365
4001068802174
1005003122809382
1005003124660600
1005002593041073
4000800536847
1005002404228537
1005003107291087
1005002042759626
1005002925480057
1005003164914017
33060559580
1005003356052473
4001033247498
4000221395345
1005002449175020
32853169204
1005002530322525
1005003321687820
1005002755240389
4000769889697
10000343880362
1005003201230352
1005003163482857
4001359463130
1005002310653148
4001324140967
1005001401816852
1005003336253577
1005001769488752
4001248340271
1005003062428172
1005001868899277
1005001905807048
1005003161863845
1005002289317693
4000755335471
1005002333219119
4000186984459
1005001921502500
1005001421422478
1005003374733492
1005003345623049
1005002989232716
4001323571507
1005002289030713
4001010749246
1005001298714852
1005002563459978
32947245148
1005002548553973
1005003331637483
32466860509
1005002324460089
1005003136279882
4000233154245
4001142647421
1005002763661144
1005003297926110
1005002855259772
4000073832286
4001356742133
1005001499679306
32837554774
1005002863462261
4001148236149
32832251035
1005002466317079
1005002226011488
1005002657728563
1005002527916306
4001127129377
1005002579987671
1005001671079998
1005003008478595
1005001977432460
1005001355962301
1005002776400398
1005002724812243
4001191345848
1005002593475391
1005002490003608
4000726381138
32990034335
1005003021724048
1005002511298537
1005003359683690
1005003276801788
1005003213021037
32959259499
4001110811983
32849735416
32852620436
1005001835198100
1005003193477386
32373497853
4000933434872
4001084574421
32803723196
1005002911181416
33049758098
1005003001718286
1005003032992734
1005003197235601
1005003097906130
1005002665076542
1005002941637249
1005002645936727
1005002433144907
1005002245932539
10000397580829
1005002469211141
1005003164667597
32950902614
1005003065928506
1005001349498536
1005001765696038
1005002643884225
1005003188522643
1005002052051671
1005001333691370
32791185796
33027987943
32892246641
4000233013080
1005001686201877
1005002579427775
32814091235
1005001983533088
1005003003489466
1005001893194737
32890294766
1005003386285639
1005001620025352
32828118645
33062519593
1005003152906878
1005003155384522
32961793570
1005003310818615
1005002879537681
1005002863848343
1005003141134178
1005001597376786
1005002717664306
1005002542460491
1005003250908977
1005002562111948
32955234023
4000773654176
32847830500
4001262877372
32863722937
1005003016207103
1005003064515006
32889063306
1005002314007945
1005003016321807
1005001313278139
1005003005171477
32589605694
1005002937886915
1005002913154404
4001289750379
1005002375501368
33008659179
1005002927166688
1005002570545367
1005002700206610
4000325316350
32882649155
1005001314453682
1738074555
1005002252500249
1005002911883656
1005003263345375
1005002963634823
4000979429876
1005002020024033
4001350754417
1005002345761520
1005003065051862
1005002605674361
1005001327235840
32860047361
1005003273393046
1005002510790211
1005003218293317
4001174694721
1005002975638009
32955476130
33035043649
1005003203566129
32696886862
32954416119
1005002717070569
32847837837
32889325878
1005002930548226
32959761265
4001298018980
1005002175140748
4000605808625
1005001873959148
32957934243
1005003348923358
1005002417445428
32732869150
1005003001746207
32910702076
1005002275497317
32974549943
1005003339596944
1005002823155634
32785141305
1005002719836002
1005002664809281
1005001592209151
32814192932
1005002945592499
4000077152034
1005002512446117
4001278791875
1005003022242684
1005001948753942
32872411775
32967418767
1005002418326801
1005003143132764
1005002270916060
1005003179488784
1005003281042822
4000155828460
1005003212361244
4001282807506
4000789388480
4000989539232
1005003092327301
1005002751540597
1005002426838014
32966993357
1005002921758202
1005002610208311
1005002246902997
1005002218441602
1005002842559859
1005003217339146
4001278921069
32970140286
1005002554879193
1005003190351390
1005002831528831
1005002965218260
4000580557439
32713162103
4000809356457
32863835624
33003356882
4000484282402
32883558161
1005002318899683
1005002738482368
4001036654056
1005002012872293
1005003073121203
1005002970717949
4000917927311
32955759697
1005002893603810
1005001438827547
1005003026179034
1005003000357109
4000215729716
1005002686606054
1005001967622883
1005003278446340
1005003236389477
1005003385152723
4000202773735
1005002974883764
1005001748341767
1005003035325448
1005002837300828
1005003322984842
4000430637299
1005001580017079
1005002828391706
1005002333128749
1005002328824199
1005001526209907
1005003102889975
1005001423199787
1005003109907010
1005002141476039
1005002056111592
1005002876318631
1005003069429167
1005002954423708
1005003349418633
32994630003
1005002481885576
33029303402
1005001375530906
1005003188517371
1005002332863684
1005003357443229
1005003038195728
1005002821730946
1005003336166487
4000265009615
1005002398851093
1005002778540421
1005002657892036
1005002210123913
1005002642592296
1005002835541203
33051314288
32817945204
1005002474967597
1005002442284868
4000856333063
33005941105
1005003290353638
32991890392
1005002377805810
4000873921284
1005002777817777
32628712186
1005001423190506
1005002294422052
1005003340359731
1005002128325785
1005003308576946
1005002571844790
1005002657462928
4000308189039
1005002001125766
1005002949434112
1005003161029127
4001042389321
1005001408331171
4001332426141
1005003328617171
32883546762
1005001645315244
1005003037522119
1005003330187522
1005003205324349
4000533263504
1005003305372177
1005002289523417
1005002246074305
4000770377052
1005003390414633
1005003352811991
4000626101194
1005002399649831
1005003351915732
1005001656830288
1005002796728817
4000376939619
1005002950201859
1005002960360627
1005002739321789
1005002189530625
32810674201
1005003341857145
32698804504
1005002275750933
1000001715961
1005003177441606
1005001661384929
4001048140085
1005002358740285
1005002494611838
32978883635
1005002426401332
1005002718001248
32974042719
1005002837206830
1005003016587896
1005003019145634
1005003021479277
33024442909
32813514096
1005003116726058
1005002906494766
33059583124
32828443879
1005002967740539
1005002651474661
32974570901
4000452581858
1005002938730906
1005003141125105
1005002694682202
1005003123679153
1005002699002114
4001321725571
4001186386266
4000916620337
32820132105
32947355547
1005002180430210
1005002795906944
4000492805037
32979149572
1005002077464904
1005002511442128
1005001391525934
1005002057970905
1005002667364770
1005001515417697
1005002651820622
1005001576989580
1005002790140982
1005003342752801
1005002136462953
1005002992830632
1005002460519903
32963788008
1005002530756604
1005003259096463
1005002907639968
4000660220687
33015033516
4001271439607
1005003322196336
1005002454690573
1005003094021959
1005002410905434
1005002389134737
1005001264979535
4001150023766
1005002430856335
4001172244150
1005002483443248
1005003308562523
1005002822081552
1005003219544311
4000171022836
1005003037048513
4001208782105
1005003171596337
4001067033069
32874808616
1005002878810325
1005003042219072
32800364979
33005391744
1005002866646549
1005003363566231
4000630481336
1005002734067219
4000573002417
33033863543
1005002356810997
1005003337875117
4000220178301
1005001575369955
4001146696646
1005003269597775
10000012059110
1005002670273930
1005001501245502
32871287307
1005003345545352
1005003198590112
1005002557673367
1005003310264156
1005003040082301
1005003030791579
1005002953550156
4001041001910
1005002608923296
1005002049491913
1005001398269519
4001271173541
1005002313682645
1005002982200818
32844814800
32817035807
1005002748232003
1005003188374074
4001340086386
4000166369323
4001038298709
4000186155217
1005002208019823
1005002624789507
1005002448697313
4001153371315
1005003210581641
4000328701673
1005002981599916
4000206987032
1005003184409736
1005002032903455
4001228242064
32950353601
1005003263613512
4001119434069
4000310862482
32840417908
1005002466093809
4000782379218
4001133197555
1005002776428704
1005003288043726
1005003333739485
1005002395510345
1005002797412851
1005001596890652
1005003096732753
1005001907107581
1005001620419667
1005002809818040
1005002371815146
1005002969986968
1005002788033139
4000744763717
1005001645140501
4000597068626
1005002862960123
1005002136198400
1005003275094182
1005003106436425
1005001781427991
1005002835459266
4000742123650
1005003280771985
1005003241516434
1005002513035231
1005002969752707
1005001888447233
1005003005177441
32848753382
1005003296641215
4001044265797
1005002599333434
4001112377629
1005003286632365
33006980414
1005002291343887
32886954768
1005002299019745
33052931000
1005003004397480
1005003263755275
1005003068606268
33060918196
1005003343865828
4001279324683
1005002567823555
1005003223542871
1005002733267350
4000005213815
1005003252040912
1005003267686025
32435999234
33060799053
1005002305678142
1005001847315163
1005002843146171
32960583992
1005003132865403
1005003092705880
1005003297529323
33034285371
1005002182168342
1005002796047652
1005002696507360
1005002955615218
1005003044133871
1005001830457489
1005002121821481
1005003266322135
1005003304164091
32854777734
1005003168227777
10000052685720
1005003349813661
10000355164903
4001104853773
1005001933166628
1005002511364409
1005002383544425
33001589976
1005003379286220
32995618952
33035409570
1005003164803579
1005002086099129
1005002287549072
32830095131
1005001972576379
4000276207940
1005003100402698
4000143668935
1005002032560194
4000269219788
1005003204255185
1005001775815474
32813403634
4001257751623
32900238821
1005003214044240
4000910221061
4000661524417
1005002376731472
1005002069175304
1005001894997221
1005001600053775
4000735020009
1005003088340421
1005002283138930
1005003202874218
4000416827260
1005003158977362
1005003374858895
1005002629770369
1005003204180300
32826550416
1005001893251554
32961526579
4001132292122
1005002753389526
32879545791
1005002229686869
1005002479008102
32996622337
32823019308
32798726128
1005003019380193
1005001525467125
4001160292513
1005002801324076
33013801271
32820328027
1005002782120659
4000738680523
1005001967441995
4001205065010
1005001493266084
1005001823529590
1005001424246430
32958190379
1005002814171068
4001196406941
1005002995263449
32846925440