1005002683679620
32990657235
32510335468
1005001902862528
1005002679799131
1005003090420700
32654582708
1005001852124737
4000807980480
1005002313559992
1005002659008862
32825277821
1005002937612845
32826131040
1005003337710605
1005002114210937
1005003223367507
1005003241466822
32911806624
32925045377
1005003312029076
1005002635741387
1005003326824870
1005002723421460
1005003329346020
1005002014884108
1005001895584014
4001227134196
1005003326070843
1005002304711136
1005002869701102
4001251779080
1005003014801861
10000098962559
1005003292553814
1005001397469359
32882524630
1005002289093595
1005002631593310
1005002586627578
1005003337360946
1005003039692932
1005002844290206
1005003163875750
1005001830443106
33003852835
1005002288261249
1005001439648339
32813946039
32916903466
1005003077188334
1005001817548516
1005003160782635
1005002448573645
1005003041162819
32756708203
1005002275366883
1005002260420956
1005002823053498
1005002617699706
33000836837
1005002875561145
1005002205844082
4001260832583
1005002616235627
32829434521
1005003209306940
1005003060757368
1005003332136374
1005001750172742
1005001762524028
1005003380555206
4000709705503
1005003072783445
1005002801141397
1005003316932521
32881974351
1005001437755736
1005002939169052
1005003262241061
1005003138829332
1005002563467386
1005002457413749
1005002062050190
32793875080
1005003264934868
32989934381
1005002620493362
32790465391
1005002742278120
1005003268694386
1005003004327175
1005003188399796
32763206798
4001272023588
1005002594156047
1005002206017892
1005002770913700
32826826608
1005003372786824
4001000070796
1005003093606088
32819921373
1005002561781143
1005002655912081
1005001495634110
1005002554562434
4000107598237
1005002969434236
4001053728261
1005003247705779
32924386764
1005002210158912
1005001776053176
1005003108366378
1005001525428579
1005003084258499
1005002675397512
1005001926468983
4000102712992
1005002343891151
32825981089
1005001834988842
1005002781035101
1005002567279000
32896581184
1005003370471645
32960406948
1005001449227118
1005002924910471
1005002761063300
1005002580005148
1005003140319242
32928224181
1005002616169182
1005003065879444
1005003135912083
1005002301316611
4000925587426
1005001873819497
1005002281136325
1005002829627465
1005002746758525
1005002629997251
1005003329960148
1005001416799438
1005003070039721
4001350415630
1005002338769102
4001331631428
1005002930641788
32853578536
1005002862125640
10000089471106
1005003310575457
1005002940035740
1005003380913507
1005003314665276
1005002598256033
1005002631835917
1005001425034498
1005002763212834
1005003157598076
1005002288324196
1005002266167945
4000393082908
1005001901878794
1005001518614978
1005002596859013
32927803943
32844847507
4000445515255
1005002542035254
1005002598105065
1005001322938304
32906665944
1005001289641835
4001275045273
1005002342369148
32856361691
1005001315765548
32951038641
32855163538
1005002983718057
32756015396
1005002783868068
4000318376002
1005003362617895
32864875612
4001097463323
1005002950911501
4000124512797
4000729678947
1005002622414978
32966604290
1005003268035888
1005003134264640
1005002994651656
32897338112
1005002467582682
1005002038419181
4000401212935
4000859375765
1005003223114405
1005002208220224
1005001938052334
1005001961927079
32827426436
4000115073274
1005003212696840
1005002589520403
1005003144300037
4001032776846
1005003019407972
1005001962084202
1005002093906171
32989566652
1005002231671972
1005002275580313
4001061817200
32687782075
1005002533722012
1005003241854014
1005002958042344
33007133389
32847197976
1005003050538331
1005003320093624
32948540394
1005003137941454
1005002889791142
1005001620799636
32972559942
1005003081883474
1005003353521719
32597073394
1005002848036226
4001064101411
1005003365749018
1005001801045244
1005002866603949
32864398495
1005002796799158
1005002304093063
32842044392
4001160755540
1005002744067207
1005001933259988
4001268500004
1005003042126883
33045841314
1005003371599783
32988010223
1005002369665870
33014079154
1005003297772803
1005003273221592
1005002184471561
1005003063501757
1005003056427730
32880665561
1005003191490758
1005003264955634
32728216705
4001211057239
1005002363829801
4000537188220
4000143925627
1005002823460977
1005002395876292
4001223939408
1005002856204344
1005002339128863
1005003022189459
1005002588967788
32774514110
32964526832
4000300145360
1005003160996177
1005003201699993
1005002938844507
1005001458241757
1005002246289680
1005001439093693
1005003298869027
1005003149713454
33034974901
4001173140647
32807311039
1005002883855591
1005003359377674
1005003019521025
1005002424008103
1005002984310240
1005003280063053
4000927241669
1005003374459753
1005003051136088
32898528248
4001090627620
1005002941766882
1005001786870978
1005002193887541
1005002264060183
1005003107433661
32793264559
32948180202
32869385270
1005003333914062
1005001887724204
32906495733
1005003317976696
1005002769157582
1005003047846359
1005001760255108
1005001319041387
1005003256819479
32527509523
1005002960881440
1894393439
32982705304
1005002730237245
4001149734624
1005003095097766
1005002598834362
1005001775388960
1005002350416089
4000835299297
1005003107218733
1005003328899327
1005002011489633
1005001519690020
1005002584617530
4000451067806
4000310858371
1005003293064735
1005002783276442
33055271104
1005002440569891
1005002678907195
1005002975614109
4001241638643
1005003063434598
1005003331317197
1005002998967833
1005003002718478
1005002777923396
1005003167360093
4000538619706
10000343871704
1005002107584425
1005003323117053
4000413571492
4000123593822
33060410846
1005002979537092
1005003095481919
1005002280966448
1005003251320150
1005001687972727
1005002603754027
1005002701373406
1005003336894358
1005002652678282
1005002280738775
1005003146433015
32860274253
1005002357555733
1005001783243549
1005002003315902
32915125557
1005002314269584
1005003204381086
1005003129977048
1005002610661275
4000963907101
32881404812
1005003159024144
1005003201805930
1005003353370269
33005803508
32913377871
1005003385631994
1005002699668183
1005002970969934
1005002193007038
32947642736
1005002387180337
4000587360235
33002624288
1005002838309476
32342099759
1005002776356239
1005001398545855
1005003325290308
2000321014
1005002782357717
4001251000538
1005002745172468
32884459276
1005002439833713
1005003035426381
1005002346875183
1005002484936589
1005002467031629
1005002783444996
1005003116901853
1005001731094943
4000326309459
1005002065849210
1005002800939837
1005001524061311
1005001444698059
1005003298551490
1005003304663062
33005544840
32852276654
1005003256480387
1005001835409128
1005002433611012
32894305942
1005003086368977
1005003075869751
32816444900
1005003348857928
1005003022056041
1005003306926748
4001283144526
32918433703
1005002632500366
4000543213380
1005002159466888
1005003223979196
1005002922292523
1005003124945629
1005003244190442
4001142201212
1005001456872367
1005002765669761
1005002901182764
1005002828409046
1005003246532744
1005002193734928
33008365668
4000215465820
1005001879113182
1005003092983711
1005002597958127
1005003060414379
4001339536130
4000766946611
1005002530736641
1005002947705373
1005002964284770
4000743703759
1005002276526393
1005002907910134
1005002536794289
1005003359259896
1005002747657428
1005002532123057
1005002415834860
1005003124950834
32964318332
4001138288916
1005003299484234
1005001414361622
1005002142392845
1005002998475448
32849802541
32677880312
32671393585
1005003086658234
33052911399
1005002739493598
1005002982045565
1005003075605757
32961589916
4000725951067
1005002977612178
1005002873186435
4000666242157
1005002965425234
1005002927840277
1005001483096156
1005002913006785
1005003206643584
4000713938543
1005003058710156
1005002970072483
1005002301023664
32859570835
1005002378658203
1005002510925232
1005003392772824
32993733694
32591991329
1005002452934351
1005002763674755
1005003288493157
4001056671795
1005003023465734
32924454292
1005003012262585
1005002496285505
4001093896355
1005003315573524
1005003082089854
1005002428987065
1010000401790109
1005001465159994
1005002848776548
1005003325814447
10000087391597
1005002703045116
1005003242411384
1005003337932875
4001038601451
4001302095068
1005003148719789
32975477046
1005001566529208
1005002946999110
1005002841446578
1005003228052181
1005001267301592
1005001310932460
4000079842402
1005002678903467
4000047938717
1005001502456463
1005001414050117
32888425592
32982507730
1005001972290913
1005003335918615
1005002696061998
1005003102801868
1005002751643635
32886166066
32790807167
1005001658372915
1005003366056917
1005001960779224
1005001934472363
1005003385443644
1005001802998773
1005002313226175
1005003137071024
1005003026442980
1005002309335686
1005002268623130
1005003146829582
1005001287027346
1005001973188813
1005003324555272
1005003109499849
1005002344398827
1005002754549772
1005003129668507
32663202625
4001057868280
1005003032649378
4000891095724
32721240656
4001331125513
1005003245367472
1005002014997125
1005001793516206
1005003252677587
1005001321170046
1005003092275340
1005003354269048
32953257596
1005003118325669
1005003197512001
1005003253332070
1005001920283822
10000018086283
32797552492
32321637082
1005001529640583
32755661131
1005003272138161
1005003266464888
1005002325230745
1005003000444561
1005003009742342
4001031744887
1005002286554907
1005002973415490
1005002893590644
1005003020273940
1005002623265794
4000661530595
1005002322482740
4000381087166
10000402370139
1005001977922074
32954941675
1005001655081272
1005002350594850
1005002126564764
32982551383
32796955366
1005002932350632
1005002468531650
1005003230332387
32850913636
1005003317833512
32866231095
1005002875871752
1005001854802918
1005002799247208
1005002718506553
1005003026719045
1005002287251486
1005003143033555
1005002345643374
1005002878111172
33004078116
32718463542
1005002974583532
4000999251207
1005002468532678
1005003231492090
1005002050297463
32841212159
1005002996373664
1005003191093987
1005003278490851
4000985068615
32981255589
1005002727656279
1005002545220398
1005003310672917
32951223161
1005002364937717
1005003358554108
1005003239478693
4000554681583
1005003367320996
1005002875795854
1005002664283786
1005002749291841
4000394125651
1005003380382036
1005003069202661
32859490807
1005003195881356
1005003391197523
1005002352294856
1005001309127448
1005002661327531
1005002953630171
1005002796405054
32972816934
1005002112147004
1005002997468454
1005003304515358
32480833106
1005003182330057
1005001805807356
1005001478636222
1005001433104202
1005001949235343
1005002048677514
1005003096376211
32923962234
1005002859540253
1005001544370825
10000234209077
1005003362983125
4000148533388
1005002334217494
32816346624
1000007488661
1726294227
1005002063767032
1005002855189424
4000874150587
1005002428543475
33010781607
1005003109601878
10000402347957
1005002822420934
1005002740851105
4001209155805
1005003202139308
1005002595071988
4000314716995
4001041105446
32851449031
1005003162078824
1005003135253450
1005002702865309
32840113708
32874360188
1005003234511516
4000405913883
1005002147491513
1005002398492788
1005001705392472
1005003146351845
1005002973586944
1005003208523662
1005002592198153
4000463439661
1005001515533804
1005003095559723
1005002603712449
1005003201045491
1005003195068558
1005003081848859
1005003385132883
4000803699140
4001165758364
1005002466478573
1005003278413287
32916209413
1005002722113692
1005001703627893
32289970322
1005002323999945
4000104042592
1005003277833787
1005002411121369
1005003338601688
1005001506304361
1005001671238682
1005003163444533
1005002316088171
32844419010
1005002931625852
1005002253195671
1005002241424800
1005001729642842
1005003269255030
4001264230801
32894148442
4000399021600
4000198948898
4000041601169
1005002458783827
4000932459720
1005001669547014
4000957860460
32893527771
1005001769905440
1005003257123554
32404952044
33014611957
4000986731521
1005002921229344
1005002664058734
1005003325941667
1005001355970894
1005002241042550
4000623780338
32353556098
1005002060369806
1005003243749941
32674923147
1005001434153369
1005002484439059
32968338067
4001265367777
1005001320518592
1005003340991453
1005002325323016
1005001916456507
1005003155136515
1005001441987956
32869871227
4001263944668
1005002946324308
1005002787602020
1005003313166098
33052494805
32797604182
32925853703
4000684526728
1005001483733232
1005003357198538
1005001706218525
1005003387394935
4000293653179
32842892779
1005002015466639
4001150171199
1005002314386454
1005002245501006
1005003327057877
1005001592594518
1005002721641098
1005002940720360
1005002050206543
1005003312325890
1005002635894546
1005003247512458
32992978927
1005003362540682
4001321747490
1005003365625355
1005003298135706
32959796824
1005003062153860
1005002201566631
4000076767468
1005003050606782
4001194188655
1005003305551202
33052744292
4001259726638
1005003345970285
1005002061951825
1005002972630550
1005003237237556
1005003351964171
33047852835
1005003286988456
1005002022791569
4000400518900
1005003321092303
1005003140578907
33045187326
1005003389540038
32919232992
1005002196445865
1005003368985427
1005003052155250
1005003058181620
32937455269
1005002619588444
1005002442311677
33019879071
1005002687689258
1005003058247275
1005002912575736
1005002122564250
10000395853195
4001209710750
1005003379860820
32398529533
1005001595177614
1005002326702723
1005003200420211
4000256077043
33043610119
1005002012369428
1005002522299853
1005003331892488
32988694340
4000176389706
4000163754716
32984019013
1005002718278526
1005002559206337
1005003143895556
1005003341917433
1005003060117776
1988858488
1005002905806768
1005001884436074
1005001412297276
1005002835771080
1005003262804900
4001230307780
4000210681709
1005002648846410
32765752440
10000399944702
32807671203
1005002428587478
1005001895482920
1005002908715362
32851514002
1005003161302116
4001267546442
1005002673699457
1005002432482055
10000395806677
1005001972230434
32625669874
1005003379867704
32985329247
1005003375925373
1005002313594590
32917401054
4000393498918
1005002531507506
1005002122590039
32916037511
1005003342296006
1000008288030
33017176418
1005003299352370
32901045678
1005001291153729
1005003276899556
1005002716991912
1005003346561756
4000115649082
1005002542154110
4001358603115
1005002550995451
32826643635
1005002917487534
1005003334976484
1005003340280984
1005003038096344
1005003277529966
1005002835062356
1005003294572919
32883760853
1005003014875074
4000865388975
1005002139407095
1005003021980125
1005002651800090
1005002028552296
1005002611225601
1005003340802986
1005002721303042
1005003093717847
1005003162878564
1005003372707524
32839454495
1005001423332224
1005003247414698
1005003030461927
33019529281
1005002600791273
1005003283186671
1005002299756529
1005002755324387
4001242090598
1005003299667031
1005002397767161
1005002642659662
1005003087911390
1005002177931688
1005002931594920
4000945271565
1005001704750024
1005002662474354
1005001698373668
32920853837
4000902779577
1005003012564671
1005002710209786
32803530349
1005002205359321
1005003205774049
32982356173
1005002545688050
1005003268423803
32918596348
4000232393091
1005003106203885
1005003363635701
1005002353473559
1005001474365155
1005002136498671
1005001700926740
1005002359082327
4001137440674
1005003087553594
1005003074018313
32819555433
1005003288443930
1005002948304953
32946566728
1005002947096397
1005001785143786
33004677982
1005002342611452
1005001321425933
1005002347010106
1005002014788840
1005001365753680
1005002677913808
1005002315990819
1005003139170687
4000075644102
1005001939702890
1005003038396760
1005002311992880
1005003314473743
1005002918966451
1005002565429992
1005002554274786
1005003319083296
1005002344992268
1005001888069525
1005002413000655
4001119267309
1005001941757089
1005002930266722
32828029974
4001047811041
1005003340289212
1005002644846914
1005002796258988
1005001657236507
1005002961222350
1005003225050020
1005002125594641
1005002813388244
1005003391292352
32880186994
1005002729016936
1005003346131274
1005002648609850
33012734130
1005003082182751
4001198134141
1005002986903304
1005003139049023
1005002200140990
1005002705222204
32999863091
1005002641979036
1005002932217565
1005002517348390
4000046188951
1005003318334392
1005003186457015
1005001482052289
1005001427229889
1005001839829535
4000170531699
1005003201590820
32998054935
1005002393080222
1005003017305745
1005003026088116
1005003369607770
1005002816710942
1005002755891997
33002046354
1005002473397082
1005003069103728
1005003132156343
1005002134163463
1005003148830264
1005003225097254
1005001923220722
1005003209673751
1005002885981222
32834296551
1005001519584083
1005001851410864
10000011697688
1005002599300759
32959950239
1005002393769644
4000701051463
32989286365
1005003318910945
4000361837605
1005002052213491
1005002590147063
1005003223440611
1923890742
32884989039
4000566944192
1005003005876111
2030223469
1005002603284441
1005002100626440
1005002921188802
1005001296256337
1005003308347043
1005003114574631
32974790200
1005001615126903
1005002022047574
1005002640877129
1005001471835655
32973452328
1005002891707198
1005002560625493
1005002025325105
1005003178402254
4001282491777
1005003330031586
32778669145
1005002551663621
1005002790378674
1005003264776768
1005002781164379
4000008175372
1005002973900363
32870696473
32742030764
1005002474659685
4001038971716
4000042538993
1005001366129383
32750585568
32979731182
1005003254591618
1005003074418079
4000229584077
1005003312335422
32710944089
4000927912877
1005002605689735
1005003391395766
33018215663
1005002175827355
1005003299327646
1005002999062459
1005003265179710
4000361144436
1005002336491802
4000166083495
1005003276979642
1005003388251013
1005001913011179
32814654730
1005003064572738
1005003382102905
32700207003
1005001398747722
1005002656598028
1005002958332428
1005003329290666
1005003268224605
1005003150411025
1005002967793734
4000040202844
1005002083962462
33037767935
1005003363187291
1005002730375798
32451165392
4001135493023
1005003239943066
1005001553468468
1005001483226878
4000560562866
1005003190283822
1005002683826388
32870250540
1005002917982725
1005003307456148
1005003227329709
1005003037702837
1005003165197645
1005003213313242
32998261850
1005003093755247
1005002893894308
4000600465751
32559928249
1005002297644579
1005003135261706
1005003139730166
1005002833450519
1005003006319477
1005001759681650
32961897781
10000002463597
4000543571955
4000274927587
1005001981503852
1005003354271093
1005002279439199
1005002968973263
1005003375092745
4000389013335
1005001391895718
1005003263702144
1005001462450567
1005002891952949
1005003262899913
1005002616968359
1005003041198948
4000258922856
32976208523
1005003149648080
1005002099483257
1005001794071939
4001284238920
1005002610390802
32891792768
1005002231346280
32966332945
1005002491810748
1005002883812377
32845236147
4000052651793
1005003386277664
1005002341999668
1005003361140313
4001027470237
33045243120
4000390152344
32957337534
1005002951962611
1005001658311973
1005003201822844
4001314583538
1005003270173414
32998189994
32887713355
1005001408595595
32809769580
4001156911591
1005001858523055
4000585863994
1005002588344527
33057225947
1005003159838440
1005002765887725
1005003357886375
10000131684368
32840955821
1005003336242655
1005002547765032
1005003337352507
1005003100049678
1005003001494954
32830683044
1005002966649426
1005002950505729
1005001581305222
4000230080580
1005001391540728
1005002853028536
1005002753311366
4000197574194
4000954983363
32844862925
1005003367597208
1005002645114979
1005002017472507
1005002661849440
1005002935281469
32730524202
1005001620479110
32807555616
1005002649416534
32922871376
1005003223942422
1005003058664664
1005001575320673
1005003312211675
1005002840351167
32883239241
1005002870220632
1005003283766506
1005003025607949
1005003150687763
1005001593596177
1005003387645028
1005001593447150
32944370609
1005002316037442
4001209011411
1005003214333047
1005002958388186
1005002947727574
4000535018540
32888851888
1005002730156988
1005002754337264
1005002955456045
4000595366130
1005003297048728
1005003386939113
1005003063536738
1005003074574100
1005003318743240
4000610301998
4001152793644
1005003219534388
1005003324923102
1005002966637069
1005003285819797
32870384867
1005002297156831
1005001877302711
32812749228
1005003070859620
4001031360663
1005003300445697
1005003096424090
1005003176680264
4000570542688
1005001309304595
32806939599
1005002912890270
1005002368823703
1005003157666520
4001079830945
4001148134258
32852060304
1005001882603665
1005002857129017
1005002830155458
1005003018331277
32856917401
1005001701292422
1005002794307852
4001237735491
1005003075952183
1005002889689127
1005002791829404
1005002382111668
32910169162
1005001572125709
33001836530
1005003161933534
1005003317633005
1005002180989516
1005002897825123
32834771609
1005002705736128
32985891750
4000971093709
32888887469
32975511688
1005003376243165
4000411505395
32614152403
1005003258909877
1005002789906124
4001075723249
4001075605218
1005003034293923
4000628139593
1005002316984009
1005002339724675
1005001989876366
1005001812378937
1005002994999912
4001037522030
32968060698
1005002289131683
4000166713182
1005002656515076
1005003071957426
4000028697333
1005002264686426
4001042441466
1005003290338013
1005003035227409
1005002505073666
1000008091986
4001105633108
1005002612956762
4000142158040
1005002761203628
1005003336642033
33028475245
4000630967589
1005003300679416
1005001349689872
1005003236454533
1005003194836565
1005003280117123
1005002861789823
1005002201055404
10000039418042
1005001303426293
4000994036277
1974971794
32749771727
1005003118427720
1005003310623144
1005002939735384
4000132399633
33040930641
1005002857506930
1005002950932111
4000662556534
1005002200341221
1005003353908730
1005002932717647
32859223387
1005003305965582
1005003193625427
32748482175
1005001895297116
33045699459
1005003306507902
4000049758437
32616570687
10000185097499
1005003278186073
1005003079913001
1005002370221311
32798414561
1005003175458144
1005002461079355
1005002404348510
1005002656866031
1005001370189717
1005002351312515
1005002652152791
4001022047274
1005003062871763
1005003282082732
1005002910342043
1005001971294777
1005002983767722
4001222646672
1005003322786232
4001129462907
1005003129429647
1005002781339783
1005001890151023
4001352774936
1005003364759248
32981751197
1005002718185554
1005002956769539
1005002884608651
1005001351117612
4000206684239
1005003303807017
1005002626240400
33016914879
1005002395365890
1005002687505988
33043318901
1005002892198524
1005002582834453
1005002056361409
4000138696269
1005001671270875
32950368502
1005003078275301
1005002314740568
4000223210441
32890966304
1005002608121176
1005002366408320
4001195996512
1005001721333723
33023211362
4001228325284
4001136679325
1005002179671191
1005001996986520
32839859702
1005002531897158
1005003113743551
1005003149574219
32811836857
1005002717744854
4000796214669
1005002442499527
4001228617992
1005001890585465
4001148262133
1005002368861588
1005003032864648
32795460168
1005001305747748
1005002857168321
1005002394016490
32335347505
1005002622213504
1005002205239585
32949113278
32607536938
1005003320556466
1005003336438817
1005003208215280
1005002820663952
1005002413455115
4000154938373
1005003037966281
1005002459714002
1005001469915345
1005002899119907
32873489349
4000545745480
1005003069831410
1005003203184722
1005003208240029
1005002996312743
1005003294624797
1005002746068553
1005003028692903
1005002743578814
1005003184445799
4000003280923
1005002885762858
1005003384710452
1005003209161817
4000029883214
4000202980201
4001178168745
1005003280462901
4000304565327
1005002084138330
1005003209534709
4000250421063
1005002721794664
1005002124160527
1005003337695625
1005002327131863
32841788866
1005002685716589
1005003284688379
4000116721269
1005003386884592
1005002635612862
1005003163966547
1005002607582505
1005001320140929
1005002770450406
1005001376716020
4000935428224
1005003217201591
1005002244140069
1005002866665603
1005002535931306
1005003123630033
1005002855339726
1005002819988455
1005003014438949
32969903845
1005003194101612
1005002133552927
1005002950745659
1005003243773593
1005003368040022
1005002964665174
1005003134901673
1005001344567951
1005002386942845
1005003312552154
1005003092678006
1005003382412444
4001069823118
1005002864933932
1005002990459501
1005001601300571
1005002422111008
4000311434699
4000030700344
1005002333555462
1005002569897193
1005003332569388
1005003224964093
1005003105658761
1005002028761551
1005003090600156
1005003204327626
4000466486073
1005002470763992
1005002363286460
1005003269829667
1005002826809104
1005003009062891
738370086
1005002576818325
1005003046971765
1005003032181040
1005002003469144
32956859223
32994413491
1005002745259572
1005003211445272
4001170772326
1005002334274579
1005001407388239
1005003082824464
1005001708953761
1005002342471621
1005002844721103
1005001893262455
1005001500676088
1005001895335165
1005002489905844
1005002277156268
1005002156123916
33013115409
1005003127424886
4000691339211
32954525429
32654349317
1005003082703274
1005003213076939
32984306325
4001085481053
1005001575074665
1005003019343292
4000407567110
1005002534506674
32891110068
32993402831
32836195481
1005003252509770
1005002289892526
1005003100884621
1005002912543334
4001080581113
32982624849
1005002997110931
664753542
32811803443
1005002712808449
1005003259107122
1005002511368477
1005001896276461
1005003294584179
1005001570639009
1005002378749776
1005003058846310
1005002281851823
32896682001
1005003031802473
4000960568664
1005002460234854
4000487816407
32889352633
1005001808274387
32661570760
1005003341853964
1005001286902934
4000894984070
1005002314314186
32831892537
1005002610299961
1005001824865623
1005001426544290
4000908818222
1005001418985932
1005003059539697
1005002789971593
1005003300816407
1005002700334125
33045795589
32859758005
32784839596
1005003224922890
1005003283666157
1005002241729331
1005003205782601
4000051077746
1005002110051760
1005002255434990
1005002549758640
32996759194
32876326540
1005002234195137
1005001548281266
1005002996956646
1005003158005343
1005002485283854
1005001665257837
4000923044293
10000353462173
1005002495109045
1005002857283074
4001308887056
1005002803064565
1005003082783582
1005003097680967
1005003117355283
1005002752110079
1005002263551534
32852816476
1005001924791590
1005002659319856
32979079610
4001041776956
4000881785388
32969615654
1005003027477187
32827317117
1005003169784284
1005001307802255
1005002995961182
1005002313788763
1005003386413676
32955736081
1005002712404018
32909482506
1005003014648106
1005002920990872
1005003196665795
1005002384879290
1005002940336477
32976982680
32926891537
33017399782
1005002503731800
1005001806574067
32625293337
1005003167572974
1005002015534050
1005002702619646
1005002990895933
1005003302617697
33008328494
32800555661
1005003322848620
1005002984587651
1005003223544584
4000522069396
1005001543987182
1005003331230784
4000378219676
1005001689329324
1005001836762216
4001051313970
1005002510555096
33052626980
4000462569228
1005003205538359
1005003359833373
1005002273253671
1005002915494761
1005002848616133
1005003232144691
32817709787
1005003090524855
1005003238006955
4001225142984
1005002951274357
33033192242
4001135664284
1005001727002769
32780265510
32712375255
1005003321208162
32959191777
1005002986266164
4000032665048
1005002624125760
4000893369563
33022363734
1005002741558426
1005003135255445
1005003244488373
1005001623267222
32929423402
4001155348859
32973284052
1005003360439684
1005002697295646
1005002588489257
1005002006962733
1005001992716426
1005003302923885
1005002649632891
10000013606021
1005002511878295
1005001280043470
32933794582
32953434035
1005002583229668
1005002666948150
1005002627209354
1005003138913140
1005002576949642
33046761598
1005002846861262
4001349720186
32983342441
32868455926
4001038616051
10000395937875
1005003388495295
32964268271
4000894563467
4001131921639
4001260503761
1005001519853528
32819971232
1005001477991075
1005002394138746
1005003280489009
4001290767123
1005002618992630
1005003317903596
1005001962384140
1005002814952852
1005003065734856
1005002613186939
1005003287185177
32833824764
1005001309998174
1005002699365488
32877555628
4000799687630
1005001313972786
1005003131638626
1005003021540983
1005003219692153
1005002336570304
33039051110
1005003272924707
1005003337469216
1005002534004883
1005003102518327
1005001711351890
4001264269716
4000751867236
33028410058
1005002971288015
1005002569841838
1005001580720309
32918849792
1005003021041369
4000783993919
4000889685388
1005002345171599
4001210031729
1005003217238064
1005003148645593
1005003196457863
32785295949
32805966506
1005002116498930
1005001673298974
1005002702865052
32764883394
4000197143748
1005003245430787
32978320765
32612604904
1005002746341008
1005001493032692
1005003117704792
1005002786947428
1005002406534924
1005002389068256
33058145558
32858851923
1005003152503559
1005003194709263
4001231285265
1005001625976813
32912989214
32871993242
1005003342681865
1005002525328898
1005001287939821
32724284879
1005003122865857
1005002012336463
1005003351677422
1005003310681327
1005002043210844
1005003248931964
4001231482627
32962512642
1005003214883962
1005002286783425
1005003041353118
1005003156223026
1005003307382915
4000780521829
4000907193823
4001363735977
4000177164086
1005002880466198
1005003042990230
4000831923635
1005002276649050
32854557144
4000026205737
1005002866715205
32662804574
1005002080804663
1000006714982
1005003219186726
1005002442313123
4001064508651
4001193165790
4000778822458
1005003000924095
1005002061227196
1005003372018906
1005003256646823
1005002258148901
32955656605
1005002043922837
1005002928791150
4000144453147
4000452445263
1005002525057574
1005003319371408
1005003285538206
1005002225271768
1005002771008094
1005003262999050
10000395832536
1005002189636048
1005003248509948
32332444805
4000459205359
1005003132477066
1005002944274374
1005002698706403
1005003352544832
1005002319388194
1005001972429472
32977190235
1005002481491200
32811560581
4000276732250
32860402340
1005003105066712
1005003208221791
1005003338089144
32959569739
1005002180639429
1005002448073743
1005001430629002
1005002952360594
1005002047534503
4001082892892
1005002281433879
1005002390810285
32970983464
1005003140868586
1005002808893671
33052465554
4001310738978
1005002202362766
1005001412531809
33044441284
1005002796978070
1005003384201038
1005002608647016
1005002014994830
32826577067
4001305827594
32899463312
4001130154579
4001301980878
32969696622
1005003250683849
1005003240443610
4001106439148
1005003205558274
1005002026574690
1005003294519275
4000764299657
32328118072
1005002787407144
1005002997381647
32707481063
1005003278430395
1005001998873168
4001038667315
1005001889800876
4001279404100
1005003232437052
4000086732323
1005001506503404
33041102986
4000058335225
1005002616192401
1005002583579935
1005002695418100
1005002275263922
1005003346983110
32987826675
4000406447933
4001220811193
33006220149
4000062895920
1005003351686698
1005001786444732
33060168705
1005002184881540
32918288395
610155184
1005002143553354
32834097046
33031134192
1005003159609888
1005003328851648
1005003343005994
4000639726773
1005003020425548
4001070717209
4000894852808
1005003140227799
4000385697623
1005002827100646
1005003191141449
1005001759938043
32846621952
1005001620768826
1005002461182268
4001143041445
1005003382964490
1005002815826585