4000153113828
1005002553389522
1005003329361059
32836260114
1005002790268855
32999374464
1005003329375620
1005002350953764
33051334642
1005003266269552
1614642087
1005003303315359
1005002260546788
32719124516
1005003031686098
1005003236733872
1005002722247637
4001339444979
1005003178514822
1005002989820921
1005002996167622
1005002502359040
1005001484393985
32934579293
1005002948566380
1005003280531654
1005002689689480
1005003356074528
1005002433248625
1005001957690953
32952569179
1005003353197367
1005003096658589
1005002905421006
1005002365545439
1005001354794575
1005002423709998
32888653749
1005003192014193
1005002241013249
4000862817953
1005002201610690
1005002293683798
4001121684219
1005002017155721
4000336645300
1005003251151657
1005002008911459
32688823483
4001201005291
1005003085334660
1005002630215783
1005002833176078
1005002225159120
1005002336871939
1005002878488169
1005003227743784
1005002254886045
1005003184324083
1005001891473840
1005002541732708
1005002691998023
4000734257020
1005003251737604
1005002052645515
1005003050894349
1005001286150044
1005002062123232
33014164158
32916748882
1005003230919109
4000979226716
32862551140
1005001838473535
32983967205
1005002313963538
1005001884703459
1005003031595276
4000944137004
1005003309959417
1005003385094946
32978853107
4000696212518
1005003283624191
32757388191
4000229918721
1005003339464505
1005002439269307
1005002077256011
1005002417912482
1005003257419009
1005002651969325
32780025979
1005002369712784
1005002884223857
1005002842278384
4001363917916
1005003085737679
33041068618
1005002568180624
1005002228550531
1005003110925410
1005001450640944
4000215874219
4000780517953
32848169028
1005002737198921
1005001890153461
1005003388372258
4001293111994
32836900125
32367539110
32829476859
1392041048
1005001949070582
1005003190436923
4000534601092
1005003292945938
32977027818
4000083565617
1005001812606972
33006407667
4000053638457
1005001796619843
1005003218306262
1005003133448945
1005003265356898
4001231374517
1005003170027099
1005003118350169
1005002664759603
1005002306107768
1005002326759740
1005002401332275
1005003312878069
1005002604524681
32930636597
1005001413789190
1005002409508685
1005003310980794
32866267829
4001007276977
1005001665529818
1005002991959886
32860357049
4000445281774
1005002888212234
1005003036893740
33010112114
4000838087370
1005003019323590
32849393021
32859842012
32651608989
4001193724478
4000090252059
32913846590
1005002858203552
4001083952056
32728073929
1005001316886572
1005002588871385
1005002714546661
1005002710275909
32970717626
1005001733477069
1005002886261912
1005002558272083
1005002558080545
4001090465676
32692484455
543057872
32868812690
1005002953650773
1005003221007868
1005001612773600
1005001898697872
1005002950137663
4000043047422
1005001928998795
1005003281973751
32911691310
4001305628955
1005002616233440
32923990874
1005002344989438
4000164002844
4001278665182
1005002858617557
1005003339129634
1005002290916739
1005002334789314
1005002669588528
4001198393985
33055759039
1005003345441156
1005002114752903
1005001895738088
2011771831
1000007005545
1005002682876791
4000415263596
1005003118258143
1005003094129946
1005001315556916
4001267805348
1005002748077452
1005002578655289
32764359488
4000232337257
1005003021920655
32828162213
1005002633191427
1005002564426922
1005002314048703
1005002748647596
1005002168116285
4000671215387
1005002122087872
4000610674836
1005001638691106
4000574617874
1005001407675791
4000249238016
1005003146701632
1005002647319190
1005003364773739
33027177839
1005002956892500
32810722894
4000967100332
1005003288854409
1005002953639759
32937268540
1005002766910513
1005003146386477
1005003168987499
1005003279912753
1005002453058232
1005002519015457
1005003375134673
1005002693574565
4000160643889
32999178392
1005001568023531
1005003241765412
1005003375720463
1005003301445697
1005002264599164
32832687340
1005002390618168
1005003103379728
4000956694820
1005001552049699
1005003135904564
32982101130
32369512202
1005002136606845
4000985799360
1005003051161951
1005002711472384
1005003153275586
1005002613407045
1005003307167217
1005002884214610
4000355347107
32733815167
1005002551895464
4001228235948
1005002803189329
1005002347665855
1005003298063963
1005003371566332
1005001540917326
32891451017
1005001759458257
1005003309051664
1005002984375789
1005002878875723
1005002567536264
4001133946427
32709110041
1005003021620152
1005002978646075
1005001586074391
1005003324525813
1005002974072900
1005002820142623
1005002976571677
1005002918037329
1005002368483796
1005002204114168
1005001845187201
4000054556613
1485228451
33030734310
1005001933441626
1005001864803560
1005001980035432
32798296614
1005003194665037
1005001411337853
1005003205569881
1005002413376565
1005002464801620
1005001549380687
32892819375
4000854008888
1005003171929227
1005003038039630
1005003228593409
1005002677884371
1005002323441955
1005003301959413
1005002761699481
1005003165648395
33005529282
1005003152220099
1005002014977262
1005002014248339
4000990468445
32975237720
1005003342112711
1005002685313576
1005002532831191
1005003133336351
1005003026067432
1005001847522617
1005001873226867
1005003120676400
1005003212587175
1005002204985005
1005003116489000
1005001483806463
1005003271551294
1005003069470292
1005002975997536
32919150379
1005001416932596
4001046321352
1005001975130167
1005003001056987
32795422736
1005001912446625
32891918121
10000102729714
1005003072390882
1005002434257934
1005001657466703
1005002265509865
1005002712739255
1005002604370073
32887347282
1005002570665172
33023601252
33044098925
1005002003969918
1005003044901685
1005002702159327
1005003072067875
1005001572431404
4000659317592
1005002133949220
4000755147241
1005003087781527
1005001397774563
1005003133362335
1005003335612558
1005002899832460
4000782447343
1005002498439590
1005002380824822
1005002598884766
33015909591
1005003015633944
1005003278221816
32656572232
4000321549361
1005002390919071
1005002777573158
1005001821836500
1005003163419114
1005002662145859
1005003152705198
4000038608926
1005003173808784
1005002114802367
32853774104
1005003363256449
1005002771984828
1005002313863273
4000641423280
4000722399841
1005003187520954
1005002901016664
1005001340631947
4000571194106
1005003268364631
1005003118675645
1005003346535432
32572135177
1005003090491510
1005003176686186
1005001617374595
1005002929231708
1005001869050653
1005002940750978
4000558110339
1005002698548168
4001224123417
1005002489703547
1005002894866565
1005001349652520
1005002246896945
1005002060914467
1005002910916617
1005002083894971
1005003037467878
4000484559268
1005003276989625
1005002353728577
33047156718
1005002606027707
1005003256847488
1005001896571054
32947208586
1005003310766039
1005002376084005
4001237606370
1005002968275955
1005003184032208
1005003033103404
1005002938999891
1005003175973570
1005003257843774
1005003388094683
1005003244869102
1005003107213587
1005003186951613
1005003342421895
1005003097735816
4000955699789
1005002376947091
4001071564379
1005002217646967
32911895986
1005003178141557
32995260324
1005003299844830
1005003090163097
1005002310064447
4001149178323
32895813798
1005002984407139
1005002927909271
1005003325697434
1005003265358383
4000773746085
1005003128070590
1005002539435315
1005002776392073
1005002056607336
1005003164749420
1005003020524155
1005003197230455
4000283048822
1005002804643423
1005001960545786
1005001486847427
4000112182869
1005002953473769
1005003181809617
1005003147949145
1005002408153089
1005001491249380
4001247025485
1005002544991702
1005003289099116
1005003320742632
1005002345626542
32698861386
4000811483156
1005003361044347
1005002464491668
1005001809007361
1005003171345228
4001068378448
1005003227876662
1005003021396426
1005001610500546
1000007406613
1005002692551304
1005003218243205
1005002332910170
32996038739
1005002934882983
1005002960187616
32887744743
1005001454760139
1005003130274610
1005002512736327
10000323358625
32825981089
1005002566044801
4000594813868
1005002862204711
1005003294125402
1005003168659555
32933306704
4000626989221
1005001961454697
1005001531019232
4001118111797
1005002358256155
32910071828
10000295348384
4000157554974
32988816387
32750464707
1005003286867365
1005001308889583
1005002946956642
32933462783
1005002899407787
1005001593530939
1005003042105515
1005001632248806
1005002566858961
4000157993552
4001185854927
4000855855467
1005003205609422
1005002827803622
1005001406795969
1005002866702211
1005001877473133
1005002990393233
4001113337449
1005003209169360
32958922111
1005001900761193
33036440370
1005002949156134
1005003341469780
1005003188406102
32819770994
1005003161352243
1005003031834542
1005003336597168
1005002626968558
4000060000013
4000963682956
4001223191850
4000083559443
1005003008048338
1005002817269426
32984023985
1005003151572168
1005002467958300
1005002090450984
4000833745617
1000008740764
4000922337188
1005002754065245
4001244924601
32834502249
1005003064588233
1005003272666217
32746804738
4001167707083
1005002625671913
1005003166834613
1005002947620166
10000172196145
1005003375139093
1005002624789933
4001360738220
1005002914301674
1005003065885288
33001549985
1005002619947077
4001235773797
4000817303996
1005003158911436
1005002492383312
32884970226
1005001598710474
1005002789456250
1005002301083494
1005002199375555
1005002885135069
1005002598923619
1005002365570816
1005001992366725
4001239008164
32868789829
32861024436
1779850721
1005003373546886
1005003198924130
1005002904156710
10000062817990
4000210290815
1005002638762291
4001108075846
1005003368455123
1005001883355773
1005003059019822
1005003035674392
33028352725
1005003116358378
32251980922
1005003292991802
32974852383
1005002325255562
1005001343261175
1005003109332153
1005001361165742
1005002797594870
1005003211326260
4000533246857
1005002572132116
32703371552
1005003120174352
33062522467
4000922003605
4000033132147
1005002345153142
1005001838908168
32887995612
32850347434
1005003385906679
1005002848444692
1005002362883418
1005001419964987
1005003328787152
1005001686158655
1005003291437942
1005002305600078
4000334005286
1005001351672399
1005001431679404
32857286159
1005003392095726
1005003310775812
4000430082891
1005003233956852
4000867512087
1005003123685011
4000799337572
1005002739000975
1005002755968650
1005003282822733
1005003124840933
1005003168157646
32817125015
1005002861975963
32835545884
1005002439288327
1005002547134952
32990455168
1005001929577976
32854805328
33026590685
4001091807861
1005002836272729
1005002265241432
1005003273240537
32854390944
1005003193622299
33006172327
1005002715066204
1005002110335318
1005002958806118
4001004544803
4001038705761
1005002763409132
1005001471893137
1005001499536408
4001335210513
1005002296875912
1005002242190452
1005002363115730
4000804607925
4001308273766
1005002573100229
1005003268283471
1005001473998521
4001278867320
1005002559839652
1005003189505076
32975417886
1005002275624414
1005001313712929
1005003008010581
1005003196950775
32889176952
1005002314671982
1005001637420775
1005003356741868
1005003129307840
1005001596952263
1005001650857608
1005003297947154
4001227330823
1005002901847861
32903122079
1000005439526
1005002265899108
1005003298363245
1005002771367313
4000601549428
1005002913001883
4000519517908
1005002966237703
1005002284671681
32717921807
1005003376011179
1005003204940883
1005003298534027
32568283089
1005002913444038
4000874488305
1005002788153454
1005002583270443
1005002604527083
1005001933280329
4000598721203
4001333185495
1005003345269323
32913741134
1005003343690811
4000836665605
1005002223810217
1000007693168
1005002906665749
1005002280501584
4001072881494
1005003093839370
1005002314149012
1005002567640756
1005003255784192
4000538650467
1005003268222460
1005001945583692
1005003283113820
32838249730
1005003001753678
1005002948240427
1005002443500309
1005002811010450
1005001890080219
1005003259130039
1005003320110055
1005002912719067
33017883563
1005002370036292
1005003267790123
1005003160871448
1005003258327444
1005003381913460
4000469619643
1005003334686784
1005001361178619
1005003011504736
33040380350
1005002137691461
1000005526490
32886557169
1005003386418103
4000931285866
1005001617456072
1005001645099961
1005002210373409
1005003197660010
1005001997671791
1005002502984810
1005003181416172
1005003134056582
1005003124334276
32958971591
1005002974059891
1005003226516563
4000522058430
1005001339521828
1005003058526862
1005002275254920
32764261653
1005002628728863
719142274
4001110646802
4001105803593
1005003193503519
1005003326332025
32962579633
1005002110948313
1005002569922781
1005002622843617
1005002466087701
1005002783610121
1005003119868398
32850286949
4000972079025
1005003391197659
32963341884
32909224500
1005001562204767
4000437616787
32925979216
4001122083323
1005003336849968
1005003058992025
1005001929364703
1005002519249615
1005002665023730
1005002570135698
32872575369
32954229479
1005003042951456
1005003015862414
1005002924416525
4001163776225
32866432508
1005001308864138
1005003379492316
10000356054211
1005003076395431
1005002971796567
1005003104020746
1005002802255058
32945977976
4000539864625
1005003129342495
1005001785829607
32792236744
32987248518
10000033523867
1005002965199206
4001056129080
32788573998
1005002997414979
1005002623237998
4000445146288
1005001683048589
1005001502492491
1005002329179915
1005002744939468
4000335888296
4001108488872
1005002647068602
4000886639780
1005001515320669
1005003275555462
4000615620492
1005003340672119
33037502181
1005003012387351
1005001382513715
32958307983
1005002997470777
1005002527492358
32997482321
1005002988523923
1005003235003837
1005003171545212
4000376728929
1005003290566458
1005003304504135
1005001432510887
1005002655767749
32872591022
1005003026671580
1005003327726412
1005001927513228
1005003001693812
1005003219390297
1005003367796049
32989806495
1005003318022709
1005002264654402
1005003086411042
1005002536787444
32880008217
1005002350418532
4001154654428
1005003327077581
1005003363433036
1005001537224116
1005003213416855
1005003155666577
1005002065416543
1005002863494299
1005002362962526
1005003084211407
32655789000
10000006397568
1005002020456747
1005002024673684
1005003076875122
4000895043634
1005003197287478
1005002707119391
1005003329512295
1005002208070153
1005003181775618
1005003300394105
1005003382886336
32978736666
33045099450
1005003323420206
1005003081496924
4001050619222
4000803597975
32537576872
1005002600580352
1005002439703636
1005003359939054
1005001425593691
1005003042818716
1005002621835708
1005003101330295
1005002884824788
32596452124
1005003357861141
1005003358220356
1005001708868511
32953112281
1005003219528612
1005002263955326
1005003342326378
1005003175968689
1005002704213860
33056745230
1005003367738939
1005003307419817
1005003125905815
1005002894144763
1005002698392664
1005003221836160
1005001334944352
1005002886653141
1005001847631794
1005003202309163
1005003008825431
1005003276644347
1005002048993824
1005001652070074
4000629097063
4000275149030
4000738725486
10000002739543
1005003282369438
1005003251078739
1005001798937537
4001287177379
1005002861917921
4001364248639
4001289942136
1005002864800975
4001360711437
32496346160
32996272406
1005003197569464
1005003038072286
1005002611969954
4000056171348
1005003323448067
1005001482600796
4001168861662
4000223101477
32960317375
1005003077007574
1005003192015042
1005002413364546
1005001709358267
1005003369976108
1005003300468037
1005003089277616
4000438562811
1005002231452398
1005002675556609
1005003060570278
1005003078925688
4001062467643
4000661095429
33046806941
1005003001499238
32888815503
1005002372399845
1005003027712454
32881158910
1005002398249710
1005002611661136
1005002935399852
1005002811442731
1005003263701684
1005002970475754
1005002938298885
1005003291097592
1005003314692193
4000305672774
1005002175456742
1005002317510800
1005001865503864
1005003255464297
32959053968
1005002342359023
1005003122114538
1005003123745417
1005003374034757
1005003106653851
1005002655986432
1005003334894106
1005003356083143
1000007162083
1005001284172994
32807547000
4001145805594
1005002083683936
32831863934
1005003288033251
1005003334265431
1005003275890620
1005003129340139
32965257875
1005003353268671
32995166867
1005003142396205
4001164087608
1005003308831058
1005003264083901
32859557131
32912367830
1005001607742812
32970638875
4000937147157
1005003385640750
1005002315677661
1005002789014818
1005002059086643
1005003146410747
1005001326321454
32931417312
1005003277902195
4001156083300
1005003313320051
4000665117049
1005003119783636
1005002642425843
1005003012263930
33014003460
32844692736
32777470428
1005003074810690
4001015596101
4000736108154
32608671892
32848208661
1005002647222852
1005002367462417
1005002939245870
1005001526870658
1005002298892821
1005001398338998
4000465744548
1005003220783596
32868590662
32443136060
1005003340700668
32367650191
1005003285407976
1005001732637113
32964528372
1005002023124927
1005003281839733
1005001582188025
1005003298330833
1005002070822059
4000598844707
1005002625220482
1005002767962871
4000096689423
1005003271984329
1005002522724329
1005002496950826
1005002085773522
1005002808054417
1005002006631561
1005003241134431
1005001335048078
32668920883
4001278164737
1005002630504324
1005003176329264
1005003226458999
4001035631025
32667602646
1005001284927108
1005002623785123
1005003293901959
1005003109458607
4000120472380
1005003171698955
10000343876999
1005001642572017
1005002307721833
1005002592866029
32994788985
1005001997171667
32953703682
1005002211910784
1005001658768965
1005003232371736
4001007418464
1005002748967529
4000584829197
1005003192689950
4000344564300
1005003094571407
32963928989
1005001429382826
4001289655254
32811709386
1005002995812321
1005002639229096
1005001386031084
1005003291928738
1005002111051610
1005002866656498
1005002682705685
1005003323429734
1005003177766031
1005002134972099
1005001799861456
4000734908394
1005002175991749
1005002913454765
1005002753287561
4001080087243
1005002687390615
32884989211
1005003045558572
1005003335054209
4000947148457
1005002897751444
1005002827577390
1005003079612049
4000133464116
1005003225834374
1005003287228069
32977166369
33028876318
32950015565
1005003219393274
1005002989081198
1005002566869407
1005002994340247
1005003001199663
1005003305094165
1005001665675952
32997408628
4001317745052
1005002244234312
1005001448717834
4000930544651
1005003026608402
1005002808281117
1005003292128978
32955984810
4000305255372
1005002616328063
4000235909096
1005002965641659
1005003105511070
4000945288209
1005003187658374
1005003197695510
4001039278908
32932759517
32772235586
1005002861735876
1005001519473086
32903946663
1005003296901784
1005003103476270
1005002092416391
1005002996300449
1005002676491172
32834751743
4001274226148
1005002240591257
1005002595598069
1005003251795944
1005003063442211
1005003310748524
4000863313835
1005003179606008
1005003126163414
4000430562160
1005003030394976
1773245155
32956027844
1005001441400855
33022429551
4000805144990
32835110605
1005003055177301
1005002291881065
1005003058927025
1005001507577976
1005002306302023
1005002211094638
1005003001231428
32857116938
1005002623725461
1005002334082607
4000349757026
32988057112
32698942429
1005003033506244
32842678459
1005002316572213
1005002342276818
1005002275370623
1005002368819876
1005002836916762
4001018581308
1005003157800070
1005002848667444
1005002219938275
4001138794349
1005003294117899
1005001764115259
32988057310
4001348104022
10000038483989
1005001640279571
1005003277704915
1005003129507636
1005003008912912
1005002259353068
1005002025172859
4001130680313
1005002841308892
1005002571760624
1005001524002605
32775417583
4001192035257
1005001603487029
1005002246104470
1005002636968371
1005001845383539
1005001653285895
1005003113678502
1005001635791656
1005003037101910
1005003344082579
1005003314532604
1005002734925978
32885823447
4001107372869
1005002252158756
4000170794980
4001243544166
4001287821678
1005001821569810
1005003382222399
1005003272104820
1005003275276008
1005002989279506
1005002641709719
1005002634101762
1005002672159425
1005003277836555
32831444198
4001068440001
1005002879422637
1005003182478295
1005001495288466
32859997108
1746026698
4001152133046
32760225372
33029424238
1005001916393877
4000214693438
32968427375
32753077687
1005002519652833
1005003351977476
1005002313794020
1005001962041593
1005003049811010
1005002635949547
1005002779956405
1005003339821737
1005002207938479
1005001744482291
1005001314005983
1005002583044163
1005001705039389
1005002899085521
32879417640
1005003069252298
4000277681554
32815662473
1005003014461387
1005001989991071
4000511857845
1005002857295765
1005001398862959
1005002985551377
33001830956
1005003145483410
1005002734759890
1005002314205960
1005003247310446
1005002657762099
32951485572
1005002900421792
1005003082602410
1005002561497252
32979820288
1005002959436082
33007239164
1005001561977533
1005002302411273
33009878422
1005003094076007
32970286047
1005002630730936
1005003201813911
1005002917437863
1005002687855730
4000106646984
32265475340
32909092167
1005003146215889
1005002510050153
32656447835
1005003323778952
1005001896581869
4001003761763
4000031269860
1005003051100857
1005002007596153
1005003106042839
1005002423736983
32264889124
32874425935
1005003005344609
1005002311472258
1005001352649003
1005002657232705
1005002087919235
1005002685545952
1005002759264209
1005003293435135
1005002352381620
1005003192061537
1005002365936035
1005003216012575
32869867090
32779691226
1005001639947338
4000917164496
1005003314850065
4000161324170
1005001988723416
1005002840611442
1005002605487574
1005001681556435
4000371252619
1005002328264011
1005003344886456
1005002959744556
1005003188226656
1005001973530407
1005002875598826
1005003360249626
1005001799729688
4000266241295
1005001565187641
1005002345957726
1005002265179952
1005002941694681
4001122745650
1005002375026321
1005003029952295
4000222728113
4000287805538
32426477959
4000388707877
4001180367170
1005003205803358
1005001557903429
1005001709778726
1005002678244494
10000343876999
1005002989795998
1005001354299291
1005003320974928
1005003216445544
33028155164
1005001626348722
1005002185953319
1005003068772787
1005002978761547
1005002870061054
1005002267910018
1005003036925105
1005003280442259
1005002637157115
1005003295990070
32759903765
4001045246700
1005003145809920
1005003156873922
1005003360372022
1005001898917527
1005002287551058
32953359390
32792805772
4000336937556
4000555154122
1005002193848709
4000356163991
1005003332363777
1005003351233739
1005003296109986
1005003081952995
1005001441337639
2002722451
4000129752547
32872189230
1005001936052169
1005003067034032
1005003365895730
1005002724632398
1005002771027404
1005002870543812
4000090457037
1005002623899170
32865123812
33035084350
1005002433514535
1005001374727812
1005002996467906
32971148434
32910262322
32834275971
1005003188668974
1005002612314173
1005003163797136
1005002704845431
4000022700853
33003321416
1005003166033409
727267168
4000153722151
1005003044996171
1005002876358388
1005001896026116
4000010263211
1005003199620225
4001156460493
1005001482096275
1005002090572945
4001135522508
1005002439944729
32950687712
1005001628593647
1005001988150166
1005003145483410
1005001490085343
32853259616
1005003313295169
1005003065798417
1005002361041948
1005003078301476
32890601105
32637415379
1005003186725859
4000040341603
1005002967642824
32997817743
1005002265214592
32984667014
1005003321225334
1005002598796007
1005002097858021
1005003235601739
1005001901463384
1005003154031387
32858563165
1005003124260812
32977398942
32967820662
32828289099
4001345456215
1468318533
1005002513244013
1005002400003599
1005003020551056
32796569491
1005001905043678
1005003028187155
1005001445075050
1005001812798054
33010707275
4000126324289
4000711945256
1005003070003047
1005002392929280
1005002483082186
1005001471263923
1005001677400216
1005002432857996
1005002907639968
888773223
32947578740
1005001593011791
1005002869940101
1005003181428090
4000118848299
4000163063779
1005002822968389
33000415119
4000120270642
1005003087629364
1005001408038184
32814572636
1005001990089740
1005001687587626
1005003320620453
32999151367
1005003130713999
1005002577186407
1005001394454571
4000310925401
32954862726
1005001530315366
1005002879158904
1005002742212728
4001230598090
1005002413413320
32921648442
4001208485801
1005002966382216
1005003085674237
1005002565362403
1005002854719657
1005003003751159
1005002680075212
4001060538894
1005003104897414
1005002664428180
1005002823653059
1005002333863355
32914659728
1005002910183910
1005003146427589
1005003054687547
1005002795462098
1005001913392450
1005002961491961
1005001376470482
1005002662331016
4000751548614
1005002654892489
33062335716
1005002490591354
4001153942835
4000795206103
1005003384259928
1005002076684051
1005002780439074
1005003261704877
1005003368104593
1005001490016393
1005002951108278
32988580178
32959900570
1005001328203805
1005003152686668
1005003050986004
1005003308041456
1005003033472081
1005002715103973
1005001902876792
1005002206232107
1005001838266640
1005001695692804
1005003242783084
1005002336819854
1005001869948668
1005001871906369
1005002314763188
1005001446943879
1005002340977146
32983618843
33053422971
4001128357290
1005002862129069
1005003029145749
32922597805
32950532371
1005003281675962
10000000475605
1005002310455839
1005002927477837
1005003318633022
1005003329684729
1005002538057654
1005002328736236
1005003095674485
4001069198925
1005001497162736
32840473162
1005001682769677
1005003335730606
32519512981
1005002592832187
1005001557505460
1005003306876483
1005001822292384
1005002752450519
4000090778095
1005002931152231
4000591470276
1005002907645272
1005003141008298
4000644843440
1005003068527639
1005002701737853
1005003113357077
1005002258850351
32936567535
1005003140654939
1005001389128455
1005002112545199
1005003364687238
1005003167682434
1005003323096202
1005003283949112
4000311029149
1005001773895030
1005002516688394
1005002906401522
32954485754
4001172796572
1005003374927525
1005003386507624
1005002367915348
32888679488
1005002358697883
1005003187271136
1005002965270619
1005003027276880
32769751227
1005002192560828
4000445306343
1005003206332486
4000904586758
1005003114923866
32891772766
1005003082436481
4000504851778
1005002686511284
1005002602640538
1005003082300891
4000616157820
1005003221515461
1005002983680772
1005001872799629
1005002242089820
1005002997664156
1005002895873418
1005003251570612
1005002617288328
32905982099
1005001580268310
1005002344318819
1005001869197565
1000007993245
4000108390884
1005001607986345
1005003289935076
1005002685003848
1005003048050150
1005003084062628
1005002322256414
1005003284803733
1005003161908296
1005003003239870
1005002712962766
1005003339822508
1005001419852500
1005003033289817
32886170919
1005003276173798
1005003354561115
1005001922146762
1005002765765664
1005002869733486
1005002685232653
33018792987
1005003076330152
32789562433
1005002957476836
1005002998904828
1005002272738185
4001019903440
32857114492
1005002897066523
33013552690
1005003130220858
1005002130545559
1005003065066612
32856304304
2011915824
32961793570
1005002357556306
1005002277228137
1005003307941365
1005003268258493
1005003100559821
1005001708130822
1331720626
1005001731788578
1005002419434499
1005002866463610
1005001591231180
1005003371052134
1005002546372451
33055364742
1005002465900838
1005002753254686
1159637821
1005001731801585
32917471543
32916555902
4001255187963
1005002136352284
1005002650762348
1005003342865613
1005003340684239
1005003330798404
1005003196282819
1005003035832956
1005002411169628
1005003033200374
1005001510247441
1005003068185286
1005003372123276
33011955722
32975601202
1005003319272349
32974504515
4000899375649
33044123688
4001191425046
1005001863795490
1005001581276372
1005003348105721
4000044508438
1005002755717187
1005002575416571
1005002977526533
1005002656096357
1005003273536555
1005002468858780
1005002186019745
1005002870042649
4000504393881
32815752199
1005003253698549
1005003297461683
1005002849707011
4000788248922
1005001350632412
33044769897
1005003129731262
4001089158252
32981041069
1005002967639767
1005003134295830
1005003017292519
1005003261839994
1005002630550576
1005002740440005
1005001697698831
4001072069110
1005003071533152
1005001963462871
1005002545461400
1005001343337777
1005001989534232
1005003140992395
1005002560754746
1005002937644789
1005003009744688
4001323534217
1005003276425963
32956069101
1005002475424545
32808974935
4000847936754
1005002995850982
32900739584
1005003294239708
1005001907188185
1005001303506362
1005003172827319
1005003361953910
1005002430640538
1005002328558219
1005002997589993
1005002350723286
1005002579225053
1005003268065191
1005002627867132
1005002855517660
1005003054509468
1005001874013427
4001037232279
1005002568216386
1005002297368564
1005002984586016
1005002483779077
1005002758736224
1005003388507229
32886113006
32976066970
10000343905249
4000420645024
1005002926508800
1005001773409295
1005002340291616
1005002052074761
1005003326242791
1005001682560242
1005002980358373
1005001325857416
1005003119457890
1005002517713376
1005003354961744
1005002629780242
32987526264
1005003134112966
32972729272
1005001834403644
1005002306614311
1005002784446221
1005001652716263
32862059886
4000590699798
1005002766992027
1005002854866987
1005002988248046
1005002751776152
1005001308900811
4001138813641
945927151
10000228974451
4000589496884
1005002683835466
1005001757935175
1005001860868327
4000864307500
1005001268461566
4000133503645
4001316442514
1005002631385138
1005003140503855
4000613915970
33001848939
1005002078686898
1005002603912862
1005003355405102
4000794135217
1005003174677444
1005003182816114
32719170810
33038083620
4000154865425
32958588683
1005002771055171
4001149024100
1005003347787182
4001216311738
1005003314002373
4001179284069
1005001844464477
32878264038
1005002565602853
1005003117167399
4000233104664
1005002717912237
4001159489154
4000077595047
1005002592785995
33039853918
1005003258560375
4001255655381
32606825266
1005002933325902
1005002540906390
4000115162319
1005003036118160
32809309062
1005001488743416
1005002577815014
1005001637768048
1005003282045866
1005002240601336
1005001286371123
1005002698372355
4001299688032
33029234028
33052760610
4000098048664
1005001519783567
1005002925765049
1005003299239840
1005003003390902
1005003208654934
1005003152386740
1005002947680141
1005002313094804
1005003133460535
1005003193620923
1005003064048350
32899695847
1005001450761656
1005003369661578
4000434658739
1005002794819266
1005003378789052
33000107649
1005002716852282
1005003295051311
1005003235242789
1005003302476294
1005003262313016
4001202209693
1005003021027072
1005002603067306
1005002426700168
1005003217973325
1005002064960109
32636624763
1005003287158421
1005003151155695
1005002424220552
1005002567522261
1005001848654641
1005002196218653
1005003276433008
4000148247873
1005002949153341
1005002065583847
1005001586000711
1005001642640706
32835557931
4000983181266
1005003120629752
1005002957539859
1005002804272247
1005003293550718
4000956343007
1005003143110121
33042065251
1005003101782217
4001230336695
4000626135184
1005003146351582
32829059644
1005002828440526
1005002831484737
1005003033390448
1005003294253217
4000038738183
1005003321316185
4001156318843
32365364691
1005003102669351
1005003176913800
1005002939516876
1005003098131061
1005002273285058
1005003337657483
32893504430
1005002708292471
1005002027097876
4000758227444
1005003267720757
1005003305661190
1005002298698990
1005002991169105