32962227790
32959717277
1005002002611807
1005001938188541
1005002740290839
1005003368398004
32698990556
1005003286175635
4000918756450
1005003123527348
33009024450
33038194655
1005001391776806
1005003355134719
1005002618871220
1005001326932797
33048668156
10000012339826
1005002890806877
1005003168083954
32903552381
1005003138515988
4001272743352
1005003256828154
1005003020712911
1005002793731945
1005002573298689
1005003212016112
1005003034606098
1005003308354237
1005003251830965
33057404632
32873623032
4001270520388
32663993617
1005002886059070
1005002943418838
1005001631860189
4000022907099
33047296243
1005002345181224
1005003112001856
1005001298353238
1005002741861913
1005003166757801
1005001552230776
32804008713
1005001266030358
1005003200814135
1005002254096600
1005003043068971
32881667833
1005002857315203
1005002383792685
1005002551265025
32866417829
1005003373687316
4000083447927
1005001406060839
1005001994383366
1005003201678977
1005003362215256
4001292514042
1005003206065871
1005003344839256
718351879
1005003249147087
1005003266255005
1005002673743686
32969951393
1005003205952778
32848169028
1005001265875003
4000303307015
1005003312346441
1005003284954241
1005002695279291
33024740603
1005002860119805
1005003278183915
1005001893362095
1005002709958230
1005003331649281
1005002613882971
1005003321082357
1005002991190190
1005002441540667
1005002247715881
1005003243981606
4000587299080
1005002931164385
1005003325611786
1005002779892688
1005003298914115
1005002271647532
4000863380806
1005003341637527
4001225182408
1005001905088157
32782466877
1005003162674863
1005002542805192
1005002931862193
4000580207405
1005002568185432
4001135489954
1005002298659689
32969995338
1005002907573333
1005002494580961
1005002313876110
1005003357592541
1005002346858175
32764779252
1005003266223913
1005002903446729
1005003158973578
4001178727666
1005002989245522
1005003110001960
1005002623063153
4001181612511
1005001515704042
1005001549230459
1005002907064747
1005003217282034
1005003064014864
1005001462317714
1005002890808935
32807851322
4000478562526
1005002318462457
1005002642142299
4000130232703
1005002833475267
4000980225930
4001164049028
1005003000523177
32953858540
1005003279780765
1005002653096531
1005003342047811
1005002590037893
32856344631
1005001994400264
1005003298815454
1005002468311692
1005002877058589
1005002823672557
1005003016257005
1005001963558791
1005002689397787
4001067012628
1005003326679499
1005003135563930
1005001611930465
4000320358753
1005003330765914
1005002090601175
1005001310804995
1005002798964170
1005003108503899
1005003331236745
1005003209324750
1005002509306921
1005001615295651
4001307972940
1005003123452057
1005002662744908
1005003017884359
32855472587
1005002465775510
4000314992719
1005003162241827
1005001847886823
1005001912781733
1005001389066923
4000963569678
1005002264290460
32881249949
33002862045
33032938282
1005003341846972
32914656142
4000165650740
1005002312545661
1005002735048089
1005001476108525
1005001565799343
1005003009814564
1005002649633779
1005002912807119
1005001728975920
1005002122323722
32966581876
4000741787004
1005002611258308
1005001406485037
4001049967789
1005002388309615
32833621358
1005002700122661
1005002624021840
1005003037330858
1005003005367506
1005001577575424
33040227589
1005002586914619
1005002737837481
1005001724015772
1005003168862087
1005003197853327
1005003302412957
1005002506318346
1005003156142534
1005002593884955
1005003088828801
1005001686133415
4000429559766
1005002997143739
1005001763187904
1005002134697067
33038315620
32870316958
32997219664
4000088523771
1005003311402884
1005003341843341
4001264543412
1005001566843434
1005003022233968
1005003171932405
4000849284946
1005002346746125
1005002796340418
32757666701
1005002430898594
1005003265484475
1005002231515990
1005002996186377
1005001623766207
32969177295
1005002605789368
1005001620154033
1005003004523233
1005001332558660
1005001561915601
2030324526
1005002924632625
1005002476512037
1005001415269264
1005003219553896
1005002800247998
1005001364795287
32981239848
1005003107481378
1005003349696269
1005002814363033
4000620727563
1005003037174571
4001331388481
4001350260985
1005001430444906
1005001441502240
1005002008380143
1005002728212497
1005002856856444
1005003158045949
1005002771350687
1005003108054075
1005003044196741
1005002673385490
1005002642164354
4000725436267
1005002758255747
1005002438123571
1005003156877936
1005002313939005
4001252591433
1005002676053331
1005002454437022
1005002608172693
4001362353597
1005001982469307
1005003330829895
1005001812085990
1005001552027753
4000504176431
1005002503727595
1005001316933819
33009737681
1005002870109869
4000212583884
1005002951811446
32809741925
1005002527142153
1005003242581374
1005001730868508
4000410867398
1005003181758394
4000120187443
1005003257508820
4001152927454
1005001841028118
1005001435920877
4000220470588
32821430097
1005002628916965
1005001769082111
33011656152
1005002912315084
1005003070767137
1005003121125898
1005002008178468
1005001628593647
1005002339245048
1005002877062100
1005002517099292
1005002678391633
1005003332848192
4001238565573
4000406167840
1005002434112492
1005002901263936
1005002017069770
1005002632635248
4000638198911
1005002827330193
32999279206
1755695581
1005001698434744
33059258918
4001047672754
1005002597591943
32817519778
1005002187954157
1005002788226953
1005003106161694
1005003261587533
1005002656508975
4000801050423
32797421147
1005003031857874
1005003068522719
1005003301543399
4000975247670
1005002912561822
1005002995662847
4001038363872
32296779049
1005003025038062
1005003386308892
1005002537971836
1005002495227467
32657882553
4001196864260
1005002280909037
1005003107729793
1005002091222568
4000300860049
1005002459339988
1005002913636173
1005003273854733
32951274485
32974540258
10000012735628
32955918632
1005002592809684
1005002828979847
32967491562
32705315188
1005003158640191
1005003344037632
32969261900
1005001961001172
1005001922571883
4001230258987
1005002875498464
1005001499351854
4000263417245
33002574946
1005001465760049
10000339380417
1005002772247172
1005002828191324
1005002048816698
32792286746
4000642796416
33011336631
1005002312012014
1005003101194251
1005003331020624
1005001757964625
1005002777303258
1005001441468505
1005002888601821
4000308633453
1005002790047013
1005002468139088
1005003114030370
1005001971570706
1005002323493670
1005002283143347
1005003095323901
1005002515420405
1005001702960606
1005001965114981
1005002989586105
1005001603096669
1005003301184093
1005003043677139
4000219582013
32897836077
1005002592807889
1005001304389609
1976512602
1005003099373979
1005003224128029
1005003208520787
4001066878343
33031309899
4000058283750
1005003205672268
32978506369
4000484944427
1005003263814384
33030088638
32748373163
4000185173322
1005002003877205
1005002347148379
1005003272922405
1005002099274864
1005002734476080
1005001764338526
1005003069383534
1005003270904085
32898022922
1005002953064765
1005002351565796
1005002543591227
1623711942
1005003329311237
1005002977927054
1005002210635550
1005003334652789
1005002144420868
1005001888949037
1005001830472379
1005001308752102
1005003135902202
1005001274064788
4000938562252
1005002420093966
1005001784822381
1005002544846874
1005002312967748
4001218766848
32682854463
1005003243728587
1005001620849975
1005002582573169
33043927940
1005003357551133
1005001766076149
1005001808799789
1005003356835682
1005002894383847
1005002209248614
1005003107614222
1005002926529668
4000935096201
1005003209412496
4001273561259
32847697826
1005002982141659
32677685068
1005002948741860
1005001289709052
4001248872789
1005002907756695
32831444198
4001351353329
1005001275119101
32793879978
1005002616156846
1005001682739083
1005003001211230
4000717335126
1005002630659011
1005001926156753
1005002090651145
32906933511
1005002491868345
32909019450
1005003002818198
1005002774680195
1000007446871
1005003019686600
1005003315122114
1005002535194527
4001278452992
1005003271374350
1005003146462474
32344387613
1005003340876157
1005002752862147
1005002605911436
1005002362076990
4000167173473
4000505144132
1005003239295522
1005001709588286
1005001500862886
1005002767818333
1005001430754241
1005003332293844
4001325345048
1005001603413065
32962401028
1005001500404051
1005003027786580
1005003258003165
32840949726
4000429677220
1005002704872468
1005003269094224
32829439119
1005002970597777
1005003273752522
1005003201614887
4001327608948
1005002217566456
1005003034303800
1005002753471036
1005002415634176
1005002022914111
1005002320522417
1005002355855853
4000055876930
1005003262533551
4001164052070
1005003292562308
4000811134249
1005001927153869
1005003285175171
1005002043087121
1005003169144384
1005003278657609
1005002978739347
1005003240545317
1005001380198672
4000858233259
1005002878450362
1005003227186059
1005003339093402
1005002230101872
33046079307
32547712705
1005002299453582
4001324197213
1005002697696013
10000344007244
32986032189
1005002896314727
1005003066556173
1005001523665452
32320498055
1005003097776420
1005003314547957
4000983000283
1005001266779418
1005003182111661
1005003183476598
1005001385741754
4001292541439
1005003128307039
4001232105952
1005002999088464
1005003342073732
4000309702296
1005002715303211
4000589469864
32959971481
32952387502
1005001514666522
4001074932642
1005001764809268
1005002065004999
1005003379534102
32882338778
1005002314136063
1005001418240734
32818857323
1005001442052971
1005002723449558
1005002769219460
1005002608206393
1005001472184851
1005001853927724
32918089443
1005003175634790
1005003158612378
4000704461433
32820575494
1005002429835231
1005001756635057
1005002616094266
1005002332928290
1005001425514000
1005002441912704
1005002559298586
1005003192054877
1005002823338666
1005002956748520
1005003016409099
1005003038708361
4001274160828
1005002762202660
1005003066072032
1005003228216467
1005003184687166
1005003008681607
1005003270419956
1005002533388500
1005002531622334
1005003314393543
1005001952280207
1005002159317901
1005003219527477
1005001995499600
1005002726930878
1005002361905051
1005002233673062
33013843174
33013833135
1005002952225489
33034832351
1005001694086659
1005002467570963
1005001844243941
1005003035419598
1005002121665810
1005002753448749
1005003213802960
4001291095167
1005003001962032
32864186476
4001269359245
1005002252991384
32798728143
1005003106465122
1005001633279334
1005003021194641
1005002340306816
1005003286524756
32678167175
1005002293741758
1005002842963647
1005002531298535
1005002912034547
1005002829251760
1005001644091885
33047459455
1005003200153343
1005002145293143
1005003304411132
1005003221726312
4000096033682
1005003321255165
1005002907000211
4001250751757
1005002362307356
1005002329925126
1005003124514933
1005003333286450
1005003292114547
1005002822485482
4000778744004
1005002659202616
32982619679
1005001893139914
1005003120012645
32885866353
1005002191367702
1005003352597820
4000480056958
1005002612990284
1005002940812668
1005003022202737
1005001433966522
1005001592384625
1005002121135047
1005003193880855
33018936266
1005002672425434
1005002285581929
1005002878512699
1005003268266315
4001287032177
1005003130316234
1005001351128170
1005003205683297
1005003097359686
4001036654379
32820712155
1005003213003135
4000238364505
4000895310914
1005003269477930
32864145950
33056734850
4001285202505
33053075224
1005002835451297
32868236954
1005002297368403
1005003333818634
1005002803155065
32272947385
1005003072378989
1005002722827509
1005001350545129
1005003378883537
4001219899467
1005001986017251
1005002995141787
1005003145318277
4000921846359
1005003001054697
33012630578
33021876113
1005003016350699
1005003323545604
1005002299226983
32812348878
32899058635
1005003012257282
1005001363903929
32976827155
4001269449323
1005003144435066
4001122595625
1005002882409930
32232754658
32952280582
1005002593742986
1005003272105154
1005003336264347
1005001407083294
32872615367
1005002398690051
4000866840427
1005002754488405
1005001731136670
1005003010530932
4000003081105
32987618796
1005002394152031
1005002116552328
1005001793872793
1005001597606695
1005003133458447
1005003129244303
4001202858935
1005002869844623
4000360802622
32961458813
1005002662827310
10000343873545
4000736136007
1005002589548534
1005003239447879
1005003112079269
4001139388205
4000960254710
4001174903946
1005002638289473
1005002467563909
1005003019452441
1005001410789565
1005003031955511
32951233978
1005001899942216
4000274547229
1005001482014055
32861405424
1005003177277975
1005001412275883
4000943608537
1005003086427753
4000088621519
32998946649
32974501058
32994936708
4000730602426
1005003259130356
1005002994381017
33045201965
1005002233084467
1005003130846751
1005002974116501
4000935177656
1005003238893880
1005003364740293
1005001834211548
1005003006481213
1005003234338819
1005003020461758
1005001458183978
1005002877158432
1005002527412212
1005002317678083
1005003103356283
1005003064502617
1005002272883904
1005002278626451
1005002810525837
1005002254462255
1005003116426500
1005003155430442
1005003108268680
1005001632354610
33022643791
1005002229727991
33007417604
1005001621484923
1005001725615951
1005002475000345
32999454624
1005003175014924
32994117736
1005003112097500
1005003343991632
1005002578790470
1005002716011361
1005003264186827
4000801223325
1005002898904933
1005002576251577
1005003368153970
1005003243714554
32920238952
1005003291328634
1005003212892559
1005003031249288
1005003387843213
4000238179356
32827690379
1005002385281546
1005002122267870
1005001657323236
4000071157177
1005002334927573
1005002355836972
1005001869444694
1005002313259413
1005002056595368
1005002604906596
1005001677962158
32869362739
1005003137878172
1005003104059775
1005002328518724
1005002602530034
1005002643294112
1005003324530589
1005002862130283
4000121414820
1005003095944217
1005002914962968
1005001452718790
1005003319719387
1005003183976645
4001256437105
4001014993260
1005003330543847
1005003096475083
10000112601855
1005001761986352
1005002313671701
1005002435095155
32996434868
1005001520444977
33052473309
33004469542
32885877057
1005001481678608
1005002862741871
1005001933853191
32970661597
33016471481
4000963698812
1005002946415639
1005001951749543
4000421043845
32965776088
1005003328034457
1005002814170416
1005002776170886
4000543947674
1005002373279085
1005003290213800
1005003283362631
1005003261541995
1005003113658187
1005002007395206
4000671993188
4000794649645
1005002511291168
4001251533424
1005003349330100
1005001348096832
1005003340069205
1005002598924137
10000012739593
4001180332020
1005003210057159
1005002001217977
1005003265534470
1005003314263192
32620740367
33058259000
1005002740339161
32946140649
1005003204226045
1005001840032615
1005003095003207
32827889821
1005003173179092
4000705853955
33033501451
1005003367881444
32976323855
1005003337896103
1005002701301425
32870578287
4000216230481
1005002868372979
4000175908748
1005002847192358
32917598748
1005002348232981
1005003195439988
1005002939200686
33056737480
1005002801821975
4000166300634
32737778450
1005002543295861
4000893418320
1005002587222830
1005003263602595
32710649068
1005003050687398
1005002964703920
1005003134896794
1005002128990547
1005002543483423
1005002443687251
1005002753425835
1005003085509581
33043792712
1005002319468554
1005002244557691
1005002878147044
32744397554
1005001645822984
1005003032947900
1005003380682446
4001061835187
1005002766292736
1005002303898480
4000492360235
1005003368015722
1005003152522998
1005003200985532
1005002412832752
1005003171446249
1005003320445924
1005003258232809
32960363417
1005001622098735
1005002447712286
4000138231547
32987367902
4000411100478
1005001883503100
1005002393955421
1005001545519416
1005002530004580
1005003336782150
1005003152722811
1005002251794984
32604356893
1005003221870167
1005002975812623
1005002075363006
1005002663194053
1005001947911570
1005002829543926
1005003188674954
4000926335808
1005001472373403
1005003332797838
1005003298473344
4001135656142
1005002427986981
1005003001042505
1000008307553
4000210817202
1005002081164215
1005003388466595
4000955975966
1005003185227567
1005002566839671
1005003036549584
32969884196
4000384592389
1005002949169819
1005003323040734
1005003325748554
1005002755230904
1005003116535655
1005002876373430
10000324002393
1005003141020786
1005003144920166
1005003240586410
1005003221669023
1005003391271402
1005002384800211
4000233294749
1005002735032191
1005002517607742
1005003243977324
10000157024439
1005002472682233
1005003186634829
1005002302240872
1005001504185381
1005002083757905
1005001708741072
1005003345397296
1005002914518586
1005001884248043
32849702263
1005002796784809
4000079489889
4000833984236
1005003190503653
1005002531358246
1005003041022529
32827616839
1005001863621995
1005001672453272
1005001465640478
1005002598473784
33056447611
1005003267615403
1005003132067893
4001249621671
1005001880693760
1005001790151108
32900872312
1005002069005243
33052896938
4000378278852
32748961867
1005002761886559
1005003112902190
1005003079811411
1005002813205593
32861892791
32876983881
33041985352
33037500656
1005003255645991
1005003241949743
1005001826200759
4001013930976
1005003233410614
1005001568518642
4000908778584
1005002579914090
1005002066443782
1005001471993260
1005003297555790
32884795688
1005001777042231
1005003340879542
1005002729853083
1005002983152758
4001322663795
1005002766459611
1005002119863449
1005002783865296
1005003094260730
4001212099522
1005002600241036
1894337190
1005002622422824
1005002080022404
1005002776757201
4001157227894
4001241244486
1005002615693329
1005003048551897
1005002052399952
32824126703
1005003069755540
33010277310
1005002737107825
1005003315459776
4001298265476
32982526270
1005002565181857
4000627741737
4000981557873
1005003017546850
1005002734999346
1005003298715148
32822406317
4001254883343
4000938386687
32794799896
33026138250
1005001872657277
1005003019767449
1005002817273617
4000233413058
1005002258478366
32961867213
32808849443
1005002784997759
1005003370961608
4001272385291
1005001864663966
1005002641638811
4001091886396
32817219626
1005002384636644
1005002762008723
1005002298531576
4001221758196
1005002973069947
4001070262397
1005003130512005
4000553129136
1005003365073230
1005003201812946
1005002612612617
1005001866375713
1005001953523375
1005003023901506
1005003388427808
32961815175
4000610094522
4000006530469
1005003114984451
32821226226
33015587756
1005002136899567
1005002798610769
1005002357570220
1005002950752507
1005003164706563
1005003176485901
1005001769691253
1005003328821488
32974853868
1005002053717981
1005003277768748
1005002973774617
1005002830097424
1005001328938310
1005003255472020
1005002702568840
33058939619
1005001883605784
32951750665
1005002430911478
1005002848841999
1005001922178312
4000491613700
32958194105
1005003344729457
1005002945749010
32875596845
1005002963275948
1005002181257693
1005003117178388
32782741462
1005002489609768
1005002659068266
4000377405432
1005003058544116
4000434708411
1005001620721489
4000452968654
32833142783
1005001456804176
1005002578054568
1005001315450450
1005003271655804
1005002820313869
1005003018147313
1005003323227181
1005002033454030
1005003037420087
1005002319895145
1005003272175402
1005002260525027
1005001616140931
1005002990426388
32758735838
1005002661661511
1005002513798069
1005003228247253
33008607383
1005001319868188
1005002571619317
1005002875402691
33040001882
1005002412576021
2008174594
4001231441744
1005001350976344
32922020858
1005002608903694
1005003108613060
1005002758507146
1005001793161344
1005003233559774
1005001602666128
1005003036048504
1005002395869039
4001015461759
1005003287708961
32885048107
1005003022006647
32608710786
4001228432795
32966988190
1005003179127867
4001280843706
1005002547784304
1005003310614065
1005003197829767
1005001845374882
32852130999
1005003223609596
4000645833891
1005002826368671
1005002136730360
1005001365937014
1005001756900664
32861347021
32853863804
1005003239134165
1005003096047989
1005002766134747
1005003325427337
1005001721276600
1005002969436050
1005002520577661
1005003281948753
1005002529336503
1005002618229287
1005002854959146
4000881568706
1005001304063809
1005001570531994
4001221816187
1005002980111098
4001046552044
32785432534
1005002434520804
1005002859266186
4001231311018
32842795787
1005003320943079
1005003234493222
1005002961518845
4000843155714
1005003227610596
1005001862983398
1005002605605646
32859037783
1005003276595390
1005001928014796
32368343494
1005001483528944
1005002846594120
1005001933191692
4000827231916
1005002963986536
32566345039
1005001349556479
1005001837127037
1005001990303319
1005003001128154
1005002979522709
1005001391587855
32977759407
1005001506925156
32920570949
32781997031
1005003093270668
1005003021627211
1005003263619885
4000985037779
1005003107295662
1005003347278177
1005003337320424
4000410346005
32881882521
4000844054912
1005003053418961
33010895492
1005001575477060
32852322467
1005002535075663
1005002448181934
32573355063
32652849301
1005001556137902
1005002314023882
1005001625483807
1005002101688791
4000430029455
1005003008084485
1005002037757554
1005003311092230
1005003318803665
1005002467020566
1005002317579997
1005001472305619
1005002898146053
32794277670
1005003080712599
4001230446018
1005003216012121
1005002760292173
1005002366155715
1005002790240389
4001037177920
1005001913661749
4001083642273
4000225791199
32610324803
1005001511335474
1005003006471007
1005003147977309
1005002618900943
1005002444572471
4000725988593
1005001320128837
1005003069763614
32650548722
1005003027675953
1005002097170740
1005002603079972
1005002959714043
10000386467862
1005003192969382
1005002760242263
4000257863812
1005002656137892
32846847900
1005003197075210
1005003188474323
1005001489182481
1005002467468839
32983252872
4001324191169
4000284215051
4000891680417
1005003160654548
1005003083939142
1005003315566018
1005002972420601
1005003325754599
1005002944770443
1005002755851980
1005002857443767
1005003077040943
33021776530
1005001652293722
1005003160139226
1005001989392759
1005002363216960
1005003261641058
4000516769900
32509184176
1005003133421467
32966031969
4000307796766
1005002657504834
1005002885441473
32536166540
33053199316
1005002828805156
1005002505634463
32573393681
1005002799415025
32954441144
1005003308671227
1005003132021057
4000818181858
1005002556380406
1005003122618609
4001317404734
1005001815264533
32973862650
1005002860671818
1005002087496375
1005002803612884
1005002031970294
1005002428095413
1005003072184125
4001268014558
1005003207786939
1005001813895860
1005003069445921
1005003287128999
1005003344862016
1005002776209836
1005002314269954
32369512202
1005003174837485
32920929212
32858166259
32850973187
1005003335653903
1005001342469960
1005003311434387
1005002746812645
1005001765896732
4000164718284
1005002244324688
33004746651
33052867406
4000293803090
1005003247922484
1005002436014137
1005001704480024
1005003186834730
1005003086750539
1005002593688856
1005003124067491
1005003338071962
4000185797437
32887311843
1005003008030441
1005002907478636
4001261380579
1005003044223450
1005002747913360
33007293480
1005002374320571
32892298731
4001270456604
1005001566780918
4000967116647
1005002598354736
4000216441985
4000082402421
1005002797274711
4000588540186
1005003387741642
1005002942143172
1005003217339757
10000297350587
4000133617440
32813144050
1005002988927840
10000395951065
1005003205753350
1005003163876767
4000597830024
1005001835989633
32845756092
1005003361144617
32834179745
1005003297655232
1005001495546808
1005003292179852
1005002946922262
1005002774222975
1005001464895955
1005002137571485
1005003197611325
1005002780513176
1005002863635678
1005003352661104
1005003283548944
4001119391807
32916539772
1005003292560074
1005001349682228
1005002555913659
32878045721
33037944137
1005003318483708
1005003205849739
32847509752
4001155300125
32386389309
32874437103
1005002246496464
1005003301371079
4001197173518
1005002206462836
1005003372829039
1005002375190199
1005003389599328
1005003063498074
1005003333775058
1005002074735554
1005002344993290
1005001581834074
32746364591
1005002308671338
1005002091779217
1005002755902122
1005002381566714
33049665306
32957831128
1005002816903785
1005002362925436
4000945651089
33027523140
33009721126
1005002122261747
1005002133817576
33004765934
1005001525234923
1005002722753386
1005002631884141
1005001933089184
1005001525325891
1005002612820635
1005002827365025
1005003278376820
32466383048
1005002289040507
4001147875491
32820125818
1005003172860672
4000313006509
1005002952891869
32630852125
32737778450
1005001955209270
1005002782664172
1005001337893998
32850873049
1005001799573991
1005003258437270
1005003300484481
1005001408294695
644431037
1005003350777332
32902300154
1005002489360217
1005002974101016
1005002695299704
1005003277701051
1005003192263039
1005003034331541
1005003287373691
4000223951824
32856130378
4001172852007
1005002593549233
1005002052091711
1005002707810605
1005002878008222
1005003332826814
1005003344747532
1005003206697613
1005003077888761
1005002748514659
1005003274452148
1005003062718791
4001107460138
1005002780190649
1005003222601936
33005356836
1005002915365108
1005002794890907
1005002862445009
4000287643187
4001157022089
1005003348273593
1005003253320717
1005001365817629
1005003141518973
4000155000019
1005001787170595
1005002612150737
1005002186088652
1005003014144646
1005002518940978
1005002238062175
1005003145849989
1005003120289960
4001268986352
1005003149698406
1005003201817295
1005002674788674
1005002622460164
1005003118455923
1005002900047157
1005002780238894
1005002628938309
1005003370762477
1005003249910572
1005002212851916
1005002686668009
1005003270376912
1005003087438469
1005003003122886
32918145233
33028485351
1005003069122240
1005002803726762
4001041982668
1005002478603978
32600867388
32999196524
1005002304707895
1005003219107422
4000704755130
1005003384384850
1005002846139668
1005002873138902
1005003097255906
33033832163
33003814707
1005003150338146
1005003276401409
1005002398752954
1005001395405912
1005001335636673
1005002703632854
32750294832
4000748397097
1005002566787130
1005002541557460
1005002778845376
4001231113698
1005002842334413
4001072347161
4000803182949
4000318970459
1005002489881207
4001238513428
1005003312332909
1005001547901482
1005002636500888
1005002586128260
32955042771
1005002640807467
1005003379665625
1005002924690944
1005003161001817
1005001305002803
1005001677981696
4000224447447
4000967014812
32506764854
32972624540
4001223434328
1005003315395857
1005003363270319
1005003223528149
4001272355958
1005001321770610
1005003366144486
1005002641712133
4000941455626
1005003081462099
1005002856652722
1005002382295604
1005002864902658
1005001926582679
32831955418
1005001483319612
1005003035989301
1005003387176998
1005002719612201
1005003022614936
1005003065914832
1005002741295847
1005002054815166
33060511513
1005002352292141
1005003324499791
1005002662537965
4000975740774
1005002754162396
1005003244078384
1005003046824479
1005003047936909
1005002878758820
33048168944
32454755744
1005003392981029
32964005196
1005002974278942
1005003352283251
1005002376809649
4000460276371
1005002083799710
1005003128097774
1005003092922651
1005002607628519
1005003102605693
1005003101243424
4001298538612
4001028403831
1005002252210562
32848971640
1005001409219091
1005002055194094
33003486542
1005001610487140
1005002965173987
1005003066015642
4000990496723
1005002926087260
33000099188
1005003239873290
1005001840452159
1005002095880498
1005002043002480
1005003274983517
1005002488150177
1005003178357798
1005003342039467
1005002738819108
4001028089374
1005002624662473
1005003268754637
32600008696
1005001524484040
4001226617541
32924094620
1005003295977849
1005003282277208
1005003142520713
32859324216
1005003300072195
1005002577961221
1005001650995196
1005002907910134
1005002090627520
1005002301205133
4001204072279
1005003205238851
1005002434078190
1005003292304897
1005003346467932
1005001775413406
1005003110020943
1005003313961165
1005002329085786
32655445942
1005002340547970
32987797955
32956341392
1005002335371181
1005001907602306
1005002613644021
1005002972729272
1005001518154980
1005001948106627
32791986263
1005001737050735
1005003179497699
10000022837644
1005001430950352
32881121434
1005003312279324
1005002747551230
1005002242023382
1005003127339166
1005002440511914
1005003038101746
4000261934938
1005001473657190
32966362703
1005003039658364
4000626041725
32967708848
1005001882713199
1005003000354071
1005002526721699
1005003280414726
1005002790345242
4000906910069
4000249116786
4000259288691
1005002921873772
1005003275734431
32867560664
33007875877
32818671849
1005001587545951
32836726081
1005003178427874
1005003247950067
1005002822129565
1005003330281959
1005002984551342
1005001310879409
4001100278859
1005002070497537
1005002416481053
32814504779
4001154308786
1005002959215525
1005001802822042
1005002526818231
32794529969
1005002341100194
1005002554307447
1005003081667760
1005003165586394
1005002092065947
32859736808
32839354224
1005003166144952
1005001471762987
1005002210857809
32880639356
1005001912616057
1005002421166754
1005003121005986
32919110167
32996111134
1005003361268524
4000402484475
1005002976597911
1005003016145922
1005003347184936
32908218147
1005003012082464
1005003190930756
1005003206144476
1005002976213057
1005003002452740
4000905707321
1005003302575909
1005001521078981
1005002399853189
1005003240084547
32829900993
32825719988
1005002705065928
1005002775986509
1005002901297688
1005003205903852
1005002002954154
4001278916475
1005002399639789
1005003021419290
1005003342602814
1005003121727989
1005002773439215
1005001508089604
32821061178
32855107708
1005002524233883
1005002979017342
1005002637467734
4000742587696
33038119724
1005002829304079
1005001475795110
4000785533515
1005002965184248
4001041585343
1005002428495497
1005002974276488
1005003192979642
1005001986881836
1005002369599814
1005002523409404
1005003357299758
33019068175
1005003276688045
1005001987971225
4000197645302
32455314524
1005003229379493
33034234276
32806681648
4000730796244
1005003318261476
32650260248
1005003322194274
32263754756
1005003094887447
4000024389991
4001110895161
32838154442
1005003364716521
33013982662
32974560302
1005003015750222
32995145551
4000729608858
1005003329249618
1005003232713343
4000045354611
1005002532804627
4000603011938
32525583673
32963204073
1005001365478101
4000734222155
32965244962
1005001769014907
1005003095487703
1005002179205670
1005003157554855
1005001869337914
4000540263949
1005002580494758
1005002919130506
1005003102673718
1005003287050483
4001130311429
4000077241023
4000989289896
4001049838171
1005002007033277
4000131083043
1005002611545402
32907954464
1005002713230946
1005002484948422
1005002938844339
1005003225089226
4001069615895
32785705331
10000242771443
1005002307602671
33016357609
1005003160115970
4000498829431
32891435610
1005003347518354
1005001540378820
1005003102401343
1005002306599322
4001000574283
1005002259180891
32869834114
4000506047925
1005003384574970
1005003330144805
1005003318867263
1005003387506093
1005003105857787
4000083233454
1005002863817588
4000222048390
1005001967469129
4000831144298
1005003339271271
1005001988342896
4001359478794
1005003057418164
1005002709712285
1005001368884983
1005003319057229
1005002924503289
1005001834474937
1780320606
1005003323992883
1005002244662077
33000954593
1005003152216956
1005003022685490
1005002548299909
4001203687189
1005002879825090
1005002748083962
32815964583
1005003146412024
32249712253
1005003100553104
32955074932
1005003194663774
1005003070793328
1005002658132616