4000912932815
1005002788992422
1005003171973948
32972047205
1005001924737842
32712040876
32965902668
32991082497
1005003191056586
1005002244393396
1005002906617142
4000780270889
1005003176733359
1005001580216910
32920927403
4000261737564
1005003208246463
32953121610
1005003093827343
1005001488592156
4000777693230
4000358925306
1005003124197225
1005003385030212
1005002800994265
33016422722
4000990988924
1005003087521106
32933632358
1005003375362974
1005003090386100
1005001544802289
2021028926
1005003171714067
32971276294
4001182478426
1005002172621406
1005001798798453
10000025691486
1005003180900370
1005002862063626
4000902729857
1005002186979393
1005003382193575
2044769266
32841443143
1005003275213011
1005001413762629
32855564145
1005003060269984
4000125415195
1005002177517335
32993645510
1005003265971383
1005003344482158
1005002344968813
4001300360719
4000014138752
32978623934
4001287597558
1005003261997722
1005001439209062
1005003021779846
1005002680340008
1005002984669433
1005003016890932
1005002734154554
4000288611045
4000662898543
33006980977
1005002100865190
1005001977710505
32890178973
4000879529767
1005002230354903
1005003015930661
1005001907160665
1005001381246135
1005002769278333
4000016391867
1005002244021547
1005002637233628
1005002981924698
1005002295320616
1005003235078996
1005002591051108
4000589780967
32795957940
1005001345007093
4000864543294
1005003029720456
1005003372009121
32912494473
1005002478306375
4001136069636
4001223521824
1005002317825327
1005001493637213
32812324081
4000704522209
32863259858
32556340953
1005003227438751
32964045875
1005003144409811
1005002981887236
4000109384151
1005002718323273
1005003083194854
4001278958361
1005001841728781
4000356266497
1005003308886168
1005002027251648
1005002490686242
32864828001
1005002612187940
1005003113878412
1005003154643762
1005002612709821
1005002527243396
32833807341
4000822181906
1005001757543020
1005002889696665
1005003071563159
1005003329442194
1005003207073961
4000509380049
1005002643812921
1005002338810544
1005002262467509
1005002817767698
4000674063308
4000014675615
1005001921465921
1005003001596619
1005003103635679
4001115961643
4000548201562
1005003222349553
1005003175932380
32832605288
4001150033476
1005002415901335
1005003151334313
1005003199001025
1005002308674672
4001225566662
1005002656786635
1005001344091657
1005001965380017
1005002863614558
1005003253273891
1005001898874243
1005003273007723
1005003113727281
33002070086
1005001471569835
1005002352330094
32985075710
1005002947967599
4000318143242
1005002814791463
1005002913147784
1005002937748380
1005003336185823
1005002869796453
4001192879671
1005003136158834
32956000430
1005003279540396
1005003294105903
1005003127372172
1005002961094168
1005002663361805
1005002812863661
1005001704895508
1005003146392804
4000091854748
32829454782
1005003134841392
1005001445845603
4000704135221
1005002130896091
32534200454
1005003342380118
1005003284552998
1005003025752632
4000005851435
1005003255010836
1005003208024239
1005003142688942
1005001816956638
4000026060065
4000224023114
1005003337233977
1005002919489906
32952780935
33018515189
1005003008054515
1005002710182839
32230782552
1005002652647705
1005002921245318
1005003368204108
4001228602989
1005002490004708
4000273221192
1005002191635404
1005002317774050
1005003219617414
1005002625166109
10000005976851
32842668911
1005003377083911
1005002311769587
1005003334408707
1005001429310897
1005001562804289
1005002604376126
1005001527627899
1005003152408272
4001326081259
1005003254495268
1005002947694988
32917857176
1005003331584181
1005002052147038
33012250423
1005003310000723
32962138994
1005002939513567
32973975296
1005002388739394
1005003342174071
1005003377844155
1005002191749445
1005003319162050
1005001334788802
1005003298987805
1005003312329121
1005002418284533
1005002990582103
1005003094241756
32917728815
4000092797924
4000132222393
1005002549785659
1005003341721396
1005002713214225
32952325526
1005003209762549
32846514017
1005003309884997
1005002685576882
4000196425638
1005002758478468
4001076093109
1005002394603680
4001041098519
1005003099099607
1005002992038254
32891249454
1005001529811328
1005002982860016
1005001474767054
1005002582126828
32887522289
1005003165999985
32883879632
4000333166831
1005003384428952
1005002553904717
1005003275917449
1005001946696072
1005001710317885
1005002615868100
1005002390799106
1005002970705505
1005001580796077
1005002351446778
1005002940640763
1005002914143408
1005002698298397
1005003166267974
32918421654
1005003033027471
32842593270
1005003310471228
1005002663456633
4001046392381
1005002704345859
1005001585985190
1005002836903429
1005001300649352
1005003086191960
1005002484382973
4000136062720
1005002716965221
4000044838204
1005003339049126
1005001952512669
32961520778
33008885756
1005001284604689
1005001684202992
1005001352374499
1005002314339046
1005002695049680
33008853176
1005003318255640
32992016030
4000063480712
4000850820012
33010431418
1005003034220034
1005003264668273
1005002024191511
4000138764146
4000093848600
1005003123455052
1005001948874417
1005002717874741
4000960013544
1005002870379976
1005001333905092
1005003282653604
1005003371372417
1005002656684595
1005001279625395
32949039434
32522459945
1005003259292216
4000248654052
1005002774476025
32960952761
1005001717653872
32821835831
1005003119042817
1005001441518054
4001171807765
1005003251119185
1005001728043389
1005002620121638
1005003090869274
1005002421337315
1005003349351680
4001217719522
4001310246699
1005002004499963
32788903166
1005002781258856
4001078125971
1620935283
32899923893
33009988990
1005003263744475
1005003168242359
1005003337138855
32725981323
4000762816072
1005002290943559
1005003197045334
4000153460805
1005002703688493
32981199084
32975062348
1005003331281057
1005001658007036
32900231871
1005002617909189
1005002460965722
1005003074186069
1005003097973522
1005003153282174
32812398298
1005003307422248
32968239988
4000837606102
1005002980476102
1005003245705464
1005001813762185
1005003328322020
1005002857949333
32931350221
1005002467091403
1005003285398295
1005002253107768
10000217757761
1005003356000911
1005003126079279
32953454280
1005002423615051
32909871453
4000862911341
1005002485600437
1005003282909307
1005003344740943
1005002732396136
4001156308254
4000785936200
32799028383
1005002655772258
1005003296181679
1005003364074157
1005003197913710
1005003030938522
1005002738249181
1005002645931625
1005003161701087
4000012333006
1005001683627348
4000160859858
1005003389071198
1005002598305572
32984298667
4000768265828
1005001456509891
4001047669842
1005002781624979
1005003088331837
1005002321272468
4001057364842
1005002932406450
32974950706
1005002885393333
4001218085100
1005002346078990
4000978881843
32796468260
1005003197522091
4000015288650
4000608300963
1005002260259379
4001251179299
1005001665951944
32717370836
1005002267651790
32898210094
1005003325640547
1005002947047539
1005002260779348
32351807588
1005003107020347
1005002702800002
1005003298702228
1005002379095419
1005002616325187
1005001895975748
1005002927215269
33024466571
32406943628
1005002964345153
33050980230
1005002544966267
1005001744604373
1005003219191626
1005003168006668
1005003379783064
1005002159483720
1005003380736893
1005003121988050
1005001683129759
1005003381506222
32976446482
1005001576046578
1005003145696355
1005003003684233
1005002738625857
1005001609989699
4000453217040
4000571036788
1005002676255417
1005001576535730
1005002296992985
1005002974113564
1005001792281179
32969692834
32834154412
1005002926108790
1005002831873078
1005003037651475
1005001522687008
32841153797
1005003276406873
1005002137569621
1005001578866471
1005002426095852
1005001632805062
1005003369225384
1005002752138271
1005003323731889
1005002205545217
1005003171664941
1005003133916276
4001257120596
1005002032270873
1005001393183153
1005003326216034
1005002212973203
1005002842186600
1005003201257469
1005002232869315
33038067171
4000019083839
4000587367205
1005002073908266
1005003060388244
1005001726096501
32965932186
1005002745121995
1005003378343871
1005002937862277
4000968571421
1005003276053270
1005002970228893
1005002571629994
1005002917089426
1005003178541130
1005002695735445
1005003294556255
4000055966570
1005002301395685
1005003311301401
1005002945204792
1005002771984828
32885850549
1005003173392919
4000078363272
32765602364
1005002483499699
1005002478561886
33019863551
32980826090
1005001426921365
1005003353911207
32998593677
4000040607608
1005002991327762
1005001278162901
1005003224034441
1005002367755943
1005002624299244
4000201085059
1005002546989823
32975744955
4000226709967
1005003165636879
1005003007368167
1005003115713558
1005002781586108
4000558590914
1005003377595116
32662291718
1005003255127527
1005002897807949
1005003050006514
4000038978937
4000211535431
1005002288716623
1005003000750936
1005001756024961
4001214357048
32962961965
1005002017249198
32791111059
1005002776424990
1005003273750155
1005002741977436
1005002984865443
4001235235638
1005002970932470
32739323351
1005001474300281
1005002780662186
1005003064963128
32806405809
1005001732195325
1000001284453
1005001325346104
1005003214413261
1005003362129244
1005002577004271
4000472168105
1005003204593897
4000485960364
32830188582
1005002014621316
1005002408652477
32815515276
32776074711
32889090827
1005002980065386
1005001439034185
1005001792964000
1005003168910577
1005002956722809
32828493667
1005002199167617
1005001956579696
4000168644132
1005002760100711
4000553067026
1005001742641124
4001257738786
1005002921366070
33052658776
1005003123362170
1651706156
1005003127666230
4001078363513
4001071554737
4000392465648
1005003109941480
1005002862142302
1005002052572792
1005002440265556
1005002982649647
1005002264634500
1005001920995399
1005002915328497
1005001493760941
4001268585756
32252659076
1005003121261933
1005003154645922
1005003098919665
4000484547011
32948240124
4000688629955
1005002964700811
1005003235616379
1005002740479140
1005002038407213
1005003172662859
33003736277
1005002417194241
4001063176908
4000295056553
32914582517
1005002717450960
1005002443515889
1005003236541312
1005003284864635
1005001692898367
1005002458560317
1005002700257256
1005002369812276
32883982346
1005001739574011
1005003183490666
1005002540507456
32973775625
32961337555
32722547251
1005001778369940
4000442999134
1005002848376958
1005003089927373
1005002949795219
33050209397
4000358439991
32781716049
32739881919
1005003317934226
32969105064
1005002931184537
1005003221980366
32842082871
10000039422543
1005003236198115
1005002834096141
32662352876
1005001304325533
32655174163
1005002747125991
4001345867724
1005003346457400
1005001844699222
1005001406978326
1005002247357557
1005001718504833
1005001803118869
1005003101682524
32816488901
1005002121151311
1005003042032279
1005002839582373
1005002689871858
1005003265854304
1005002179412720
4001177412584
1005003328919599
1005001913252114
4001111394711
1005002711432339
1005002925545434
1005002657633602
1005001646760408
4001285193815
1005003014162350
4000319358375
1005002723375607
1005002403778910
1005003352010156
1005003111473371
1005002048919017
1005002284084997
1005002362424760
1005002662245114
10000344102866
1005001291451821
1005001899930732
32296808303
1005001944374716
1005001502490559
1005002341368179
1005002769099614
1005003119818693
1005001447319036
1005003033877953
1005002468503235
1005002318426474
1005002530517027
1005002821961073
1005003136105776
1005001785682013
1005003184442016
1005002008286129
1005002869606649
1005001620908220
1005003058771453
1005001418576162
32334999948
1005003156410763
1005002635828465
1005002326692391
1005003087363616
4000174369679
1005002505063771
1005002711177094
32948377795
32912949133
32824958643
4000281943060
10000002724882
1005002064992172
4000365695122
1005003055135710
1005001341269527
1005002986378907
1005001614220327
4000459718302
1005002991839019
1005002984913277
32833783724
1005002212542836
4001313127753
4000388189630
4000516454789
1005001603829884
4000929946031
1005002454375786
1005003083358816
1005002963639591
32840304454
4001218791701
1005003269595207
1005001996963814
1005003282939524
1005003308768941
1005001336905844
1005003199564791
1005002776268113
1005003278151121
1005002121111861
1005003291071269
1005003067088250
1005003136882264
1005002742420631
32783131507
1005001264886934
1005002582990342
32968858042
32883718150
32619855803
1005002824205002
1005003245307602
4000158626518
1005002316460859
1005002789855977
32828322506
1005001483944127
4000560714138
32882990763
1005002282172054
32820625609
1005003010429246
1005002675047538
1005001431551117
1005001448887654
32247038476
1005001462135733
1005003236297896
1005002593459824
4000029087039
1005003360075425
1005003071134938
1005003007183770
1005002841583001
1005002883874650
1005003241949743
1005003019530308
1005003337659907
1005003114642626
1005003196629078
32676003880
4001068328959
1005001387295260
1005001441383152
1005002709313544
32898174874
1005002434798562
1005002940371848
1005002348713321
1005002988178387
1005002529936982
1005001349013931
1005003126816343
32891246467
1005003097286373
4001096130921
4001104983671
4001203050041
1005002541173833
1005002110825790
1005002877430680
1000007973783
1005002231476115
32922290622
32955392758
1005003184402759
1005001894146348
1005002225199359
1005003156437156
4000600423796
1005002557714957
1005002855330455
1005003087358244
1005003246125353
1005002465560518
1005003329800938
32749418063
32730448160
1005002788696909
33060631084
4000344079257
1005001999376090
33042932454
1005002748065559
1005002796485489
1005003197486602
32986152845
1005002783883101
1005003236396411
1005001935399037
32893188798
1005002631652081
1005003160220907
1000004559004
4000901245946
1005001365335895
1005002501812379
32951593714
32848034072
1005003102912250
4000774773752
4000868480196
32870056305
1005002805665238
1005003264401189
1005003082082600
4000711694813
1005003183286350
1005001343571996
4000048972922
1005003367101795
32747343275
1005002313542333
1005003146758949
1005001366922733
4001134591087
1005003207325815
1005003086782779
4001275364237
1005003190886320
32950054677
32867666206
4000129297646
1005003133942507
1005003133969920
1005002511285403
1005001770566880
1005003203191523
1005002774384036
1005003024575467
1005003327895983
32961986347
1005003008077136
1005003242442984
1005003345069066
1005002242056768
1005002790551832
1005002953084660
32850848501
1005002923903597
4000231989891
1005002118931654
1005002241962311
1005003103173656
1005001463633795
1005002204221518
1005003293830440
1005001540421770
4000734922199
1005002038502140
1005003235184934
1005001779750958
33046518695
1005002866095581
1005002783855329
32852525584
4000902660076
1005002919574777
32975904531
4000642834274
1000001553345
4000879927259
1005003308770181
1005003342212471
1005002832897669
1005002758736224
1005002371546852
1005001977793264
4001139172803
4000516559362
1005003093963590
1005003151497959
1005002710498594
1005003147251091
1005002185946423
1005003283308962
1005001999221117
4000143830755
32852546149
32995921203
1005003162768031
32969415360
32848162956
1005003282265230
33040393892
4001277837810
1005003148102452
1005001597563496
1005002204900161
4001255238023
4000181493818
1005001639330253
1005003157140559
1005003376432090
1005003022449681
1005002649074654
4001279004047
1005002884863721
1005003299609514
1005002617221837
1005002039026613
1005001908260610
1005002607365146
4001041738608
4000837021562
1005003337040616
32691642594
4001089948145
32865749434
32973790382
4000083353355
1005002642611563
32948894034
1005002950018964
1005001406415914
1005003372766863
4001279496212
33029936405
1005001666191779
1005002432737445
1005002964481957
1005002998152512
1005003128115257
1005002258581533
4001141917339
1005002330255035
1005001578928405
1005002650946890
1005002876722374
1005002265783791
1005003234856480
1005003063585924
1005002249256752
1005002066671370
1005003352988791
32881441631
1005002382973638
1005002988321022
4000580613663
1005001446114378
1005002484923881
32983314208
32916946311
32559892294
1005002600703224
4000219164899
1005003119079724
1005002118765387
1005002398798610
4000558148545
33041691523
1005002272399792
1005003223580231
4000744920217
4001038483619
1005002313890269
4000032409624
1005002549282195
1005002049330452
1005002835910442
1005003259826990
1005002731694621
1005003150226767
1005002987716854
1005002540918493
4001190139274
1005003053299984
4000097605238
1005002345805626
1005002954202170
1005003177478227
4001147036169
1005002610089345
1005001693885105
1005003342462238
32463295111
1005001717489361
4001175493290
4000994024116
1005003021878726
10000310481924
1005002344475648
1005003365144096
1005003160779883
33026917730
1005002425643991
1005002168548725
4000087720748
1005003051936286
32897308476
1005001974931155
1005003015713524
1005003383829453
1005001575392456
1005002754101998
1005003368517750
4000197715533
1005001799074535
32801272657
1005002960110584
1005001682090718
1005003236278653
1005003277482001
1005003211689576
1005003145965606
1005003342202748
1005002952784220
4001286431594
32708490423
1005002252871101
1005002965709009
1005002775598173
1005003030585457
1005002703446539
1005002623540512
1005002365584028
1005002315705072
4001345619050
1005003328936135
1005003145945656
1005002647255444
32605191178
32847086451
1005002860559334
1005002247444139
1005003172838373
1005002274093652
32847689065
1005003375809388
1005002816419219
4000234536465
1005002810411986
1005003009990438
1005003195413130
1005001628991815
1005003309656998
32882749627
1005002253672976
1005001803510465
1005001695281590
1005003283636885
1005003334141868
1005003325852055
1005002931037174
1005001862530611
1005002060345456
1005003161474605
4001051077062
1005002855855656
1005002378413359
1005001595975988
1005003173908316
4001361969385
1005002663137111
4000283402889
1005001475663716
4000709396700
32747210772
1005001956860575
1005002394636699
1005002669798891
1005002719633845
4001058157041
1005001844449304
4001157071623
1005001604504446
4001080307893
1005002972084742
1005001407987300
32533105456
32852769416
1005002914683877
1005001905804394
32970372209
4000780155097
1005002322599067
32325237965
4000576823230
1005001671489182
1005002821853536
1005003280517300
1005003255220247
4000808931363
1005002994851303
1005002708161239
1005003292220036
33043761834
32863184662
1005003329180244
1005002916726352
32998443058
4000926589044
4000062889889
1005002900819296
1005002731487580
1005002185683570
32998312036
32618042458
1005003321684701
1005003331777158
1005003308160120
1005001430707443
1005002726729394
1005003201984730
32954742401
1005002904149776
1005002440747519
4000235553080
1005002826621396
1005001570252850
1005002907572966
32334919334
32900263045
1005002320818276
4000342740917
32764325579
1005002844893575
1005002766756996
4001177861919
1005002918670910
1005003214466366
1005003322067001
32519821902
1005002873378108
1005001616830457
1005002818196776
1005002302628429
32833012991
1005002961209670
1005003065181347
1005002596808909
1005003272262531
1005002292833057
1005001355847639
1005002775551304
32975558377
1005001877515193
1005003383962511
1005003030852798
4000154785016
32891742364
1005003336922560
1005002369653489
1005003375119079
4001230632636
1005002969570236
32937041090
1005003082648000
33055161496
4001360094557
1005003258380584
1005003238535948
1005002856042798
1005002656936268
4000136381999
1005002814621799
1005002693635700
4001170854590
1005003387881046
1005003115242200
1005001411690150
1005003339865588
1005001435662106
4000505411688
1005003303748924
32746804530
1005003287653665
1005002761688558
1005001374776324
1005003116602139
1005001912526350
1005002900280947
1005002111852208
33016605946
32904281751
1005003233829795
1005002835997853
32833684923
1005001913720840
1005003273904040
1005003107931002
32952464083
1005001426036478
1005001853223608
4000041117098
4001102692298
1005003236659667
1005003348325536
32925725510
1005003130033968
1005003247124602
1005003337709524
1005002718461603
1005002623939078
1005002397067219
1005003138152309
1005002799071884
1005002790066859
1005002337730188
1005001775245640
4000337180060
32971030383
1005002547707416
1005001880935200
1005002856850416
1005003163532425
4000863619710
4001249939365
1005003263790831
1005003276039739
32842535462
4000926746132
1005002594667359
1005002089758197
4000165920403
1005001924704765
1005003392436098
32400138201
1005002848308302
1005001869288953
32331094312
1005002297871503
1005002564599443
1005001632547985
1005002928168234
4000143927817
1005003229760306
1005001860903144
32723770609
1005003098406495
1005001609168033
1005002680751590
1005003239225730
1005001908371548
1005002707050667
4001305983416
1005002808088539
1005002245399359
4000459643833
1005003067071416
4000730445467
1005003149522635
1005001326224410
1005003117335138
1005003124860404
32947243867
1005002739400574
1005002905814064
1005003217554824
1005003102298697
32974216914
33056998471
32962617512
1005003123783709
1005003168737152
1005002657333705
32973743201
1005003254843831
1005002802332544
1005001556149515
1005002953485809
4000044478692
1005003388312603
1005003347732952
4000456250286
1005002785004639
1005002310154714
1005002989128764
4000402497960
33033615627
32848839803
1005002902290143
32882377371
1005002475968011
4000081918439
1005001889023286
4000529161305
1005001368898634
1005003197980767
1005002753666656
1005002294030679
1005001840731070
1005002567144390
1005002649945712
1005002958954862
1005001587883857
1005003340751859
10000028226718
1005003329277673
4001234526194
4001310661654
32900864300
4001220876708
32752727920
1005002287161642
1005001453785442
1005002447190532
1005003386901549
32960384219
1005002947399221
1005002014760241
32688577817
32993072225
1005001464852283
1005003383233763
1005003062660576
1774110818
4000378034563
1005001844125110
4001061314224
1005003031905060
1005002930098283
1005002965323469
4001308149059
32802005985
1005002703750095
1005003331309392
1005001399180685
1005003014472522
4000693552350
1005003044314458
1005003241821176
1005003058607494
1005002883598431
4000955929793
1005001701356567
1005003194657278
4001127618876
1005003133875958
1005002444092559
4001066440465
1005002703804983
33057520782
4001115656647
1005003352889161
1005001893239516
1005001556244654
1005003321250447
1005002843199988
1005002907561187
1005003092376567
1005001811133177
4000800812746
1005003250606430
1005003241158760
1005002976015276
32969032317
1005002524152182
4000180188551
1005002676524553
4001251730532
4000675628189
1005002154904527
1005003292748985
1005003197183305
32910199452
1005002961189724
1005003167100949
1005002635648805
32318545511
1005003172686669
1005003289732008
1005002226030790
1005003133807672
1005002265607160
1005003064595989
1005001759084672
1005003287859082
1005003098394303
32900949459
32587257843
33001926718
4001233668879
4000013737127
4001273164231
1005002616284414
4000143505783
1005003337875786
1005003006319509
32871382529
4001124968160
4000148533388
1005003268740300
4000770084150
4000183164994
1005002983117342
1005003016607400
33035436900
1005002862745413
1005002618980844
1005002412259561
1005002473957357
1005001862979476
1000008372013
32454785286
1005002310174808
1005003281489063
4001170806847
1005003289105775
1005003283596019
1005002823972479
1005003047498070
1005002335100241
1005002356462831
1005003184412728
1005002228474355
1005002950958094
1005002246696958
4000189267641
1005002937926427
1005003258326938
1005002375975040
32973591876
1005003058714161
1005001398931980
1005002816928352
1005001887840683
1005003064820310
33028490750
1005001856840372
1005003159654091
1005003271891324
4000703523276
32907223837
1005002716542481
1005003033329627
1005002435708119
32827902127
1005001618026671
1005002338683886
1005003012937583
1005002590085543
1005002672930100
1005003213966223
4000921247671
1005003310551378
32796358516
1005003339864456
4000277175585
32763717438
1005003281419635
4000770284247
1005001422911237
4000273403908
1005002431725121
1005003143880614
32263606062
1005001839561540
4000628173912
1000008465565
1005002732794651
1005002985006847
32620506711
1005002366190819
1005003278267543
32870915375
32655124297
32895991920
1005002192579816
1005003380065402
1005003180760575
1005002789862642
1005002703641915
1005003270416512
1005003083400562
1000008003242
33055607266
1005003318485665
1005002043466382
1005002962952991
1005002048751995
1005002861335471
33004042425
1005003084956523
1005002014312226
4001205389509
1005001936871734
4001165372701
1005002941017552
1005003107006410
1005002357342651
1005002258202759
1005002949919957
1005001333156533
1005002255906919
32771110440
32829061292
1005001382248324
1005002870543668
32817666431
32974385715
1005003119275637
1005003263585191
1005003133900229
32969378812
1005002690750837
1005002475020896
1005001953171641
4001009457933
1005002851091964
1005002802663620
1005001354862145
10000300581525
1005002431441709
1005003276433477
1005001792687223
4001061176826
1005002651824587
1005003166816539
1005003222553025
1005002348144251
1005002943584782
1005003271608377
1005003136511364
33009404306
1005003125494496
1005003243763913
1005002870113442
1005003215749187
1005002530120560
32885167671
32904697239
33049059134
1005001779810143
1005003320281538
1005001588204745
4001287934259
4000688327327
1005003280688533
1005003081911620
4000643844548
1005002305834303
1005002417687352
4001108711034
1005003068760273
1005003141085819
1005003169817560
32888561259
4000856279245
1005002376893137
1005002928558993
1005003328284199
1005002557528636
1005001528902782
32770912426
1005002258820837
32822296024
1005003003770204
32910536261
4001238549590
1005002939687983
1005002875741030
4000201818600
1005002568736981
4000511348110
1005001826020270
32873405660
1005003368295280
1005003363995660
1005003141215308
1005003014740000
4000868149293
32990495180
4000472642712
1005001657807794
1005002776177212
1005002110081491
1005003141021498
4001229767123
1005002980350058
1005003385050254
1005003269356717
1005001279248109
1005003135223199
1005003240658233
4001208363427
1005001962998513
1005002703936786
1005001774041146
1005002685624750
4000668639710
32796651767
1005001530516898
1005003383405208
4000723081092
1005002878148033
1005002696395307
1005003311299044
32950845169
1005003244261221
1005001845035324
32815751037
1005002921466758
1005002597805297
32823764571
1005002420229240
4000090471864
1005003030567782
1005002688125743
1005002288944239
1005003252188442
1005003019359900
1005002446475386
1005003018258356
1005002133308664
1005002311141024
4001228992906
1005002110083174
1005002271721895
1005003366055239
4000162619766
4001131682794
1005002965754165
4000386662091
4000678086356
1005003008025643
1005003014088585
1005002329171548
1005003331030301
1005001697255911
1005002026744526
32774514110
1005003180700367
1005003274595272
1005003278089135
4001361123743
32758917927
1005001949816279
1005003188290972
1005003386142807
1005001687657894
1005003318357517
1005002580218964
1005003017951704
1005002518739390
1005001697713315
32783174000
32889070325
1005002352167831
1005001962353476
1005002033337061
4001118203455
1005001797593696
1005003077334192
1005003249675322
1005001802077345
32637855395
1005003183146246
1005003084042911
32914813640
1005003050755688
4001334995376
1005002894234069
1005002431292307
4000504020064
1005003318022709
1005002735777423
4001244516256
1005002908034036
1005002859288017
4001036634862
1005003064753383
1005003270611154
4000080605978
1005002828102773
1005002832935961
1005002265699150
1005003084150399
1005001821182775
1005002182222913
1005002008215372
1005002409481694
1005002997435786
4001364481499
1005003176326814
1005003151936452
1005003176329199
1005002957852552
1005001375850218
1005001818540944
32716782019
1005002459318059
1005001920673555
4000373386449
1005002064880788
4000751598300
1005003203462924
1005002475160199
4000636526010
1005003020175642
1005002082192004
675611414
1005001481848461
1005001543053308
1005003050760293
1005002949556800
32615752535
32656710691
4000954025783
32777216858
1005002531653124
32947335420
32998176397
1817818761
1005003266427819
1005003119844384
1005003139593954
1005002020284300
1005003004447828
32851528668
1005002484763146
1005002291205095
32800149624
4001315851844
1005002278247182
1005002753074433
1005002480267089
1005003146388203
1005003278744744
1005003199495862
4000580443471
32975298596
32975256541
1005002281183660
4000155732064
1005003133837296
1005002566723684
4001072316351
32860572740
1005002529478716
1005003082274422
1005002919259271
1005003075391946
1005003281192708
4000054648842
32893269880
1005003379321054
1005003188546229
1005003308075885
1005003317620218
1005003068605237
1005002957040546
1005002675419907
1005003020293751
32609750785
32969952410
4001291146003
1005003233498264
1005002955583468
1005003298283586
1005002809263183
1005002717917617
1005003207468400
4000289311680
1005002872582686
1005003327961408
1005002827496286
1005003091339275
1005003385525675
1005001899598037
1005002796049627
1005003152550083
1005002199384507
1005002523608956
4000322122651
1005002525239611
32879981701
1005001705755213
1005003293344649
1005002565924012
1005002080642099
32860266206
4000493015685
1005002314410681
32907434717
1005003189120087
1005002952456195
4000349970597
1005001953410157
1005002948205479
1005001447188891
1005002253087014
1005003386813064
1005001329906236
4000084622666
1005003158813487
1005003088275953
32910078459
1005002400092939
4000241189192
1005002842414625
1005001856959124
1005002801563331
1005003368928224
1005002830569363
1005003162181959
1005001344115208
1005001639256895
1005002476627129
4000080259789
1005002330660424
10000302676255
33045836950
1005002695788195
1005001297215160
1005002446475386
1005003020981180
4001078268113
32996255546
1005002687857531
1005003346730902
4001293587768
1005003172001786
32808972919
32594315588
1005001976023703
1005002314582125
4000941800177
1005002716991912
1005002388433123
32804984445
1005002875747801
32804302168
33026069577
1005001348054875
1005003186746442
1005001630743566
32960881424
1005002816197698
1005003291173871
4000842729558
4001192004107
1005002798187565
32966176959
1005002489967380
1005003001050746
32307984351
1005001457255795
1005002044759112
4001175629993
1005002753908213
1005001765839454
1976883052
1005003057917231
1005002753944939
1005003344477444
1005002264362619
1005002432919060
1005003259300071
1005003108102134
1005002001589610
4000109635795
1005003285175691
1005001978225044
1005003258609375
1005003226494316
32883249337
4001246561659
1005003129102838
1005002990031012
1005003188490733
1005003016996138
1005001859270411
32853463682
32873756230
1005002927538355
1005002934883795
32849383489
1005001503315225
1005002871423020
1005003094970668
1005001572611064
32873481991
1005002536446351
1005002823124599
1005002709807190
1005002254119248
1005002811409553
1005003019407947
1005002816848761
1005002333617706
1005003000940961
32768945639
1005001815545601
1005002440847191
1005002334730541
4001248813250
32994220770
1005003102271613
1005003239726670
1005003288660922
1005003145513977
1005003368173715
1005003226850109
4000966457165
32738641650
4000822720145
1005003331696266
4000196178168
1005003327127001
1005003241002802
1005001821767566
1005002734929805
4000793354752
1005002917308862
4000456024993
1005001611427698
32955175967
1005003204580856
1005003334308900
4001189400689
1005002272133162
1005002805688565
1005001725973235
1005003357798998
1005003155921820
1005002625073456
1005003130328570
4000943584866
33061199529
1005003000602926
1005003296074706
4000973150700