1005003135780106
1005003324629450
1005001287832371
4000044424881
32986117335
1005003151918445
32940819297
1005003150906175
4000720625774
1005002669524437
1005001511957153
1005002758508703
4001343872664
1005002025418123
4001137690627
32821620132
1005001994609432
1005002988163594
1005002663719863
1005002926904380
1005003107296158
4001291990166
1005002294797942
1005001329241681
1005002855558402
1005002961341004
1005003312459558
4001330948836
4001294202956
1005003033318284
32780824052
1005003135296210
1005002368902873
1005002323175633
1005002457204074
1005003065033262
4001155045995
1005003186214335
32459592457
1005001721479844
4000755890241
4000822587885
1005003037449474
1005003045195178
1005001955279709
1005003357358828
1005002637300015
1005003195985554
32891711578
1005002564847011
1005002275693365
1005002327716078
32973953665
1005002526494129
1005001809893177
33046124964
1005003375105781
1005003283556774
4001263463177
33055090657
1005002673318705
1005003223376594
4000311872612
1005002032847392
33023953671
32794854853
1005001645442479
1005003323899324
1005003146413201
1005003047788161
4000124481314
1005003318747353
1005002400179380
1005003375994700
1005003225245761
32969665886
1005002630204365
1005002122468182
4001196027386
1005003294338587
32964482676
33028382797
1005002689786468
1005002059470729
1005003368580950
1005002870744992
1005002462158658
32327128653
1005003221149308
1000001743101
1005002801485176
4000247108143
32952521951
1005003301453948
33005909029
4001223605035
1005003151425768
32903654152
1005001788617961
1005002784766989
32968038444
1005002991028604
1005003180641972
1005003018095781
1005002974188155
1005002827453328
1005003065745604
1005002965210689
10000289860854
1005002373234012
4000959298116
1005002700757512
32491525482
1005002608525945
1005002637005075
4001235313953
32993896493
1005002018961337
1005002879363027
1005003239123755
4000571457313
1005002454227816
1005002999050524
1005002318902057
1005002663301424
1005001768911357
1005002001482407
4001365224236
1005001452760457
4000120291299
1005003274607110
1005002790624760
1005002996007240
1005003384235117
1005002975208042
4000767397697
4000759353153
1005002935681713
4000210302261
1005002581121361
1005002426367176
1005002848702718
32903757060
32832316220
1005002351890181
4001266795478
1005002564552457
32881125417
1005003081875851
1005003342035934
1005003207441286
10000334376368
10000022845336
1005003391867269
1005003128064582
1005003220748934
4001035115854
1005002635641435
1005002703356298
1005003385967348
1005003339679686
1005001275901386
1005003336458539
1005003303514266
1005003207014088
4001215588717
1005001351071328
32657545400
32802217772
1005003194807789
1005003236087215
1005003181590367
1005002299609829
4001229642306
1005002423706524
1005003228717667
4001359267888
1005003377648555
4001174310157
1005003014489179
1005002361233385
32990196559
1005002444792221
32834547863
4000406192001
1005003294708870
1005003199636681
1005003362606279
4000217109865
4001159739492
32555852792
1005003364186406
1005002588916554
1005003317496689
1005003333576136
1005002273019644
4001222429298
4001105762111
1005002232609656
1005003064475156
1005003097961398
1005002705381429
32651751781
4001270541072
1005003249249157
1005002353279047
1005001581602752
1005002824129548
4000300865842
1005002705874007
32962512642
1005003237237472
1005003303866756
32829440563
1005001620969502
1005002705289058
1005002700440827
1005001292910627
1005002172983188
1005001418497437
1005002262250687
1005001620504371
1005002950387638
1005001593342633
10000344013087
1005002957636798
32793235264
32857424564
1005002789158771
1005002182477632
1005003249102786
32693950152
1005003153444791
1005002223970087
1005002277541509
1005001621245190
1005002499864259
32867896122
4001265953079
1005003269547853
1005001625101390
1005002263615747
4001138683357
1005003391377007
32993126383
1005003070126120
4001078930249
1005002667988066
1005002415833628
1005002154632014
1005002558373326
1005002583881563
4001041248572
1005001287843346
1005003048596135
1005001875295861
1005003118178635
1005001577014026
1005003077894510
1005002641666496
1005002843267891
1005003125909139
1005002809536205
1005003324002966
1005001699036850
1005002264504939
1005001617762559
32814174950
1005003337899734
1005001458476247
1005003348219476
1005002245322073
1005003302511444
1005001473583212
1005002647213733
4001142304346
1005002569430076
1005002798147482
1005002966196434
32844387638
1005001571755625
1005003285265063
1005002998932150
1005003337123848
1005002979667582
1005001854021488
1005002511447487
1005001831106112
1005003150733915
1005003152420704
4001308046109
32842044392
32848223015
1005002265341044
1005003225894971
32953099030
1005003083703036
1005001908409114
1005002022080429
33021132777
1005003277591937
1005001573738950
1005002780439028
4001307702171
32958641457
1005001871849969
4001201285452
1005002130238145
1005001381201332
1005003359728198
4000075492025
1005003299018704
32763505214
1005002422676333
1005002927799282
1005003184412643
1005002011317056
1005002982589558
4001360648873
1005003367529347
1005003075793546
4000430343057
1005002666454157
32949010805
1005002604214615
1005002751725613
1005001975558088
1005001748792610
1005003190463568
1005002649360157
1005002770984752
1005003038430005
1005002763938081
4001061908187
1005002488570196
4000193149593
1005003225980903
32767844927
1005002863422921
1005002423410741
32812493849
1005003135666146
1005002314268651
1005003158851164
1005003252172259
1005001765245795
33044752927
4000809603197
4001333425671
32717786138
32849111827
1005003129780108
1005003100345858
32903749440
1005002351337972
32867916606
1005002595552471
1005003110053702
1005001576058430
33020971050
1005003130258141
1005002817234174
4000258143392
1005003266499513
1005002977478460
4000170574477
32789506609
1005002758145069
1005002184784427
1005001841970148
32826969031
1005003037816890
1005002653268881
1005003139116034
1005002450471529
32900974858
1005003058918801
1005001704780858
1005003295967056
4000761808834
32860779596
1005003226418301
4000562225925
4000828312159
1005002767604528
1005002553984021
32604159946
1005001994586555
1005002978034295
33012030961
1005003310046579
1005003104077997
1005002695853145
32797960248
1005003342364606
1005002205558379
1005002663447043
1005002074025064
1005003154563696
1005003134658806
32823269948
1005002277517605
32860969127
1005003127749011
1005001812443092
4001303072200
1005002642172004
1005002680075051
1005003389860316
1005003041876099
33015789251
32919754222
1005003088435167
33008038556
1005003250575051
1005002395716458
32834517823
1005002662911834
1005001451719830
1005001670445366
1005002082287572
32956964826
1005003270720321
1005001977394468
1005001869068523
4001268378890
1005001478043033
32502378093
1005002776251864
32838262561
1005002623331375
1005001869481274
1005003345261081
10000420107275
1005001489886447
1005003096095900
4001052899068
1005001654151966
1005003285641477
4001269568436
1005002981196609
1005002928960324
1005003334332094
1005003381617269
32788430622
1005002912365088
1005003325661261
1005003341493438
32698820790
1005002592345532
1005001791632466
1005003126161320
1005002842578197
1005003093511783
1005001494485861
1005003163490805
1005002662139284
1005003295979601
4000818514065
1005002684941758
32701243863
1005002956105252
1005003074563899
1005002766654225
32963931201
33032048132
32829687031
32952253725
32648179253
1005002554124314
1005002553595203
1005003225160361
1005001960404674
1005002011609196
1000000310494
1005002123633947
1005003257800007
4001180224949
4000032711347
1005003164012510
4000313990051
1005002452791463
1005001996828672
1005003194912884
1005001309924180
1005001385684895
1005001979543085
32955052281
1005002180969479
1005001897336087
1005002948998824
1005001897421543
1005001872686290
4001075508963
1005002616835573
33035416288
1005003298814927
1005001637823611
1005001780468386
1005003202940934
32787775738
1005003151549544
1005002730327183
1005002960126826
1005003146407403
1005002616665952
1005003377384108
1005002975872456
1005001947963502
32893080467
1005003056686171
1005001705733208
32929409282
4000826620388
1005003390784516
4000671791001
1005003209536762
1005002271699594
4000252906770
4000551398137
1005002782646174
4000436167562
1005001659127803
1005001987808498
4000769989406
32732222528
32337424147
1005002095058416
1005003011964976
1005002742615379
1005003323390696
1005002526711530
1005002164317730
1005002732254293
1005001604541938
1005001748536724
1005002880031503
1005002412819144
4000135596613
32882386664
1005001666419654
1005003156052381
1005003384725914
1005002320815737
1005002843620762
10000019723449
4001162583271
32825273263
1005003283421305
32717092112
1005002495816710
1005003022053188
1005003123556237
32964988084
1005002544541239
1005003178425410
4000219376405
1005003209217191
33006068067
32961017364
32828577042
33035324099
1005002176860447
4001263918533
1005001830869164
4000917029737
4001037034893
1005001448893125
1005003120918516
1005001340338540
1005002105456941
1005003270855818
1005002350721530
1005002105004217
32999108922
1005003171130111
1005001316583465
1005001873150011
1005001961533891
4000493198024
1005002865054921
32773152739
1005003278317277
1005003040157173
4001022128220
4000053070348
32673531882
32983634261
4000842347449
1005003332845939
1005002915264989
1005003038209055
32607859348
1005002314470345
1005002616230614
32995448907
1005003095391539
1005003129705419
1005003129330411
1005001989789533
32887318066
33001663152
1005002414665728
32736130137
1005001652903128
1005002789469513
32986395966
4000035286578
1005003146426189
1005001381718080
1005001577633721
1005002782331504
1005003346854189
1005001540295193
1005003328487398
1005002034042953
10000397723367
1005003316547140
1005003083268318
1005002252493765
1005003298420917
1005002609205575
4000142308458
1005003010588940
4000934345596
1005003239202529
32328119255
4000481656034
1005003222283922
1005003114164500
1005001496700915
1005003235399147
1005002513438297
32887454511
32854576162
32732971067
32790538730
4001033671077
4001132312437
1005003290235676
4001103340573
1005002651868450
1005001464643402
1005003143062600
1005002698060715
32798498672
32988716539
1005001346683669
1005003268480232
4000168907981
32719926394
1005002510883985
1005002478892129
1005002336119135
1005003341037331
1005003241430988
1005003272214212
1005002839019554
1005001796725488
33055664013
1005001639599871
4000708784970
1005002940767555
1005002307570948
1005002034477289
1005002794491388
1005003311549881
1005001973309060
1005003386497729
1005003194392803
1005002641546379
1005003327832991
1005003171205424
32755477443
1005003043686029
1005002734375326
4001230352637
1005001862881035
1005003208335148
1005002369333251
1005003258266638
1005003356064657
4001314632673
1005002926534774
10000294948111
1005002956936757
1005002206108613
1005002296674153
1005003252122051
1005003228288878
32852696106
32829456892
4001305712947
1005003120465638
32884617231
4000195433221
1005001406796761
1005003228627303
1005001843464395
10000144267271
32849550723
1005002806805147
1005003305795301
1005003147823548
1005003377501734
4001259138315
1005003071187802
1005003386209851
1005003043406934
1005002998233215
1005002774318348
1005001770431581
1005002503306932
1005003019295800
1005003387503115
4000722963560
1005003093539550
33045636127
32947375685
1005002861372824
1005003071176851
32883944717
1005003291781037
1005002824040978
1005003120280830
1005003261369487
1005001545700754
4001044988645
33040147391
33048328318
1005003337651226
1005003359845835
1005003041374882
1005002525652544
32976254021
32645584049
1005002615555710
33027595894
1005003022281131
1005002172183818
1005002707139042
1005002100758859
1005003223374552
33018071065
4000959708621
1005003056782776
4001038842434
1005002868781055
1005002727280609
32904467710
1005002325051656
1005003368348532
1005003344597096
1005002037624391
1005002759039740
1005001483851889
4001352322727
1005002786420104
1005002939032818
1005003212524134
32842732733
1005003224993140
32656794427
32995027881
1005002232537434
33036486675
32810926372
4000686711844
1005002618100081
10000004408675
1005001907435561
32744003115
4001289076675
1005003037941836
1005002321083793
32982344204
1005002957195840
1005001314473855
32845492828
1005001437485883
1005002245987337
1005001858803191
4000029892540
1005002970697151
1005002219135489
1005001350706899
1005003237995072
1005001894670723
32988555785
10000002722918
1005002057084728
1005002965365264
32970322962
1005002633722647
1005003101661384
1005002953885572
1005003332201000
1005003183616966
1005001401816852
1005003141233784
1005003056302976
1005001916527258
4001039712602
1005002299849041
1005002587638741
1005001594002972
32788572006
32848411932
1005002670104919
1005002291766800
1005002604718784
33030747847
1005003177044135
1005001428825096
1005002611373283
33047096497
1005002753839795
4000711114761
1005002321507366
1005002997835162
1005003107681129
1005001389098352
1005002251868979
1005002393610716
1005003345380570
1005003328906054
32847738388
1005002673464236
1005001465394901
1005002788732592
1005002318568158
1005002448428777
1005002996827958
1005003008070338
2011816834
1005003315136046
1005002935942100
1005003264353630
1005003279642258
1005002628277108
1005003110594735
1005001734933098
32366480656
1005003329448882
1005003150559702
1005002863481508
4000186701161
32826202311
1005002843752970
1005002252467932
1005001620763902
1005003278932830
1005002118720609
1005003050935235
1005003235952643
32826160000
1005003281543277
4000023529742
1005002982787487
1005003070396846
1005002398590666
4000859816800
1005002192455882
1005003270103158
1005003007726488
32885498311
32896434474
4000714990121
1005003234457257
33057859963
1005002601352726
1005002546655616
1005002567719063
1005001806423945
1005003370593240
1005003266891335
1005001853291416
32888597924
1005002138352609
1005003000931479
1005003086771777
32996769641
1005001572779176
1005002959862374
1005003052670015
4000038611365
1005003383939845
32794094953
1005003219761370
1005002802593145
1005003086784886
1005003000855924
1005002524047349
1005002862108172
1005002755527241
4000811345758
4001358767667
32961884966
1005002951688246
4001047680986
1005002922861887
1005001658172070
1005002333377786
4000837596101
33003794363
1005003371302434
1005003201973264
1005001344254132
1005003347233174
1005001838342402
1005003187143381
32943400525
1005002128369131
1005001332773088
32905346472
4001283515892
1005003300706211
1005002782634973
1005003303185267
1005001595889860
4000670584854
1005002549762403
1005002624345431
1005002833733616
1005002401102167
1005003154033615
1005002462264768
1005003210917767
33016501905
1005002126267120
1005002243923514
1005002572016778
1005001927920442
1005001525383781
4001299109743
32794598321
1005002638483265
1005001870831879
32805161805
32945884598
1005002603938773
4001117017944
1005001727018691
32816639929
1005003382517056
1005002538046666
1005002952644229
32922711642
1005001791996943
4001200176712
1005003023687834
33003347903
1005003369814178
32890567420
1005003109265450
1005001912428732
32809669597
1005002775598173
1005003238511808
32997760623
1005002419391479
1005003355711207
1005003222878113
1005003065489932
1005003031741901
4001080767754
32665791538
4001095451427
1005002038597612
1005002074087355
1005001504602858
1005002746239073
4000576777647
1005001572970594
32657174659
1005003337367877
32959477986
1005001726602384
32845026155
1005002730735653
32933694431
4000300075298
1005003001040068
1005003263258260
32864417296
1000001534898
1005003122751907
1005002938756693
1005003067831372
1005001525419550
1005003155015454
1005003135171713
1005002253006698
1005002984950194
32947753529
1005002297577657
1005002981761764
32810186456
1005001686700760
1005002574746059
1005002841828296
1005003154348313
1005002487129711
1005003222865789
1005002084543274
1005002702850712
1005003215698234
1005003004374649
1005002496046398
1005002418846243
4001273004105
1005002631602392
1005003000896448
1005003146396431
1005002739884249
1005001321274569
1005002313848242
1005003386664542
32764503281
1005002506644331
4000236252784
1005003203022589
4000693564090
1005002531756925
1005002924787971
1005003338949353
1005003255184486
1005001470708524
1005003055494606
33011465837
1005003243768227
1005002583761712
1005002238829010
32921992358
32333511203
1005002540346475
1005001713170980
32756575179
1005003259347456
1005002490624184
1005002941709274
1005003106909470
1005002768920777
1005002971185785
4001033212105
1005001626795781
32433944104
1005001439146238
1005003123783709
1005001297706181
1005001339735304
4001131632867
1005002390505504
32977174891
4000585240074
1005003202722352
1005002971038844
1005003184246856
1005003221233278
4000727688608
1005001905076924
1005003111193596
1005003321116796
4000754062075
1005002814999497
1005002656524868
1005002899579276
1005003205590297
1005003176138378
32811306113
4001295450020
4000688874517
1005003270718237
1005003123613098
1005001994824985
1005002702442068
32955397343
4000708158401
1005003267572570
1005003091049222
1005002631512967
1005002499579909
33006401384
4000011432498
1005003343388031
1005002256786060
1005003104811027
1005003380442115
32981707323
32974596721
1005002945914024
1005001433502415
32824517743
1005002342413729
1005003030629677
1005003228107169
1005003094143628
1005001793539157
1005002842363709
1005003285036432
1005002318454794
1005001803588544
1005002979812319
1005003256746166
1005003035726245
1005003298350305
1005003275374541
1005003037594636
1005003019112632
1005003323494217
1005002684032915
32999296953
1005001285259832
1005002766565003
4001294505717
1005002500612840
1005003303303227
1005002559393487
1005003102647756
1005002532803315
1005003073753234
1005001890943268
1005001913067383
1005002312744960
32667472139
1005002594364291
1005002278687326
1005002645877732
1005003388511207
4001195846410
1005002362253931
1005002069650921
1005003269197032
1005001425003103
1005002635365154
1005003294902423
1005002865925809
1005001873699027
1005002512052226
32861803501
1005002332699476
1005002956917540
4000219065982
1005003172871234
1005003360004608
1005001842402236
1005002077608672
1005002252677339
1005002878222628
1005003166091941
1005003138722544
1005002460848662
1005002766123180
1005002611358165
1005002460212894
32857485670
32870081323
1005002054832586
1005003200791112
4000288858639
4001208573366
1005003324348100
1005002316930423
33001567417
4000143025966
1005003102774835
1005001639167827
4000698819374
1005002861571839
4000650481241
1005003196041428
1005003213008351
1005003327123268
1005002771217719
1005003304413013
4001248739490
1005001406764441
32478650547
1005003000508669
32841417087
4000369408623
1005002711089377
4000242500812
1005003083319324
1005002947401226
1005003021097679
4000772620447
1005002653122553
1005002585096720
4001039118446
1005002997245106
1005002727440055
1005002600703224
1005002072744863
4000898185804
1005003311717233
32956402591
32852751041
1005001829999476
1005003356120720
4001085822109
1005002093664697
1005002012620415
33029336372
1005002778573516
1005002247770757
1005002354377767
1005003390625398
1005003212969887
32950095138
1005002873078874
1005003080472742
1005001990272413
1005001845985921
33029242680
1005001470313062
1005002932286987
1005002898929036
32620545487
1005003290324354
32820926807
1005002870514142
1005003259420658
1005001615933745
4000510955266
1005001580055389
1005002434873147
1005003204024765
1005001910424179
1005003208193276
1005003149800168
4000800087841
1005003158061648
32831660856
1005003004266667
1000005712832
1005002847792194
1005002982096978
4001200176892
1005003364052302
1005003328569509
1769195923
1005001582812629
1005002501757621
1005002656386203
1005002769253630
1005003340847352
33004600399
32374735658
1005002686106721
1005001646430368
1005002708237856
4000284184847
32863501094
1005002330299339
33037963008
1005002477569276
1005003334704952
1005003234814771
1005001647730658
1005002982074925
32810320562
4000126775057
1005002525348499
1005001619433841
1005003023312878
1005003240400326
4000416288953
1005001320903811
1005002632145109
1005002835042436
4000128857344
32800202786
1211481102
1005003124107174
1005001501394282
4001287931373
4001241692020
1005002504457904
1005002433447432
1005001611101581
1005001803319830
1005003125466059
1005001860740175
32833606699
4001060494007
32948868378
1005002695640847
4000076211889
1005003061953786
32986521989
4001127364859
1005002775210701
4000143927620
1005002765374423
1005001949383284
1005003033941528
1005001488761747
1005001590567279
1005001895138166
1005001282047036
1005003049114405
1005003258652763
10000328754283
1005002948437215
1005001686135584
1005002937376491
33005954649
32764102223
1005003115280478
32972850597
4000922338844
1005002566812969
32818860645
1005002317757343
32815565969
1005003026434596
4001117751450
1005002054815166
4001214326592
1005003219355553
4001057933575
1005001330021770
1005001731826646
1005002468141705
1005002373425728
32719124516
4000090828472
1005002138354088
1005003214316611
1005001280510407
32845781285
4001094370720
4000308337594
1005002361486525
10000395952347
1005002667043108
1005003136158238
1005003310358895
1005002801776375
1005002344448783
4001145069450
1005002657934499
1005003098882512
1005001865585792
1005002011311706
32857835915
4001143628457
1005002789091449
4001149827162
1005003030763201
1005002432481897
4000849301279
32849201747
1005002462404486
1000008268305
1005002821186410
1005003346124807
1005002310900955
32833298948
4000136327232
32844301563
1005003385100995
4001118419336
1005003037481775
1005002820067856
1005002716852257
1005002580158418
1005002136402270
1005002910651837
1005003123645732
4001315466731
4000927162014
1005002775637494
1005003232289478
1005003337984067
1005003268687534
32959899382
1005002127380034
32846301471
4000092146008
1005003291463578
1005003125836597
1005001770080353
1005002774187678
1005002734613610
1005002347344023
1005003113037975
1005001543976696
1005003218157727
1005002347181186
32856077609
1005001580904948
1005002588045493
1005003276479069
1005002553451410
1005002956481297
1005001616286523
32957419454
1005002951366417
1005001678117234
33009101472
32463786717
1005002907710019
1005003128678242
4000204371628
1005001850819619
1005002919120508
32792799868
1005002976772837
32842885662
32956477554
1005003008049432
1005003038141190
1005002483926593
1005001705992435
1005002716050778
32956040202
1005002866601865
1005003110129208
1005003200634267
1005003380154617
1000007384510
1005002816655683
32986956492
1005003033339812
1005002796113608
32538032064
1005003347629889
1005003388480477
1005001813256600
1005003166028300
1005002374846405
1005002564380505
4000185916570
1005002656807466
32813906372
1005002768629676
1005002708354840
1005003257401023
32793362166
1005003265436984
1005002957207742
33049552006
4001284767038
4000193043899
1005002956579752
1005002978267244
32966436106
1005002954200577
1005003022800360
4000158254225
1005003114996358
1005001882632660
1005003108951262
4000628277098
4000908257602
1005002811595368
4000944893195
1005002912846516
33002032523
1005001415004199
1005003087611083
1005003081827721
1005002633262946
1005001575650263
1005003201776936
4001356282712
4001339673912
1005001779550481
1005003351773212
1005002607286668
1005003298376347
4000111840278
32816756380
1005003199399398
1005002717040091
1005001845143594
1005003092471292
1005001615657512
1005002484804024
1005003042116913
1005002754278600
32852224072
1005003176276741
1005002008963307
1005001883997349
1005002571006153
33050938376
32816781967
1005002759428812
1005001803463495
1005001979021983
4000905330163
1005001793142465
1005002823385670
1005002618797222
1005001994643353
1005001412915727
1005002978519071
1005001570970273
1005002009761232
32677220678
1005003122878587
32900247771
4001305894526
10000004399349
32856350140
1005002376051364
1005002621651113
4000395456279
1005003090892530
1005001796378539
1005003382111872
4000834938128
1005002837368319
1005001345658245
1005002854971915
32969986275
32856474216
4001142108734
1005002782638440
4001227105455
1005003387702475
1005002533893052
1005001603768500
1005003124867756
4000444233834
1005002284649623
4000982468449
1005002591081667
1005002854557148
1005003296673810
1005002061059083
32837912135
4001187258716
1005002805393131
1005002610115277
1005003360249727
1005002985724837
1005002311672000
32890711362
1005001614419946
1005003116992143
1005003299588190
1005003371002500
4000781486832
1005003034325229
4000015919961
4001281807865
32957189209
1005002946383676
4000461332001
1005002783865105
1005003386265622
1005002855343904
1005003247808511
32920056659
1005002313847299
1005002494276268
1005002605932156
1005003302954034
1005003241584769
32894240169
1005003388477469
1005002647206006
1005003135562201
32982260564
1005001488276644
1005002837117848
1005002516869961
1005002889735261
1005003269011506
1005002264484212
32915599521
1005002275081907
1005003376204189
4000857289918
32871167149
1005002332630902
32824943135
1005002585262150
1005002911727260
1005003345966642
32810080673
1005002994871574
1005002094012731
1005002575791783
1005003334296879
1005002967339784
1005003092834472
4000822853373
32615075243
32692581933
1005003221818574
1005002937817931
32810550583
1005001933566780
1005003069362999
1005002799498481
33035874504
1005003193772274
1005003035813637
4001315401272
1005003386744059
32326829598
32973699487
32884323443
1005003215826136
1005003164923754
32892182922
1005001816977389
1005002656769371
33010973834
1005001505444953
4000025914459
32779933434
32813847290
32814962383
1005002291262194
1005003380375575
1005003219364939
32880041702
1005002321260329
1005003339341421
1005001949333420
4001290702590
4001224493197
4000734935591
1005002747279012
1005002612959147
1005003333063980
1005002207317330
4000539846988
1005002697568330
1005003134056582
1005002927710627
32975363590
32831350775
1005002618999794
1005001374517168
1005003372273120
32886342926
32971552860
1005002039183475
1005002646433067
4000473560784
1005003259743785
1005003309518910
1005002555735913
1005002944576314
1005003190492664
1005003052338970
32785904360
1005001418137331
1005001625552520
1005001841795985
1005001923212319
1005003136332750
1005002417489821
4000336074078
4000851974552
1005001282716033
4000121905448
1005002324077762
33047099697
4001288957124
1005002059487446
1005003285763806
794567322
32441747841
1005001927844288
32855117242
1005003105805666
1005003119807356
1005001890203366
1005003285179038
4000334376235
32701059588
4001331113631
1005002532850554
32879273428
1005003188798309
4000174001128
32966122071
1005003158983720
33051185806
1005002657516519
1005003032304022
1005003143144909
4000469636635
32866093278
1005002949803327
1005003306468213
4001245743293
1005003106561720
1005003204187908
32978360192
1005003352343031
1005003217936264
1005002032998194
1005002985234990
1005001793287057
1005003073769819
1005001459424900
4001231127174
1005002904445146
4000659095213
1005003060998505
32832409886
1005003283110433
4000598624776
1005003167221403
1005003356471402
1005001946285284
4001015505253
1005003009464027
1005002523177458
1005003004384550
1005002707518925
1005002739561824
32512583581
1005002577336790
32865874390
4001260083360
1005001457538675
1005003341857145
1005001472089539
1005003356170091
1005001448278465
1005003303139761
33003164387
1005002217586747
32830889351
1005002649470301
4000966222034
1005002656802570
32323204238
1005003281675962
1005002991371475
4000817694310
1005002640804122
1005003007492197
1005002525904414
4001245106538
1005001813176571
1005003139044819
1005002966188581
1005003120122967
1005002345903210
1005003328793695
4000465173627
33036590816
1005001800092346
4001272836740
1005002346701452
4001328825803
1005002622345168
1005003178210912
1005002054409026
1005001275924246
32806583959
4000038738037
1005003305982529
1005003282214418
4001232688227
1005002997374533
1005002404151296
1005002868511279
32704067337
4001323234142
32989200166
1005003376057140
1005002979427378
32821553306
1005003229382355
4001041068858
1621570885
1005003292473795
1005003287409561
1005002952147516
4000907383510
1005003092677356
1005001293224528
1005002371681004
1005003349364824
1005002950329093
1005003309738828
1005003306569629
32921214583
32813550633
1005003203378763
1005002963563039
4001136463557
1005002376162473
1005003203137688
1005001315678166
1005002358626922
1005002270328816
1005003021361861
10000168767510
1005003124924990
4001150734810
1005002537667373
32820539086
4000718585740
1005003338519792
33032949811
32960532421
32914085221
32966068240
1005001949607256
1005003193858428
1005003290148873
4000142093449
4000306328414
1005002542092955
1005001688062168
1005002312390161
1005001581056531
1005003101836401
1005003289327219
1005001865782731
4000296290674
4001171828160
1005001269732456
1005003307241862
1005003095733521
1005002647298287
32895173735
1005003235893663
1005002481556034
1005002650017074
10000395975349
4001079417693
1005003111305759
1005002418160115
1005001657558122
1005002431368806
1005002970578621
1005002883811567
1005002572474938
32769986587
1005003336576086
10000089303121
4000282106811
1005002977552036
4000832291675
1005001628080687
33021029590
1005002853470451
1005002537471499
1005003249345085
32916506165
1005003283949318
1005003294635875
33042805329
1005001518238152
1005003065647520
1005003278029587
1005003085155700
1005003194521203
1005002524818141
1005003297177826
4001190759182
1005003388555028
1005003318647149
4000916535997
4001131392503
1005002991489162
4000290624398
1005002555703899
1005002032896780
1005001714812393
1005002667850920
1005003250239212
1005002899995129
33004798594
1005003000916431
1005002856026224
1005003063067998
1005003229249293
1005003332360695
1005003318977500
1005003008049548
1005002224904372
1005002983398006
1005002927851844
4001123634401
32971199726
1005002796182323
4000505276463
1005002727132875
1005002728588148
1005003221960416
1005003193498060
1005002789049970
1005001493015773
1005002706317001
1005002324131531
1005003187562939
32805785859
1005002528014727
1005002624197935
1005003258083084
1005003329290134
32861346226
4001278237727
1005003038411210
1005001943122054
1005003120447129
1005002371740947
1005003341830798
33003106662
1005001597620501
1005002359548896
1005002329330659
4001365531669
1005001905063981
4001201742677
1005003388048392
4000930830003
4000816556789
1005002317252438
1005002701270429
1005002397699644
1005002763193781
4001046137591
4001138606902
1005002955191525
4000211373724
32836729924
1005002899456510
1005003298988151
1005002185469502
1005002450691152
1005002931249811
32999706570
1005002395833104
4001179008153
1005003375746953
4001259172927
32801083187
1005003285776695
1005003331536892
1005002872872665
1005003342534184
1005002771052885
4000178315634
1005002902038087
1005003337614689
32705514653
1005002678942319
1005001896500168
1005001989923036
1005003328459085
32701035693
1005003040998962
1005002963601233
32867163284
32981058935
1005003047201193
1005002542607081
4001122537495
1005001437597428
1005003253017390
1005003276616497
32938590299
1005001913818196
1005002068073864
1005001968277273
1005003336751973
1005002042670467
1005003235643226
1005003255347597
1005002879700262
32812256373
4000645826865
1005002985748925
1005003075805735
4000610041811
32843327026
32717938195
1005003297758053
1005003158787596
1005002900200258
1005003326713247
1005001706319165
1005003328054673
1005002938410128
32846827098
4001257908765
1005001839887514
1005002647192747
1005003212981309
1005001888867138
4001036020056
1005003061075874
1005002988491975
32974396842