1005002598951833
1005003037554541
1005003302880951
1005003140238023
1005002168175142
1005002951435818
1005001835971046
4000280434510
1005003119594739
4000057383244
1005002359637494
1005003177191968
1005003109299097
1005002510548057
1005003191235102
4000424301430
1005001823552626
1005001966544023
1005002884347284
1005001897279431
32978404732
1005001730656644
1005003172315298
1005001997646349
1005001351176928
1005002051270724
4001294147999
1005002337209130
10000094510065
1005003345252990
4000313470462
1005001482495324
1005002976143227
1005002885232401
1005002372412943
1005003368284900
1005002798370159
1005003094187997
1005002730000887
32995660358
1005003129305256
1005003385865853
1005003328567811
1005001929453321
1005002870125201
1005003175097958
1005002948818920
1005002241029691
4000129605742
33058538960
1005002080649296
1005002717078926
1005002603891773
32855032676
4001030573629
1005002784220214
1005003156365456
1005003088504670
1005003293982271
1005002220923123
1005001854933810
32882035871
1005002961209421
1005003118400971
33005205766
1005002259924714
32821517791
1005003020406889
32468088401
4000979079933
1005003184141476
1005001335918916
32897766276
1005002591274304
1005002539249187
1005002027283967
32825978650
1005003109621902
1005003262346820
1005003009577757
4000374196691
1005002315789289
1005002190670470
1005003342767125
1005002393294409
1005001737050735
1005002307911660
1005001633772876
1005002957019030
1005002225239603
1005002612958444
1005003360145819
1005003251982997
1005003213899652
1005002063169458
1005001854430262
1005002899217119
1005003396429519
1005003086750539
1005002814967687
1005003176496112
1005003081575923
1005003038008913
32846022260
1005003146138019
1005003248562414
4001244041247
1005002344713864
4000741363972
4000666964070
1005001787249755
1005002264228331
1005001723238394
1000001714937
1005003124479768
4000618933404
33034131889
1005002608872887
1005001652426041
32976216551
4000990970071
1005002614048071
4001235875257
4000157565114
4000844075823
4000114858444
1005003290564638
1005002537267065
32883866758
32697631360
4000097543784
4000281803925
4000272970811
1005002991959112
4001151834724
32874596461
1005002760167638
1005001742182502
1005003160177912
33017205311
1005003212993277
4000754237044
1005003090551575
32954172566
1005002870914923
32964827243
32957912641
4000054098045
1005003002143122
1005002938085568
1005002742535294
1005002426221640
1005002823947652
33050163971
1005001694068301
1005003325479376
32854508748
1005002239727185
1005003376515894
32874010528
1005002607734663
1005002990108457
4000123176735
32959345583
32985293655
1005002856675898
32816372192
32878045535
1005002541561982
1005002921672156
4000747231601
32958019333
1005003069446684
1005003136224271
1005003157361652
33007606656
1005003262878767
1005001731256954
1005003350554943
1005003188423483
1005002684870152
1005003031754824
4000751229381
1005003362937403
1005003120868680
1005001659160196
1005003139817502
1005001588718537
4000280477408
4001195717569
1005003337731965
1005002092178288
4001362875421
32958156665
1005002284635158
4000185878020
32885540530
32948176016
4000045337582
1005002924785798
32868047899
1005002116882340
1005001642930699
1005003259490871
4001031740442
1005003103505221
1005001817535435
32955551822
32887174385
1005001585842827
4000741302377
4000283792912
1005003384530254
1005002527202798
1005001663915285
1005003286436180
1005001671182686
1005003386350524
4000609215938
1005001393308562
1005002392499123
1005003276370436
32962604838
1005002346558870
1005003074148418
1005002967966414
4001287421596
1005003296835144
1005003097766430
1005003314941112
1005003119613512
4001317332343
32960390972
1005003016506816
1005002830446291
32357298854
1005002715269545
32913919437
1005003201903072
32390527440
1005003336554562
4001037743213
1005002935035440
32953928021
32900390435
1005003363960864
1005003381674079
1005003135836107
1005003340906912
1005003357094316
33060338947
1005002005026761
4000570315416
1005002848186394
1005003066352148
1005003153861826
1005003352169434
1005002732730617
1005001319315616
1005002715933855
4000685121775
1005001471835655
1005002078679552
1005003175607205
32845105770
1005003349647254
1005002648206139
1005002717766682
4001201222711
32974710093
1005003219325579
1005002402013031
1005002904421252
1005002890574744
1005003228183466
1005002863563132
1005003316498122
1005002842469688
32887928388
4000044528245
32835119061
32959570624
1005003356649414
1005003149357067
4000726164179
1005002591714663
4000926143123
32976928860
32954517050
1005003313562262
1005003375912671
1005001894828664
1005002807865959
32982785039
1005002001795916
1005002311276486
1005002235089867
1005002325328984
1005002912912787
1005003386782977
32901798238
32708586829
1005002427376115
1005002917696650
10000345603894
1005003087335994
1005002945121928
1005003069803941
1005003222555572
4001198157949
4000332101287
1005003287395302
33060087236
4001343444784
32727187669
1005003213169251
32834044154
32969628600
1005002608914426
1005001576961169
1005002979154540
1005002787539670
1005001493669858
32682437460
1368286299
10000300816484
1005002315261172
1005001566138821
1005002929100285
1005002460775110
4000078007491
1005003041007642
1005002376611844
1005003152380842
4001005817180
1005003357639426
4001153385678
1005003077912802
4001247125167
1005002192361089
32853807928
1005002164645363
4001193226765
1005003157091607
1005002310917884
1005001640906470
1005001676500097
1005001326388666
1005003057006752
1005002522004495
1005001591620622
32860590825
1005003130898613
1005002495940739
1005003140734188
1005003205696838
32778912642
4001142485076
1005001484378042
1005002459738339
1005002548033224
32985613128
1005002354403762
1005001793212209
1005003292743016
1005003178361273
1005002879707219
32966418640
33000626884
1005002661088563
1005002004120861
4000823033844
1005001489911583
1005002592138449
1005002840544457
4000282414510
1005003255456546
1005003298464057
1005003311449143
1005002778347434
1005003064264476
32943299794
1005001776356728
32969304414
4001066665039
1005003065755996
1005002613829247
1005001621917189
1005003073648293
4000159783127
1005003336739508
1005002272808847
1005003238207243
1005003091620917
1005001586374020
1005003365330289
33037077151
1005001769464191
1005003357661753
32916123185
1005003086532592
1005002235499871
1005002059815864
1005003087496493
33047700501
1005001793530058
32817492355
1005001333387348
1005002320967521
1005001890221603
1005001765722318
1005002663082250
1005001799515407
1005002655384928
1005002789419957
1005001967625658
33046846689
1005003390483179
1005002006457478
1005002295068815
1005001354961653
1005003388168985
1005002331930894
4001249377454
1005002051725446
1005002291005245
1005003265240087
1005002899670521
32522017371
1005002991656883
1005003371378516
4000860255221
4000077310576
1005001629214012
1005001345312937
1005003022506863
1005003072123659
4000935272099
1005001544189748
32996972701
1005002193986131
32839253217
1005001556522233
1005002797896696
1005003034998675
32942597308
1005002384590471
1005002509078977
1005001458108605
1005002510621751
1005002008639690
10000348194583
4001193602344
1005003235391512
1005002983653530
1005003111578098
1005003102166648
1005002664297541
1005002032189750
4000218500979
1005002030503585
1005003267208016
1005003379680280
1005002303443780
1005003018137474
1005002500308448
1005003181426300
1005002767779926
4001172535644
1005002658159693
1005002375597232
4001018705776
33051247020
1005002997322707
1005001770047771
1005003080003807
1005003298952361
4000241836122
1005001407174885
4001241558360
1005002619000522
1005003355844567
1005002631651323
1005003116537552
4001093931242
1005003123627873
1005002707822096
4000682655459
4000061574288
1005002394884474
1005002295155096
1005003094039948
1005001776106752
1005001927787753
1005002435259445
1005001887987639
1005003279362402
4000643651843
1005002551505732
1005001287416134
1005003195306152
1005003330209204
1005003262072682
1005002637826640
1005003049989815
32962580801
32588992825
1005002542322307
1005001387820394
4000971449803
1005002776124313
1005002322086312
32866531091
1005002731553817
1005003310671137
1005002317834326
4000036264109
1005003352654546
1005001951990095
1005003387305746
32228015221
1005002090687037
1005002991150198
1005003378274036
1005001693224796
1005003113383156
1005003055294264
32742013082
32813184257
1005003385917573
1005002967727365
32904761942
32761867685
1005003192893209
4001121649034
32942075822
1005002656688689
1005002399946556
1005003280379842
1005003207522915
32729441158
1005003066026888
1005003336224262
1005002880246001
1790255978
4000357644647
32919456903
1220907383
1005003286169746
4000538488832
1005001857223451
1005001867606145
4000015501849
4001122139433
1005002128543184
1005002778845376
1005001428825096
1005001375979619
32895345539
1005002526799921
1005003101995413
1005003137421539
1005002718613189
32907291564
1005002033484011
4000458959896
4000465833980
1005003326386838
1005003137266737
32960969894
33059703115
1005002383098149
32868396705
1005003063715573
1005002717175330
1005002220336668
4001257535909
1005002270440920
4000121061532
1005002656524782
32817421236
4000626062181
32954135793
1005001998072052
1005003097678337
32967403291
4000362743162
1005002238938527
32982305083
1005003068291545
1005003185519458
1005002531141165
1005002275515512
1005002864862931
4000048555710
1005002968084665
10000402330880
1005003391707882
1005002297737399
1005002874976281
1005003142541829
1005002879780960
1005003121643174
1005002420611842
1005002016513503
1005002863696856
1005003182319404
1005003264870819
1005002949548268
1005003345084759
4001220042175
4000379740612
4000569163473
1005003001201168
1005001507862179
1005002605912756
1005002608873760
1005003285556070
32540690780
1005002952176718
1005001386012589
33055003442
1005002675479486
33015895725
4000036122934
1005003307437027
1005003085451567
32880761086
1005002484297565
1005003009224610
32998938670
1005002348930317
1005003087192030
1005003331079017
32849637687
33003151723
1005002794792245
1005002378997197
1005002230188443
1005002995515344
1005003012279453
1005001791714256
1005002861660331
1005003259760221
1005003369946993
1005001752153592
1005002753716593
1005003236674115
1005002006736848
1005002966721200
4000481701728
1005003022563782
32826606763
1005003321152826
1005003030763169
1005003286475167
1005002869088088
4000251753748
1005002604458545
1005003336053218
32775690350
1005002330337142
1005003367378458
4000175803123
32979177356
4000899165514
1005002367452788
1005001856868895
1005002766741830
1005001792928211
1005001711319228
1005001551495919
1005001781656918
1005003076592317
32919909095
1005003013875658
1005002841599398
1005003308354944
1005002738959823
1005002090187607
1005003219709312
1005002237957517
1005001593090280
1005002316578669
1005003108439341
1005001300852295
32793311092
4001170641777
1005003109455514
1005002920922746
4000244327292
4000817561106
32703305339
4001215986906
32999471411
1005003257627996
1005002793526485
1005003365005843
32914910456
1005003125098686
1005003000379311
1005001859680728
1005002608450093
1005002345115622
1005003228460717
4000473344076
1005002496780743
1005002745059016
33043021665
1005002641249459
1005003276516806
1005001493958217
1005001769331204
33014869519
1005002393066635
33011389947
4001034325001
1005003161942978
4001076318404
1005002585993357
4000971568808
1005002672729570
4001273272461
32722482111
32839050715
32811436905
1005002567923348
1005003337737390
1005002533875304
32721588072
1005002944774871
1005003342207367
1005001452672028
1005002844550370
1005002857618291
32708898363
1005001368588009
1005001457068753
1005003274946615
4001279013086
1005003077439250
33056992829
1005002523102676
1005001736267732
1005003041048146
1005002374523696
1005002761885644
1005001451369420
4000805332409
1005002378133876
1005002950986657
1005003339828973
32918553191
1005003322062502
4001220441053
1005001908687639
1005002795909398
1005003366112323
32848884277
1005001957195544
1005002689138908
1005002361638461
1005003102981834
33004043631
1005003261833122
32894354609
1005003368531424
1005003129883449
1005002747654280
4000824317777
1005003170473772
1005002906441385
32500500892
1005002703410691
1005001708800716
1005002594040095
1005003389873727
1005002133805967
1005003387199626
1005001675324376
1005002233183042
32778947217
1005003085879788
4001130509916
1005003050255660
1005003335335380
1005002478472247
1005001785714044
32897499778
4000860728933
32735767261
1005002317610044
1005002682918619
1005001535235786
1005003103529643
1005002820114838
4000168150596
1005002252292985
1005002522792721
1005001814349287
1005003228304452
32978807590
1005003008120013
1005002612239903
1005002755842754
32896623601
33043019842
4000537840086
1005002639139362
1005003223933526
1005002789834195
1005002871657780
1005002531884035
1005001950169911
1005001989748200
1005001849579058
1005003347635430
1005001984824977
4000744394456
1005003310123401
32961020187
32832559711
1005003243701209
4001042615068
32900406212
1005002841417505
1005002373498263
1005003094156162
1005002717943148
10000395855613
1005002370454509
1005003220590127
1005002973394861
1005003141373815
1005001531161999
4001161035584
1005002810054207
1005003106784277
1005003166044477
1005002347142874
32550361454
1005001976458269
32986173855
1005002462412361
1005002979789062
1005003384824334
1005002377593934
1005002275444695
1005001507524878
4000799797997
1005001500538707
1005002682998556
1005002448857735
1005003117845782
32774378150
4001115472043
32880951580
1005003104918190
33004166710
1005002946262501
1005001319246441
1005003354174153
4001108548315
1005003315922727
1005002919836414
32269024058
1005002058235820
1005002075087427
1005003333569299
4000463159405
1005002054265305
32824660602
32853232558
1005002200444676
4001238438128
1005003012861323
1005002443175094
1005003038248896
4001168908554
1005001284988649
32210913482
1005002951344666
1005002271469834
1005003168171272
1005002849351709
1005001772138699
1005002947674706
4000344331068
4001189560448
1005003384337334
1005002856172730
4000786138766
4000076536238
1005002315217972
1005001704946479
32830261700
1005001597145629
1005002717613378
1005002396582818
1005003021933484
1005003384080991
4001035238206
1005003310653212
1005003013712430
4001144507467
1005001721593589
1005001653083711
1005002317402053
1005002680694408
1005001287115392
1005002844225659
1005002919362636
1005003330643409
1005002092597095
32855582015
4001220617754
4001020359278
32959228123
1005002997599720
1005001853530601
1005002411229956
1005002978879685
4000641433089
33019324522
1005003277842086
1005002981157759
33049288184
1005003156708508
1005002873360607
1005002761044380
1005003327877066
4000092894043
1005002556072075
1005001419880145
1005002767337665
1005003019183931
1005002913256229
1005003219939193
1005002259045736
1005003348272645
4001138367956
32992517550
1005002952184408
32806518224
10000395923692
1005002647282310
1005002949456639
4000151219758
1005002997215117
1005001415284098
1005002878571091
32986077205
1005001411934778
1005002329324137
1005002141363464
1005002996335238
4000506160054
1005001424567028
1005002876602889
1005002151777168
1005003217092027
1005003286927241
4001166165705
1005002867935715
1005001991736720
33001433956
4000718264787
1005001608674595
1005003257316236
1005002405157936
1005003311034383
1005001736378357
1005002490694890
1005003117555974
1005003235805437
1005002990885198
1000001896113
1005001742686391
4001360720444
33058971901
33010868362
1005002894646509
1076558664
1005001834897791
4001230645014
1005003117617289
1005003161396202
4000979417495
1005003207279516
1005002688631607
1005003172492870
32844973057
1005003333996636
1005001485181503
1005003241158547
1005003359540135
1005002928125490
1005002915615547
1005002523028141
1005001332644298
1005002393016091
4000677861369
1005003024776070
32914614389
1005001664589340
4000448189060
4001301775394
32847556731
1005003071930199
32823865563
33028532968
1005001402166189
1005001915833596
1005003384851353
1005002930397937
1005003284672334
1005003385029623
4000130872215
1005002657076255
1005001838057545
1005003280862420
1005003332508597
1005003048055141
1005001907691098
32962051672
1005002836307045
1005003333471384
32954505654
32812542670
1005003161343577
32264039132
4001200687420
1005002196594699
1005002136587123
4000274082204
1005002840354755
1005003097265130
1005001960636540
4000980233804
1005002086860441
32818443302
4001039704787
33001553606
32915932018
1005002235263341
1005003228919529
1005002417149915
1005003384469055
1005002592222431
1005003205422621
1005002261014169
1005002426111136
4001190078329
1005002400590757
1005003394014438
1005002268813545
1005001579728969
32820926807
1005003162697939
33022926559
32762765528
32866244314
32271467947
1005003248541836
1005001988020689
1005003304391028
1005002547161025
4000661044781
1005002391985765
1005003135131573
32873203236
33005041944
33056938363
4001352584565
1005003194018524
1005003261483345
32979003139
1005001695038014
1005002219032199
32972535047
4001060670850
1005002611646361
1005002613220251
1005002876673461
1000007012600
1005002092220176
1005003244862556
32716789798
1005002538583731
1005002210384104
1005001835598184
4000211248941
1005003386325813
1005003224585916
1005002777367326
1005003292224852
1005003198718055
1005001615766010
1005002853297829
1005002847065440
1005002381438304
1005003350024641
4001057045391
4001066232075
10000008139546
4000283535302
1005003305293817
1005001851475442
1005002775644156
4000610049114
1005003142021692
1005003349908280
1005002979824780
1005001965344328
4000626177213
1005002863645112
1005002085132524
33050912509
1005001463555564
1005003035154580
32882196588
4000160819392
4001316156825
1005002949691960
1005003276926636
1005001533214835
1005002963800138
32962160098
1005001972904145
32950285271
1005003276920322
1005003125791979
1005003277638576
1005003241670933
1005002565318916
1005002253195671
1005003094798986
1005003304979929
1005003267267471
1005003089311663
1005002350850727
4000013830568
1005003391260834
1005002972962029
1005003074363462
32535203951
1005002997888148
1005001495702224
33016914332
1005002605081961
4000802034128
1005002740044003
1005003268599946
1005001549900016
1005002418803879
1005003043744196
32992009246
32898056444
1005002115790725
1005001948261725
1005002759252382
1005003341628675
1005003266819207
1005002565818157
1005003376182712
1005002585053299
1005003091731586
1005001789684296
1005003304845857
1005001899325334
32774886049
1005002704681271
1005001608082992
1005002666728256
1005002460870847
1005002511409230
1005002522654090
32906406952
1005002651812426
1005003044073853
1005003223056459
1005002885168979
1005001868955109
1005001906060070
1005002674901409
1005003103866783
4000463896740
1005001917395421
1005001360866538
4001231361401
1005003291097393
1005001854615041
4000581880073
1005003329931354
4000041320714
4001267546036
4000666538224
1005003390475359
1005001693631519
1005002197942895
1005001541714261
1005002747659097
4000229783643
1005001402101136
1005003206313021
4001362575027
1005001593016393
1005002679200314
4000152143516
1005002797693883
4000330021424
1005001373010861
32841339994
4001057550866
4000813698190
1005002094822837
1005001600104471
32935015761
33044538934
1005002327818058
32948042805
1005002392378465
1005001391373216
1005002949485737
32842682820
1005003080742640
4000276631131
1005003193743291
1005003064986618
32808533917
4000478880815
1005003123184352
1005003022200490
1005003219683234
1005003280211294
32986415606
1005001686642940
32974415654
1005002868620176
1005002233465931
1005002598730743
1005002937507691
1005002723047774
4001214808350
32719432463
4000902301615
1005002593085461
4000348088837
32887698732
1005003367380972
1005002932560391
1005003318990195
4000712049362
1005003319097866
1005003297186999
1005002451220425
32887776432
33056839083
4000590396303
1005001726795543
1005003196753889
1005002906974381
32575509027
32870435492
1005003102191343
4000907764867
1005001401775636
1005002908141830
4001241321796
32865367607
1005002939069631
4000325678576
1005003261208804
4000284351082
4000288108359
1005003282177338
1005002327177063
1005002328427479
1005001704550051
1005003025159813
4000944571945
4000702510844
1005003286327648
33046094678
1005002359736341
1005001757819899
1005002983429174
1005002291472723
1005002920548542
1005002914603557
1005002328456713
10000402340566
32956306809
1005001945953373
4000902792738
1005003051722199
4001245476157
4000033587574
1005003297428760
1005002000485315
1005002723422777
33049059134
4000929736317
1005002165216184
1005003193063236
1005002707932640
1005003378117265
4001039038635
1005002301380800
1005003308982878
4001037302798
4001331987288
4000073914489
1005002589211726
1005003171002961
1005003137565741
1005003330165979
1005001732869035
1005003236054513
1005002966401899
1005003040768810
1005003239265573
4000732756093
1005003086102153
1005003163066577
1005003306400509
1005003327411576
1005001977470933
1005002618792442
1005003369835458
1005001849057434
1005003058584286
1005002870230204
1005002810032881
1005002953024400
1005002566657319
1005003240006553
1005003303100416
1005001453579194
1005001552216113
1005003284823675
1005002475628935
1005003223015123
1005002963659151
32922853163
1005002906956965
1005002721618158
1005002104480725
1005003067627396
4000116854710
32994725071
1005002711498674
1005002553754230
1005001309801368
1005003307315354
1005001413476605
1005001543928397
1005002868738521
4000287491391
1005002099315695
1005003184749337
1005002313153258
1005002864211087
32793773280
1005002130077393
1005003375794440
1005002331886442
1005003242223638
1005003118784476
1005003287126702
32887971700
1005002590072734
1005002989157702
1005002645590916
32999553608
1005003102481662
1005002927546405
1005002613061618
1005003309905893
1000007086097
1005003152471401
1005002612647990
1005002711215327
4001230295747
1005002714854644
4000558314703
32856582154
1005001382123015
1005003341580632
1005003379917805
1005002361672694
1005003344697917
1005002884445433
1005003323779727
1005002275488645
1005002097541792
32952080192
1005001559831936
1005002467605053
4000902579556
33007279711
1005003328693502
4000921822672
1005003071892524
4000918346426
1005001708635499
1005002673797594
1005002301347671
1005003234715708
1005002615121625
1005002997652678
1005002907103917
1005003149995905
32851856064
1005002283488602
4001297509227
1005002020930307
32888506308
1005002383255691
32992323688
32915708284
1005003320559734
4000211718564
1005001976339233
1005002424824743
1005003261493207
1005003308382538
33060217662
1005003324260700
1005002933490594
1005002382138060
1005002660794090
32856717812
1005003365474999
4000250130895
1005001264622296
1005003303130657
1005002489934079
1005002612820534
1005003304378561
1005001356928238
4001191878870
1005003049697032
1005003200933208
1005002681823547
1005002779856278
32607472781
1005002910633380
32901549706
1005003257371289
4000865366680
1005002839303866
1005003031110328
4001208399575
1005003277263905
1005001823874454
1005003247074725
1005002926275509
32869969568
33004878256
1005002003432128
1005003327185904
1005002637004193
32947967725
1005002139864758
1005002990429406
4000383356000
1005003285365700
1005003264040779
1005002728324517
1005001620686558
4001213972902
1005001943479515
4000552974592
1005002714409275
1005003016842573
33000610825
33017001186
1005003238654849
1005002418293517
1005003103173656
1005003275803197
1005002305216083
4000326515516
1005001768393799
32910071828
1005001555068430
1005002755754035
1005002790784110
1005002630583209
1005003188276401
1005002021750502
1005001860228451
1005003311422515
1005001525579025
1005003267065966
1005002988538332
32791476165
1005002063849799
32839138867
1005003312263987
1005003333364917
32790137419
1005002593061389
1005002946218027
1005003175324274
1005001664452317
4000277687247
1005001469741788
4000495897133
32948233922
4000109341589
4001286729172
1005002938233315
1005002870345898
4000089633985
4000917106347
1005003097562122
1005002977849351
1005001586382948
32706156001
1005001722685896
32896813088
32965670315
1005001329316134
1005002439467910
32600324354
32835380424
1005002626956620
10000220144360
4000679318342
32797426643
1005001482361493
1005002754557645
32889098899
32839318205
4001233126304
32961703102
1005002752535522
32916865741
1005002963546831
4001206741030
1005002790694090
1005003007965973
1005003368918773
1005003328937937
4001280957576
1005003108963662
1005001645578614
1005002406321257
1005002971283469
32845757566
1005002492551096
1005002835108098
1005003342796168
1005003333097216
4000879321374
1005003030549369
1005002932298295
32324447364
1005002399065270
32964517171
1005002456733676
1005002637077722
32899675689
32885593449
1005003392451554
4000341348922
1005002399738146
32997281648
1005001272224690
4000097256375
1005002191589865
1005001898785611
1005002305034965
1005002413224366
1005001526661959
1005003264829525
32752187123
1005002737573744
1005003022423427
33036325629
1005001808060930
1005001770027863
1005002247013404
32995796263
4000143905875
1005003069603626
1005003233718748
1005002877966945
1005003360353640
1005003367888499
1005002333497406
1005001830209825
1005001728249578
1005003339798364
1005001405503904
1005001839765179
1005002318056465
1005002604661885
1005002365466453
4001131899381
1005002006045443
1005002956105252
32855845600
1005002996419624
1005003287166728
1005002545664631
1005001599374239
1005003213552964
1005002513275336
1005003307704129
32520936830
1005002283341032
1005003172921140
1005003253498899
1005003210348122
4000723921777
1005002348626960
1005003008106437
1005003263887227
1005002164581597
1005002491257475
32982195602
1005002458641881
1005003047764505
1005002554778777
1005001445767447
1005001460406121
1005002835059094
1005002894223188
32908022520
32971278943
32834665449
1005001939705164
1005001515626783
1005002744679640
1005001492940819
1005003045486955
1005002739480687
1005002963351280
32865750706
1005003384207530
1005003201343319
1005003378464043
1005002956769539
1005002687826016
1005002353879128
1005002694825878
1005003001081315
32975824638
1005001933568282
4000785162308
1005002878952270
1005002267793309
1005002680043387
1005003004624217
1005003263802662
1005003217144336
4000243568205
1005003353494739
1005002921104005
1005003082945381
1005001411574845
1005002032187218
33056185855
1005003084266293
4001138414255
1005002915377748
1005001908694997
4001219827513
1005002856985255
1005002986404836
1005003152398679
1005003380329622
1005003095921367
1005001829418982
32715215204
1005003371182371
1005003244319158
2029953085
1005002675040604
1005003214314954
1005003136264780
4001333807446
1005003243483984
1005002702332140
1005002555186421
1005001921960019
1005003273305051
1005003039367792
4000198939907
32843450396
1005003093728919
1005001698879350
4001085211056
1005003046753985
1005002176592095
32658988442
4000999529933
1005001808399597
1005002656295097
1005001946712009
1005001616691573
1005003139641407
4001282506984
4000988222731
1005002687137562
1005002517316096
1005001962347360
1005002643190230
1005002961181769
1005002960461807
1005002715273114
1005002406655519
1005003252166001
1005003008031879
33041262803
1005003338791175
4000836668628
1005002947311674
1005002533973729
1005002974422669
32326452062
1005002856336544
1005002932970305
1005003108485791
32968286460
1005003208239028
1005003152343689
4000336210231
1005003090382343
1005002890903978
32890636720
1005003343184314
32449534201
1005003379502017
4000160411925
1005001825749857
1005001468971427
1005002708302202
1005003171659008
32860203116
1005003083311735
1005002356730013
1005003101008796
1005003265088290
1005002950375808
4000148421939
1005003124409211
32901328298
1005003068036641
1005002423615051
1005002460709281
1005002314238532
4000621131118
1005002950580806
33055438397
32889421415
32911779013
33048993282
1005003330501420
32978527877
1005002932391433
1005001944458337
1005003077264767
1005002121896331
1005003282020710
1005002969968561
1005002079859515
1005002385122305
4001118201871
1005002482917528
4000355909256
1005002358736098
33011125765
1005003081681345
4000206461453
32916673627
1005003332755495
1005003152411699
1005002110760305
1005002859613313
1005002668806287
1005002770564363
1005001714249814
32811499768
32537660585
1005003385401188
1005003293848616
33053499737
1005003351691258
4001256927565
1005002564784858
4001195375042
4000159701558
1005003200675993
32936567535
1005002580717185
4001131433442
1005001286966182
4000927650839
1005001876507862
1005001446063812
1005001952665144
1005003313659763
32860876492
1005002388198378
1005003361751241
1005003086225428
1005001927261033
1005002969772243
10000002733940
32658252829
1005003303453737
1005003250865347
4000748266414
1005002926619194
1005003012519803
1005002368824917
1005003106029789
1005003382534621
33058033872
1005003265312758
1005002351700889
1005003227609705
4001173080147
1005003309585672
1005002485082516
1005002499525600
1005001957511440
1005003115690754
4000203264471
4000918217669
32791702380
1005003241409936
1005001808439422
4000628679901
1005003035971312
33010721211
32881340633
1005002700471122
1005002862983627
32954660954
32332381094
1005002553288190
32959950261
1005002694906367
1005001825888943
1005001586622043
32954016360
1005003345936762
1005002322770371
1005001957488386
1005002616760818
32753758696
1005002565000382
1005002724777453
32892211862
10000005983040
1005002436446073
1005003187438885
1005003203349702
4001350743211
1005002601214822
32961868680
1005002997139199
1005002519728732
1005002524392312
1005002548564043
32962088115
4001097476786
1005003089141208
32836637618
1005002721203710
1005003132122088
1005003282611145
1005002070488204
1005003154218116
1005001642637222
32885625366
1005003386803199
1005001792676309
32749501233
1005003225490570
33018651747
1005003283231239
1005003201174632
1005003258225639
1005003336350982
1005001805193907
1005001290499632
1005003174570849
1005002745077127
10000033739624
1005002610498879
4000348569343
1005003069506840
1005003273531829
1005001836030445
1005002709514234
32885743007
1005001803727670
1005003136167164
1005002686011723
33062931974
1005003356966293
1005003317494739
32864866677
1005003124606569
32825476907
1005001668067550
1005001483464940
1005002307777540
1005003324220411
1005003130199587
1005002761741288
4001287711757
4001269554031
1005002886323874
1005002813723063
4001064516546
1005002314365224
1005002536573525
1005001782167366
1005002491078879
4000700077934
4001108021607
1005002476301399
4000016319347
1005002884503579
1005002003730023
1005003274431773
1005003124892350
1005003117671200
32784545874
1005001483718134
4001240112350
1005003388405994
32985973305
738370086
1005002755315947
1005002856077795
1005002988485888
1005003331153021
1005001688974307
1005002683353694
32889686556
1005001362540410
1005003337915803
1005003314819775
1005002491880672
1005003167887092
4000884693607
1005002553870553
4000082101079
4000082249729
1005002770668747
1005001710494024
1005002912566525
1005002657219054
4000926171414
1005002247768624
1005002802351622
1005003141567813
1005001561242241
1005003175027184
1005003146677637
1005002132451875
1005003377255330
1005003277974796
32976474239
1005003195413130
1005002952843011
1005002946838705
1005002893827617
1005002352769503
1005002646098073
1005002376135096
1005001364813531
4001313651676
32850113629
1005002991144145
1005002081207305
32706566722
1005003054996447
1005002783657509
4001171061165
1005001698803918
33009858122
1005003276352163
1005002266770594
1005003112049375
1005003238325133
1005003224076208
4000835299519
1005003176028563
1005002642101552
1005003345220916
1005002920784755