1005002124449302
1005003070161127
1005002573562928
4001207576908
1005003386333296
1005003103369341
483317624
4001116765788
1005001350836728
1005002400777303
1005001834401651
4000814583297
1005001967076185
32843445620
1005002771277609
1005003245941878
1005002959480199
4000217565059
1005003071333336
4000695370596
1005003392393464
4001176099376
4000103341870
4001210292211
1005001868540370
1005002594290200
1005003064705229
1005002715962051
1005001456566472
4000849993079
1005002652339981
1005003096144520
1005001484229337
32791583230
1005002894511566
4000503817776
1005001437173777
1005001325366042
1005001299909104
4000613306407
1005002136454282
1005002321934883
1005003282768982
1005003321291725
4001090442322
1005002372191854
1005002942232139
1005003271320764
1005003098729477
1005001863383702
32907066807
1005002924935092
1005001302970542
4001067333785
1005003292873826
32857607163
1005001705803119
4000905661799
32603190439
4000963513021
1005002983493169
32881948114
1005003249963564
1005003012158301
1005002284960565
4000351726649
1005003370429675
1005002864903827
1005001441291686
1005002224405203
10000344110560
32899169320
4000059390289
32948733968
1005002546367494
1005003304747076
1005002136883794
4001057081417
4000207373649
4000779872962
32998338047
1005002942538166
1005001834377570
1005002630534461
32793102086
1005002868335951
1005003386345014
1005002876314249
1005002814125705
1005003008368300
1005002696729268
1005002717917617
1005002652891928
32991426551
1005003384497895
4000078989993
1005001493910740
1005003130290601
1005001895235013
1005003305762520
1005003136910239
1005002341155291
1005002523873757
1005003117618296
1005003303924217
1005002991694474
1005003020255735
1005003240487242
4001120182981
1005003372743866
4000080401862
1005003148200294
1005002448493267
32861823139
32831862037
1005003266768582
1005003193788995
1005003217992789
4000012037014
32800154020
1005002417693374
1005002957296113
10000005131307
1005003319305377
1005003359428298
1005002413136051
4000535490860
1005002945255558
1005003012303833
32822750198
1005001453421850
1005003294280782
4000988425298
1005002758957881
4001047565240
1005001431459352
1005002997757292
32836054778
1005002824014017
1005002503814243
1005002622287472
1005002381750056
1005003124735142
1005002484244062
1005001882193048
1005002500610841
33019630596
1005003291615601
1005002918030121
1005003284887609
4001042190653
1005002596833827
4000906236970
1005002787259993
33026829473
1005002951217668
1005002983241217
1005003222134178
1005003203052192
1005002418520318
1005002609611795
32416526581
1005003168589561
32947801022
10000217997114
1005003219433279
4000879081805
4000926343966
1005002644311425
1005002876088138
33048136849
4001003788870
32236138705
1005002598783501
4000941723337
4000110087833
1005003105928103
1005002255395599
1005002956748520
1005002929043524
32976034813
1005003219390213
1005001481678608
32911843408
1005002207112533
1005003305803036
1005003135978587
1005002937433043
32802521803
1005003205950622
1005003155556036
1005001525366654
4001240699478
1005003344764195
1005003246651734
1005003372352334
32871991144
4001192997329
1005001950046133
1005003373630630
1005003233422982
1005001513000763
4000264135115
1005001670118990
4000579151094
32905729041
1005002560238230
32372404109
1005003114385666
1005003239096438
1005002416714668
1005001355631847
1005003015280644
4000909735499
1005002988046318
1005003171104382
1005003116898332
1005002310225817
1005001736851054
1005002709775886
1005002597142412
32934355417
1005002288454593
1005002931550698
1005002864810841
1005003378297966
1005003360087157
1005002793954507
1005002265190487
1005001423496060
32461717785
32866783132
1005002288882678
1005002775766045
1005002771371449
1005003374480107
1005002642099372
1005002642743260
1005003377726873
32820753239
32995290672
1005002753952907
32848430152
1005003176403860
32924438021
1005003149302414
1005003272140510
1005001868038095
1005001362345638
1005001870383497
32815537794
4000445813675
1005002077264714
1005001641687499
33036978791
1005002547122046
1005002871133823
1005003135092592
1005003213477154
4001246776468
1005002384650990
1005001834381161
1005002275504676
1005003126091598
32554262240
1005003290984375
1005001954140083
1005001529962168
1005003163478913
4000823645643
1005002234317465
1005003362116498
32958900846
1005003079815839
32980826967
1005001665680176
1005003033226497
1005002877139335
1005003213247029
1005002241735058
1005003345023584
1005002218415149
1005001844652424
4001279430860
1005002035060067
1005002774131607
1005002888333622
1005003017001067
1005003141418058
4000838367925
1005002941501805
1005003258837483
1005002390161474
32968352441
1005002979210173
4000986096635
1005002759256876
1005001975740685
1005002315844775
32737301285
32953602628
1005002599371018
1005003143895556
1005002921044525
1005002603692625
1005002696014465
1005001287304401
4000335594214
1005003103085436
4001208699548
1005003331032420
1005002074025064
32978330298
10000284164662
1005002314456918
1005001441497277
1005002733151282
1005003151889479
1005003277769530
32960656687
1005003219221329
1005003381532972
4000169408926
1005002397695972
1005002566997070
4001051010200
1005002003411703
1005003318439474
32434719255
1005002313689984
1005002801728971
1005003130290282
32962141213
4001138621665
1005001385874665
1005003341383637
1005003304662436
1005003188544417
1005002353552021
1005003327852700
4001033175385
1005002871026469
1005002737462215
1005002693175486
1005001464906195
1005002782127433
1005003105759014
32861386401
1005003034464154
1005002096838073
1005002811519527
4001114649537
1005001821744682
1005002439053120
32854519939
1005002548038622
1005003157729172
1005002599551392
1005002723352320
1005002200741009
1005002771741887
4000809726081
1005002000157255
32887482171
33062422778
1005001697967906
4001280690887
1005003311978759
33029441016
32843352550
1005003223925843
1005002611742233
1005002835480185
4000230372433
1005002107405119
4000761453380
1005002640728107
4000642634054
1005002949539744
4000240458948
1005003303480039
1005003369099682
1005002469129171
1005002604780856
1005003191236521
4001224055433
1005003191859640
1005003024309201
1000007934503
4000503093252
1005001901014854
32968369608
4001119582865
1005002219773788
32888063051
32837516401
1005002208688185
1005002700281446
1005002027890550
1005003328917973
33037795760
1005002223570164
1005003354129971
4000858937443
1005002903874971
1005002789028108
32764596617
1005003330010635
1005001780763968
1005002354700085
1005002095056033
1005001981665332
1005001570601745
32889302386
33014025325
1005003080098643
1005003131690853
1005001639561520
1005002298439130
1005003021614544
1005002771033360
33035405384
1005002334986955
1005002914641301
1005003366995057
1005002896985597
32948458998
4000429933029
1005003280994627
1005002964291529
1005002727548028
32969041683
1005003342596830
1005002802320240
32803701604
1005003205202202
1005003292307988
1005002318987992
4001042409467
33003668032
1005003307832889
1005003347354655
1005003371940282
1005002260347967
1005001408746849
32867137998
1005003335917728
1005001617102323
32986081938
10000404569810
32806671493
1005003211532132
33038666520
1005003306899636
1005003004923965
1005002335031777
1005003238672911
1005003202329093
1005003197194024
1005001451752721
1005002963030411
1005001648228019
1005001788817469
32836825739
1005002565086608
1005003179924053
1005003286704782
32814100528
1005002684467898
1005002224157991
1005003108293793
1005003214230437
1005001877094444
1005001343273469
1005002583220920
1005002501046725
1005003223693951
1005002608963249
32995679672
32906459850
1005002960049283
1005003321289417
1005002933524340
1005003387673487
33002510063
1005003106412521
1005001929303364
1005001757762317
1005002490392015
1005002973140431
32661190122
1005003275145600
1005002142965951
1005003129633691
1005003016115629
1005001586228234
32639088149
32954634923
1005002734222795
32889962602
1005002911292747
1005003229497797
1040810305
1005001501385725
1005003282986590
1005001319880089
1005003224689827
1005001905013984
1005003170494064
1005003076998224
32647622748
1005003174831627
1005003336926132
1005003142543843
1005003135512102
1005001476655200
1005003287541074
1005002668363133
1005001942145268
1005002863460602
32795227781
1005003388523191
1005003104190097
1005002240256961
1005002974103412
32837294744
1005002223769807
1005003265878014
1005001303788111
1005001345909339
33062830714
1005002722553591
1005002347529016
32799295093
1005001841054901
1005001544110305
4001317601141
4000181964673
1005003340871051
1005002822942642
32859597309
1005003208344844
1005002907672312
1005002579338106
1005003202473534
1005001456446884
32868105983
4000910065101
33011136156
1005002816856888
1005003114132009
32886382350
32950092475
4000016104720
1005001639195797
1005002054818125
32861085283
1005003317769327
1005002976627791
32837488559
4001160312959
1005003358214622
32830381112
1005002767972406
1005002281355053
32719451031
32807025656
1005002636518667
4000081731905
1005002018626529
4001129546072
1005003213017490
1005001923236109
1005002787509311
1005003131209956
1005001626171319
32825549855
32711216551
1005003312717151
1005003002678744
1005002398964855
1005003304560553
1005002665820744
4000777508690
1005003349300469
4001079277054
33044131567
1005002250179620
1005002746945813
1005002999478078
1005001887950397
1005002551991095
1005003116389150
4000967236074
1005002313722595
1005002205569454
1005002663677550
1005003264203821
1005002510929405
10000095521392
1005003320150622
1005003064487775
1005003132166615
1005001720741451
32973726969
32820295209
33042467239
1005002946323950
32847098948
1005003264206372
4000386885821
1005001778689983
1005001836439099
32919067025
32878252938
1005002645757860
1005002777114182
4001285088007
1005002583299121
1005001321526175
1005002297460526
4000126585379
1005002912553706
1005001977546947
1005001557947370
4000575605080
1005002974632886
1005002656734777
32698358596
1005002310805848
1005003059628253
1005003013829235
32912357346
1005003392464336
4000725247551
1005001431818447
1005003215611738
1005001967853395
32976204926
1005003128759503
32868877606
1005003162561877
1005003008842653
1005001556960505
1005001572053126
1005002841436604
1005002201831237
1005002051752807
1005002483001417
1005002490002954
32945381180
1005003149821453
1005002824060810
1005003374176317
1005002664035800
1005002803165316
1005003069721593
1005003019115351
1005001686036843
10000395822358
1005003097390901
1005003309593609
1005001699332655
1005002911235994
32959481597
1005003276047323
1005001998414039
1005003317806073
1005001683372469
1005003179204329
1005001572938442
1005002282568404
2044834270
1005002877657275
4000413959984
1005002997403858
1005003037884979
1005002382417281
1005003093551880
10000267301413
1005002002258578
1005001895235013
1005002313626918
1005002298696931
1005002794299018
1005002450663223
1005003181184095
4001208170245
32987368252
4000130403746
1005002529965482
1005001898868171
32958416461
4000181166284
1005002545955044
1005003323352546
1005002965209749
1005002635814200
4001361663137
1005001851601793
4000351683368
32858386714
1005002932013316
1005002718084494
1005002685068697
1005002404343470
1005002411555633
1005001868740582
1005002330595587
4000299123376
1005003355001760
1005001864505085
32571242675
32723143283
1005002882187478
1005003345102520
1005002747741076
1005002090604089
32828126195
1005003044104920
4001225291449
1005003031596871
1005003217614014
1005002547669732
4000011772264
1005003107534285
1005002963213063
1005003092606726
32949762555
1005002537529956
1005003287886892
1005001953314602
1005001327922511
1005002949963486
4000307377865
1005002881606166
1005003315698796
1005002918306141
1005001739791219
1005002567705241
1005003202321267
1005002783727714
1005002924651300
1005002497451065
1005002115859089
33022544239
1005003327185904
1005001636591701
4001039059592
1005001917253534
32846847900
1005003097961678
32783160717
1005002678442689
1005001274169312
1005002346868406
1005003387170531
1005002922304410
1005001940098012
1005001671401821
32722177285
4000622337188
1005002406562054
32841819337
4000709299053
1005002637902765
1005003198131380
32969910255
1005003257906993
1005003380409655
32858994627
4001290041787
1005003308528226
1005001639294767
4001050329891
1005002689242338
32960253472
32698484339
4000989731778
1005003039324416
32399072717
1005002789685323
32723608615
1005002974526394
1005002056750960
1005001941403045
1005003055640973
32782478185
1005002613278908
1005002605980393
4001037960625
1005003359991724
1005002698564639
1005002982471294
1005001705793039
1005003323172748
1005003326673498
1005002593708895
1005002513569680
32954791569
1005002727026899
1005002030369097
33044996273
1005002917136001
1005002978589606
1005003127850097
1005003378746387
1005003036891782
32838210944
1005002466983423
1005003365009912
1005003308371494
1005001999596650
32943249793
1005001795597839
1005002723210572
1005002752052073
33008580053
1005001736611959
1000007473356
1005002688455724
1005002945171521
1005002580554470
1005003244638672
1005003305213169
1005002755960678
32692345234
33015395860
1005003007758171
32838985303
4001235908948
1005001705587594
1005003269425568
32856202941
1005002625050995
1005003062760031
32971617919
1005002667816345
4001281603539
1005003289913855
1005002310158306
10000344012266
4000939105821
1005003004733837
32961886786
1005003136431884
32835279747
32968203107
32828680400
1005002162041059
1005002309822191
1005003175267841
1005002612914193
1005002934852319
1005002588985844
1005002397335496
1005003364020555
1005001693829610
4000897106526
4001115456970
32963403874
1005003006395092
1005001988253831
1005001676760305
1005002025716243
1005002435002466
1005003000481011
10000414196767
1005002482828213
32998479339
1005002728979798
1005002134414697
1005002277232007
4000965136504
4000594805329
4001065452654
1005001786745367
1005002812967130
32788420088
1005003303043717
1005003233596520
1005002454326935
1005002890560011
1005001552241433
1005001814754362
1005002989732596
1005003129790492
32725536026
4000308428438
4001152940754
1005003175070691
32827169172
1005003072036842
1005002537745627
1005002557517189
32723443807
1005003339937945
1005003074114459
4001139754515
32827338094
1005002651200607
32851592948
1005002616540339
1005003386392455
4001153204501
33028054615
4000921569693
33037342506
1005002510081846
1005002949048035
4001179397979
1005003324924763
33018202395
1005002773933290
1005001602968691
1005002283043016
1005002028254512
1005003186824202
1005002469872534
32884141695
1005003339206877
1005002549676988
1005002719792500
1005002571401643
4001282827318
32843016786
1005002377862591
1005003331138445
1005001813896223
32800399673
1005003070497846
1005002967694211
1005003216116496
32733644465
1005002487382263
1005002252554742
1005003316159337
1005001889778422
1005002017507874
1005003196352101
1005003201348459
1005002518627502
1005002317601581
4001339766517
4001167003819
32690480382
1005002905954697
1005001393178530
1005002127040522
1005002974046852
1005002959753591
32985481122
1005003288873596
1005001937153121
1005002394909062
1005001540362451
32841572223
1005003295906096
1005002239556070
1005003266179100
1005002758042833
4000838383288
1005002875812803
1005003119103844
1005003310125127
32973842022
1005002601078921
1005002948189539
1005003243528144
1005001447297107
1005003103191090
2027486982
33064335957
32235304490
1005003241131176
1005003236714842
1005002957800229
32753870220
1005001365470068
1005001441263812
4000431133564
32963799475
1005002469562579
1005002454269693
1005002301190416
4000248142533
1005001551067607
1005002121167867
32967265636
1005003004129101
1005002795877331
1005001579589908
4000886243955
4000389955629
1005003054938590
4001271867363
32605191166
1005002940919966
1005002193572525
32710882924
4001085574011
1005003387807308
1005002778067113
1005002655658805
1005002992959491
1005003385834370
4000052910361
1005002011938067
4000905484941
1005002542562974
1005002248809714
1005003169489232
1005003318058457
1005003202538382
1005002719190695
1005002915322523
1005002541554440
1005002664447665
1005003148544212
4001220044692
1005002063144769
1005003086875011
1005001939235670
1005002316247871
4001278061604
1005003225130288
32767096099
1005003367705742
32860602818
1005002562529187
1005001731317132
1005002788640872
1005002870916257
1005003235301857
1005003042869581
1005002467114029
1005003341339945
1005001618589330
1005003299713339
1005003153209775
1005002732426750
1005003212745112
1005002996404052
4001116264353
1005001386562586
1005003149643792
33052325034
4000815128358
4000839947214
4000912979370
1005001375764461
33036962754
1005003186961343
1005003209581897
1005001488670888
1005003264664311
1005003390522020
1005002910561168
1005002938146485
1005003214441385
1005002103624800
32861986168
32932717983
4000335542725
1005003309609350
33038548990
32870922879
1005002313770131
1005002467860518
1005003343409527
4000931912979
1005003327893044
4000523032426
1005003336548079
4001030445612
1005003281104107
1005003322272641
32889014252
4001027864383
1005002773263622
1005001398696558
32789528635
32823118202
1005002683099537
1005001632993559
1005002079215299
1005003336513594
32968781015
1005002717867989
4001139148964
1005002600847511
4001230302822
1005001830847988
1005003034289118
1005001947976520
1005003188822247
1005003366697454
1005002001652364
1005003335290621
1005002004595612
4000054404814
32978221481
33033769758
1005001456751408
1005002933572182
1005003339762474
1005003264674959
1005003131743738
4001064475801
1005001604434058
1005002723804039
1005003293494568
32834442542
1005001967373812
1005002635454262
4001193472769
32925973399
1005003198064993
1005003027818854
1005003101672588
1005003295060517
1005003349906405
1005002878468340
4001174670952
1005003251102400
32811568140
32871783646
1005001607299586
1005002990450174
32825767903
1005002883723151
1005001669822595
1005002760137538
1005001275075895
33044120366
1005001379724739
1005002678845759
1005002723451260
32898511781
32905032324
1005003186690109
33034964366
32985977348
1005003078231714
1005002024446372
1005001686193420
1005002591538258
1005001493650710
1005003134770674
1005001694698514
1005003391405511
33042609702
1005001441834226
1005003141291231
32974904879
32972885480
1005002293936140
1005003125689802
1005002992670002
1005003170474671
33022477617
4001105869652
4001333030365
1005003096612084
1005002846532328
4001173283314
4000846759822
4000364766309
1005002751599681
1005001431414424
1005002660462526
1005002857262796
1005002594800370
1005002034040952
1005003075550808
1005002530287323
4000138139690
1005001839831961
4000735441915
32913541233
32850130122
1005003131841000
1005002885429897
1005003178375160
1005002766759482
1005002696257082
1005002711971633
1005001436880933
4001120736087
1005003379932475
1005003209513077
1005003118576412
32927851770
1005002718340048
32899821711
1005003292543619
1005003309808099
1005003291605612
1005003270295338
1005003338552244
32840890073
1005003025422963
4000858872033
1005003318107011
1005003166299031
1005002231321468
1005003118067323
1005002318853285
33024442909
1005002228148611
1005002244252498
32827311906
32815245133
1005001616991896
1005003020265709
1005003043710899
1005002434283418
1005001365308022
1005002650281318
1005003127654532
4001139388205
32897209554
1005002314464310
32975417263
32983707093
1005003067011606
1005003389166271
1005003189376993
32807392010
1005001346261792
1005002667782660
32856197053
1005001598859970
1005003273668009
1005003128174197
4000445797006
32976319668
32742674611
32987654256
1005002907518755
1005002842828913
1005003332486456
32880809825
4000265811650
4000470177847
1005003185924875
32884751457
1005003341970903
1005002939783126
1005002375631996
1005002736481044
32856190184
32979376692
1005002423848809
1005001942894110
4001302593261
4000763923194
1005001822017179
1005002328195609
32648635468
32696078542
1005003130297178
1005003200998374
4000878308460
1005002876873486
1005003069312791
1005002177525111
1005003103457618
1005002124512945
1005002731385776
1005002898759248
4000595254514
4001251925794
1005002973212630
1005001805561150
4001210123008
1005001725529940
1005002459788019
4000538439013
4000532790960
33051094431
1005003364730700
1005003207712752
1005002667525292
32856961269
1005001387079622
32975752358
4001173235931
1005003022442112
1005002754510505
32833268964
4001147028548
4000499321207
1005003239785355
1005002117076679
1005003266275401
4000862350165
4000221225603
1005003213030339
1005003149945696
4001360525260
1005003390188945
1005002918790664
1005003212221675
1005003333836824
1005003303636473
1005003214222513
1005003032173815
32982921787
1005002723411667
1005003029888669
1005002870223497
1005002429063403
1005003154907222
1005003359821898
1005001311419522
32975444682
1005002783761571
1005002907611408
32723417642
4001110186248
33044567085
1005002971282383
1005002115821419
1005001922568649
1005002618781621
1005003232044062
1005002418633166
1005002577387187
1005001560781618
1005002866698301
1005002558270995
4000135609764
1005002244586175
1005003086789641
32732491009
32952176759
1005002734438744
1005002761555182
32805858106
32866587123
1005001393243172
1005003308434609
1005001812460647
1005002288530498
1005001287467542
1462714029
1005002453633940
1005002647211832
4001134118052
1005002899950765
1005002295964359
1005002083993231
1005002852814062
1005003356783456
1005003328478370
32883602232
1005003317333928
32787725277
32716174343
1005003305800250
1005003198592911
1005002206151669
1005002907179246
1005001545623016
1005001357612784
1005002760464277
1005001609174433
4001245879256
1005003212760012
1005002284802090
32859166530
1005002351252031
1005002972961798
1005002314321675
1005003128800681
10000395867168
1005003343116471
1005002698454780
4000199109449
1005002906046074
1005001670268419
1005002525865896
1005002100646073
1005003002895799
1005001299692183
1005003299418528
1005001441425591
1005002649896029
4001138102073
1005003286817045
1005002730574350
1005002314348119
4000538680228
4001179571412
1005001469333942
1005002425323641
4001274155267
1005002198384050
32862079117
1005003099142303
1005002905125452
32831359521
4000223624371
1005002109682730
4001359267888
1005003364062216
4000897520378
32965950003
1005003176370398
1005001887874969
4001237245796
4000983671396
4000850512221
1005003374286436
32982857409
10000414340504
1005002675135319
4000075396482
1005001287186515
1005002286089493
4000133018534
1005002218851315
4001173034021
4001356671758
32954577642
32973951139
1005003004408326
1005002722383196
1005002976995660
32658976375
1005003163812954
33009529793
1041955974
4000153586483
1005002966437096
1005002641666087
1005002998856800
32891506266
1005003101575794
1005002321207190
1005002978619646
1005001780549964
1005002948424338
1005002231918719
1005003107829107
4001131821506
32693223216
32846637522
1005003251359642
4000529990854
1005001967049820
4001036712126
32961254673
4000355029071
4000174331644
1005003167292392
32955182010
1005003205422621
1005003133937325
1005002352040794
32988805232
4000523631969
1005002957308147
1005001435643757
32987228016
1005003055373824
1005002611467704
1005003097871556
4000042302886
1005003118005399
1005002854226964
1005002253238396
1005002594510184
1005003058879961
1005003068530237
1005001287984589
32904487921
1005001978754119
1005003386613866
32727835601
4001209923539
1005002769078660
1005003265236539
1005003062165137
1005002587597522
32618729132
4001228734260
4000182510708
1005001290286249
4001047127986
1005002872970186
1005001851109150
1005001886149980
1005002994880521
4001239435540
32826108751
1005003199030907
4000079868591
4000668175651
1005001525265867
1005003169008144
4001158310354
4000033035795
1005002196795785
4001003829285
32956571269
32238163212
1005001470651730
1005001809406638
4001220325839
32690998173
1005002683545838
1005003064548315
1005002857786658
32858531568
32893224886
1005002959607847
1005002828941874
2013978222
1005001721692755
32556526050
1005002570139544
32952624834
1005003070509461
1005002413905141
1005003300571922
1005001479038286
1005001797981575
1005003134622877
1005002783876226
1005003277782130
4000244763594
4001180001866
4000885285011
4000534766616
1005003346172452
859893886
1005003107543910
1005001483877532
1005001365068585
1005002029005130
1005002582896448
32899653109
1005003109804182
1005003102272698
33046620882
1005002074076075
1005003346961641
1005003189435903
1005002648262611
1005001900213332
1005002727139081
4000494349945
32776785113
1005003206643584
4000829560979
1005003031721014
1005002637429249
4000560717888
1005003032533409
1005002598394372
1005002934993268
1005003149435443
1005003268055526
32962358618
1005003062756251
1005002687653425
1005003146486959
1005001962058225
1005002829241444
32998366776
1005002630332878
1005002935419910
4000176915293
1005002481033454
1005002447939571
4000522393529
1005001638354072
1005003107671784
1005002977983473
1005002395090266
4001081339772
32833258452
4001065239801
1005003070648531
4001106042771
32462242259
1005002702096627
1005002402127930
1005002905541668
32848282480
1005003244491936
1005001947299278
1005001683933672
1005002940380200
4000400447598
1005001899682019
1005001839308570
32839154715
32847641136
1005002099802350
1005001984743065
4000640730238
1005003313780994
1005003171814741
1005002650334502
1005003318825317
4000346283496
1005002922308931
1005002561333838
33063587151
1005003130161720
4000151656855
32534351131
1005002985474941
1005001304669323
1005003307834208
1005001598167210
4000103011029
1005001803972739
1005001598566749
33049772312
1005001546878641
1005002762204423
1005003331060197
1005003346525558
1005001515273060
4000546658914
1005003325661808
32913664999
1005002481598379
4001245242287
1005001845398841
4001208808759
1005003238780493
1005003385982093
1005002894593769
32642138939
33004263064
1005002264388546
1005003058285309
4001038879681
1005001968570003
1005003212575638
1005003009192031
1005002598982157
1005002215148040
1005002846677196
4001107482737
1005003210335765
1005002969877324
33006630399
32864123625
1005001914419919
1005003155513036
1005002292353160
32820861170
4000763887636
1005003325645692
4000388156230
1005003355658479
1005003096194448
1005002774343964
1005001381177622
1005002508949029
1005003162253124
33025900821
1005002283150453
4001290195816
1005003226533709
1005002884164512
1005002259236603
1005001878127035
32970781277
1005002454319367
1005003069755540
4000986037635
32964657660
1005002388078863
1005003131974189
1005002935419400
1005003088184087
1005003037138890
1005001698540563
1005003388497280
32901651163
32964840347
4000405542057
4001295315825
1005002646983160
1005003264465287
4000307495751
1005002583535839
4000574123300
1005002614155260
1005002722721595
1005002935678541
1005002761598578
32952962198
4000025323381
1005003324544952
1005002341003835
1005003206401689
32921310040
1005001665529818
1005001379444895
1005003038353569
1005002783665170
32980904211
1005001840412198
4000381708772
1005003130570866
32824659184
33035135458
32920181239
4000116010529
1005001269636417
1005002850918670
1005002381061840
1005003154540166
1005003136413525
32961600730
1005001809688622
1005003017590117
1005003318304899
1005002011316989
1005002417009582
1005001430758282
1005002204786103
1005002592694504
1005001713857257
1005001456573290
1005003109342145
1005003210706078
1005002927671669
1005002969357920
1005002727492824
1005002776111591
4001190387456
1005001321436317
33048197165
4000924112380
4000454061835
32971028515
1005002309583044
1005001287159086
1005003170710898
1005002996542148
1005001853843724
1005001846278896
1005002798201281
1005002640373861
1005002467566242
1005003308490882
1005001839166575
33009581671
1005002137301141
1005003052151173
1005002524942459
1005001756649160
1005002886849551
1005002330818081
1005003202882111
1005002565300761
1005001787718091
1005002036035593
4000057372575
4000017912930
1005001740814756
32829237408
1005002080599391
1005003369024768
1005003310465204
32975507592
1005001437600164
1005002554764161
1005003271876627
32881468445
1005001963513566
32886264267
4000915552931
1005002995556403
4000347064729
1005002032581834
33049761646
1005003016097801
1005003178038646
1005002003050306
1005003197141620
1005003318057214
1005002992578668
4000891240551
4001107220467
1005002602680150
33058627240
32823926519
1005003259882190
1005003339557012
4000245554654
1005002568712998
1005002612912133
1005001999172897
1005002904728229
1005001557903289
1005002780505219
4000626456221
1005002254180849
32803577230
1005003232785001
1005002783843955
1005002631228438
1005002982356791
1005003308180758
4001041958867
1005002834393686
1005002292197948
1005003349599399
1005003336167189
4000449659446
4000315169290
1005001355330300
4000344447259
1005003143483461
4001278352786
32845549543
4000621091286
1005003370474877
32948568429
1005001612926617
1005003010468234
1005002792834090
1005002765854085
1005003183418624
1005002548067005
1005003153120092
1005003357071931
4000462853781
1005002930214064
4000238102806
1005002912791949
4001294203257
1005002337309080
1005003239353910
32692026691
1005003031629707
33021346920
4000085056116
32849735615
4000459389568
1005003259943247
32814801772
1005002913235596
32687450843
32928451783
1005003116084901
1005001901387664
1005002852304590
1005002567278869
1005002694732545
1005001887641499
32967296813
4000504845512
1005002255600454
1005003239667731
1005003234001657
1005001441340457
1005001332962581
32573155556
4001045300623
32959899382
1005003047531813
4000050302727
32912502802
1005002650907558
1005001286672891
32826127986
1005003262791731
1005003143206200
1005002021801736
1005003077675561
1005001532216185
1005003344068043
1005003093601604
1005003363025437
1005003299594840
32988906249
1005003227260892
1005003171717690
1005002992177445
1005003238889664
32741583060
1005003352169434
1005001765727807
1005003006389802
1005002996380430
1005002527716444
1005003216521398
1005002900973105
33014183242
1005002234340147
1005001374017421
32812501782
1005002945553067
1005002124801172
32993694860
1005003287884593
4000025241643
1005003381162382
4000271139206
4000810264062
1005002657058208
1005001946550154
32684496828
1005002866718118
1005001757563233
4000469786377
1005003297877065
32966332945
1005001518244677
1005002251960199
1005003309167319
1005003097685630
1005003380127152
1005002932850502
32834634282
1005002749391278
1005001704947935
1005001705466580
1005003347214001
1005001717614969
1005003119051644
1005003334253414
1005002704894657
1005002300768757
32804544998
1005002416050837
4000589853122
1005002537839055
33048978495
1005002983385160
1005003195649659
1005002496965221
1005002776812717
1005003386322455
4000938817101
4001030144526
1005001373378099
1005001303184663
1005002749918168
1005002859016686
33044102812
33049495383
4001003286420
32847994504
33063203123
1005003288066201
1005002203670384
4001039295481
32827251653
32940862627
32856072009
1005002305265033
1005003088599294
1005002786495144
1005002382111668
4000968297237
1005001784733441
32958431356
1005003254470171
1005003000223797
1005003280386848
32938536385
32973775376
1005002904308198
4001035791565
1005003292921609
1005003324957537
1005003255603682
33044444696
1005001592284972
1005002643941126
1005001880309297
4001198045036
1005001689797105
32683741146
1005002268538957
1005003070795722
1005002988675401
1005002447994452
1005001568542939
1005002565421997
4001275198485
1005003018234113
1005003101545155
1005003231493009
1005003040916944
1005003344375043
1005003123454875
1005003167052160