1005002473745298
1005003301415610
1005002581114431
1005003017927584
1005002567392961
4000583060753
1005003028134238
1005003023423303
1005002623558036
32855900966
1005001424949331
4000730597779
1005001749032671
32823544493
4001077986453
1005003354555975
4001263987318
1005002958291969
1005001747946131
4000695934110
1005003066296639
1005002894171323
1005003309165811
1005003037356783
1005002740869255
1005002539543049
4000124129624
4000401392773
1005003250857097
1005001295343860
4000118903931
1005001823503215
1005002697698427
32996551503
1005002608851900
1005002529826853
4000937482550
1005002065941753
1005003266561124
4000024607430
1005002817953962
1005003139473396
1005003246125916
1005001854647980
1005002500573624
1005003138521755
1005001860043216
1005002261162104
4001241250257
32831340752
4001204511700
1005002447795034
33026470607
33017102228
1005002862105354
1005003259357461
1005003172842640
1005002990607201
1005002664484815
4000079348198
1005003296891928
4000860697031
4000435582873
1005002348347295
32994661408
1005003197404877
4000623873972
32992313121
32664471831
1005002364923515
32962924034
1005003201490848
1005002717540017
1005003071862156
33054824338
4001321214341
1005003218141021
1005003275749489
1005003176007552
1005001361710406
1005003383149822
1005003337694237
1005002458781210
32855801602
1005001807279285
1005002776150383
1005003331610649
1005002989562751
1005002757928303
4000426769187
1005003080415623
4000139291984
4000854343390
4000586435491
1005003339615801
1005003161523182
1005002034324670
1005002426217961
1005003106123377
32753538726
1005003277273636
1005001411922457
1005002939667890
1005002616871934
1005002109653932
1005003362937214
4000297157688
1005002769338256
1005001457940517
1005002537992446
1005002948963295
1005003255522012
4000836206698
1005002186135339
1005003182015757
1005003309983608
4000714315623
1005003112914933
1005003173153701
1005002502609587
32890559865
32927301272
1005002690064502
1005002763499491
1005003363657196
1005003213730103
1005002963674912
4001157197945
1005001853462771
1005002660721685
1005001817899665
1005003235978581
4000017691483
1005003194487725
1005003202743903
33044662090
4000290502333
1005002985460371
1005003115242570
1005002766246833
1005002255117067
4000779875698
1005002003965681
32662077496
1005003320716968
1005003314476066
1005002981425878
1005002676520667
32918699378
1005003311247179
4001081066410
1005003371430556
1005001412367048
32814702069
1005002726347580
1005002869451038
1005003023506051
1005002527940467
1005002897150564
1005002735488136
1005003122647728
4001082889413
1005002788550952
1005003004852940
4000926518697
1005002234277758
4000472859128
32704070468
1005002905638213
1005002272703185
1005002287990415
32968382317
1005003037778350
32772313536
1005002453885719
1005003114134207
1005002361905051
4001295916955
4000187266612
1005003250990747
1005002711515148
32893200749
1005003154689297
1005002368186892
1005002344713864
1005002390037570
1005001994061920
4000341515976
1005002029323407
32739480313
4001110555679
1005002614008294
32529748769
1005003371069975
4000126486922
1005003244018020
1005003333520044
1005002717595636
1005003337814507
32988667084
1005003095653375
4000472467247
1005002925486855
33021838514
32870735452
4000691588083
1005002899359769
1005003380460737
1005002818128044
1005002944582705
32977591499
1005003304363879
1005002525838160
32949861265
1005002049001885
32831863724
32813756666
1005001867386330
1005002745397190
33015243016
1005003170877098
1005003156768207
33028999639
1005003273911994
4000308498846
1005002592912220
1005002974155099
1005003218217724
1005003201512968
32862762695
1005001837919134
32974421536
1005002423401010
1005002734967900
1005003310045929
32789641958
1005001902714801
1005002770998610
33010776637
1005003094174816
1005002803934023
1005001485065928
1005003182690001
1005002916818576
4000088954785
4001300323007
1005003339231489
4000897841314
1005002975012995
1005003122551339
1005003221967656
4001331967719
1005003014317563
4001142977988
4000818097469
1005002995110868
1005003310747842
1005002094349359
1005002327595451
32993898757
1005002048642738
1005003227922952
4001102304440
1005003330225310
32995992275
1005003136000373
32904436319
1005001789405605
1005001345609845
32944454138
1005003310038603
1005003100454541
1005001365079992
32979545137
1005002648515800
1000008160290
1005003074637154
4000853083167
4000838213291
1005003196334576
32918857110
1005003368270997
1005002193671435
4000358207740
4000801160996
4001151795849
1005002964681910
32756434278
1005002876410641
1005002487702956
4000402408073
1005003391019440
1005002617486716
1005003044134057
1005003332683566
4000241057241
4001212854968
1005002656579851
1005002787392719
4000174018988
1005003348706020
1005003370461681
1005003251375417
1005002643825992
1005002960341891
1005002254672972
1005003328874332
1005001616731551
1005003258832516
4001364635975
4000828465169
1005001401731987
1005003276015491
1005003197692598
4000818081068
1005003012999652
33042392189
32919854369
32995133880
4000533454988
1005003120155383
32849847378
1005002123904857
1005002770709966
32883923805
1005003391682496
1005001814754362
1005003348643367
1005002995599409
1005003368781977
1005001780222845
1005002737412392
1005002841842949
1005003031665354
1005003095647316
1005002572979277
1005002842039085
1005002588334981
1005003151500671
33050012501
32969080688
1005002705088511
1005001999596962
1005003348218055
32857998264
4000741151506
1005002309682643
1005002978439041
1005002642487657
1005003076870840
32833914777
1005003234125610
1005002208523850
1005002277202070
1005003042708930
1005002565835123
1005003043805939
32879741668
1005002984586016
33049002250
1005002413063026
1005001826781493
32667946207
1005003111133471
1005001992134636
4000203329726
33050770817
4000096140078
32826312245
1005001788754845
1005002890055911
1005003097014247
33048195983
1005003024953367
32906422911
32700915949
1005003278930873
1005002995751119
1005002372119672
1005003177385432
4001160419851
33003772882
1005002910622064
1005002460880250
4000924784332
32946658355
1005003085575088
1005001266743530
1005003336668649
1005002231725917
1005001902670822
4001293067813
1005002733849083
1005003021203276
1005001445109359
4001268895017
1005002530801728
4000833452836
1005001320555682
1005002803149250
1005002509008042
1005002386945787
1005002798650184
1005002961634696
1005002851224740
1005003127076323
4001118996447
1005003379975762
4001224078102
1005002885358590
1005002123186911
32790501674
1005002670736445
1005003311958471
4000720182481
1005003120498635
1005002023473739
1005002907994374
1005001505489587
4001352382827
1005002568127488
1005002560082841
1005002941933438
10000395902395
32858774051
1005003292460152
1005002872993380
1005002731787530
1005002726443325
1005003036552152
1005003098727527
32959323639
4000716705134
1005002988884471
1005001948672744
1005001821843336
1005003076393317
1005003263901536
10000004750672
1005002916866841
4000865405571
1005001704681906
4000435311483
1005001860001267
1005001514531195
1005003336781817
1005002100313544
33021763536
4001078127762
1005001417554093
1005001607986345
32824369205
4000506746292
32890986653
1005001853608994
33048563120
1005003027346791
1005003375967990
4000108600238
32913965047
1005002246023297
32894399648
1005002964599158
1005002892197105
32993038114
1005002997613533
1005003098067030
1005002084123103
1005002007078561
1005002541204314
1005002504810785
4001364629439
1005002560144896
1005001793565097
1005001905026550
32787575569
4000402517187
1005002984831043
32961526579
1005002279146461
4000721216038
4001053840941
1005001679541599
1005001654252184
4001211252723
33007279741
4000264670543
4000975212749
1005002649798635
1005003135559606
1005003175764660
32963570713
1005001862028242
1005003023598037
1005003301402751
1005001495664654
1005002784761181
1005003219820980
1005003303580161
4001058095516
32854516028
1005003374952946
4001138116104
1005002669800180
1005003343976425
1005002439896990
1005001628730105
1005003329759911
1005001338024805
32977110170
1005002967143332
4000938018484
32966830035
1005003036523742
32655582628
1005003091966240
33017538314
1005003316735267
1005002661260320
1005003302170420
1005002220923123
1005002027970193
1005002997222889
32954422886
1005003297496451
1005003325141898
1005002841681052
33013257255
1005001505379398
1005001905912819
1005003245729946
1005002681139123
1005003168447965
1005002878449078
4001278828869
1005003364821251
4000420104721
4001010395854
1005002258445427
1005002204912476
1005002972004314
1005003344246084
1005002765233970
4001241757907
1005001269507423
1005002060904044
1005002666645102
4000932342083
32869049099
32814281893
1005002465029830
4001331772936
4000224547536
32305115828
32952794009
1005003049951406
1005002662992041
1005003206215438
1005002498476323
32852939518
1005002856960727
1005002683971641
1005003293784772
4000010869885
1005003066040736
4000112854452
1005001279410563
1005001495246398
1005002697336733
1005002806753101
1005002553104094
1005003291987761
4000117245381
32960298007
1005002649338003
1005003305936860
1005001869486426
1005003183102781
1005003008342385
1005002281229401
4000818237273
1005002752062307
4000663784267
1005003345733735
1005002788871068
1005003298794925
1005001332376919
1005001640135260
32848902640
1005001750850376
1005002860867798
1005002593505749
1005002864626953
1005003155053545
32858582440
1005002551986199
4000555285764
1005001983317007
1005002948501191
1005002996757007
4000570148156
1005003090892530
1005002436476463
1005002401111677
1005003229853522
1005003376259559
1005003138833432
32872543714
1005002432427277
1000008156479
32833005126
1005002426487621
1005002835383612
1005002755245545
1005002884866041
1005002840724359
1005003342876455
1005001807283360
4000026607717
1005002565375289
4001272964395
1005002767177957
1005003282391251
1005002124943035
1005001356285792
32830755651
4001316251817
32808570890
1005002224995058
4000791426701
4000803475427
1005002678669997
1005003109539023
4001281022058
1005002103983347
1005002386821678
1005003147069862
1005002129434312
4000094791308
4000939635196
4001162422901
32915587815
4001197716305
4000933812055
1005002297732919
1005002122260963
1005003202809747
1005002612373656
1005002023277342
1005003253096027
1005002107565091
1005002925605185
32808797881
1005002767195606
1005002642387175
1005003346577746
4000698368297
10000022856063
1005002205191455
1005002596209337
1005002764295813
1005002905816157
1005002642618221
1005003270133176
32816553374
1005002311399744
1005002073874306
32795778651
32968135249
1005003080803433
1005003227858677
4000714432914
1005001934260301
1005001525126443
1005003128840038
1005002348729198
1005003130383484
1005002727239203
32392187216
1005001273847423
1005001405634376
1005003280166390
1005002272970419
1005003233541211
4001226439341
1005001331293177
1005001425699677
1005001403326418
32957011638
1005003273786197
1005001458954410
1005003121486453
4001283242044
1005003216379118
33002795788
32949742763
1005002711480600
1005003094195190
32819954929
4000250010724
1005002616339012
32669699985
4000757515895
1005002709068495
1005002321823701
1005002394398521
1005003211560608
32848548570
1005001413510008
4001139162086
4000939365267
1005001933339849
32905652739
1005001532988868
32843376689
1005001715657846
1005003388411940
1005002305338200
1005001686440149
1005003175980352
4000056206667
1005003097156331
1005002695340917
1005003157459285
4000837418075
1005002004561169
4001142430816
1005003274389256
4000355583109
1005002009155490
1005002537725934
1005003040068607
4000235435594
1005001843995863
1005002984181535
32983547600
1005003254428226
1005001598021851
1005002387461570
1005002347733897
32718983506
4000723420826
4000863955272
1005002939775125
4001215818506
1005001941056484
1005003135770292
1005003219423275
1005001573566224
1005002835592352
1005003293525907
1005003124273891
1000001669801
1005001429443575
1005001469408175
1005002253270582
10000002729803
1005002610226244
1005001867290658
32811837450
4000123157731
1005002582838933
1005003334897481
32512332538
1005002859015685
33016371455
4000245961125
32820636537
1005003129672285
4000321567146
1005002879013154
1005003347216425
1005003335770613
1005002375284729
32741133693
1005001802519097
1005003228081536
1005002948054259
1005002506252595
1005002267593003
1005003078355878
1005002714908469
1005001431370156
1005003065745604
32968117829
1005002631741084
1005002412783321
1005002418823036
1005002963823651
32870017290
1005003199285782
1005002700263222
32981246597
32926298203
4000133368831
4000782533033
1005003369865336
4000161450669
1005001800919028
4000841801001
1005001835343480
1005003197172965
1005002777991619
32946100306
1005001287795691
1005001840415832
1005002656615684
1005003349108078
33001290993
1005002484799572
1005001982415320
1005002307329937
1005003106498934
4000263581938
1005002577626420
1005002549775258
1005003084845375
1005002245851459
10000277903401
1005003328167012
1005003069903747
4001116478179
1005002983198460
32719646468
1005003339737130
1005002008128217
1005003337908031
1005002096790920
1005002362645307
4001200451160
1005002371679251
4000765129492
1005003303362238
4000468866096
32859889608
1005002747050819
4001044379792
1005002869271650
1005003108219886
4001152383757
10000002718963
1005003298863896
1005003001231428
1005003271893455
33059360107
1005003350002975
1005002865073134
32735904831
1005002246440104
32855528685
1005002870338978
1005001398618273
1005002863838323
1005003142254396
1005002540703632
1005002423308395
1005002907711061
1005003157278931
1005003279986142
1005001588470935
1005003151314430
1005002971008317
1005003183483579
1005003370353607
1005003367013743
1005002957088766
1005002872312549
1005003220941103
1005002795124297
32948227222
1005001489357368
1005003100792557
1005003323366716
1005003150543370
1005003021861488
33005008263
1005001449292355
1005002821453986
1005002623978798
1005002617269092
4001267684795
33011028148
1005003370746533
1005002460059436
4001207597699
4001179435508
1005003305681866
1005001913887200
1005001915081868
1005003032306425
32425626153
32960517731
1005002563646335
1005002223723068
1005003011413473
1005002002596807
1005003081827721
32880253307
4001118589188
1005003380585279
1005001553806535
1005001956554514
1005002340130657
4000987256582
1005003383386222
1005002725887987
1005002675339518
1005002223218803
1005002335010183
1005002310923524
1005003213917308
1005002823953933
32889212453
1005002554063169
1005002276269081
383468559
1005002531387639
32978837943
1005003036290482
32908601288
32843170185
1005003096965544
4000303011503
32909264107
1005002688048885
32843943992
1005003117921146
1005002293629296
1005003185021346
1005003192854066
1005003296942573
1005001343866698
1005003082317644
1005002000454241
1005002314077388
33001771413
32989094815
1005003337727866
1005003277792420
1005001524740567
1005002210102758
1005003232249385
32951442404
1005003072046001
878205931
32855361433
1005001338270110
1005002345728246
1005001687943051
4001272442542
1005002537087265
1005003147904024
4001249889672
1005003292049977
1005002739221440
32963810301
1005003347224515
1005003223476160
1005003258413844
4000315018692
4000276621046
1005002259582222
1005003387639771
1005003084624464
1005002763855754
1005003064847037
33041235468
4001286486470
4001218916820
1005002374848168
1005001458803925
32989976590
1005001490078838
1005002749647748
32971411794
1005003355410123
1005001303553747
4001297532359
1005002645845821
1005001587162682
1005003006450176
4001276909570
33040475443
1005002917213674
1005003020784352
4000627337715
1005003163418708
1005001829559942
1957446738
1005003024261783
1005003139319525
1005003113553858
32895160699
4000229376108
1005002292299787
1005001962353476
1005003293533301
1005003386953248
1005002756000345
1005001333756648
1005002364871025
1005002063555769
1005003065961480
4001053572585
1005002336987061
1005002788633770
4000987788639
1005002356511458
1005003298467319
32840163423
33005832906
1005003150751754
1005002137200022
32814991289
1005002454190669
1005002705719176
1005002666541912
1005002494176549
4001278798240
10000395810662
32952937764
1005003276855486
1005003241599228
4000653649010
1005003336406402
4000014764570
10000345031837
1005002008309829
1005002883015368
1005002919675387
1005003233523990
1005002763099043
1005003172252513
1005001315737632
4000089906503
1005002649934649
1005002672510511
1005003165920412
1005003140841663
1005002602172087
33005739784
1005002687245351
1005002594301547
1005003208489358
1005001604075091
4000263602925
32882439920
1005002948754627
1005003026759395
1005002976082936
1005002818167373
1005002016515119
1005002999166911
1005002090205477
1005001620793986
32861811331
1005001888402473
1005003231841782
1005002369463513
32914501864
4000202279100
32948173671
32956332060
1005001806196971
1005002056027138
1005003286658662
1005002926874963
1005002583108938
1005001696317798
32693101206
1005002611363127
1005001501951607
1005002430803413
1005003149921552
1005002669730360
1005003004136253
4000630941583
1005002410923878
1005002538522355
32807353874
32977467279
1005001639971987
1005002854610141
4001314241834
4000829563458
1005002071780213
1005002836744262
4001261106320
1005002864157837
32958944617
1005003107295662
1005003227978000
1005003362579834
4001064416912
1005002862182479
1005003219762013
1005001339655435
1005002748836210
4000915627466
1005003047394544
4000238630281
4001305599551
1005001500108372
33006199974
1005002606274609
1005002297732919
1005003299015455
1005003329621445
1005002304604342
1005003214509031
1005002024476262
1005003238538786
1005003386864751
1005002176114954
32911828944
4000763735446
1005002766723816
1005002065623677
1005002673258895
1005002382697885
1005001615238188
1005002731022379
1005002748179396
1005003030435148
32791469364
33049087939
1005003316326570
4001025291950
32741412053
1005002560505809
1005002993253236
1005002309221265
1005002389196487
1005003169951121
1005001624530946
4000048589918
1005003384935811
1005003130686340
32956691183
32757393052
32662498092
32963003575
4001248889373
1005003169733839
1005003124935035
1005003265469458
1005003313293216
1005002473757072
1005002313842281
1005003133895149
1005001810281986
1005002245028940
1005002529705716
1005002593478081
1418035401
4001301703579
33029734215
1005001835031164
32777880032
1005003216115413
1005001607968118
1005003272009898
1005003327900216
1005003078496657
1005002122499491
1005003165174584
32898765156
1005003347542082
1005002721583530
1005003017545138
1005001703462009
32884731885
1005003346212001
1005001588619309
4000632446084
1005003239942827
1005002766627774
1005001580250695
1005002790144439
33038816336
4000891923441
1005003337662341
1005003376799048
1005002977313515
32797466419
1005003104894626
32717736341
1005002994297948
1005003129488270
1005003385213865
1005003057502545
32924175140
1005003131733676
1005002307767012
1005002091473212
1005002864495289
1005003051412806
1005002081433057
1005003017115744
10000344119424
1005002767949755
32899910671
4001346007613
1005002316171418
1005002757254417
1005003353645037
4000170294427
1005003159418359
1005003387768604
4000666353428
1005002489160978
1005003334161691
33024760030
32825922648
32366616201
32775060284
1005001912463618
1005002842039085
32873187109
1005001756700553
33043190630
1005001557108505
1005002219485609
1005002760819456
1005001475600447
32309758776
1005003128995196
1005002791840693
1005002560980615
1005003146415018
1005003202003491
32975250327
1005001924017429
1005003305470443
4001252844806
4000080711573
1005002361459010
4000414137784
32859621204
1005002801814368
1005001494960662
32953894857
1005003153222522
1005003372715949
1005001343452761
1005002420328074
32818858225
1005002469263703
1005003187636450
1005002960921245
1005003250530890
1005002760413788
4000628686630
1005002869034643
1005003275221108
32991509286
32877805316
1005001659219946
1005003384812303
1005002679851982
4000127519142
1005003014010368
32970643986
1005001775637670
4000370043108
4000114660291
1005001802723504
1005003374571978
4000542387395
1005002077188080
4000249094885
1005003294885262
1005003083885139
1005002370617060
1005002978723601
1005002630794521
1005003090377243
4001154065924
1005003014507578
1005002642316644
1005003187003328
1005002821789520
1005003291094545
1005002753740472
1005003005088762
1005003223480530
1005002460997582
1005002228301399
1005002864007367
4000190220347
1005001667824518
33053402501
1005002526676690
1005003383806756
33029931594
1005002590140573
1005003116521764
1005002982081856
1005003148094241
1005003035396731
1005002397155068
1005002995126053
1005001704325488
1005002076681062
1005003365036854
4000769875314
1005001329977968
4001108143163
32853169204
4000132218152
1005002264559681
1005001789754154
1005003066356011
1005001855016676
4000912878827
1005002321064713
1005001965772388
1005003063736745
1005003275794460
32891690739
1005003337409106
1005002863283458
1005001369221226
1005002907363440
1005002495353338
1005002714860635
1005003194170211
1005003006386889
4001285708322
1005003193978976
32999086745
1005003308232540
32792257986
4000449700359
32805297436
1005002931966479
1005003141089863
4000720237317
32955006673
1005002520078935
1005002128892225
1005002875458175
1005003224953872
4000959195281
1005002570013811
1005003125998220
32604815085
1005001411808159
1005002905659306
1005002558626480
4001150128933
1005003231485400
32513593280
4001160076549
1005002143179066
1005002623970816
1005003031221676
1005003378595687
32816588320
1005002664435598
1005003206258640
1005002907473766
4000018009721
1005002945918852
1005002396179475
4000662711382
1005003167858833
1005003140555018
1005003253559502
1005002612999002
1005002079488364
1005002557923953
1005002560403728
1005002359716920
1005003318952440
32764920581
32736015640
1005003133976294
1005002244418672
1005003066647409
1005003064360246
1005003387238157
32999898055
1005001967126750
1005002179857419
1005002255060209
1005003183492523
1005003267381513
32637927172
1005003279919838
1005001704176872
32898839351
4000866457000
4000024267755
1005002090734279
33011348897
32867575090
1005001399402362
1005002633477678
1005002378688194
1005003306429921
1005002318512967
4000641940612
1005002872916408
1005001797954296
1005003356962697
1005003118350169
1005003158252845
1005002655509592
1005002253286943
1005003017958865
32860860682
32796400809
32825244575
1005001421376232
1005003002231247
1005003316983800
4000690965589
4000468606988
1005003081194677
1005003309940773
32809340467
1005002702633476
10000408517824
33005540379
1005003178102573
32957415699
1005002276760525
4001199019641
1005003228673893
1005002805166557
1005003326297824
1005003198476158
1005002666843782
4000760467440
32868368843
1005003197277283
1005003263917964
1005003023330600
4000963484210
1005003224120360
750972009
4001229226132
4000640922121
4001227412219
1005002416528296
1005003146861858
1005001321389072
1005001878883890
1005003119855912
32864790020
1005002924436156
1005002552687463
1005002651011042
1005001376006646
1005003294292215
1005002136708387
10000005976852
4000046973699
1005003265280097
4000161042879
1005003297177826
4001039393498
4000553473213
1005003347521649
1005002224035441
1005003180979115
1005002621895423
4001165228204
1005002697701297
4000956236950
4000344420796
32884576465
1005002359859807
1005003154493505
1005003182693447
1005002353671532
32379504181
1005003177431991
1005001349765576
1005002443078858
1005002945103074
1005003369826285
1005001859840629
32906452384
33045408315
32918101401
4000619219494
4000264675391
32844406249
32888896739
4000222960945
1005001915210655
1005003263128879
32786218381
1005002861728906
32948602000
1005002350810069
1005002388811427
1005003072891084
4001270495283
10000381192805
1005002206901433
1005003238016146
32641404320
4000346623761
4000476489518
1005003097505270
1005002546680938
1005003139752089
1005003196214778
32879645188
1005002111858883
4000764588311
1005002365838271
1005002060785887
1005003341292348
1005002885527557
1005001519161934
1005001984353560
1005003391273630
1005003197518544
1005002354240869
1005003301965557
1005003197219718
32811580777
1005003066933458
1005003218935545
1005002833850559
1005002748109290
1005002995535572
1005003250671852
32815449123
1005002803523699
1005003035878942
1005002991676065
4000075348864
1005002848357039
10000089165463
1005001690377276
1005003088976056
32954397742
4000531930892
1005002487910137
32995610579
1005002501970829
1005002871000410
1005003066149511
1005002315110511
1005002896763315
32794600615
4001026661132
33046209289
1005002302656177
1005003074820068
1005002865254387
1005001640967671
32993956407
32990547645
4000890850940
1005002735350764
32883883507
33043039419
4000269991970
32860332625
1005002801958198
1005002740338567
1005002256538352
1005003247568935
32893380266
1005002944932674
1005002808509533
1005001716454569
1005001336032403
1005001723173546
4000660913080
1005002672616074
1005001690914313
1005002034408938
1005001936048164
1005001722687835
32310673550
1005001705811281
1005003305276250
1005001669109198
1005001639132418
1005001978159309
1005002616157999
1005002528211052
1005001828199565
32668423271
1005003381889797
1005003205075022
1005003086546108
1005002679974086
1005003249957629
4000561933040
1005002911222333
1005002548454856
1005001982095858
4000956186021
1005001499067054
4000683072887
10000022118565
1005002754083083
1005003138576437
1005003207412201
1005003058576789
1005002656788316
4000315598993
32819295059
10000012733736
1005003051459550
32964009160
1005003102407108
4000281391139
4000204702264
32787745504
1005001386927718
32801088300
1005003151607105
1005002830944928
1005002935604170
32647135747
1005001974824650
1005002863520001
1005002038411002
1005002264466365
1005003087086665
1005002753446214
1005003329993223
4000373528961
1005003323279998
1005001618273670
33014778591
1005002425375942
1005003143234449
1005001869340966
32744232689
1005002605893995
1005002313684785
1005002624465211
1005002115274826
1005003261956926
4001141561575
2055080869
1005001490098449
1005003345510459
1005003230532340
1005002765991903
1005003112097820
1005002855952398
4000394374837
4000872810879
32711195724
1005001689611460
32949881455
4000231787682
1005001899345781
1005001394746011
1005003384440159
1005002322483724
1005003198149056
1005002885166603
1005001819269027
4001212489642
1005001304816378
4001086413915
1005003237269394
1005002182595122
4000387089272
1005003123491437
32658479446
1005002730629111
1005001843533884
1005002282058881
1005002438513414
1005003347664609
1005001906211866
32857635030
1005002517516716
1005002997038103
1005001368753112
32959729478
1005002317640813
32673426842
1005003329265617
1005002940638215
4000330467475
1005003321271751
4000838044456
1005002406495450
1005002979732305
1005002256538352
1005002279253022
1005002617802018
32848775460
1005002290993857
1005003191058617
1005002598307389
1005003076476791
4000007641084
1005001857992865
1005002736933063
1005002810637314
1005003307795917
1005001464399217
1005001419647668
1005003383271001
1005002288537541
32983867784
1005001495335918
1005003272968183
1005002332008082
33000400004
32964390914
1005003176090201
33042185075
1005001899652943
1005001542217593
32642301158
1005002316640406
1005002292478090
1005001518326637
1005003387456489
4001301943998
1005002906460388
1005002172583272
32964307968
1005003381847803
4001187300431
1005003124969160
1005003098855959
32895221350
1005002814779809
4000258738050
1005002309730812
1005003274754866
1005003335853224
4001107241223
1005002386126228
1005001355116815
1005002652614855
1005003335123115
33027642724
1005002462330020
1005001995572209
1005003226836289
32900591853
1005002272798342
1005003205150668
1005002806207354
1005003071551189
1005001537294474
1005003214402865
1005003387689955
1005001961723068
1005003337298147
1005002930715946
1005003389698370
1005003104310737
4001108678221
32822383911
4000840093892
1005003082095869
32406373099
1005002486264863
1005002247134748
32742067854
4001326836864
32808864106
1005003330872368
4000272098684
1005003333942511
1005003326202794
1005003388550161
1005003299609514
4000897511082
1005001519840356
1005003351353971
1005001637629870
1005002597404031
1005003027704706
1005002284324050
1005002755527241
4001335728108
32975167406
1005003360937930
1005003308251924
1005001470930054
1005003194857348
1005001695523599
1005002510454259
1005002322697965
1005003309783177
1005002707539177
32839425376
1005001895878906
4001051661960
1005002414526551
1005002721261306
1005003117624806
1005003016664240
1005002594307011
1005003174196759
4000252883174
32955979297
1005002852139107
1005001783191571
1005002419122608
1005002838581115
1005002579279079
1005002490016525
1005003137404239
1005002622119102
1005003037738907
32986734535
4001297388555
1005002504548434
1005003092718005
1005002607223873
1005002982452710
32619871315
1005002350687515
4000852362833
1005003003570009
4001355696584
1005002206260949
1005003096900868
1005002957075253
1005003277801173
1005003360179229
1005002907595183
1005002946500756
33031602072
1005003134650725
32766663736
32952329874
4000888023864
4000214872018
1005002954206490
4000816946790
4000601710809
4000939249771
32808374456
1005003115414486
1005003255948695
32961164929
1005001584572805
4000172843840
4001079203173
1005002440079867
1005003208499654
1005003245822719
1005001987841698
1005002213576243
32891285127
32971703717
1005002905319918
1005002619786698
32584207650
1005003023501714
1005001314639330
1005003379888563
1005002356766110
1005001289676959
33017185671
1005003129372477
1005001406194613
4000792480693
1005001447037180
32814209848
4001201199618
4000899253453
1005003193605976
4000927291740
1327605745
32856049492
1005003287301992
1005002059104145
1005003188006031
4001213725561
1005002352270203
4000197916427
1005002814908931
1005003157744136
1005003187348781
1005002631104750
1005001577271440
1005001557534401
1005002955001210
1005001552467076
1005003093148615
4000265310383
10000331090190
1005002865203701
33052220645
1005001564517903
1005002927884484
1005002998618308
1005002949741481
1005002297020372
4000159435810
32926266195
1005002618418508
1005001577087922
32610215014
1005002953285202
1005002466354349
1005003137809902
1005001946639554
1005002447465413
1005001354852512
1005002886354417
1005001439105791
4001078116558
4000806228808
1005003241224458
1005003133686244
1005001887694949
1005001566660602
1005003019292617
1005003296965426
1005003209315763
32949361375
4000674619771
1005002466468672
4000271497032
1005003389848830
32921113814
4001219924508
1005003383242880
1005002548625170
32961826339
4000238873481
1005002828014827
1005003219852293
32894327166
1005003234851420
33052255102
1005002396572485
4001236103710
1005003017545138
1005002398323736
1005003125336550
32864479013
1005002575085770
1005003342115993
32815090781
1005003342688781
32891502242
4000990900557
1005003311206032
4000735594494
1005001506690596
1005003183217551
1005003119614490
1005003273749998
1005002900022178
1005002180779866
32955022009
1005002814137865
4000967003956
4000101573027
1005002669243901
1005001769653306
1005002884176161
1005002783883139
1005003309251413
4000436376914
1005001429398825
1005003341654448
1005002842108253
32862837005
32802351488
1005002804025288
32844301563
1005002175640020
32878353985
32987228184
1005003196551343
1005002541925675
1005002603942211
1005002009254326
4000231218048
1005003025455123
32840117330
1005003391150904
1005002856827343
32890565592
1005003246264199
1005002641739616
4000654656341
1005002237662461
32831269668
32827990723
32833273879
1005002603779338
1005002863133700
32815540125