1005002671361482
32689297980
1005003242602455
33019259455
1005003385339123
1005002612753887
32811811553
32777339260
32519458198
32838892288
1005002243798993
4000687586174
32861939786
1005003027032515
1005002143499575
1005002573570064
1005003389301858
32881092828
1005003067060523
1005003290023023
1005002021356593
1005003190379851
4001296890385
32989067587
1005002855432931
32674135447
1005001728255763
4000084184120
1005002990431168
1005003112916657
1005002765831071
1005001869458503
1005003273789162
1005003318001061
1005002884255332
1005003110919961
1005002801260609
1005002810272117
4001111007058
4000095674238
4000784056222
4000898095947
1005002964312175
1005003340876157
1005001320360871
1005003147675399
1005003285802830
1005002647300195
1005003349322809
4000046183888
4001093839678
1005003183527758
1005002382983236
4000338874596
1005003065696552
1005003349216986
1005003173676709
1005002274362405
1005002301288633
1005002488088720
32968570809
1005002090714094
1005002937981672
1005002994354301
1005002608741038
1005002847659626
1005003102730574
32965887154
1005002579348686
1005003356889851
1005003098563333
1005002193910823
1005003359072802
1005002600786254
1005003348468077
1005003327940364
1005002309745701
1005003287106032
1005001776113002
1005003244433152
1005002531872231
32951694347
1005002877395647
1005002576803218
1005002413392284
1005002333870358
32699747162
1005003130188103
1005002732003416
1005003286153296
1005003117625506
1005002719011345
1005003068397578
1005003153081376
32840521220
4000406519879
1005003385883803
1005002701895745
1005002418630908
1005003367841177
1005003197903549
4001126505970
1005003375143164
33024445353
1005003198050187
1005003047543826
1005003339086663
4000310839977
1005002443166118
1005002939279187
1005003290306143
1005002536366663
1005002948143971
32625783597
1005003198565297
4001350222753
4000328913751
1005001594690003
4000245014870
1005003158719735
1005002052448816
4001234582933
4001272835660
1005003229609269
1005003330388824
1005003306815599
32800607947
1005003359467784
4000262397483
4001359634217
1005001427401603
1005003334251648
1005003176883664
4001161619710
33054819136
4000429166918
4000126349782
33004345112
1005003221361855
1005002652764384
1005002375859166
1005003210904889
1005003122578147
1005002835879868
1005002765301122
1005002758426724
32894950381
32972987671
33007923832
1005003386266716
1005002410985737
32890482066
32958812158
4000192431712
1005002511513423
1005002336554780
4001037322238
33047581804
1005003110205354
1005002963920551
1005003225078481
1005002503563753
1005002735300329
1005001468474874
1005003355221287
1005003021912985
1005003370465697
1005003238418066
1005002708485189
32817228731
1005003219743086
1005003211405959
4001067349568
1005003369206128
1005003380666813
1005003135578627
4000909634671
1005001949019815
1005003342363825
1005002822480579
1005002988905939
1005003012737548
4001069014697
1005002927166370
1005003284614227
1005002842580921
1005003303210575
4000706416757
1005001284713384
1005002911402408
4000582638328
1005003201955017
1005001970177049
32858091717
1005002840287368
1005003368257197
1005002945922030
33003092181
1005002499239404
1005003350572099
1005002888875205
1005001705621014
1005002311280287
10000062863031
32606875911
1005002286378325
4000307298809
1005003122800455
1005003205963180
1005002988404367
1005002317354609
4001288125213
32829939332
1005003151467231
1005002129675201
32783114195
4000833822111
1005003197687793
33011788755
1005002868759544
32855218227
1005003329127756
1005003386294795
1005003206832014
32819629884
4001163259540
1005002927713315
33034493049
4001105800727
1005002347317143
1005001382464684
4001198968073
1005003200564162
1005003258639675
1005003005112478
1005001464973358
1005002593560229
1005002377160786
1005002227743544
1005003295723757
1005003370567841
32877805627
1005003014645143
32960158262
4000774691674
33043293430
1005003036478952
1005003244018020
1005001444689047
4000829417012
1005003370990034
1533496534
1005002566227957
1005003268300071
1005002598947227
1005002966654154
4000321995643
1005003147978328
1005001807397233
1005003339321695
1005002605176483
1005002458278727
1005003298163591
1000007886987
1005002374756580
1005002509368785
1005002862413355
4001153598255
1005001831986498
4000785794190
32883714543
4001259728149
4001105855802
32979071909
1005002386822241
1005002918496085
1005003219417333
32981061827
1005003355022082
1005001321074732
1005002990532763
1005003032702981
32819450742
1005002624570942
1005003360314825
1005003316471983
1005001468614657
1005003191004630
32868966326
1005003139450122
33020085237
1005002032999350
1005003222323002
1005002661056238
4000042345991
1005002932600185
1005003378141816
1005003009122793
4000708707980
4000129513443
1005002356997909
33049140734
1005002623909632
1005003279807970
1005002281113932
1005001390297496
4001356702868
1005001412717674
1005003008123595
1005001534019831
1005001770382607
1005002597429729
1005002110041971
1005003338971300
1005003021736249
1005003122209118
1005002857304760
1005002446797386
1005003090225437
1005003339919657
33005463181
1005003343738686
1005003278942818
1005002798414552
1005001953203997
1005002775291264
1005003242628197
32851195696
1005003350153845
1005003135943856
1005003160818279
1005002340378313
32877666062
4000623496064
4000800128451
1005003051851303
4000108761061
1005003345449509
1005001872587307
32969136909
33057106807
1005002750819585
1005003367383761
1005002511148408
1005002808024276
1005002835157402
32949734782
4001269022648
32890002833
1005002399217576
1005001971982159
1005001799027676
4000574098802
1005003117440784
32842941219
1005003306615458
4001223025726
4000759888006
32883959623
1005002536142838
1005003286017821
1005002259287587
10000403709878
1005001721321429
1005002103364784
1005001893222684
32894567215
32838135955
1005003162768031
1005002457630275
1005002470752601
1005002904498982
1005003196189381
1005002996065878
1005001578914803
33057398693
4001195483554
32861145080
32969482161
32977657668
1005002949966308
1005002624360989
1005002416362198
1005002293749439
33018553996
1005001311816065
1005002063204619
1005002926520874
32831690907
1005001562654272
1005003338312649
1005003192951338
32991654814
1005002351778043
1005002587812515
1005001694116882
1005003307093084
4001225217482
1005002442342222
1005002567111026
1005003071756399
4000970183051
1005003335883845
1005003193256636
1005003200791112
1005002566733463
1005003378056681
1005001599501006
32693671768
1005003228855902
1005003306141508
1005002132807978
1005002610191399
32980058876
1005002890276098
1005001736691645
1005001835376498
1005003119672345
1005002408966420
32847047531
4001230322837
1005002642334047
32972054672
32716911724
1005002816252395
4000576687734
1005003211085249
1005003119754057
1005002409619281
1005001577083597
1005003033454552
1005003384484532
1005002956935215
1005001508383469
1005001305319243
33014208565
1005002987991712
1005002242643123
1005002269003389
1005002316640390
4001190709619
1459536883
1005001661523218
1005002961085829
4001000611390
1005002134197882
1005001680392692
2028366400
4000768343825
4001224254331
32982323368
1005001787817085
33018641129
1005002675236386
1005002957741129
1005002567091882
1005002789789197
1005001609905011
1005003330604731
4001172573342
1005003211018984
1005002370508066
1005002341454841
1005002740593315
1005001807640136
4000805328215
1005002967952257
1005002465875352
1005002883847023
4000295606591
32900774561
1005001688694107
1005003347041416
32618534991
4000400759570
1005002871019500
1005002678821125
1005003163830326
32996664734
1005002701302015
1005001840731070
32889986373
32807626466
1005002688051441
1005001423989941
1005002957604227
1005003292240794
1005003331599608
1005001415336348
32614955858
1005002612988880
1005003312369239
1005001888014091
1005001473638024
1005002078722350
32448749831
1005001572196618
1005001553062018
32703548419
1005002240916706
1005002742660119
32895402847
1005003352279904
4000711884478
1005002732448436
1005002417870958
1005001511541686
1005003243849122
1005003172740286
33007689638
32772905697
1005003288824013
1005002267737673
1005001527155577
1005002772139037
1005002988175509
4000699713089
1005003197410554
1005002577325927
33009926711
1005003334755756
1005003343375098
1005002973280131
1005003323302188
32293025878
4000052377155
1005003162133837
1005002280728487
1005002510494140
1005003365103110
32882592584
1005003025029158
1005002787575935
1005002950754139
32949009362
1005003218756929
1005002367944927
4001007288191
1005001565160070
1005002837707127
1005002510794777
1005002883936391
1005002400854502
32887820931
1005001870773040
1005001868902874
33025774470
4000880314387
32618976099
1005002813829587
1005002194013721
1005002813588893
32964672194
32843825499
32980920994
1005002788652109
1005003182697414
1005003166790545
32826949400
4001229171751
4000071509287
1005002345025672
1005002870096011
1005003298898963
1005002996770103
4001112749051
1005002201835185
1005002878377961
1005003373900319
1005002583387579
1005002688811919
4000394462035
33043225624
4001315633860
1005003221869641
1005001265332311
10000165298049
4000155632383
1005001998882090
1005002232506280
4001230756830
1005003001413346
32867197579
4000726442661
32997843606
4001083735837
1005003159077100
1005003330939419
1005003337893705
1005003302517119
1005001287789530
1005002328439406
1005002132406825
1005002390247252
1005001386154477
1005001636070439
1005001583473875
4000902589077
33045718967
1005002898016954
32849511219
4001155586452
1005001387631573
1005002715561159
1005003098925143
4001187846219
1005003291662487
1005003105002371
1005002612945358
1005003182302768
4001166675197
4000259705850
32804833622
1005001853371821
1005002509920717
1005003161971952
4000370912733
1005001793101603
1005001968070035
1005003130693655
32814699141
1005003039469509
1005003171278240
1005002789671219
1005002234536123
32809543216
32668691761
4001334190370
1005002027630754
1005003055121995
1005002223782893
1005002372415033
1005003381627385
1005002007020332
1005003382275168
32913548185
1005002409672750
4001268732845
1005002254259681
1005002774007391
1005002610782362
4000191839622
32927762205
1005001316147561
1005003256406855
32922591756
1005003139297322
32912878703
1005002911126902
4000613952523
1005001868696841
4000899615288
4000476109587
1005002570271105
1005001778978583
1005002460538650
1005003261776918
1005002086434803
1005003178901191
1005003014612540
1005003124333822
1005003180570235
1005002026754846
32999141447
4000699899517
813390554
32990188037
1005002328033290
1005003337699692
4001223944930
32998757525
32685961869
1005003343926897
4000915778035
4000048588295
4000608215163
32913278058
32882273944
33044787702
32858525274
1005002408917342
1005003225015766
4000571406471
1005002313352020
1005003157925753
4001294230416
4000318037435
32824676194
1005002134181613
1005003303977992
1005002122565148
1005002584806747
33026638634
1005003360850261
1005002990873998
1005003278545124
1005003337064766
4001219340092
10000374516880
4000960013544
32817800233
1005001445084265
32255793413
1005002562239768
32891723783
4001086090561
1005002657186327
1005002863890574
1005003115103377
1005001786146813
1005002476992521
1005001494092368
4000079300151
4000709469837
32853960850
32341422229
1005003350110476
1005003192998166
1005003256229121
32888035970
1005002878481083
32771286256
1005002878375793
1005002720842954
1005002613186939
4000595060106
1005003279589099
1005003036809392
1005003350533963
4000858700348
4001090399046
1005003122485809
1005002392914504
1005002745019966
32963935290
1005003006759960
1005002505332417
32839181322
1005001690373078
1005003147403385
1005002398630264
1005002266299605
1005002933574349
33034293233
1005003017819808
1005002717717284
1005003066145118
1005002884293045
4000338594020
1005003173148949
4000386392961
4001173310431
4000910604212
32868392290
1005003276581754
1005001559717813
33001921273
1005002607636547
1005002776539768
1005003129954003
1466485716
1005003327402974
1005001476672506
1005002102273465
32899348459
1005003361690496
1005001993363255
1005003199485501
4000610036442
1005003019228156
1005002984335201
4001125522821
32794975290
1005002440724951
1005003327395923
32973512573
1005002582563350
32618883336
1005002551494888
4001034257875
1005003228049265
4000112545167
1005003169962686
1005002682628080
1005003334706828
1005001732483502
1005002964889203
1005002868962479
1005003344222158
1005003370556925
1005002685065902
1005001429584865
1005002686197096
1005002892353307
32719978832
1005002946092061
4000319901454
1005002657055494
1005003337241944
1005001916417690
32987332460
1005002392751507
1005002722709024
1005003137586860
1005001586883828
32960593941
1005002814095874
32893712143
1005002960826216
1005003157751890
1005002556186472
32890620038
32758688472
32997641057
1005002573417308
4001230406223
1005003328721705
1005002945826208
1005002897387507
1005002710149118
1005003107405087
4000016468696
1005003197415473
1005001644119142
33013807673
32818667617
1005002532316046
1005003228258524
1005002700269814
4000881146172
4000535103700
1005003193538181
1005003305506361
1005002976926963
33002268259
4000990345990
1005003217135917
1005003371375636
1005002353586607
32950025261
32312807115
1005003086869825
4000987407315
32970287481
1005003331182695
1005002682563497
1005003381590591
1005001993050496
1005002016582505
1005001266414731
1005002889933525
1005002612458616
33001760465
4000661077558
4000764093878
1005002018250542
1005002219460973
1005003359732617
1005002807971317
1005002984942857
1005001907336809
4000207788701
1005003240570207
1005002215177140
1005003200647413
1005001959889447
1005002364549850
4000817663937
32602449773
32293962992
4000326450880
33001422383
1005002938044135
1005002303233329
1005003141206628
1005002000439119
1005003124018272
32999415449
4001018743710
1005003130356489
1005001530127359
1005002363052052
1005003311846244
1005002689664137
1005002515397439
1005002123218907
4000033214624
1005001459297479
1005002848147516
1005003238337008
1005003174222728
1005001950108187
33006433933
32855604488
1005002573317657
1005003258195166
32864134750
1005003303602147
1005002517267218
4000196152079
1005002089771524
1005001287794542
1005002499527458
1005001967744229
1005002275881084
4001219318978
4001112355625
1005001265513831
1005002635436444
1005003170878625
1005002843652577
4001322920602
1005002316783833
32700537809
1005003066311995
4001140835678
375492758
1005003358347855
1000008320151
1005002738621114
1005003212308564
1005003234494162
1005002224428547
32818700497
1005002924920621
32853746346
1005002804314741
10000395822130
1005002562517743
1005003159552143
1005002475273354
1005003175876207
1005002599662809
1005002941675602
1005001424334578
1005002278887651
4001293050236
32712659533
1005003332567395
1005002908009985
32849016201
1005002199455272
32944669651
32699747168
1005002711098987
1005002513212611
1005001553062705
1005003104665317
1005001895932571
32963939775
1005002636414057
1005003022331404
4000884242151
1005003103159708
4001361096685
1005003383454062
33004719742
1005002288652370
4001290941843
10000384314177
1005003002122393
1005002957092709
4001044432483
1005001942040894
1005003191014394
1005003322107115
1005003344567625
1005003069809601
1005002647287763
1005003174195448
1005003237029202
1005002746844280
1005003365005987
32824684763
1005001361634116
1005003307606723
1005003202452989
1005003235399147
1005002074834104
32882404918
33007037260
1005003339435578
1005002454241198
1005001731109836
1005003223630874
1005003385974319
1005003168828100
33046146923
32649300994
32859483544
1005002814096434
1005002809850889
1005001319830076
32846373309
1005003031796916
4001351523483
1005002347547166
1005001296180499
1005003161691814
1005003392828524
1005002464935635
1005001967955148
32913834678
4001286905555
32839662729
1005002381155187
1005002070210882
1005003146378371
1005002344986567
1005001763374609
1005002530867962
1005002985654282
1005003019248353
4001250750086
4000192519804
1005002776134886
32950044356
32802428914
1005001620993473
33004795997
1005001758266575
10000001349094
4000073207575
1005001941573992
32893828933
1005002491477627
1005002234059563
4000722494104
1005003131349473
32960182873
1005003122011791
1005001827465239
1005001350651680
10000152777528
32765545409
4000377300125
4000408838465
1005001580458142
1005002294380160
1005002701061296
1005003183426996
1005002957879261
1005003220906266
1005002951117041
1005003133862965
1005002890769161
1005003112102373
1005002481918962
4000776936331
4000380045610
4001332393939
33021723966
1005003177386951
4000310651575
1005002114648891
1005002834645117
32722491544
4000800962990
1005002979718195
1005002228270122
1005003243727830
4000008855165
4000039202667
1005002313801339
1005002345217457
1005002450850282
32250323564
1005002624577814
32764934536
1005002668685898
1005002787272532
1005003350881135
1005003262382296
4001291863631
4000777447785
1005003307576915
1005003229611790
33044089027
1000005962255
1005002999188649
32952134993
1005001415285443
4000054038304
4000420036854
32948827657
1005001555437882
1005003218721058
1005002289432487
32823604032
1005002856101782
1005003382204213
1005002983979796
1005003304104599
1005003130637671
1005002557802117
1005002488234933
32879308946
1005002864856894
1005003226947228
4001150524436
32982192034
1005003260830491
32812914674
1005003293932657
32890451111
33013317145
32752695158
1005003069474331
1005003076773584
1005002467306836
1005001592635006
33020675393
1005002912050038
1005002646417684
1005002303421129
4000943952324
1005003257594979
1005003190072989
1005002586753039
1005003118531201
1005003391743431
1005002737762333
1005001693827784
1005003370561113
4001160995150
1005002855355678
1005001895628588
4001170965479
33030297021
4000748131717
1005003327899861
1005002854357226
1005002428127598
4001137770338
33030849345
1005002687492335
4000623179904
1005001988862440
1005002321140250
1005002554496203
4000042185674
1005003385014448
1005002428050611
1005003270531979
1005003198236663
1005002697631352
1005002641989566
1005001489161847
1005003222321145
33038589803
1005002895475418
1005003147104554
4001022680081
1005003258343679
1005003282971879
1005003303286265
1005003158129356
4001078826222
1005002967701303
1005003219558888
1005001430556438
1005003030308123
1005003310506811
1005002483289040
1005003116832093
1005001972475874
4001297008995
32882718651
1005002242543093
1005002003084641
1005003014611845
1005001520525520
4000691347135
1005002949874661
33044754886
4000039090657
1005002921760369
1005001926431175
1005002000441540
1005003073020219
1005003128180709
1005002697170030
33049365736
1005001948854433
1005003135038118
1005003108422703
4000438467170
1005001304397989
1005002857545351
1005002629218782
1005002777226435
1005003251903417
33029821846
32925687640
32905145624
1005002325198237
4001226894968
1005001416919349
1005003130420410
1005003330751316
1005003124785120
1005001502811828
32681986694
32973253502
32963775404
1005003042085235
1005003221627442
1005001521017138
1005001806276341
1005002857602264
1005001415274271
1005002239513924
1005002267193927
4000712844643
1005002053757770
4000127747885
4000548482105
1005003388466515
1005003085141292
1005002058532985
32839629697
1005002276593935
4000837198312
1005002546094959
33029537718
32998073005
32879714737
32760339459
1005003363992641
33056898734
1005002605481579
32977463106
32790487407
1005002602102154
1005002468676955
1005002248642766
1005003322210066
1005003156094454
32985297964
1005001287859756
4000355452085
1005003370544460
1005002998128545
32774374560
1005002870429293
4001141798128
1005002833557786
1005002662663755
1005002321311546
32824786197
1005002861556188
1005001552605936
32734584802
32962145474
4001096168642
4000748562305
4000698369565
4000192227229
1005002625008997
1005002288983954
4000292005805
1005002900736530
33060214934
1005002552240500
1005002909115033
1005002204829981
1005002058484155
32717902962
1005003342378019
1005001621423333
1005002453319065
1005002716545173
1005002051909032
1005003167381845
1005002368898416
32603806972
1005001914011073
1005003069714975
1005001836823959
1005002357033078
1005002320054119
1005001308023182
32987094736
1005001926224077
1005002513233490
1005002585170129
32938601400
1005002344639372
4000807964731
1005003316880860
1005002123921750
4001204234462
4000843295016
1005001524767740
1005003388099902
4001207134263
1005003337288561
32696413288
1005003374978998
32960776758
1005003104328286
1005003179007380
1005002872059371
1005001587462827
32748572642
4000058131211
1005002348509286
33010896596
1005002754810362
1005002747008682
1005001651946726
32996683715
1005003283514613
32789391515
32796290534
1005002577660312
1005002080800209
4001273178842
1005002222055092
1005002660964644
1005003036783439
1005003371013049
1005001376797077
1005002813518433
32945555574
1005002684880704
4001224002180
1005003152429711
4000100287672
1005003050047066
4001115617010
1005003075865798
4001192640691
4001115147388
1005003074786308
32986771129
1005002008611731
32870574991
1005002580549592
1005002552876475
1005003027538563
1005001406296506
1005002670624315
1005001376665954
1005003067229102
32999698712
1005002944373525
4001231656615
1005002964710873
1005001408401181
1005003272775104
1005002316827608
1005002538909787
1005002782777039
1005001466646403
1005001454394856
1005003144577716
32802300541
1005003320629813
1005003104361377
1005003294930574
1005001562766860
1005001897468785
32857430526
1005003177453471
32984939888
1005002789935601
1005003198069320
1005002695076197
32872844218
1005003151317160
32845692623
32971979121
1005002982773266
1005003219339247
1005002199644718
32721910251
1005001895663358
32945389019
1005001463233892
1005002597640486
1005003189837322
1005003375697658
1005003346194206
33020072727
4000574192000
1005002401204595
1005002227861543
1005002888581771
4000974456172
1005003299466035
32958847664
1005002027167120
1005003329372401
1005002690281485
1005001812480995
32842972743
1005003384578875
1005003124618510
32770969865
1005002722739486
1005002247477617
1977218687
1005002955417144
1005002383709220
1005002726928829
4000096428031
1005002974015936
1005002369627115
1005002996330776
32947477813
1005003059614030
1005003326442587
1005002966044628
1005002730159854
1005003380511662
1005002696050110
1005001581980401
2020852990
1005002129917523
1005003021403152
1005002965344292
1005002568166130
1005002635044792
32827637479
1005002254347142
32510681080
1005002632440962
1005002842892615
1005002891909175
4001265308894
1005001825129439
1005001729325533
4000234614261
33063643056
33053850199
1005003151528562
1005003257390467
1005002978690926
1005002435693839
1005003146346807
32982101961
1005002308717219
32961947452
1005002239451312
1005002862623426
1005002899577397
1005003187063119
1005003092757454
1005002689293980
1005002740281695
1005003182088773
1005002746812645
4001278799924
1005002689243269
32959098068
4001163646060
1005003348028352
1005001842022479
4000986025448
4001190487970
1005001387998564
1005002263821082
32913862405
1005002515609651
1005002721441760
1005003144822035
4000551811237
1005002567028083
1005003090505616
32362095421
4000031804554
32794492099
1005002509155542
1005002696744895
1005002337582833
32869372494
1005002799647656
1005003275779829
1005003342229619
1005003367795152
1005002428583042
4001214079514
1005002363065763
1005002511322351
1005001907825114
1005003384168589
1005003037203212
32871015902
32822292383
1005003182735418
1005002657955859
1005003024618234
1005001733380108
1005003383453041
1005003367653590
1005003280391164
4001238236108
1005002258693629
4001200937405
1005002504582723
1005003262665023
4000206584643
1005002838271959
1005002821921822
1005002935836351
4001173283427
1005002133562674
4001106083126
32915627927
1005001669647491
33006351055
1005002953573101
1005003375538238
1005003118039545
1005003231928822
1005001685307854
1005002798942372
1005002038826173
1005003252735888
1005003259364852
1005002321396979
1005002771063095
1005003306193040
4001257271536
1005003127926247
1005002710358303
1005003228573536
1005001680603109
1005001895938554
4000577364641
1005002701608009
1005003122648174
32661948037
32797429089
1005003324081600
4001286898129
1005003019674296
1005002789891801
1005002878400438
1005003008071192
1005001973449029
33011842994
1005002313460683
1005002946495883
1005003256690841
1005002689926041
32698107996
33004296556
32991817353
1005001900902929
1005001597658144
32992265171
1005002221595647
32666798604
1005002907579822
1005002899264257
33001729325
1005003265650702
1005002815013391
4000023684065
1005002489988980
4001094614347
1005003151463361
4000852050131
1005003233919125
1005002970728728
1005003157813319
4001165024975
1005003249425110
4001005572753
1005002857719213
1005002288398195
4001233686274
4000590775039
33005529286
32854476921
1005002300968862
1005003000687521
1005002771038331
1005003326204629
1005002586449660
33005532149
1005002776837125
1005002937588940
1005003199361396
1005002466731084
1005003246919505
1005002702902541
1005002065091327
1005001850860740
1005002084363602
32803328264
1005002767231412
1005002548080772
1005003285807762
1005002945917186
1005003029088447
32830797129
32869021478
1005003339394217
1005001575074665
1005001437558504
1005003347738525
4000229927415
4000835373228
1005003049721655
10000396844818
1005001821988170
4001110904061
1005002949406010
1005001689492375
4000253162847
1005002588805296
1005001580277902
32851648561
1005002319082778
1005002388661566
1005003191249098
1005003271023618
1005003101566437
1005002742216570
1005001423268406
1005001708280912
32787012477
4001259540141
1005002510980822
4001271058359
1005002939876577
1005002685018192
1005001806447244
4000685221747
1005002648509783
1005002155980162
33057389184
1005002569864309
1005002411620668
1005003251299149
1005001753679888
1005003337738529
1005002828566863
32973708883
1005003184158292
1005003274681606
1005002790229262
4001192356609
1005001285216444
4000036045161
1005002217424334
32966686747
1005003160900223
1005002251369276
1005002401466445
1005003102141883
33041672757
1005001265331900
1005002930241400
4000801142387
1005001529241042
1005003131036259
4000118966169
1005002728157602
4001342260091
1005002614045030
1005002090693202
1005001413364514
1005001454461826
4001294374452
1005002077422411
1005003281141601
4000589487560
1005003276693150
4000039457107
1005002409564069
1005003288062413
1005003197665785
1005002219269961
1005002836031628
1005001989553212
1005001433768129
1005001355330300
1005003016633870
1005002882903480
1005002726684530
32954685797
1005002947376294
1005001728341059
1005003168992484
32981402499
1005003360244335
1005001581341846
1005002244378879
1005003308662754
1005001441380836
32666031682
1005001319190676
33044612039
1005003356390375
32952590734
32876965930
1005002597697297
1005003032607214
1005001369819107
1005002087458053
1005001581639502
1005002318222026
1005001625281054
1005002550762775
1005003035466597
32421159733
1005002884386444
1005003281042994
1005002783181160
33035527052
1005003290330052
33014499340
32780781356
32856991003
1005003058832350
1005002564689979
1005002840136927
1005002801409550
1005003259200901
1005001977611832
4001220884697
1005003103317833
32821305585
1005001920239675
1005001969762471
32944605601
32545573566
32864656304
1005003224933554
1005002207892814
32433782923
4000759569522
32771793918
1005001581855160
4000035508782
4000371287635
32922936495
1005002604630316
1005002345825757
1005003028638934
4000641349187
1005003248593369
1005003122435938
1005002591201924
1005002571531542
1005003165562766
1005003019285036
1005001687911365
1005002198407635
4001104220033
1005003277724901
1005003172862201
4000032161925
1005002920240042
33059243278
1005002912102196
1005002534739885
32785590931
4001001000534
1005003232407578
1005003337598477
1005003390327187
32859736808
1005002922094992
1005002491575906
1005001792846915
1005003058806496
1005001617135601
4001036652639
4001075087417
1005003344437705
1005002177324781
1005003311629013
32984155625
1005002828440526
1005002618813993
33004208720
1005002990843065
4000246056264
4000884681954
32821794476
1005003296498625
1005002631576951
1005002588501778
32843290385
1005002767447734
4000052325318
1005002561912328
32725156444
1005003156741199
1005003364598752
32976433694
1005003166669412
1005003033746405
1005001590737765
32984914680
4001081921008
1005003089078698
1005002951998251
1005003104687853
33053966839
32788147939
1005003310453269
4000883296352
1005002052138759
1005002389111556
1005003296371222
1005002039198093
1005001979299161
1005001354248524
32635703778
1005003078220645
1005003185531331
33003343132
1005002727343758
33004859219
1005002996261386
1005003044976204
1005003252802309
1005002752726076
1005002966328760
1005002327059902
1005003282074336
1005001441425357
32958460125
1005002961511144
4000990774687
4000546662131
1005003210648792
1005002614171377
1005002722684827
32840031477
1005003031153080
4000763879421
33017289481
1005002739719541
33026471332
1005003263460125
1005002978957834
1005003236639051
1005003327556935
1005002179143515
1005003293626868
32574147475
1005003270002001
33040535783
1005002411182700
4000287774564
32818484258
1005002900435723
1005003247577838
1005003347604403
1005003346707696
1005002604109534
1005003252309817
1005001924088725
1005003283444517
4000956155922
33002123776
4000132557891
4001163242494
32843964627
1005002761747246
1005002770638740
33020096549
4001165043043
1005002735658039
32972159803
4000452385921
4000382403042
33024592334
1005003350959316
4000490247930
1005002624439156
1005002076440914
1005002462446320
32812134599
1005002630436280
4000721016994
1005002680293418
32706443020
1005003161097179
1005003316082839
1005003341815138
1005003228318165
1005002732403748
1005002519048641
1005003370817055
1005002945630008
32889205417
1005002830503903
1005002857112201
4000266534450
4001188340012
4000155483147
1005001879937543
32962354060
1005002401546111
1005002862068596
4000472862419
4001060538894
1005002421494383
1005003182145757
1005002136897563
1005003278059212
32725220906
1005002333691923
1005002630379216
1005003293504579
1005001457787843
1005002783264700
1005001860691923
32907706492
1005003373664103
1005003197959160
1005003222749288
1005003238952154
32952019296
1005002115202550
32462246292
1005002775781433
32809844044
32424880421
1005003125293876
1005002306550056
1005002761967554
1005003170618888
1005002097614380
1005002833181644
1005001908695579
1005003281948848
1005003162473822
1005003328785762
4000086787125
1005003022014358
1005002885992074
4000602010898
1005002721597574
33035308203
1005003337957901
1005003339102368
1005002944235850
4001020265662
1005002611151267
4000200114422
4000344261350
4001267748602
1005003262237781
1005003019555805
32855713532
1005003213615731
1005003290377368
1005001302566630
4000373387182
1005003196881028
1005001869370331
1005003235727255
32923832808
33040021339
1005002711100676
1005002980158299
1005002974112656
1005003328419644
1005003133237842
1005003291196874
1005002992731430
1005003323228298
4001248990884
1005003181976147
32711623696
32945233102
1005003022662957
1005001329082620
1005003016135421
4001017733704
1005003137900168
1005003001658894
1005002437616418
1005003141538553
1005001392141877
1005003290880614
1005001735977503
32971519036
1005001978741549
32259029752
1005002905546647
1005003021595929
1005002204492374
1005003067334586
4000682979169
10000002731732
4000068923533
1005002206151669
4001184434351
32955970146
4001160280658