1005003371426499
1005001500211893
1005002418446370
1005003331792790
1005003305509624
1005001970013499
10000395863794
1005002465788770
1005002734731168
4001059574646
1005002636237790
4000726578540
4000625967961
1005003014981573
1005002914772222
1005001561561543
1005001636523329
1005002752121107
1005002433603952
4000018864125
1005003191848753
1005003197576005
1005002313555420
1005001398960509
1005002960098451
1005003327268222
1005002114970259
32897269365
1005003172044858
1005002739649021
32795641077
1005003189377361
32977252197
1005001376804645
1005003101744808
32990002138
1005002777396257
1005002658269068
1005002073844615
4000111680323
1005002577701040
1005003177798739
1005002592873903
33030146773
1005003150250117
1005001271370512
1005002386011820
1005002976116671
32846980159
1005002777494922
32909548725
1005003218390148
4000781177514
1005003226814175
1005002336776337
1005001844590190
32976506231
32798362974
1005003289877236
4001229847023
1005002423706524
32890980294
1086184320
1005003154152500
32861983840
1005001772007867
1005003380438319
1005003240236692
1005002976217477
1005003336418440
4000833974185
4000754196113
1005003094039948
32948758979
1005002314350566
1005002666586690
1005003310477856
1005003211802785
1005003302479173
1005002605749347
1005002799762942
1005003113857306
1005002324108500
1005002310258269
1005002450242892
1005002092470726
1005003155367310
1005003223923869
1005003123671060
4001045347578
1005003301810574
1005002190465715
1005002200997611
32996186160
1005003330900628
1005002823729232
4001259058958
1005003320603578
1005002986217330
1005002115333498
32688172403
1005001267166580
1005001431094334
1005002220093907
4000190416542
1000001731686
1005003117630963
1005001562749279
4001209891901
33012018519
1005003360993959
1005002311208536
1005003379226885
1005002927168336
1005001878654292
1005001575744852
1005003053958728
1005002495391131
1005003166669733
32952150858
1005002833481534
1005003302867092
4001013525240
4000944574739
1005003273676985
4001219636364
32913930641
1005003326536075
1005002946369373
1005002265714052
1005003241721742
1005003337731814
4000209795014
33044563575
1005002769058236
1005002333048793
1005002636465421
32930720587
33005270676
4000857803927
1005002480535576
4001144326419
1005002334524085
1005003286766383
1005003084119315
4001295901906
1005003374286105
1005002640291227
1005002240609002
32851996718
1005001946454790
1005002963001781
32864389284
1005001804297384
4000162437810
32826617145
1005002774477610
1005001621553071
32970458748
1005003328299021
1005003387815422
32845710396
1005002647280297
10000243133849
1005003000966146
4001107195141
1005002470704475
1005002840617243
1005002434756824
1005003214148358
4001294564152
1005003017785457
1005001920454087
1005003218318449
1005003147538936
1005001321518752
1005002460336739
1005002272281256
4001008281686
4001172851463
1005003280025651
1005001582861110
1005003032977418
1005002719551871
1005002742296928
1005003050034533
1005003010348643
1005001699030004
32915544404
1005002734664257
33025696191
1005002566433549
1005003301470671
4001255611577
4001001109075
4000522443645
1005001479619184
1005002097525430
32958238134
33033752522
33009324113
4001062799063
32947131596
1005001644406018
1005001567471056
33056179209
1005001803096769
1005003300063732
1005002820016658
1005003094009294
4001204675618
1005003391117215
32788264459
1000002034624
1005003386702648
1005003245388133
1005002139818389
1005003263598582
1005003276664150
1005003271322616
1005002609796977
1005003015339765
1005003265564667
1005003151282557
4001263444799
4001135913693
1866833277
1005003175041277
1005002383420286
33046059685
1005003157356950
1005003176242172
4001183192843
1005001665960315
4001155576184
1005003275783018
1005002041991862
4001251580616
32878669547
1005002329232140
1005003321976970
1005002238778028
4001036552984
32800669584
1005003256822649
1005003182351786
32969245155
32758937867
4000137461526
4001225308429
32960589844
33036744742
1005001814571602
1005003164027044
1005003039468808
4000970482237
1005003193938830
1005002903228126
1005003326724107
4001106711846
1005002966098707
1005003079740284
1005002351248859
1005003166290619
1005002316472842
32858968391
32875909951
32950743305
1005003190522778
1005002958755143
1005002809536688
1005002705305698
1005001880279790
32217882598
1005003043750739
1005002716776053
4001249699179
1005001865671323
1005002492164422
32531001918
1005003167507110
1005003068450568
1005002995461177
1005002967587651
1005002357484136
1005003022662414
4000800838950
1005002974676010
1005001568785302
33025388392
1005002348504569
1005003365079625
1005002634563017
32481769866
1005003119920596
1005003030830653
1005002971829013
4000960373818
1005001908092255
1005003013364080
1005002322012917
1005001681944763
1005002044358463
32943826833
1005003305056301
1005002131029996
1005003136194948
4000252295745
32237525526
32578984290
1005002618768581
1005003198530317
1005003282829051
1005002869023036
1005002636150707
4001290017312
1005002484799572
4000382417925
1005003213800798
4000843226053
1005002196879146
1005002263718493
1005002617612297
1005002438215760
1005002781866344
1005002510910134
1005001495163084
4000143688450
32956361511
1005002927499828
33006196328
1005003192061537
1005002467645319
4001185978873
1005001935517373
32897365214
1005003367098203
1005002313276083
1005003052035242
1005002996212638
4000144004132
1005003065872903
32854916698
32871450824
1005002763278513
32868730973
1005001393198376
1005002423598044
1005003241190586
4000680766652
1005003230601332
1005001287464343
4000522402016
1005001968388331
1005003367655857
1005003095454263
1005002384236921
32790650082
4001305845363
1005002688092811
1005002893987123
1005002730769804
1005002973545762
1005003092791750
1005003163382834
1005001628022482
1005002695499506
1005002702985332
1005002411636468
4000456160230
32943938370
1005003024495314
1005003231665843
1005002604932123
4000848405651
32798647462
1005003095160751
1005003382543918
32235087135
4001308275421
4001309308128
32873818825
32966153167
1005003007012097
1005003294492064
32888719461
1005003387543079
1005002603211311
1005003323040464
1005002686681194
1005003140050589
4001095010013
32822442704
1005002211299783
1005003317864455
1005003036504839
1005002802090989
4000348986835
1005003340604963
32811702799
1005002050322615
1005003076955136
1005002595626883
4001231804995
1005003392357932
1005002012338446
33033547334
1005001924508961
1005003187598272
1005002282341500
33005197572
32853605766
1005001816946604
1005003283843092
1005003120381872
1005003287391780
1005002490189181
4001255670415
1005003237590383
1005001288418946
32868542971
32924917670
1005003238515723
1005001840942653
1005001567318242
1005003196436776
1005003275762483
32780796971
1005002490695160
1005002920817476
32822269119
1005002477389572
1005001844842352
1005002459738339
1005002573394178
1005003380688702
1005003222701516
1005001976464040
1005002311498600
1005003010006330
1005002886403537
1005001884193518
1005001418142289
4001143717397
1005003098394048
1005003362251018
1005003381523087
1005003242746036
1005002011652210
1005002033219678
33016513235
1005003292599149
1005002732681663
1005003063817005
1005002518693055
4001285589303
1005003004233071
4000816556789
1005003263435895
1005003005511340
4000558407942
4001260078359
32626682462
32962261297
4000943543978
32888915283
1005002656355753
1005002371597374
4000048630375
32847283061
1005003137683417
1005003263652023
1005002948954998
1005003151797513
1005002346868406
4000040250919
32758021448
1005003347971501
4001153121570
1005002034100353
32718136492
1005003037771269
4000610072610
1005002935286244
1005002891741606
1005003019355384
1005001731454244
1005003164040542
32891559850
1005003315364536
1005003380711129
1005003123305985
32366301031
4001163851899
1005003101613136
1005002700064804
1005003235312500
32858045039
1005002679314040
1005002794581205
1005002805588453
1005001511563181
1005002638493764
1005002833214608
1005003020800724
1005003302299808
32819028508
1005001325955691
1005003134294958
4000954948698
33047095954
1005003270657103
1005002246292726
32660064268
2034279166
4000397434864
1005003121234724
1005002460995349
1005001698604062
4000751142299
1005003161117232
32932040308
32972813686
1005002948197853
1005002177184419
1005002345846428
1005002294001529
1005002760524354
1005003264295056
4000762409877
4001256616421
32725369198
1005002633099784
1005003230080990
1005002974512906
1005002826468474
32908612947
32781751031
1005002359950126
1005001320435428
4000305072279
1005002529580124
1005002921815170
1005001514719903
1005002122482181
32880088128
1005002752376922
1005003279153437
1005001494968724
33028225957
1005003121705858
1005002556368020
1005002372341444
1005002700990070
33026042576
33049509496
1005002999061559
32698509836
32872443421
1005002926415828
1005002736374030
1005003113577154
1005003187243749
1005003124400258
10000386347721
1005001689035458
1005001616358516
1005003002631820
4001233997880
1005001394309081
1005001880196076
1005002239237454
1005003188740430
1005003014328390
1005003059631425
1005001821312144
1005002142340811
4001039291365
1005002327463618
1005001576381351
1005002333183433
1005003298672546
1005002193858745
4000207773514
33023169779
1005001452548152
1005002974518896
4001109090113
1005003359546854
32902676298
32940248471
1005001639408153
1005003192073827
32886089072
33055389995
1005001268107276
1005003340742350
33052065406
1005002835939869
1005002322678830
4000543281792
1005003231641146
1005002810169836
1005003214396117
4001201274153
4000155529339
1005003352637820
4001197370769
1005001840046385
1005002988516970
32684493482
32841150597
1005002683147726
1005002524232369
1005003040391476
1005001907103708
1005003197935131
32900256760
32855757863
1005003004481602
1005003298118602
1005002948334036
1005003020752687
1005002403619783
1005002808282626
1005002878943691
1005003243250346
4000278020965
1005003081025090
1005003246630996
1005003021401273
32995598042
1005003120571562
1005002721264335
1005003296768362
1005001445984513
1005003157657364
1005001859115660
1005002790613997
1005003310705395
4000641207420
1005003280521445
1005002753562574
1005003310533048
1005003288202189
1005003051932998
1005003146419280
1005003243767711
4000926036106
1005003385307067
1005002600028929
1005003063777738
1005002259206714
1005003124854809
1005001376871978
1005003112448283
1005001355180088
1005002918089524
33048549438
1005003152098280
1005002105831903
4000517226437
1005003213062250
1005003368057530
32756014555
1005002271099969
1005002682341113
1005002875196617
4000769996151
1005003074985282
1005002197449266
1005002403652670
1005003082300891
4000061312112
1005003118563934
1005002900368780
32859090461
1005002497072449
1005003314648898
1005003195600486
1005003139558816
1005003228107894
1005003321172813
1731887789
32868585489
1005003274438985
1005001999535831
32936542166
1005002965083451
1005002990939498
1005002612556538
1005002323287556
32826955850
33044411419
32975963485
1005002916904762
1005002465952081
1005003038169590
32844228530
1005003277840007
1005003367722183
1005003252968730
33024927779
32788124434
32997316858
1005003085616182
1005003363561738
1005003001747342
32954055507
1005002715992492
1005002857169933
1005003043008324
1005003311559696
1005002796653894
1005001456819456
1005003171406095
1005003334809855
1005002275381845
1005003241495947
4000756815020
1005002842166742
1005002552939708
32819021002
1005003297780608
32841608512
1005003196170629
1005003283908186
33018132321
32895877694
1005003346514376
1005003042232929
10000260060490
1005002537272578
1005003264976437
4000055449045
32966474244
4000519533648
1005003151920721
4000108488965
32935011130
32798599667
1005002389612493
1005002575971105
33008064375
1005003314721590
1005003130690071
1005002514686970
4000399659871
1005003229403418
1005002524945646
1005003290327422
1005003189036502
1005002298563209
1005003106960089
4000216179694
1005002105805713
1005002765675438
1005001911892778
1005003085969999
1005003222535798
4001037960625
1005001617510961
1005002159527041
1005002008062643
1005003169929822
1005003229887341
1005002840284704
1005002369033304
32876871592
1005003197876224
4000095593283
4000325110534
1005002717799807
1005003288957184
32967659689
1005002007163689
1005002477260509
1005003031475455
1005003338130674
1005002789164454
32849826831
1005002054734803
1005003213942871
32958584742
32920230328
4000469194932
1005002863951617
1005003186732316
1005002996093427
1005003273152854
4001098494448
1005003150332865
1005002572309230
32830742662
4001214535643
1005002610436827
1005001650484637
1005003090607034
1005003385162989
1005003090791059
4001047184417
1005002061007108
1005002889729087
1005003382156455
4000747746870
1005003321155487
1005003067131488
1005002669123482
32810202877
4000261964291
1005002346150860
1005002434386262
1005002623360676
1005002813080657
1005002275861115
1005002292117983
1005001929038533
1005002565296387
1005003387866108
1005002930749765
1005003338587824
1005002893782735
4000787342906
4001041048170
1005002062451486
1005002542706546
1005001700723457
1005002608809606
1005002697736412
4000334805018
1005001910425208
1005003093627313
32904179323
1005003025014650
1005002776974243
1005002413278479
4000136606547
1005003159806973
10000332313982
4000110118776
1005002913143244
4000220551601
32941481856
1005002123742542
1005002797702663
1005001393102238
1005003135292125
32851206684
1005003022836456
1005002995139193
1005003388469468
32879736727
32973934942
1005002224898552
1005001723988550
1005002059854466
1005002657503137
1005001874401808
1005002249975910
1005003155872198
1005001729710150
1005002177313298
1005002603822356
4000095813276
32965593857
4000557535968
1005003211427595
4001119624689
1005001818722653
1005002338502122
1005002327095942
1005003093131295
32827369336
32904294641
4000768222121
32962704043
33046333422
1005002680062519
1005003083910387
4000076283791
1005003287618461
4000786445775
1005003094397515
1005003086825124
1005002789228113
1005003155633840
32569436534
1005002314207990
4001021805043
1005001567420005
4001313425272
1005003160502176
1005001592549219
4001278850906
1005001703546059
1005003082193950
4000689382190
1005002568970720
4001161981674
1005002704955860
1005001518626669
1005003262914010
4000038711445
1005002404575439
1005003305298921
32820125818
32886079229
1005001973381722
1005001864096859
1005002309288463
33001345158
1005002462090410
1005003191750993
1005001475967822
32839852405
1005001863078596
32797448066
1005003236092417
1005003337761789
1005003103815412
1005001855068887
4001299036057
4001237062612
1005002398704583
1005001475261614
32912830756
1005003319232427
1005003193382151
4000904072839
1005001693948476
1005003168953681
1005002254770002
1005002113202523
1005002313768228
1005003297633018
1005001518349552
32784133073
32951180983
32676279577
10000198241051
1005003238171373
1005003375124317
1005003214384918
1005002225000218
32836210295
1005001339500916
32903261195
32861794368
4000161953594
1005003115283277
1005003215775650
1005003014630431
1005003067212955
4001105767574
1005002302719579
4000115888523
32655201242
1005003261863463
1005002852071810
1005003277903110
1005003244286209
32948237999
4000236204738
32350786604
1005001336618533
1005003316659791
32957019520
1005003049140655
1005003296494962
1005003336704285
1005001808525924
32785461553
4000143640552
1005002017756183
1005002931787792
1005002568000992
1005002399738146
1005002567710409
4000384735585
1005003245535070
1005002678199276
1005003301903435
4001132127896
1005002974264900
1005003331153973
4000176807661
1005003055172388
1005001472663033
1005003357851195
1005002689279074
1005003308822180
4001173284378
1005003290127546
1005001757898717
1005002935552166
1005002912401531
1005002977895254
1005002313387492
1005003210883725
1005002991305173
32873207015
4000095388097
4001007600529
32961652034
32828323727
1005002313758504
1005003335106224
32995222939
32885604545
10000395851234
32597073394
1005001729297105
1005002368720107
1005002212208024
33032344787
1005003181196776
4001333591304
1005002704976598
1005003197690692
1005002006398714
1005001764362795
32968136648
32837651676
4001207764308
1005002086775952
1005003123714291
1005003029593458
1005003217854497
1005002961646332
1005001592549219
4000575121339
32825443314
1005002642355407
4001198110534
1005002828732697
32615648849
1005003128873976
4001028333490
4000583720382
1000004559447
1005002932609794
1005003128913178
1005002053274043
1005002475508698
1005002889733704
4001278928106
1005002869820952
1005002651496318
1005001722115264
32907421428
4000111597522
1005002123914198
1005003274334262
1005002782593668
33017713207
1005003197830480
1005003346031396
1005001309800490
1005001286981677
1005002648166483
1005002325317763
1005003021621731
1005003060883272
1005002491383878
1005002944828975
4000188756739
1005002011768706
1005003042951456
1005003124134547
1005003175117769
4000833681474
1005002261074603
1005003339984015
1005003187504916
1005003351364629
33058380048
1005002661444729
1005001417523947
32974561352
1005002553328984
1005003362876978
1005002126128035
1005003044317169
1005003187482711
32726971486
1005002189758939
1005002922583792
32833363324
1005001780878184
1005003263764653
1005002878383906
4000597640610
4000726859189
1005003107598549
1005003329034354
1005003267764504
32977368028
1005001413103622
1005002205370191
4000433026111
1005002624825382
4001077010021
32791603736
1005002365648631
1005001319635776
1005003134816506
32816193194
1005002217332655
33022220918
1005002164963765
1005002740158268
4000907445032
32952818561
1005001727330371
1005002496720836
1005002797021388
1005002638269242
1005003150630055
1005002836716997
1005003174478908
1005002122350583
1005002957333855
10000049764756
1005002388026156
1005003258408470
32984224853
1005002037180355
1005003015492088
1005001397537313
32667382880
1005002879318344
1005001793118237
1005002836228063
4001259904814
1005002667069334
1005003300704211
1005002834446139
1005001764968167
1005003154973885
1005002009465482
1005001753907122
4001007627402
1005003166932262
1005003375142072
33008323542
1005001609377503
4000074768211
1005001594614123
33016282966
1005001732884351
1005002990911853
1005002588955739
1005002686937279
4001164997450
1005002749623687
1005002603320703
1005002905669362
32620625792
1005002598493180
32901113359
1005001615737386
32704051073
1005003100227282
4000386285906
1005002211562745
1005003234894060
32965367603
1005003072497258
1005001968094470
4001346563670
33030241240
1005002065766797
1005002856023584
1005001374450416
4000312618075
1005003334811596
1005001382125783
1005002394883357
1005002752325877
10000307292678
1005002401932221
4000289326168
4000931053547
1005003126281294
1005003326683493
1000007803119
4000238785646
1005002609861314
32948363087
32840657788
4000065838746
1005002577038209
1005002362120708
1005003136647064
32904727541
33034047552
4000907362989
32855678700
1005002856628466
1005002180381531
1005001658224265
1005002186618440
4000089795240
1005002906399429
1005002532075788
32911497279
1005003329125267
1005003121609151
1005002883836007
1005003002052028
1005002891776230
4000318634944
1005001627843500
1005003092594925
32838316977
1005003146007858
1005003344652138
32851013144
1005003270543670
4001114193197
1005002567627776
1005002693672676
32953853259
1005002613091102
1005003042421894
32446664339
33000244307
1005003329164753
4001271888711
4000971448248
1005001756234118
32615927385
1005002510700930
1005002612874384
32986084764
32575654581
4001255419442
1005003225262927
33040941600
4000868120682
1005002856731011
1005002063449045
4000553673739
1005003086740990
1005002737860812
1005002960376657
1005001952276092
1005002926068161
4001010536528
33058727137
1005001429953154
1005002550852649
1005003261991964
32815463431
1005003330361017
4001174992138
32958151027
32827280843
32966700444
1005003006383519
4001184826418
4000395792328
1005002686688572
4000643767335
1005003172089227
1005002150124890
32965568974
4000955134662
4001107813089
4000985810965
1005003267837888
1005002598832422
4000414589650
4001164066142
1005003093694999
1005002966689165
33005668142
1005003212754928
1005002575916240
33017526504
1005002849456508
4000251343630
1005003165943710
1005002301294633
1005003181833180
1005002910797676
1005001463299395
32891375426
1005003300451102
1005002610128664
1005003076736627
1005003088464252
1005003007705921
1005003324060267
1005002925961134
1005003333524763
1005002610349979
1005003098063018
1005003286965495
1005002133428876
4000434300291
1005002702978234
1005003318484846
32970988479
1005002438767285
4000629021278
1005003364918740
1005002558658674
1005002647274398
4001079754741
4001000558108
1005002983882519
32828307138
1005003365178254
1859836924
1005002847323288
1005003108772036
32610679587
1005002976911679
1005003179296988
1005002369975193
32855090368
4001214033562
4000863858077
32956224889
1005001640128633
1005003160624816
1005002651550472
33001368775
1005003277811790
1005002571447624
1005002655231485
1005002603997173
1005002323093216
4000599409680
1005002652383328
1005002218102571
4001113130476
4001364396215
1005001638230438
1005002058344969
1005003119706717
1005001676910701
1005002774564574
1005002701279116
1005003386368004
33051199251
1005003192889286
1005002519627819
1005003227057440
1005003347505044
1005003189950460
32988911523
1005003299843762
4000278726448
850197916
1005002465497387
4001214487323
1005003365316636
1005002206330676
1005002128309210
1701687782
33004452515
1005002837748272
1005001805112800
1005003190945227
1005001354357174
1005003309459420
1005003308082592
2029414440
33009801640
1005003232986804
10000022117444
32308461106
1005001652185823
4001078792385
1005002249510925
32958362253
32703998508
32962816824
1005002990824294
1005002305366783
1005002661764409
1005003148191982
10000002731755
1005003302554067
1005003337638803
1005002350396309
1005002290797792
1005002609939299
32988955026
1005003066643096
1005002664308159
1005002616773553
1005003204984637
1005002696985134
32842955841
1005001545694811
32955213976
33053591464
1005001866562535
1005003268855856
1005003182469835
1005002518906654
32792134200
1005002901068210
308616413
1005002666208827
32831686961
1005001819227983
1005003337167876
4001103979618
4000556228731
32834030685
4000100500810
1005001720494435
4000251135642
1005002597402093
1005003234497577
33051366759
1005003148658647
32763342624
1005002641618664
4000381712064
32853747404
4001352178052
4001244939966
1005003328988775
33000049866
1005002821558270
1005003382893137
1005001812671488
4000263682348
1005002546069496
1005001609135335
1005003227751830
1005003330657698
1005003014047072
4000802371759
1005003287278264
32890463524
1005003196633828
4000784498140
1005003354022411
1005002794371004
4000751673143
1005002656847133
1005003386918075
1005001660085379
1005003313749015
1005003001675920
1005003034130321
1005002794440578
1005003194075690
32957288873
1005003149644139
1005002997800623
1005001858983616
1005001726506234
32848382362
1005003185803805
1005003102395772
32870163376
1005003170631385
1005002925623390
1005003296226191
1005002986764188
1005003206775096
32982832784
1005002940154512
1005003001990379
4001072298430
1005001280569723
4001064764025
1005002717214765
1005002953730693
1005002394346131
10000343903526
1005002656896963
1005001359761769
1005001941110300
1005003377940984
1005002681200486
1005003157889432
1005003304984435
4001341526620
1005003367612386
1005001989962668
1005002459064027
4000196064033
4000399304856
32803503785
32949096823
33023831426
1005003232316165
1005001463806851
4001290483160
32972538936
32855983793
1005002574995497
33044151431
1005001602546951
32945916740
1005001631474733
1005002970623198
1005002585170759
1005002966235115
1005002362301605
1005002824072152
1005002833700102
32846934683
1005003288019769
1005003058270338
1005003233541678
1005002775134482
1005002891384542
4000722042012
4001201765482
1005003380206027
1005003373796155
1005003004377612
4000983529876
4000005802799
1005003347245307
32865222634
1005002278098826
1005002851513606
1005001405826549
1005003213080208
1005003204270473
1005002764843740
1005003341803291
1005003208698784
1005003225234128
1005001686106193
4000234319261
1005003197992063
1005001429036145
1005002715526281
4001328018190
1005002880410630
33040044893
32898154604
1005002272763147
1005003058732089
1005003249321426
1005003058034944
1005003141006320
32908427612
1005001419052765
1005002836709976
1005003150804884
1005003368340409
1005001625892275
1005002376171323
1005003139249737
1005002133404913
1005002321666949
32797667614
32968953488
1005003151624738
32805524973
32635606962
1005002561333838
32921235489
1005002841517170
32735642405
1005002316652449
4001327186275
1005001515871193
32510149308
1005002834792606
1005003037910498
32663065434
1005002920281974
4000141395504
32804746302
1005002970560569
1005003031047356
1005003360069110
4001156742042
32736996226
4001003823112
1005002585308013
1005002001895425
1005001438829587
1005003255055485
32963960501
32954085379
1005003334784960
4001003096212
1005003177076918
1005002968158504
1005003078008743
1005003151255614
33052488127
32988194865
1005003037581451
1005002212739612
1005003096650728
1005002877153600
1005002513302706
4001164389874
1005002388408567
1005001646054345
33040903497
32335956068
1005001803597492
4001139341895
1005003082930147
1005002709546726
1005002349614998
1005002524111054
1005002253236668
1005002827831403
1005003009023785
1005002685956155
4001145889209
1005003205295646
1005002211685347
1005002961031209
1005002746757687
1005001555981718
1005002676833402
32836765333
1005001433903084
33010153696
1005002283620587
1005002940223204
1005002924454956
32826159851
1005001576725584
32987942986
1005003380300636
1005002686127210
1005001883196000
1005003055033504
1005002133574306
4001226762539
1005003066601618
4001248341276
1005002783220185
1005002650967984
1005002136074792
4000742301267
1005002095687786
1005001419359728
1005002956768506
1005003191604603
1005001276506419
1005002575342868
1005003104445476
32805731706
32954533619
1005003197904086
1005001872422356
1005002730731077
1005003204056917
1005002599821388
1005003105528720
4001248138926
33005953557
1005002057620574
1005002525277628
1005001952854624
1005003325704371
1005003007439734
33058696594
32810042718
1005002842237623
1005002949000410
4000110664709
1005001619160827
1005003331211887
1005002780055907
1005003350887755
1005002809808983
1005001686476995
4001255417375
1005002546408200
1005002107551799
1005002265373626
33013542984
32855646248
1005003313450951
1005002953912685
1005001974937433
1005003335773107
1005002982867570
1005002100035457
1005003388527656
32330069122
1005001852082075
1005003128004054
1005003238788880
4000399754839
1005001897390780
1005002593031226
1005002648982280
1005002782983275
4000143960347
1005003319785792
1005002539870284
1000005200840
1005002912580445
32678642546
4001052983423
1005001386148072
4000118393891
32644293758
32989751308
1005003369303311
1005002509393728
1005003326321696
4000509677545
32884973845
4000960177164
1005002421502072
1005002941776068
1005002753333517
32972233752
1005003336627693
1005003277875396
4000268804472
1005003337583281
1005003128025892
1005001468034318
1005002823279937
4001280638732
1005002276452956
1005003276494861
1005002576989551
4000176866009
1005001546985725
32974518951
1005002125683294
32849879347
4001124739926
1005003342034370
1005003219216395
1005002123414332
1005003068689383
1005001551900780
1005002897568143
32986716396
1005002617252851
1005002604581118
1005001407068731
1005001798822794
1005002310510723
1005002751965171
1005002927492527
1005003321928659
1005003049585774
1005003388410260
4000709841739
1005002730768869
4000394720719
1005002682118706
32869919270
32868086099
33004166252
1005001288104001
1005001703255939
1005003295056372
32870139902
33043586441
1005001431504145
1005003269542210
4000641906227
1005001418230003
1005002632590654
32667716902
1005003129830604
4001228135924
32856297557
1005002808158514
1005003276414963
1005003083193970
4000800783538
1005003208454468
1005003342252615
1005001557865436
1005002298081454
33040721574
4001294724751
1005001762234449
4001176567801
32933434574
1005003014716308
1005003129817060
1005002875886549
1005003067682506
4000199344230
1005003280277870
1005002281229401
1005002161698555
1005002413469060
1005003149367284
1005001478674613
1005003087858566
1005003269174881
1005001638059111
1005003022122373
1005003093764066
1005002272879755
1005002658832091
4000749726560
4001221476261
1005002212890467
1005003083034017
1005003229234628
1005001592282574
1005003339601958
1005003145995131
1005003335083372
1005002947029723
10000343889846
1005002668174237
1005001664528255
1005002879836143
32834359846
1005003183839322
1005002670211643
4000711052851
1005001906668668
1005003286651594
4001031174082
1005001415332330
1005001742068077
1005003294259714
1005002888719354
1005003364986536
1005002944167185
32859561490
1005002647247575
1005002868695250
1005001894033048
1005002380563296
1005002771006564
1005002129821077
32837309040
1005003207970176
1005001605150542
1005003374933701
1005002983596052
1005003205100074
1005002716984785
4000318685052
1005003340840056
32882992285
1005002459103854
33041867858
1005002636063227
1005002937804582
1005003103716436
4000402843208
1005003164068351
1005002635073793
32924458825
1005001907425003
1005003126793156
1005001840866922
1005003152909375
1005002328537655
4000843391238
4000933680476
1005002848717114
1005003097050072
1005003308783738
4000804777034
1005003088829900
32954721229
1005002803615233
1005001421376232
1005003257052555
1005002974155069
32835647856
1005003328286222
1005003378051734
32868259714
32961403481
1005003157562793
32844395237
1005003019435866
1005003250398056
1005002527437843
1005003384882925
1005002939197371
32864120256
1005002786530079
1005002986178023
4001189980414
32963380348
4000990708809
1005003140750447
4000516875649
32967176967
32921994285
1929749098
1005001693524093
1005003083368071
1005002897684539
1005002988152891
1005003263368448
4000722268638
1005003083912498
1005002298632505
1005003265228336
4000717403351
1005002965468124
4000293350333
1005003073469837
1005003338309086
1005002698139521
1005002129496542
32957093149
32857684068
1005001297398605
1005003292382731
1005003371929828
1005003026706796
32919021298
1005002991335097
1005003118696829
1005001586224270
1005001387445078
32980161357
32965183063
32841622020
1005002008276539
1005003294426493
4000216411549
1005001983079378
1005002534235588
1005002540945195
1005003184443629
4001268930113
1005003297382040
1005003380185346
1005003238272297
1005002297112788
4000319685423
4000087027093
4001270492609
1005003197183305
1005002527501177
32965513549
32857496198
1005002731267781
1005002790390846
32380416590
1005001985896347
33053390432
32718660417
1005002643857578
1005002541531094
32791495566
1005003276912415
1005003283367825
1005003167465140
1005003250606362
32859463423
1005002122313764
4000966249547
33000764345
1005002527182399
1005003328877511
1005003334595118
1005002949809501
1005003019910290
1005002792463084
1005002592853573
1005003129639057
32681250765
1005001625924327
32910665755
4000074919375
1005002260948175
1005001750705934
1005002642872553
1005003118920084
4001175063980
1005001439295303
1005002298218010
1005002949204692
1005002956553001
1005003251330758
1005002678031386
1005002956735141
1005002997088569
1005002400038681
1005002996986703
1005003297558041
1005003303120678
32627710037
1005002961179450
1005003126188977
1005002654838826
4000234475371