1005002770473128
1005002813651035
1005002645171740
1005002802009658
4000096599334
1005002986405766
1005003044171664
1005003036995173
1005003336240327
1005003370151326
1005003337586275
33051035390
4000242947775
33012734130
4001041120335
1005003270099929
32739143197
1005002940757081
1005003171895977
32869521784
1005002939669980
1005003335747684
1005002617296079
32857872222
1005003221765120
1005001493336517
32840139997
1005003382940893
1005001816918340
1005001271682452
1005002186997651
1005003036310870
4001227393778
1005003276219092
32565545381
4000687417748
4001069688440
1005002966487629
1005003228826118
1005002717904974
1005002869857232
1005002183545529
1005002130203808
4000873971529
4000830741454
4001337477535
32885336258
1000001346565
1005002954156842
1005003171333942
1005003343117732
32841554953
1005003384340738
4000414141851
1005001907289222
1005001523671508
1005003133360625
1005001992912788
1005001876667344
1005002244257702
1005003175842933
1005002657218336
32984558048
32983367018
1005002795253124
1005001750943165
1005003095363790
1005001553444911
1005002908130959
4001326789378
4000302433306
4001290316693
1005002442922248
4000348413480
1005003333135435
32963422180
1005002122230956
1005003030555008
1005001819175320
32948899822
32995222112
1005003347934343
32886954768
1005003307620636
1005003033139185
1005001590536697
1005003278562404
32853229885
32723228378
1005003150846693
4000693456775
1005002984219762
1005003173841987
1005003262357669
33048056072
1005002776737918
1005003282546930
32343477127
1005003265017473
32985617058
4000601845674
1005002711323933
32875179453
1005003252599250
32866489524
1005003285836954
1005003184140079
1005001402038898
1005001818748573
1005002134414462
32860369511
1005001341648093
1005003320105655
1005002205965426
1005003178857023
1005001900842315
32885445766
4000313727682
1005002633353730
4000265794490
1005002695337113
1005003294640958
1005002424115579
1005003211895116
1005002184943233
1005002093936212
32822493082
1005002767683772
1005002622581395
1005003065455196
1005003225028208
4000035773454
1005003269437622
1005002073539400
4000474843347
1005002953615209
1005002914210104
1005002815028095
1005002931311423
32958989757
32949655975
1005002562157687
1005002324063465
1005002406716817
1005002066544131
1005001905309006
32791263069
1005003251327751
4001335573907
1005003016081922
1005001547759507
1005003097326046
1005002756066012
1005001367698416
1005002982118398
2025960363
4000129851423
4000900589975
10000048418151
1005002084717323
32989002141
1005002329202305
1005003031924813
4000883923472
1005002313363535
32441757234
1005002885867657
1005001423820190
1005002988237277
33026830637
32839917586
1005002711766222
1005002899333473
32779450562
1005003201748776
1005003006363792
1005002754273301
1005001792096877
1005002357311130
4000712503945
4000525130938
1005002570208110
1005003017613620
1005003327470881
1005003147376675
1005003040056132
10000402364391
1005003058229739
1005003014240207
1005002856960311
32813184255
1005002140856704
1005003391434138
32880442443
1005002714489401
1005002835778214
1005003138852054
1005003259180970
32961610406
4000945222419
1005003366189533
1005001645674650
32887672634
1005002823711175
1005002485594847
1005001680763090
33003728431
4000176946725
1005003340294472
1005002525263126
1005002376251899
32887413608
1005002859658069
1005003385893790
1005002612323271
4001339443841
1005002865648276
1005003083677538
1005001769055816
1005003105006876
1005002076450037
1005002390359989
32826047887
32957127549
4000237853389
1005003308644232
1005001975652120
1005003076277379
1005002662636329
1005002677882995
1005002389467808
1005003191187638
1005003082809392
1005003223439774
4000784918719
32918494891
32927280582
1005003365300383
1005001739826401
1005003343976425
10000345060250
1005002267408673
32967242948
1005002038886300
4000890839858
32972887624
33019502511
1005003184219840
4000642287363
4000137980292
4001164290702
32983260530
1005002320962582
1005002495968303
4001227404437
32957032826
4000198368302
33006401384
1005002964720972
32877392524
1005003224976851
32918257168
1005003020381070
32468023290
1005002734438943
1005003088884989
1005002920178710
1005002666685126
1005003382053034
1005003220941959
4000098469402
1005003005151852
1005002868450514
1005002324311705
32976258822
1005003129618696
4000870572429
4000748331912
4000785695489
1005003275445187
1005003387863232
4000990517116
1005003239175350
1005002612980156
1005003175535349
4000463514490
1005001897596354
1005002967680384
1005002069622538
1005002108097572
1005003158986444
4000806527655
1005002737306658
1005002970937267
1005002247618935
32982228104
4000387711800
1005001710639167
4001345346702
1005002966723211
1005002773996746
33001768326
1005001789583319
1005003391856369
1005002668437028
4000588684315
1005002712808449
32963349025
32887486103
1005002960907636
1005003130249854
1005002359849562
32739961002
1005002905590295
1005002133932243
4000935686053
1005001584467990
1005001732802492
1005002023432880
32824331666
1005003086711662
1005001789147039
4001359309717
4000205751406
1005003244061510
1005002452795716
1000007107050
1005002674346519
1005002768903034
1005003337680730
32847197774
32965732389
1005002836697038
1005002640667911
1005002859032682
1005001695404515
4000933241430
1005003303293732
1005003329867847
4000535500790
4001293616783
1005003245435429
4001332335118
4000626629314
4000238807453
1005002005090016
1005003171135766
1005001756821493
32973040472
1005003338054639
1005003116641805
1005001890351103
1005002265491905
1005002417664182
1005003201210277
1005002555374708
1005001573284089
4000251843580
4001286754238
1005001444576289
1005003109265450
1005001924344200
1005003180514601
4000491099388
1005002753468021
1005003392329082
1005002037508883
1005002337080779
1005002781855155
1005002552658664
1005003078186352
1005003209654581
1005002566754778
1005002345043197
1005001874110099
1005003007908922
1005003309864883
1005001648048514
1005003051244584
1005002272478290
1005002647275581
1005003019918668
1005001461895262
1005003081742906
1005003273221559
4000755630030
1005002452691360
1005003370055953
1005003264921619
1005002448269499
4001034046932
4000065000750
4001147301971
32970785450
1005002685760514
4000021423062
1005003139673478
1005001333908245
32506077836
1005003272388647
1005003354713409
32921983217
1005002695978962
4000722896265
32891061951
1005003047934471
1005003204958805
32968413023
1005002623789091
1005003268264032
4000403576200
4000843308741
4001146429248
1005002890764232
33036598646
32459606581
1005002920645965
1005002657760538
1005003146929733
1005002377164167
1005003077217331
1005002884300525
1005002897165125
1005002199353598
1005002898011680
32605560608
1005002552067026
4000982580506
1005002449542720
4000589777767
1005002246261206
1005003188062415
1005001407456174
32800737475
4000796681729
32935144020
1005002998055826
32863733847
1005002269326238
1005002309284826
1005002157318863
1005003290667276
1005002849203268
32858294142
4001303078950
1005002737819923
4000898851991
1005002576331178
1005003033208176
1005001562021506
1005003287447165
1005003367784180
1005003298355538
32863892198
4000895073056
33014298223
1005002842578197
1005003365163007
4000533569952
32950181479
1005002663314612
32808982849
32822466552
1005001600034196
1005002868848531
1005002664587789
1005003149721077
32833730730
32973702852
32877128795
32833181875
1005002637284493
4000368302307
4000521148268
1005002324813162
32952762534
1005002782068776
1005002105022150
10000033525048
1005001525928116
1005001287056943
1005001588376022
32789861574
1005002175618301
1005003044274877
1005002688517345
32875098299
1005003135850842
32931361941
1005003210712487
1005003113669611
1005003313307131
1005002313793271
1005002952287402
1005002317213865
4000096119667
1005003087167289
1005002551182160
1005002714894222
1005002692346443
1005003208732702
4000784860270
1005002369763902
4001138560675
1005002605452336
4000046646421
32999826979
1005002940863320
1005002686582758
1005003028248543
1005002088882980
1005002022088012
1005003388202112
1005003022331741
32809255652
1005003212499323
1005002992812954
4000854919625
1005002223950619
4000326448232
33048829081
32750313094
1005002387635160
1005001469220466
1005003363391596
1005001393902845
1005001728879974
4001120247146
1005003041345805
1005002419925494
1005003250435839
1005002952696190
32968195121
32231354524
1005002985411408
2002845420
1005003391287708
1005003239912121
1005002552703409
4001310065141
10000343889878
1005002995431011
32953002770
1005003191154533
1005002575161223
1005002504452867
4000172751613
32871476575
1005002863151142
1005003291013846
1005002286606124
4000018810756
1005002882234756
1005003021748725
1005002877997487
1005003304579986
1005002716741970
1005001878128876
4001328302276
32713721735
1005003355000800
4000551983809
1005003288976742
1005003283123625
1005001956723216
1005003033332805
1005002338739568
32970778575
1005001910434308
1005002635135266
1005002019234422
1005003116369566
4001223762861
1005001877925903
1005002925395397
32863346139
1005003308154916
1005002512954129
1005002656642214
1005002788552861
1005003358208078
1005003278425476
1005003302240671
1005003304540027
1005003170595129
1005001997465458
1005001544064872
1005002618765289
1005002381527610
32972754720
1005002475819705
1005001839874959
1005001988947589
32799900385
4000547920500
1005003124903516
4000859411255
4000546726100
1005003096987833
1005003219968513
1005002974100711
1005003068335064
1005002827806606
1005002643020647
32365597684
1005002965988592
1005003168171792
1005002313105782
4000552914539
1005002083768923
1005002441330978
1005002243993349
1005003097782473
1005003258780584
1005001355041143
1005001953584249
1005003081532525
1005002822444431
1005002700520872
1005003369047660
1005002311944087
1005003276377390
1005002790145883
1005002857252022
1005003103578894
1005003293651392
32931497111
1005002069005243
1005003149960383
4001003304233
1005002534579630
1005003250080080
1005002889657108
1005003146422222
1005003199239029
1005002259330030
1005002966367453
33044126954
1005002871275732
1005003302340818
1005002820011525
1005002239832201
1005003372607874
4000463869464
2029412730
4000111258965
1005003316884748
1005002053660068
1005003002124883
1005002779622621
1005002356728146
33053031023
1005002539500172
1005001321645539
1005003017194776
1005002967947413
1005003278122768
1005003323034166
32921314908
32901445564
1005002770951967
1005003286905352
1005002650253680
1005003232677186
1005002625617808
1005002441584596
1005003259263860
1005003243238434
32840134189
1005003358115820
1005002672732527
1005001577580045
4000709337745
4000954116799
1005003384968307
4000540361390
1005002001367721
1005002510080349
32230654824
4000062035339
1005001717544692
1005003219386341
1005003167559190
1005003309055954
32945421144
1005003222973249
1005003389145513
1005002171931277
1005002505771620
4000375818010
4000939261734
1005003205855996
32853519964
32809306605
32860994813
1005002625290782
1005001267084463
32849696020
1005003300609453
32989002141
1005002398466730
1005003226265309
4000672168630
4001110324990
1005003351679803
1005001342904485
1005003269475955
1005001345395879
1005003183447490
1005003079638919
1005001901865148
1005002318363554
32640834835
10000201411623
1005002910381689
32848151345
1005003250244155
4001247088852
1005002462626224
1005002612087955
1005003213459880
1005003201224432
1005003097036168
1005002336528921
1005001929139791
1005003307043905
1005001811021795
1005003103506251
1005001382325275
1005001602424030
4000969283149
1005002754315258
1005003178375150
1005002192019663
32964866753
1005002314361119
1005003276929129
1005002327638550
1005003275158816
32991733863
1005001411848165
1005003124306799
1005002541810545
32890872465
1005003341743902
4001032660442
33030218858
32919530767
1005003295757738
1005001817235427
1005003375296761
1005002296508938
4000458664270
4000040774862
1005002586165272
4000627184024
1005003065155989
1005002518852284
1005003084626972
1005001477896896
1005002760146950
1005002835134938
32949231915
1005001456122143
1005002924622103
4000070984126
4000481441503
10000344115823
1005002588279663
4001085240238
1005002975714298
4000571406471
4001066913102
1005002234919417
1005001826052639
1005003292817307
1005003342301518
1005002557805869
1005002288007357
4000543771474
4001072351475
32829312631
33041916097
1005001617874274
1005003250606770
1005003342079737
32877250894
1005003147954876
1005003282950593
4001244179331
4000890238686
1005002685203734
1005002853227455
1005003256873066
1005002631200492
1005002176875338
1005002532918889
1005003380390222
32881119877
4000255554049
1005002015317445
4001234549560
1005002960463723
1005003345060441
1005002136529295
1005002908086086
1005001296780202
1005002450474020
32556895199
32973160020
1005003344704120
1005002641283061
1005001848172349
1005002982151395
1005003318964019
4001038834837
32955113459
1005002330556142
1005003307525429
1005002454223905
1005001975374572
1005003080089110
4000319455448
4000704373947
1005002725932135
1005002449201557
1005003337091569
1005002820259627
1005003090465631
1005002504213070
1005003302522333
4001281690027
32929159874
1005001612615602
1005002998055826
1005002531342844
1005003379391467
4001070668455
1005003236034263
1005003347546010
1005002654964928
1005003150660360
4000976887394
1005001572895572
1005003139488670
1005003106987003
1005003072526760
1005002802031603
1005002359217868
4000211594176
1005003298325053
1005002221216570
1005003239396671
33048358409
1005003299509266
1005002960781695
1005001779661167
1005002263925262
1005002961304292
1005003350697087
1005002693623836
1005003103109295
1005003026646200
1005003025397531
1005002876245832
1005003302836928
32934895956
4000090660315
1005003364023493
4000202456255
1005002475940466
1005001329727155
1005003214765235
32848115244
1005001876821677
1005002782641101
1005003153337523
1005003305384385
1005002650706994
1005001941143002
32725232948
4000633183245
4000599956435
1005002592026076
1005002946363996
32996019464
32437891593
1005002878172253
1005003317768962
1005003265715630
1005002211759302
32980982456
1005003269739917
1005003304403568
1005001386981084
1005003344440113
33039995075
1005003303531796
1005002523397230
1005002335000948
4001225208673
1005001588090893
32822383779
4000730005999
1005003091544448
1005002607756635
32957877693
1005003168881783
1005003374540254
32971452910
32967989177
1005002516722804
1005002077205487
1005002532384051
1005002682449784
4000112366950
1005003333774657
1005001846083120
1005003295189146
4000805039707
1005002459002250
4000860955205
1005002244084560
1005003145532672
1005003232961448
1005003189799231
4000875240744
4000762210711
718529375
1005003080704344
1005003227711113
4001037751607
1005002370563242
4001124915661
1005002905715150
32835846262
32506523970
1005002441031090
1005003243809449
1005001439199152
32817873744
1005003364613722
1005002161706622
1005002124557772
1005002139855523
4000052556372
1005001469316999
1005003124914689
1005001792330700
1005003297167740
33044771041
1005002635037801
1005002809062787
32704962172
1005003279923684
4001017714962
32934731811
1005003059576238
32325238068
4000057509454
1005002949155911
1005003134962386
1005001454643754
1005003171993382
1005002344962538
1005001598724362
1005003148938644
32918382853
1005003277184946
1005003369994928
1005002797093763
1005003329565501
1005003245550664
1005002878363725
4001034301849
1005002865982726
1005003275223544
33063450528
1005003349960271
1005002862683064
1005003337870973
1005002900658554
1005003043092108
1005002628916965
1005002367930954
32848368441
1005003334906189
1005002932031427
32725670459
4000120859317
1005002305234340
32948617365
1005003026675426
1005003122485396
4001346816056
1005002634978620
4000477062347
32981142309
1005003193501094
4001137477736
1005003274910795
32834142165
1005001441273802
1005003277484429
1005002204128593
1005001759589051
1005003115418918
1005003277976731
1005003197922902
1005001537698199
1005002347034657
1005003158254869
4000090218377
1005002323072428
1005003209507570
1005001831475248
1005002647281684
32847059972
4000858964927
4000704026862
1005001624713875
1222872408
1005002878836768
1005003150940527
1005001392630304
32884363723
32929314624
1005002386908388
1005003152677558
1005002612256503
1005001439106671
10000286143289
1005003272998118
1005003121890411
1005002661838785
1005001693731347
1005003043557297
1005003288058172
1005002589025317
1005003262636217
4000219320028
1005002610692040
1005002753420777
1005003014202681
1005003166133822
1005003149394274
1005001975229813
1005001906495638
1005003370354110
32990231421
1005003298649215
1588443190
1005002033924435
4001061869350
4000272963340
32784893770
4001358297592
1005003337771434
1005002270279397
1005002003574607
1005003001696540
32697808139
32850283351
1005002056638159
1005002312549532
1005001783186928
4001282861505
1005002172119038
1005003387911027
1005001468891570
1005001315607610
1005002861754382
4001285889215
4001283760752
1005003133938097
32999629297
1005003283704289
4000378278852
1005003150217019
1005003329471924
1005003180437270
1005003246351385
32831758701
1005001941279448
1005002866017149
1005002978985396
1005002862912843
32775479999
1005003048042190
1005003149213519
10000253964947
32740797637
4001144001565
4000917220227
32610601600
1005003103287246
4000089535941
1005002871019500
1005003384872157
1005002587279716
1005002996876792
1005002577818492
1005003025196199
1005002600082377
1005002281011969
33036425669
1005003137404307
1005002707842385
1005001857043672
1005003209480896
1005002855731177
4000148799085
1005003192804718
1005003217717991
1005002503254147
4001195617702
1005003212780624
4000377035351
10000344012413
32967922923
1005003066325716
1005001304590465
1005001295514171
4000120472380
1005003044232347
1005001298491713
4000345340477
1005003067880027
1005003343222771
1005002774839238
4000423178389
1005002322253962
1005002359195239
1005003321035308
1005003264705637
1005002660745249
1005001537554467
1005001586193530
1411606588
1005002813696486
4000228205622
1005003371709588
1005003331708878
4001189105419
1005001994035943
4000619376986
1005001605208070
32901513051
33006004475
1005002943429104
1005001633250945
1005001382141659
1005002991032078
1005003384904998
1005002634638977
1005003371341821
1005001423029313
1005001916534234
4001217452363
1005002448808605
1005002459495562
4000800924364
1005003223627060
4000663587035
1005002894665090
1005001464822976
1005003135986565
4000858465398
1005002702722399
4000834485944
1005001448381141
1005003268945118
1005003301405205
1005002140330026
1005002569728910
32928123564
1005002882768863
1005002275901652
1005002827713402
1005003201788649
1005002964205117
1005001602633246
32810062306
1005002395900232
4001175552301
1005003129528420
32879360316
4001050389728
32730027142
1005002052520874
32694480039
1005002760564188
1005002716734682
1005002372409248
1005002568036256
32652194812
1005001993250127
32980573937
1005002771915242
1005001768607439
1005002968937476
1005002969283586
1005003277850808
1005003037062295
4000921861881
1005001277973358
1005001597476904
1005001619160827
32291166006
1005003322348473
32533297594
1005002320770294
1005003244173093
1005002708079861
1005002369706025
1005003302851117
1005003255528296
1005003288913407
1005003146427292
1005001730946301
1005001423619155
1005003297097563
1005003202544021
1005002801310572
1005003016342878
32958851619
1005002594997377
1005002313908230
10000395948449
1005002789626369
1005002665885565
4000302596924
4000888485921
1005003390820430
1005002376489977
4001139664762
1005002339873757
4001156072487
4000023567844
1005003253555383
1005002278419041
1005003299011929
1005002229137484
4001114623822
32738875451
1005002835348465
4001294648870
1005002608875646
10000070250686
4000275172483
1005002060595160
1005002927969080
1005001703959845
32974707764
1005003192900961
32959688851
33034433378
1005002662035789
33014756889
1005003059085964
10000256713523
1005002241706220
4000251886330
1005002637217183
1005002746614308
1005002745562612
1005001848675993
1005003387789596
4000116114947
32876038435
32957997649
1005001860447008
4001066838614
1005002643646019
4000971415793
4001170648972
4000253883961
1005002694727594
4000492640437
1005002532107664
1005003369926929
1005003268622554
1005002959648517
1005003310838157
1005003167898717
1005002864747018
4000282830391
4000112852077
1005001874710015
1005002313071104
4001175394781
4000361686198
1005002710142483
1005003337522259
1005003144414631
1005003204582830
1005002491745155
4000146489911
1005003244944294
4000906569096
32833117596
1005003087912678
1005001512017152
4000127424174
10000344009514
1005001559920281
1005002268611436
1005001319771454
1005003031666143
1005002979820857
1005003368279954
32817986457
4000163124704
1005002821491509
1005002481221668
32828366318
4000526298401
1005002686939674
1005002997404085
32832675044
1005002320104990
1005002833557534
1005003162781886
1005003302584684
1005003366901092
1005001832907366
1005003193619934
1005002032955535
1005001722700894
1005001581496783
1005002548862605
1005003079878987
1005002488205189
1005003387612765
1005002182096793
1005002944238728
1005003113698525
1005002542743015
33018215663
1005001741531521
1005002878567990
1005002794546888
1005002835436677
1005002269239020
1005001626916768
1005002454872280
4000846966624
1005002913517337
1005003176613636
4000625290749
1005002826442108
1005002760911345
1005002727280105
32880412152
1005002306643927
32893251605
1005001896894716
1005001652901253
4001015129403
1005003119608656
1005003249868618
32827138330
32975326702
32889230503
1005002500534673
1005002235911093
1005002410984926
1005003337722274
4000748048053
4000850713428
1005003337829030
4000505681103
1005002616219355
1005003096074919
32959676506
4000366218840
33056337394
1005002551841541
1005001959303991
1005002656807466
1005002007772081
1005002869557105
4001363977396
4001175168322
1005002988669435
1005002886229766
1005001343311379
32437900453
4000511577603
1005002642331269
1005002425744776
1005002803185878
33035831303
1005002569780899
4001257790082
1005003224512172
1005003224578687
1005003120357446
1005003372066686
1005001987681817
1005003384056716
1005002777952832
4001173388160
1005001458425316
1005002775642604
1005002907585312
1005002416614444
4001270978606
1005002973510506
1005003187749055
1005001888301192
1005002408077137
4000062520906
1005001511409238
32844817173
1005002505152125
1005002475521411
4001072316551
1005003158695500
1005003193962969
1005003111831857
1005003158753507
32987928323
1005002746433605
32836195485
1005001511002027
4000816465878
1005003134060813
1005002995523010
1005002599205477
4000215465568
1005003316305470
1005001671084617
1005002780581108
4001236693440
4000626561968
1005002959377101
1005002863222511
1005003330321639
1005002622487143
1005001587757196
32870346571
1005003330680851
1005002616168822
4000401773592
4001230426033
1005003355975282
1005001469314014
1005003301843287
1005003342760807
1005002477678586
32944442298
1005002793601500
1005003172359668
1005002617652440
1005003202225848
1454681640
1005002787479977
1005002966767529
1005003189018528
1005003278461181
1005002910444226
1005002996130067
4000262489218
1005003125925243
1005003258382445
1005002090538498
4001230253975
1005002246929754
32852088885
1005002752062345
1005003331005567
32965414963
33022181263
2053127451
1005002885275373
1005003211777207
1005002541365773
1005003388443668
4001115596123
1005003081187532
1005002960610500
1005003002072994
1005003339394457
1005001721770884
1005003048579580
1005002352300008
1005002567713194
1005002587603353
1005003389380114
1005001436310272
32666138999
1005003339358176
32955882448
1005003005196158
32957398525
1005002978120051
4000170254983
1005002328456713
32777255460
32968481252
4000350781572
4000414808427
1005001281849960
1005002696807991
1005002717101163
1005003298194131
1005002697587567
1005003390758961
1005003299563876
33045363163
1005001290107326
1005001598518753
1005001370628775
4000104099576
4001227564511
1005001799291522
1005002094523716
1005003225085702
1005002324100442
1005003281676992
1005002351130828
1005003266618736
1005003122285146
1005003170567107
1005001962962567
1005003211537946
4001221586674
1005003231947093
4001068435046
32811188540
1005002251868979
1005001938086677
1005002010638520
4001069534617
1005003348897684
32984366862
32721400600
1005001854968937
32964907700
1005002664073419
1005003128129015
1005002457399244
1005003226408441
1005003112086985
1005002608306827
1005003381083695
4000740252019
4001227497972
1005002005101124
1005003145178360
1005002907487723
1005002726306557
32898240774
1005002816027827
1005002076540066
1005002648871606
4000829306706
4000986819012
4001078710144
32843302128
1005001456697527
1005003177223461
1005003098704206
1005001639051991
1005003278752613
1005002220558550
1005001365923345
1005003387129762
1005002255600454
1005003167018905
1005003248556342
4000447865227
32906149344
32899682377
32886198789
1005001732247021
1005001864846938
4000004892621
1005003008772756
1005002687924902
1005002575919773
1005003044186996
4000204172964
32962075525
33016122112
1005002981234920
1005003083873207
32801427601
1005002988846035
1005002816478822
1005002388885778
32958436254
4000237775269
4000926623604
1005001565639583
1005003195287385
1005002380605891
1005001884859944
1005002864346345
1005002334527205
1005003041091469
1005002303625979
32964403699
4001193003154
1005002313385144
1005002567162724
1005001992587423
1005002673144367
1005003016145282
32591199015
4000522696018
1005002810196232
4000073491167
1005001822521044
1005003387305746
1005001636632328
4000121236440
1005002968087111
1755218379
4000580927759
1005003316622140
1005003124388472
1005003152182450
1005003069619492
1005002950232475
1005003202538215
33028176304
1005002203635051
4001201266035
1005003081979961
1005002827097832
4001054064964
1005001625999603
1005003136416458
1005002312225236
1005003055935053
4001345011612
1005003381864543
1005002975521669
1005001657356147
33037758853
1005003062595036
1005003018307221
1005003353459596
4000465885614
32915368292
1005003116764389
1005003333289541
32816008058
1005003020924270
1005001983515139
1005002944091474
1005002431469728
1005002824815548
1005003066268059
1005003080701901
1005001425528342
4000989880640
1005002892169505
1005002733816494
1005002182163086
4000191031149
32797839414
1005001406390868
1005001921368719
1005003379432300
1005002953500700
4000790176889
1005002294192469
1005003249294314
1005003255130457
1005003098776390
1005003193608177
1005001847625751
1005002252815085
32948747372
1005002467660083
1005002080648305
32695889438
1005003241724267
4000973176416
1005001988260367
1005002259028516
1005003247439749
1005002013172225
4000785181729
1005003129351769
32885516838
1005001839678936
1005002291133488
1005003220942750
32962162357
1005002518992166
32892955021
1005003225094434
10000002735712
1005001618522094
32297274785
32805690963
1005003275854169
32911365975
1005002919722746
32895264639
1005002887093073
32999296804
32828146651
4000040057195
1005002474597740
1005002992069807
1005003119972526
4000033546271
1005001843981039
1005003241688939
1005002953851047
1005002565326862
4000955620421
1005001603667366
1005003323003529
1005003202614548
1005002919433334
1005003263269946
1005002068661321
32981742365
4000002688780
32969650106
1005001765740266
32968778795
1005003110235322
4000800049888
32853575361
1005003359606765
1005002692928925
4001314575344
1005003256617217
4000994961540
32691167034
1005001694232909
1005003346163619
1005002357528739
1005003213368115
1005002727330951
1005002438999490
1005002831467592
4001259204802
1005002466348902
1005003387709598
1005002421521026
4000551686731
1005002971430475
32898523286
1005002659101661
10000343991794
1005003036143874
33041335192
4000838050546
33052189808
1005002038211453
33013859549
1005002697523900
1005003026513818
1005003188643363
1005002966622203
4001135329549
1005003157786571
1005002234112464
4000956135620
1005002806058288
4000305285065
1005003368274675
1005003239382074
32928774927
32511928570
1005002875540782
1005003244061510
1005002985670232
4001276416243
1005002308810009
1005002270634336
4001146253127
1005003110840007
32999007648
32852412234
1005003004157847
1005002315622235
1005003234825232
33035523838
1005002835526230
1005001364055392
32961268633
1005003294909320
32999684457
1005002454727764
1005002654472026
32948674019
4001266613704
1005002255060209
1005002061964442
4001310786554
1005002949197833
4001290964398
1005003381537876
32807642721
1005003095456075
4001066746008
1005002768069931
1005002587015395
1005002006205398
1005001393511578
32957195141
1005003293365780
1005002940743677
4000959298116
1005003083888136
1005002315903382
1005003235045776
1005002240921622
32891879289
1005002280679066
1005003238988733
1005003129297463
33060263781
32849823300
1005002975981445
1005001429044004
1005003337703837
32991032934
1005003219476171
1005003248966173
1005002180293831
1005002431677567
1005003142675440
4001209231834
4000097478990
1005002477312895
32874536960
1005003339795295
32833679268
32958134725
33002351526
33019294330
1005003376259559
32979689496
4001172134783
1005003176403860
33009602734
1005002503454797
1005002950905606
32988126000
32993649857
1005002824290482
32814470515
1005002862920082
1005003375425194
4000622201940
1005001443460979
32870674576
1005002737357334
4001142083051
1005003270252664
1005002721832720
1005003101243853
1005002277243953
1005002870800262
1005002475049197
1005002378931806
1005003150662458
4000996216519
1005001867460029
1005002228069387
1005003176115161
1005003069503917
1000001591953
1005003349137504
1005003146642238
4000793066346
4000406235333
1005002125870601
4000510894900
1005003164164469
1005002797717759
33037630648
4000843423582
32558561617
4001177668420
1005001891786184
1005002103852015
1005002543608546
4000584877228
32866139429
1005003369618999
1005002949869992
1005003204390285
32762730693
1005003339297920
1005002253166396
1005002242232660
1005002425861628
32975439933
1005002258163895
1005002973523926
1005003365955703
32230978514
1005002230138491
1005002814946150
1005001950132982
1005003280969318
1005003102925377
33006222531
4000472814800
1005002997263061
1005002640824026
1005002775851727
1005002315977795
1005001413522923
1005003212239336
32863754289
1005001541516487
1005002702775036
1005001579136055
1005002716997746
1005002363203778
1005001575299814
1005001540574010
32982311864
1005002364947764
1005001284971658
4000808391255
1005003100629749
1005003269010660
1005002746137669
1005003277608199
1005002244724399
33056079624
32910628415
1005003036508388
1005002796973331
1005003394320716
1005002992678646
1005002811372458
1005003211231885
1005002541773523
1005003251285913
1005003004661072
1005002058033301
4001031725090
1005001362686964
1005003086844165
1005003090237284
1005001984956947
1005002321508795
4000662689509
1005001880316361
4000357652935
1005002656377471
1005002842407861
1005003337128638
1005003063726401
1000001378932
1005003259008050
1005002741629019
1005001914314824
1005003236240983
1005003109369287
1005003005081313
1005003385855921
1005003280462901
1005003058728855
1005001731503102
32880308894
1005002915167524
1005003306943692
1005002321881186
1005003248539816
1005001345927022
1005003312537742
1005002110610758
4000778940828
1005003328084349
1005001640209974
1005003284653776
1005003392771359
1005002523721859
1005003246883555
33062762298
1005001726768395
4001248137166
1005002497516627
4000398385369
1005003037033608
33011472716
1005003263889278
4000712057036
4000837498807
4001360469779
1005001485294289
32943281217
4000885980335
32961029435
1005003261582971