1005002340285452
4000921846359
1005002470443818
1005001486915507
1005002920984476
1005002374857112
4001238806721
1005003322226661
1005001511168640
1005003093331707
32850346689
32967247069
1005003020847801
1005002401119647
1005001470228541
1005001414438488
1005003035291711
1005002399725867
1005002559626366
32945642490
32888863972
1005002466108562
1005003171374657
1005002265698957
1005002383164772
1005001968863128
32438011227
4001178465069
1005002520161472
32997470074
1005001633191011
32517759107
1005003298884930
1005001817911787
1005003337612126
1005002363124564
4000192940050
1005003125295210
1005003305211828
1005002531317275
1005003175245235
33044865333
1005001273338883
1005002789008064
1005003037614843
32809750094
4001150544697
4001228401970
1005002624139175
1005002238168513
4000803474890
4001058618970
1005003212657975
1005001920812267
1005002841920846
1005002668214092
1005003385967135
1005002711600796
1005001465207191
1005002538174457
1005002109979593
1005002193499384
32949358526
1005002539342867
1005002538345259
32885533942
1005003289088798
1005002083828625
4000630708981
32900349893
1005002841726021
1005003224578652
1005002587992982
1005002632440009
1005002305727445
1005002597590025
32906868674
32283605018
1005002780401295
1005001631015281
1005001725530884
1005003119569904
4001344862014
32320325373
1005003013582869
1005003145677108
32948002464
32948754846
32542851141
1005003191179483
32914516338
1005001653387533
1005002682062679
4000838378571
32717535869
33060675410
1005002950915327
1005002525877599
1005001863634313
1005002916868824
4001255311111
4000982487423
1005002509659623
4000164400360
32894455709
4001311239340
1005002436476463
1005002201425923
1005002610348212
1005002477841984
1005002717313562
1005003156677080
1005003283422441
1005002990901870
4000987409047
1005003339782229
1005003082531110
1005003015669247
1005002851336584
1005002465832879
1005003134589127
4000742996765
1005003299320494
1005002467159929
32893247275
1005002998691522
1005002971392763
1005002972420601
1005001553144138
1005001839468516
33040273324
1005001722123535
1005002862907784
1005002924588212
1005003398103555
1005003301528489
1005002533993344
32982061554
1005003112677575
1005003274843101
1005001678822628
4001072027889
1005003336544917
1005002661702208
1005002663387252
4001245026716
32945156860
1005003262423875
1005003111912086
1005001992638704
10000395843942
1005002049711322
1005002949610773
1005003336585440
4001226401290
1005002305509312
1005001841860033
32663097944
1005002199386559
1005002028659411
1005003135733000
1005001867202917
1005003295230926
1005002783245934
32857856543
32977695736
1005003100665262
32867344771
1005001585525218
1005002589302561
1005002056747090
4000677552645
1005001315519930
1005001387346358
1005002988642593
1005003257435239
1000007009518
32824887215
1005003286384076
1005002224752455
4000107895754
1005003345363928
1005003015879997
33019310818
1005003159772916
32912429340
1005001636822159
4001017756161
1005003104756805
10000395821717
1005002747703799
1005002751690975
1005002583263482
1005002954764434
1005002754377102
1005003058008951
4000154549782
1005001933792266
1005001993341857
1005003316447700
1005002752982692
1005002462022422
1005003093044084
1005002957246078
4000105238562
1005002443501998
32246551605
1005002940626587
32591200426
1005003004446007
32793159332
4001217985823
1005001972509381
1005001561575104
4001005515149
1005002839859418
4000112331450
1005003093495738
32244116188
1005003218313657
32850965992
4000714702061
1005002091373906
32707504207
1005001598233722
1005002632028443
4001248201320
1005002753940513
4000297011788
1005002472903273
1005002413540029
1005002939394963
1005002648808573
32837699254
4000002673275
32829606524
32721716190
32592394508
32798922530
1005002771558947
4001109032545
4000906199026
4001102798094
4000246451618
1005003162664691
1005003276196106
1005002624183648
1005001981992879
1005001284496145
1005003346015308
4001366611519
1005003276900050
1005001350160517
33045349073
1005001622227143
1005002807883770
1005002478629144
1005002506358958
1005003354008621
1005003276019194
1005002797505200
1005003103269042
1005001802282666
4000983821630
4000882075458
1005002190170405
1005002395317582
1005003190839164
1005003355598871
1005002839843530
1005003008061133
1005001577577316
1005003117844662
32958045807
4000853880420
32817432408
1005001883320655
2046796637
32892082712
1005002220931306
4000154624740
1005003165209844
1005001732156228
4000727362459
32812916828
1005002898536455
1005002949224906
1005002180661956
1005003238779479
1005002197917831
1005002746773917
4001003898527
1005001875395293
1005003340932932
1005001648093328
1005002644024154
1005002748035438
1005002317630129
1005002527138602
1005002057768694
1005003187237592
1005002749655566
32796511817
32880652422
1005003273664748
32966102882
1005003281148101
32860378492
1005001470004249
1005001322430593
4001086815170
1005002624194846
32910046312
1005003160913191
32880785948
33034145051
32858542065
1005002400141595
1005002931181358
1005003166671377
1005002688011281
1005002624714603
1005002917232575
10000325243697
32966052178
1005002672071555
1005002458172067
4000586073404
32882197193
1005003139710341
4000296637279
33043152004
1005003230865211
1005001914649078
1005001495765706
1005002599100570
1005003092944650
1005003313172976
1005002456854448
1005003162005744
1005001600446219
1005001812695583
1005002871205500
1005002268357726
1005002386172428
1005002801640833
1005003229049162
1005003144380290
1005002997590560
1005001731171262
32581738185
1005003354085170
1005003223580231
1005002466231499
1005003259502138
1005003217066548
1005002433130551
1005003349450366
1005002861437673
33002947285
4000909256280
1005002653378065
32975127792
4000300214360
1005003210964591
1005002946709442
32658895315
1005003325414430
32649234487
4000044931983
1005003278679473
1005003100209292
1005002821865196
1005003187497217
1005002559444885
33018889900
1005003021952029
1005003315902097
1005001757638110
1005002597489820
1005001465120406
1005003384710452
32836111610
1005002162346472
1005002519787983
1005001472460075
1005003275813969
1005003309852520
1005003149989019
32621899488
1005002870103485
1005003165293637
32975295825
1005003171830803
32840512033
32823705709
1005002321198093
4000817177191
1005003350607004
1005003208193276
1005003285210324
1005003341650812
32968445627
4000582496192
4000356601921
1005003282276152
1005003064697920
4001190078983
32877012402
1000008079616
32827825300
1005003098845011
4000188786999
4000640481869
32773409049
1005003152558770
32731561270
1005002762185146
1005002342974780
1005003108208221
1005003372063594
4000590303306
32876764875
1005003005100694
1005003299732519
1005003261704877
1005002927173830
1005003344513987
1005002549912384
4000135834296
1005002924683611
1005002863344848
1005003222339121
1005003308663581
1005002927343964
32839196790
1005001913528337
1005002033667222
32969263656
1005001617193244
1005003292002272
1005003108936485
1005002925665054
1005001350130738
1005003133419942
1005003044853699
1005003312633268
1005001871033858
1005002276928762
33014377591
1005002925054552
1005002608896880
4000468048288
4000223375021
1005003162242361
1005001627515414
1005002732672881
1005002988864972
1005002245824919
1005002254215577
4001257888126
1005003364805533
1005002895502352
1005002759734429
1005002252392305
32799249584
1005002625580033
4000366060232
10000050402091
4001020157150
32963437885
1005002924429830
1005001814154810
32703421035
1005003002811774
4001127320467
1005003131049879
32858813253
1005002771581657
1005001555320536
1005002381121454
4000893872789
1005002984380102
32651772311
1005003096057008
1005002311834236
32853936615
4001244939966
1005002085987697
1005002610268881
1005001526880215
1005003305950647
32864390695
1005003261995731
1005003014473321
1005003032720777
1005002172362324
4000019188039
1005003213502206
32819164880
1005003215399035
1005003321689451
1005002857838177
32776997535
32968292018
1005002389081755
1005003320742861
1005003181713343
1005001727806822
32964169108
1005002742590180
1005003171813222
1005002006716730
1005003224548725
32593785862
1005002539482368
1005002500272205
1005002435679442
1005002723343733
1005003216654012
1005003324710990
32813835082
32891404087
1005003363279603
1005003075830309
4000848884773
1005003225063272
32991919250
1005002605775046
1005003208522344
1005003265561163
32957492993
32883676877
1005002658958536
1005003108569759
1005003110152660
1005003371519633
1005002792303743
1005002734173777
1005003247560440
32845718693
1005002425548264
1005002887147817
32871835804
1005002717755087
1005002940478425
1005003040769006
1005002252932180
1005001265417308
1005001916464780
1005003118222015
32836158155
33012124817
1005003022414008
32859683817
1005002726169680
1005001296569900
1005001699419722
1005003319517498
1005001533858028
1005003391514625
1005002935321255
1005003065398173
4000987525005
32892921969
1005001482418261
32956712552
4001080409050
32463860497
1005002601063472
4000379362828
1005001856254749
1005002680028741
1005003016918213
1005002393325250
1005003134805196
1005003201398605
1005001280449358
1005002888601821
1005002239443699
1005003028192172
1005003205963750
32853073359
4000243155971
32959985449
1005003030232112
1005003130886536
1005002276069270
1005001683054554
4000777163718
1005003241324732
10000069483688
1005002014579609
4000287195561
1005002982408211
1005002400312544
1005002635103904
1005002966562406
1005002940358684
1005003182577117
1005003165704301
1005001865903049
1005001762249621
1005002292277721
1005002115056040
1005002434271506
1005002917646441
1005002768028149
4000379822882
32823564968
32880352315
1005003068593611
1005003239896767
1005001437029895
4001173774366
1005001877176076
1005002924388991
1005001887609618
1005001406026394
1005001364062787
32438035405
4001335083296
1005002438607740
1005002423628487
4000627336231
1005002952087481
1005002194375086
1005003312119283
32888307067
1005001291425303
1005003199011354
1005002043527184
1005002635058121
1005002647997840
1005002434774922
4000555783773
32590947880
1005002566402522
1005002716784671
1005003026981641
1005002641174520
1005003091599147
32980000629
1005002318281073
1005002494279986
1005001308799449
1005002260757590
32992424037
4000990451886
1005002467104075
4000320954103
1005001478087164
32891061904
1005002388454396
1005003160837916
1005001980618936
1005003389299079
1005002792087178
4000903435718
1005002055419930
1005002979413718
1005002220630819
1005001342942788
1005002965302214
1005002940043965
1005003038236219
4000279682081
1005002403839117
1005003337054831
1005003337693198
4001137655009
1005001771887763
32750137912
1005002658929942
4001316197643
1005002595479609
1000008000895
1005003367675753
1005002656842530
4000989465527
1005003292279713
1005003211015588
1005002920039025
1005001478589364
4001254424846
33060350788
1005002650704624
1005003127299579
1005003287215251
1005002963583779
1005003283509056
4001096945095
4000551398137
1005002943489755
33001799455
1005002244807628
1005003130619061
1005003100723010
32960451915
1005003221785789
1005003387797603
1005001786485570
1005003004060158
1005002954002553
1005002570280598
1005003279634588
1005003021944347
1005002961082512
1005002392440592
1005002313289759
4000955554438
1005003086939496
10000397682616
1005003225048602
1005002279424545
4001040916655
33034735456
1005003370877077
1005002729996405
32725900201
1005002732484284
4001204976612
1005002565880170
1005003198620749
32979361624
4001076854216
4000337095104
1005003330494845
1005002657076349
1005002317705840
4001296621760
32815880710
1005003192789486
1005002742899962
33004992005
1005003246073749
1005002176509984
1005002836347825
1005003064755946
1005002022484579
1005001469005497
1005003189734286
1005003381539370
1005002623872948
32849582675
32969809072
1005001544155505
1005002611497287
1005002787413571
1005002490399823
1005002301581424
1005003294244874
1005001387690899
32902190011
1005003376199378
32850656012
32309414557
4000641365458
4000238808411
4001035309135
1005003259552964
4001067009057
4001235290177
1005002431446383
1005003208437864
1005002614712257
32795509267
1005002813708289
1005003041744163
4000108556809
4000251309519
1005003129326779
1005003016222207
1005002044018724
32851467146
1005002983749445
1005002522505503
1005002307615912
1005001918217830
1005003195306152
1005003337623456
4000800149024
1005003333697820
1005003205152961
1005003365610688
1005003312093128
1005003305542286
1005003339425710
4000645155385
1005002122275784
1005003276019617
4000145490649
32992281340
32861713859
32806977632
1005002284157232
1005002905713410
4001158509786
1005001763732199
32946244744
4000232158231
1005002276913612
1005002105154793
1005002109707030
1005002965879545
32968284990
1005002136880175
33006374216
32799581379
32946680823
1005003146345540
1005003139682455
1005003069984251
1005003381009884
1005003151931954
1005003036891782
4000804780055
1005001500341336
1005002085038123
4001220309459
1005002716572345
10000344009393
1005002444430859
1005003353702639
1005003173523084
32811989041
32990543026
4001314968156
1005002433980220
4000682685071
1005002994682152
1005003250683091
1005002118999263
1005002970254206
32843964533
1005002430701412
4001016605230
1005001547778961
1005002305138157
1005001285519534
1005002939693930
32834649558
1005002532357466
1005002776074209
1005003221730579
1005002991524474
32930772712
4000589249075
1005002911697457
1005001417940926
1005003094980586
1005002443872611
4000193305188
32870436339
1005002668922111
1005002502022533
1005002314447308
1005003258799757
1005003067589529
1005001381572356
1005001741155941
1005001996675318
1005001535168007
1005001634368288
1005002348859226
1005002994381017
1005001975136254
33020150473
4000291777897
1005003243841974
32812912831
1005002680977928
1005002530308402
32826587352
4000301096444
1005002416491754
1005003198106709
1005002380594425
32444038245
1005002450331363
1005003197828891
1005003130940204
1005003193370313
4001227478110
1005002989823489
1005003388231437
1005003317661859
32989803982
1005002345080448
1005002568162944
1005002536303667
1005002804936607
32882263891
1005002593009674
4000896247324
1005002883496754
1005002757858861
1918902436
32890104787
1005002884995410
1005002304710498
1005001292772780
1005002702769227
1005001977569558
4000271591405
4000427015143
1005002868587599
4000882882435
1005003198742656
1005002755993319
1005002573237197
32919914334
1005002014749647
1005002289402678
1005003244512820
1005003188180220
1005003158979306
1005001303409870
1005002903701829
1005001894484911
1005003208249606
1005003064699586
1005002367695993
1005003341723875
1005002555242048
1005002383605124
1005002682075090
4001333002423
1005003264997115
1005002398138627
1005001548637691
4000866325983
4000592936094
1005002265110067
1005002774188443
1005003305317595
33003229390
32975639564
4001172454270
32802358313
1005001774345964
1005003254489994
4000717270660
1005003313952079
1005003082289665
1005001354877522
32868506968
1005002950420879
4000982438483
1005001724146916
4000939661140
1005001471260908
32864008444
1005003202792238
1005002521948795
1005003375713640
32918792348
32818926160
32697798045
1005001449552375
1005002859849479
32846838623
1005003168501145
1005002453358194
33033537043
4001131331469
1000001790476
1005003387332123
1005002734973626
1005003246075394
1005003389083105
1005002997352332
1005003208908195
33021342505
1005001617133462
1005003370817241
4000854322074
1005002738824037
4001285486179
1005003230471605
1005002013478341
1005002745038770
1005002731313745
1005003290042091
1005003124809997
1005003380492002
1005002898058562
1005002231924656
1005002208431476
32678432769
1005003276913407
1005002363408545
4000873521598
1005002596673238
32840409834
1005002754731575
1005001658202359
1005002705072634
1005002990741570
1005002872881676
1005002453695953
32820185960
32919320260
4001031598076
1005001267048059
1005002985877247
1005003340220120
1005001608813431
1005003342548701
32857410362
4001020143672
1005002161489351
1005003145416052
32568661254
1005002601023651
1005002841833761
1005003037236640
4001230227330
1005002375007683
32961929125
1005003258061620
4001170724497
1005003115461586
1005003009734783
1005002952488411
1005001447024643
1005002946967348
1005001757643618
1005002874494688
1005002329253730
1005001965052597
1005003108548748
33005870334
32861641668
1005003376218177
1005002935363722
1005002740121887
1005002748114679
32951079685
32872443843
1005002796738849
33010352250
1005002019108125
32853091631
1005003321637159
1005001567721019
1005002322460246
1005003266081620
1005003218578048
1005003320667109
1005002459747306
1005002275386575
1005002071942767
4001050328371
1005003092221597
1005003337763919
4000355029071
1005003033009550
1005003255547018
1005001452842310
4001366402693
32999561011
1005003158021015
4000274500830
1005002993982253
1005002397036428
1005002675951338
4000017602165
32999620079
33055608865
1005002008161343
32981723036
1005003261832929
32927390089
32843908298
32799717045
1005002998930632
4000552127138
1005002441625388
32731132405
1005003197951308
4001092081438
32749814964
1005003274776297
1005002229035204
1005002936045035
4000211420327
4001163796419
32844903756
1005003329593622
1005002843386133
1005001807572619
1005003313493371
33044842998
1005003346558204
1005002884855639
4000725277098
1005002709829154
1005003105152755
4000005621572
1005002822418574
1005002617733036
1005001718230611
1005001456973869
32972216950
32468010892
1005003002785420
4000349402985
1005001970897836
1005003144086973
1005002387007227
1000001714937
1005002899137758
1005001728454136
1005003375390344
1005003301107960
4000119594801
1005003349795724
1005003147123548
4001072317532
1005002982366332
1005003380101207
4000834431861
1005002287058352
32946493416
1005002277541889
1005002885184723
4000090218377
1005002891587935
1005001633253853
1005003380529903
32848023123
1005001620690366
32901124307
1005002918857254
1005002122535328
1005003222874585
1005003009894671
1005002469146904
1005001987296810
4001160680496
4000724120894
1005003119292505
1005003075752168
4000218668507
32876217797
33024652382
4000430567907
33020869345
925376378
1005001511445397
1005002883389618
1005003294770737
1005003129856484
1005002093823296
1005002044825132
32643505450
33016096268
1005002317114523
32777362398
1005002994690151
4001021123449
32809456753
32951971849
1005003101070092
32828869405
32862057648
32697845575
4000322499927
1005003034873767
1005002828134867
32676076680
32949742616
1000008263593
1005001933312653
1005002381045182
32846622509
32431872155
1005002111213113
1005002309658364
1005002700757996
32762110457
1005003060873613
1005001695505418
1005002107502614
1005001689853549
577636284
4000358290249
1005002168818578
4001222479593
32273967430
1005002598346340
1005003336963641
32686558781
1005003293084378
1005001525297894
1005002716758932
1005002661711877
1005003237941871
1005003063055589
1005002796844095
32970235296
1005003261862973
1005002861180674
1005003349905282
4000542274621
1005002756020424
32976378123
1005003043925399
1005002449434094
1005002258519497
10000343887596
4000990512172
32837332419
1005002463804495
1005002619917168
4001355840520
32955883459
1005002779913620
1005002599995305
1005003014225738
1005002447546231
4000387231545
1005001666398057
1005002307516836
1005002767769695
1005003134030506
1005003103501726
1005002512380666
1005003134571280
1005002502042406
1005002867801531
33036682802
1005003128185287
1005001798889055
4000963729940
4001119727212
1005003210032944
1005002240899763
1005003056151588
1005002673771741
1005001408610470
1005002313772391
1005001391769003
1005003098969821
4001236644646
4001078189718
4001078074510
1005002984714693
1005003205296025
1005002809636075
1005003037212633
1005002468893990
1005002824008528
1005002282810994
4001286779318
1005002341789649
4001078082918
1005003013030758
1005003131515097
32789393459
33040643099
1005002900619212
1005002860692883
1005002262809253
1005003083802770
1005002460308488
1005003390655910
1005002093229630
1005003347920299
4001233881307
1005003391413549
1005003374229866
1005002196262710
4000001264694
1005002059861534
1005003094922893
1005001804653070
1005002855052383
1005002997634143
1005002806208325
32940166524
1005002027744198
1005003314252153
1005002615738718
32889578077
1005003297927679
1005003333904292
32879369048
1005002932546424
1005003299970354
1005002425248296
1005002504539945
1005001579589908
1005001813480778
1005001914165930
1005001680623110
1005003200409059
33039106359
4001209025041
1005003113980666
1005002794368922
32897120378
1005002746170981
1005001616741036
4000529311525
1005002063254487
32973672695
1005003126271819
1005003199216517
33010050447
1005003352835363
1005002024293551
1005003192133747
1005001728710538
1005002598829226
1005002476779219
1005002982080547
4001213467809
33037340132
1005002692856391
4000882936138
1005003030405490
1005002973230515
1005003291450568
1005002739956287
1005003191767971
32956297736
1005002964645637
1005003067581319
4001138069960
1005003174773553
1005002389030965
32867455327
1005002989663177
4000466280820
1005003032464040
1005003009420500
1005002728190882
1005002758560310
1005003292189544
1005002347032554
1005001270313364
1005002907523726
1005002416128510
32867216405
32957311253
1005003365603675
1005003369053565
1005003338898314
1005003361746875
4001042750245
4001356504953
1005001977020928
1005002878995577
1005003211079989
1005003076366119
4000765427058
1005002715080107
32840131228
1005003229380695
1005002656564238
1005003157882346
1005003379394232
4001189257954
32950063950
1005002880417528
10000344105373
1005003182026215
1005003368984979
1005003337708340
32997725834
1005003346196035
32258769950
1005003311225734
1005003391267423
1005001441273802
32851976832
1005003243893610
1005003309188308
1005002420046600
4000794680873
1005002697008626
1005002024693130
1005001874738238
1005003110174875
1005002684004592
1005003365603675
1005002647282310
1005002775074299
32923962925
32964481862
1005001871107308
32998521225
1005002270657054
1005002333991457
10000397733834
4000540603168
1005003110641798
1005002795723611
1005003019656709
1005002678352893
32697261872
1005002947280432
1005001387795522
1005001907942446
1005001345113092
1005002774414364
1005001981060662
1005003246162996
1005002538103939
1005002600453846
32827556551
1005002702902483
1005003151939893
1005001598356883
32978308785
32320083655
33052615073
1005003112561352
1005002277677818
1005002386374619
1005002265331592
1005003149874634
1005003252130080
1005003311074402
33027873490
1005003024350966
1005002829308991
1005001737118484
1005003091937447
1005002889975732
1005003058463785
1005002104686207
1913475528
1005003051269500
32848816982
32805619651
1005002863487659
4000954421753
1005003293234665
1005002723343713
4000407692239
1005002082420519
32976146245
1005002695268174
1005002070303575
1005002096370253
1005001292636135
32823891887
1005003175664584
1005003201330398
1005002722702446
4000408070515
1005003158666034
1005002787241671
1005003351159988
1005002075126753
1005003339333626
1005003216642228
1005001572301388
1005003007786300
1005002392442849
32949519504
1000004719148
4000537922771
1005003385368804
1005001313717145
1005003329688846
1005003119794496
1005003268037035
1005001658490155
1005002787751875
1005003303247675
32898910230
1005003015383671
33009764350
1005002961375405
1005003089980572
1005003016722609
1005001894541768
32227135013
1005003339977083
32846890006
1005002790907090
1005002948401494
1005003233778688
1005002016885916
1005003363034450
1005003233926033
32855728032
1005002428468118
32863777164
32900471757
1005003339896012
4000899709659
32855998143
1005002084974768
1005003070429287
1005003099817637
1005002747155309
1005003124625201
32992127511
4000610068024
1005002704018547
1005002103878599
1005002811538212
1005002934471613
1005002637399956
1005002180764663
1005003357012766
1005003087240154
4000202233668
32947057725
1005001269639228
32878651100
1005002367707723
1005002133922058
1005002600087074
1005003276353222
4001331223812
1005003299527133
1005002946211075
1005002919702116
32962683694
4001237607531
32865250189
1005003053240512
1005002465052683
1005003004384173
1005003266085666
1005002935269684
32589573996
1005002532717968
1005003379489211
1005001998194924
1005003097839292
1005002762589010
1005002288414483
1005003029488666
4000346464125
1005002934499757
1005003384290855
1005003382839217
1005003084845298
1005002518999866
1005003109923912
1005002978658361
32858081929
4000927804048
1005003245458543
32827152455
1005002921728535
1005002664428180
1005002315222896
1005003367027649
1005002799382771
1005002491642217
1005002933966867
1005002137804363
1005001600727148
1005003066360818
1005002352984532
1005001960645426
1005003096091299
32603241096
4001189214776
32982891117
1005003336531239
4001162806807
1005003146229431
1005003313192980
1005003104895949
1005002256559227
1005002698342566
32870185927
1005003008865159
1005003087258297
4001223281826
1005002884223074
32578871557
4000248648786
32822219480
1005003183196551
1005002351942845
1005003175521238
1005003109660176
1005001525562066
1005002662611319
1005002925957685
1005003374961273
1005001836675057
1005001520866252
1005002790034317
4001235518061
32883890851
4000693486853
1005002947666712
1005003255864003
1005003322899739
1005002597221764
1005002306256167
1005003175911451
32844222226
1005003344595469
1005002769890498
1005003265973182
32949427413
4000734896440
1005002744939468
32913635842
1005003265922577
4000019087734
1005002316696925
4001189835068
1005002730557310
2054398754
4001171487232
1005003006425343
1005003297739142
1005001394035889
1005002893675855
1005003035781950
1005002017137538
1005001547226096
4000585522327
1005002497135754
1005002744553440
4001045338659
33043796262
1005003025713732
32644201360
1005001555542671
1005001460123417
1005002996019885
1005002618491175
1005002776316613
33011672370
1005003199553339
1005001989005492
1005002955478939
4000930371105
1805161950
1005002240451521
1005002775222482
32742600596
33002614152
32790722420
1005002540831789
4001130869593
1005002064434699
1005003027299411
1005001425284837
1005002780522612
1005003072331913
4001017773221
4000232702537
32956891514
1005001736764363
33001723796
1005003161900968
1005003382604960
32795751739
1005003066655212
4001111297364
1005003361878368
1005002829163162
32659349288
32978527234
4000745234776
1005001586796568
1005003343015752
1005002313340995
32784834722
1005003335797127
32810420766
1005002868573591
1005003275145264
4001079356365
1005002810047737
1005003198510250
1005003083848732
1005002734223329
1005002010972346
1005002553766446
1005003293313306
1005002483086309
1005003086597069
1005003239874536
1005003391162850
1005003040703382
1005003304553041
4001295107102
1005001633072499
1005002990542415
1005002266006954
4001333175402
1005003025744094
1005003272420723
1005001560831312
1005002758273514
1005003342156182
1005002006377464
1005002440105216
32809646251
1005001484279243
4001145256314
1005003279995530
1005001737924996
1005003282811995
1005003387794606
1005001930819970
1005003234683342
1005002790222342
1005002367752402
1005003008011729
32808163375
1005003230118941
4001293585172
1005003290564638
1005002702850887
32833423870
4000083472037
1005003114519600
1005003349480175
1005002739514348
1005003299046497
33007060432
32894471559
1005003141605849
1005002027632097
1005001459297479
1005002478398535
4001040018958
1005003204022846
1005003173495048
4000017844467
1005003359335928
1005002493533237
1005003183544033
32958456851
1005003026630094
1005002883794205
1005003119707861
1005002047085838
1005002882297925
1005003239592436
32746804721
1005003100613355
1005003142433168
32776109535
1005003009922118
1005002838356847
1005002984414606
4001252195127
4000549727885
32805936327
1005002919280060
1005003268774770
1005003287204792
1005003333363642
1005001773450606
1005002841885041
1005003315730617
1005003305690851
1005003293255156
32696668707
4001151102113
33036413875
32908167581
1005001946637508
1005002951706075
1005002667308369
4000789346824
1005001412726499
1005003385188858
1005001494566288
1005002739133617
1005003049592925
1005003336418082
1005002877988784
32861368093
32922186796
1005001299634598
32993787337
1005003286690054
1005001556872483
1005002346085201
1005002105257333
1005002680028741
1005002859584931
1005002265063943
1005003205260180
32677477779
32499475076
33003758075
33046079307
1005002751702045
1005003017524387
1005002836903341
4000786445775
1005002989087136
1005003371466031
4000574987823
1005001489574246
1005003311616431
32962871316
1005003282400522
1005003283402807
32719259731
1005001860223944
33062771915
32990940302
1005001710472646
1005002906597337
1005002014639907
1005003240412479
10000204869155
1005002823344210
1005002744975496
1005002381452058
32974187411
1005003226011939
32985459956
1005002944945429
1005002822443644
1005002637507129
1005003157582990
1005001762809789
32909648974
1005002047302473
1000007446871
32987482243
4000160478372
32964129006
1005002786965752
10000383326201
1005003190837959
1005003197548745
4001085293741
1005002629878321
1005002563657371
32634152958
1005003323217759
32864496879
32959135745
4001169508914
1005002592359718
1005001680625512
1005002383820583
1005001657761634
4001332308340
32880457114
1005002875015682
33044783575
1005002409489261
1005001412244000
32881445307
32681506641
32949828402
1005002632413249
1005002789737037
1005002938389329
1005003221715774
4001157120943
32726772481
32862271139
1005002586374103
1005003071153273
1005002397689990
1005003219657459
4001072045035
1005003111408943
1005002253082750
4001244499369
1005002788564599
32899068640
32890222756
1005003112049950
1005003097873880
32948523586
1005002484762058
1005001770669612
1005003341322000
1005002656355753
1005002306614311
1005002882634055
32825653083
1005002637573492
1005002681099543
1005003388486345
1005003282833584
1005002918119174
4000542425171
1005002863033916
32823877776
1005003318247590
1005002411108082
4001072292820
1005002912334571
1005002333701759
4001183096928
1005003021779813
1005003258406375
1005001669654513
1005002368169421
4000040675902
1005003115349548
1005003134052180
1005001530962142
1005002935068840
4000805144990
1005003323446268
1005002563822947
1005003378461703
1005002865045211
1005002504115194
1005001592583957
1005001779936056
1005002753619407
1005002822103681
1005002481564088
1005002605144592
1005002128343848
32892352972
4000382333442
1005003129972065
4001179270880
1005002981378508
1005003345380668
1005003376751089
1005003160763918
4000405632253
1005002723860167
1005002104735741
1005003251891931
1005001596740913
1005002320897263
1005003120730024
32860923215
1005002813205593
10000344011176
32732327746
1005001814038827
1005001319677970
1005003190959751
32829225091
1005002398392522
1005001785307092
32759333078
1005003301186067
4000145679784
1005003169972087
1005003297716708
1005002547369603
4000064804867
1005002232436906
1005002912538824
1005001479942937
33032062448
1005003175889957
1005001856030639
1005003088500928
1005003287679715
1005003269826576
1005003222892965
32848618767
10000400026451
1005002871956024
1005003140217351
1005003222901661
1005002667415433
1005002956616773
4001270501208
1000005451322
1005003338062388
4001184661688
4001050494365
4000232834029
1005001375238357
1005003085295974
1005002715847931
1005001986381487
1005002854995162
1005002738921567
4000187446322
33033759662
32664047450
1005003041421591
1005002328786107
1005003043687005
1005003187580833
4001047243205
1005002820740547
1005003366039214
1005002997837995
1005001882286930
1005003367528283
1005002492011953
1005001639352687