1005003059377654
1005002503977814
1005003318323754
1005003391121656
1005001459684376
1005003118611368
32971896664
1005002700728949
4000490067410
1005001845246940
32708319181
1005002876037587
1005001284799521
1005002320174223
1005003311099973
1005002732449631
4001105543701
1005003135623356
1005003218545924
32830416504
1005002495736909
1005003211550323
4000311074492
4000145927448
1005002287640257
1005002107657267
1005002669730360
1005003023601319
1005002530479269
4001068401347
1005002808950646
1005002443529092
1005001844495482
32924218986
1005002516561393
1005002027811578
32820704658
1005003147936532
32804827326
4000043370044
1005002907900788
1005001802427323
1005003341245270
32979305255
1005003026629691
1005003080245264
1005003288563846
1005003352035601
1005002927181912
1005002643451447
32840655746
1005001908411930
32814535853
1005002965583499
1005001785867035
1005002525023286
1005002069529800
1005003068443697
1005002159013370
1005003179319724
1005002333663918
32721853476
1005002753368211
1005003109569452
1005002710301507
1005002484923881
32994859705
1005002543469298
1005003287181438
1005001560035893
1005002306614282
32987258994
1005002687417683
32810532731
1005002658277818
4001293953377
4001187863512
1005001845195928
1005002789301835
4000648924806
33000861367
1005003304631509
1005001571373156
1005003266261243
1005002846137588
33046291812
32846245998
1005002656412584
1005002761447400
4000242683953
1005003229714259
4001187648067
32931373761
1005002504109991
32934919598
1005003312147754
32831690907
32974769454
1005003183172755
1005003086473805
1005001844433459
1005002940263663
1005003083851229
1005001902965119
10000397738059
1005001618160129
1005002317522510
1005002316437334
1005003263852003
1005002260744900
4000151003069
1005003020765846
1005003012989994
1005002611742772
1005003002818410
1005002610926090
4000522586344
1005001361377470
1005003092923426
1005002552680902
1005002081444469
1005002978033560
1005003287529372
1005002355298395
1005001852415671
1005001576058430
1005002837931453
32790201476
1005002997551930
1005003208597998
1005002605224371
1005003066014899
1005003149888047
1005002859303836
1005001913833496
32976860513
1005003021998370
1005001321022872
1005001786860549
1005003259243305
1005002717504912
1005003318337425
4000472767369
1005003096971116
1005002949272276
4001200589475
1005002373308164
1005003087769236
1005002727368369
1005002782660159
4000264539385
1005002754307264
1005002748234071
1005003239891390
1005003086587134
33014839565
32975927360
711664438
1005002321017333
4001135760069
1005002401074766
4000893974576
32873039335
1005003031287128
1005002404664890
1005003292126839
1005003253138352
1005003276767535
1005003373793378
1005003224391196
4000793406898
1005003092179924
1005001346419539
1005002993816785
1005003307394564
4001190321678
1005002076781722
32869231893
32981398328
1005003314163186
4001086894953
1005003339258969
1005003320262623
1005003371351237
1005003289845232
33024554617
33020157106
1005001387631573
1005002476293326
1005001763236998
1005002511175473
4000011962779
1005003117884041
4001022498589
33046532441
32951762867
1005003389660352
4001014548662
1005002756650106
1005003094601072
1005002551701997
1005001617143577
1005002523863592
1005002605191624
4000795113944
33027791632
1005003312120605
1005003328414535
1005002821775916
1005002368974191
1005002329276179
1005002946643698
1303851141
1005002998930632
1005003194912884
1005002982215796
1005002969678513
1005002870751606
1005002975842915
1005002211415712
32812165616
4000850927923
10000343893045
1005002097252355
1005002754172584
4000004547820
4001142083051
1005002702335455
1005002946577160
1005001650863659
32829013969
1005003384019565
1005003196407805
4000726114340
1005001376302438
1005003118154490
1005003205317109
1005002084866080
4001142969932
32868789196
1005003239570379
1005003211108295
4001115777999
1005002244481005
1005001459455878
1005002542542447
1005001590272636
32347595997
1005002621150191
1005002964238298
1005002664637303
32735101777
32830512633
32809418734
4000079921009
1005002954588868
1005002484587603
4001060626050
32799514137
32915090324
1005001423756808
1005002329598630
1005003063436836
1005002020170612
1005002506391527
1005003299333236
4000404469365
1005003342258984
1005002176328708
32992792003
1005002914029038
1005002530988921
4001171992758
1005002613021737
1005002722679894
1005003061986281
4000224176540
1005002933029888
1005003076612336
4001037399667
1005002582574300
32990387486
1005003103316203
4000377968886
1005003299669544
1005002606056242
4000628153852
1005003082118413
4001298891251
4000107477726
4000800197442
1005003344133856
4001156070229
1005002634809065
1005001556956921
32845947658
1005002280268741
1005003107157773
1005001320335351
1005003256149237
32962703532
32898375451
33027023553
33005975025
1005002666260496
32835337046
4001016471535
1005003228287703
1005002497449506
1005003325937960
32771630557
10000281602513
4000902142782
4001142968996
1005002525652544
1005002546886546
1005002602610520
1005001666842727
1005003092143771
4000498871495
1005002688271338
1005002894685661
4000237671285
4001078878622
1005003173927993
1005001680303479
1005003376419261
1005003149574750
1005003331612848
1005001923884553
1005003207245024
32878153684
1005003040300400
1005001339738122
1005003188481549
33039752493
4001031102288
1005002212167049
4000274659866
1005003273728765
1005003342166259
1005002314138578
32956138944
1005003032992906
1005003378263179
1005001387735664
1005002526623595
1005003387700123
1005003211993285
33013945461
32950043506
1005002401798838
1005002350408464
32965569884
1005002668039974
1005003350435917
4001106686693
4001123711838
1005003287572910
32855209586
4001277640750
1005003113484078
1005002052365347
1005003108511317
1005001373442342
33005592224
4001302708340
1005002995976636
1005002901266288
4001241868178
1005003123028870
32732323511
4000097567311
33036622604
4000792493560
32855024647
1005003039451206
1005003332677077
1005003219462770
4001248687701
1005003147286424
1005002703256912
1005002564139195
32740433594
1005003251746217
1000001528043
1005002066255531
4000453440009
1005002884935765
1005002978522219
1005002758173483
1005001551713408
32947617380
1005001941041496
1005003141919296
1005002944377245
32862974362
1005002368292090
32856896871
1005003205099142
33031768451
32889954935
1005002793960127
1005002994237941
4001218865025
1005002869952911
1005002916831972
1005003336934254
1005003108209380
1005003265172767
1005003103440042
1005003277853745
1005002321030445
1005003201812946
1005001979312592
10000397746764
1005001836926735
1005001670097116
1005002084048350
1005003019839253
32822175019
4000145001873
1005002084030465
1005002143328002
1005003017576803
1005003082665924
4000394112617
32773223845
1005002894112945
32965051583
1005001693374307
32904518381
1005003019139950
1005002986847212
4000595809219
1005003096159660
1005002439528808
1005003136126302
1005003363175086
1005002687008440
32353922771
1005003298325053
1005002022659898
1005001943624534
1005002702717126
1005001843377147
32958622858
4000092666535
1005002318108707
1005003312129412
4000241538258
1005002419782342
4000327538893
1005001922604522
1005002920242872
1005002701737853
4000589398953
33004785565
1005002789215226
1005002503390464
1005002674895617
32533784481
1005001895724154
32725945803
1005002328178338
1005002940209493
33003175796
32809101055
1005001804056056
1005001838570242
4000326421405
1005002612256847
1005002674965931
1005003199727341
1005002862128274
4001311141353
1005003070322668
1005003092766231
1005002176471938
1005001676891324
1005003286774851
1005002602527969
4000607705888
1005003150701150
1005003000988816
4000052779315
1005001591713587
1005003146321748
1005002747917696
4000290123041
1005003250198596
1005001658064250
1005002925817087
4000414632830
1005002485721716
1005003178903920
1005002466982060
1005003128702379
4000627668865
1005003008422009
1005002311357877
1005003081890048
1005002964576520
1005002338888305
1005003202850140
1005003276575904
1005003170636507
1005003222480439
1005003212297535
1005002746539274
1005002328439226
1005003180897091
32906205140
1005001638809826
1005002147889269
1005002829548476
1005002386347197
4000467193759
1005002488604920
1005001581896229
4000089501887
1005002871248275
1005003320600062
1005003191572629
32959748794
1005003179361575
33038969703
1005003359838314
1005003127674188
1005003330228853
1005001445796926
1005001796453808
32907018036
1005002729119278
4000326540563
4001234357862
32844387288
1005002611581092
4001034541789
1005002080613410
1005002340145560
1005003240995502
1005002367339787
32974961894
1005001493637889
1005002355067842
1005003195574353
2005724485
1005001345102078
32896740595
1005003286862709
1005002711959970
1005003375403629
1005003199002818
1005002344929973
1662419463
4001231244345
1005002798868276
1005002333582005
1005002314479473
1005001447256841
1005002417611832
32950848766
4000467457340
1005002431054770
1005003096348833
1005003204041137
32365697703
1005003327126059
1005003081775757
4001239116094
1005002592501813
1005002984582237
1005002728512248
1005003092743050
1005002548604212
32250310376
1005002761717061
32877151287
1005003114164806
1005002724509498
4001055832964
1005003281905381
4000068690691
33038584395
1005002342776905
32849704361
33000935300
32951024015
1005002860137050
4000689809994
1005003347088235
1005001571857140
1005002618489934
1005002572673075
1005002229959906
32949897074
1005003107098765
1005003244663450
1005002642675740
1005002965522134
1005003028103399
1005002915302943
1005003387066765
1005002232178297
4001296052370
33057136200
1005002244502866
32858072804
1005003154285889
1005002308789928
1005001586883828
32805041124
4001058866087
1005002769840492
1005002970743216
1005002759942813
4001153179779
1005002378975574
1005002812669873
1005002609780919
1005002582562546
1005002564432727
1005002798340049
32852219700
1005002410927071
1005003235999720
32557281204
1005002686306199
1005003019753818
4001358370268
1005003215775650
1005003305332591
1005002781366981
4000743964898
32814560466
1005003211878373
32791112884
1005002679782904
1005002797638174
1005003072419596
1005002375251327
1005003328993563
1005002291197429
4000981690024
32933045565
1005003211741804
33014336170
32892602210
1005001280307136
1005003337180271
1005002314357274
32859310435
1005002662087555
1005003272097929
1005001804827199
1005002771350687
1005003138996093
4000574783664
33017402452
1005001992352498
1005002963227490
1005002657105353
1005002963178176
1005003141382468
1005002506010354
32979403433
1005002311954195
1005002372288687
1005002595355671
1005003349626132
32974285109
32279188620
1005003143934964
33005131714
32350974632
1005003218695089
1005002037431023
1005002915572172
1005001304004940
1005002235531956
32970283758
1005002108518859
1005003134075253
1005002496927713
1005003255776811
1005001781014960
4001249699988
1005001640885102
4000497396622
1005002967265848
1005002311805468
1005002242586574
1005002960572526
4001121535474
1005003106097636
1005003341783935
1005003152871243
1000006832042
1005003346874172
4000347338499
1005002608896678
1005002142883774
1005002123299947
1005001867774777
1005002910335475
1005003306899636
1005002096067162
32922423862
32811887154
1005002656950452
4001186460327
1005003228767221
1005003005053115
4000960231573
32816240892
33061178930
1005003272712745
1005001702831041
1005002978147189
1005002346078990
1005002272380570
1005003261746861
1005002734962221
1005003027027920
4000467580580
1005002708837171
1005003314168829
1005003232981903
2046080270
1005001274112069
1005003290393151
1005002421065304
33050702752
4000832121855
1005003066220312
1005001639921375
4001327287460
1005003004013784
1005002787042051
1005002278636415
1005002971059430
1005003100040884
33018740972
1005002833515159
1005003302639499
1005002771472069
616409974
1005002210694378
1005002979365506
1005002379242596
4001359545325
1005001648896975
1005003058926718
4000190857314
1005003219115762
33010676213
1005002951247328
4000680097859
1005001860718817
1005003066051125
4001160327531
1005001807957786
32788776193
1005002898240576
4000267324418
1005003063240897
1005002742111288
1005002625328614
1005002991286586
1005003005151852
1005002695716629
1005002610069885
1005001977660723
1005002836977562
1005003171557267
33046340809
1005002852372289
1005002946264470
1005003384976767
32920606556
1005003129650536
1005003081632972
1005002492283982
33006833414
1005002918076373
1005003069637727
1005002972738688
1005003380523219
1005001369763757
32850215188
1005003008984786
1005003114672287
4000479766511
32408397211
32832536681
1005002882998217
1005002882990705
1005002847797742
33020011172
1005003255330929
32746841991
32932970357
2029388483
32983822366
1005003008079119
1005002785113038
1005002174921552
4000708702995
1005003395560094
1005001544225572
1005002886413976
1005002562056237
1005002485067775
1005002991265412
32970434114
1005001617978264
1005003194533028
1005003263049778
1005003026605205
4001230775239
1005001607207138
1005003299078703
1005002876314363
1005003224104446
33029468531
1005003297964794
1005001430424155
32876031753
1005002104557488
1005003276740221
1005003006447593
1005002835457487
32613791081
1005001971361681
1005002843746715
1005002279607224
1005002989811252
1005002611644723
32973113588
1005002426172906
32816360333
32645379940
32923354046
1005003334737932
1005001822054262
32587682970
1005002660679910
1005003227748430
1005003325324964
1005002482173772
1005003044230953
4001229010330
1005002253994396
1005002830892679
33005781241
32962057128
4000092738555
1005003095565359
1005001818821006
32970249271
32610599129
32735782588
33012203398
1005002084054314
1005003186156863
1005003308886168
1005003291181359
1005002410969203
1005002879865582
1005002128443777
1005003367769568
1005003385401188
1005001419151564
1005003306034426
4000340486027
1005003094221426
1005003056578343
1005002643039363
1005003250534359
1005002687246171
1005003335764786
1005003343030263
4000244807591
32959723612
1005003325770597
1005002271894609
32982173536
32421299896
1005002483423427
1005002394514559
1005003204115494
32927654191
1005002716312878
1005001575306645
1005001620958938
1005003014846783
32681327775
1005001814967274
32881955330
1005002314555959
32864942338
32856188135
4000329420177
32968498742
4000334665475
1005002882162045
32971491590
1005002389354788
1005002870270575
4000336589462
1005003146347905
1005003147984755
32966470252
32848472973
33044899621
32703371063
1005003221808542
1005002574849527
32852359202
4001192997329
1005002630165705
1005002009773510
1005002424904691
32978399188
1005002074762078
4001053791273
1005003028389529
4000853235248
1005001889944048
32664487661
1005001567314901
1005001768799667
1005003089334573
32723872830
1005002746902073
1005001315462349
1005003164750891
1005002297666073
1005003351660453
1005002347297296
1005003232000397
1005003392370010
32876112906
4001215147387
1005003193176759
32894090061
1005001518496445
1005002619060213
4000225948075
1005003319875291
1005002826979735
1005002271898063
1005001893442712
1005003313932113
4000049289031
1005002285408646
1005001280406002
4001256009407
1005003058368604
1005001483944127
1005002971048428
4001213840319
1005002771892547
32590253304
1005003385273800
1005003356084379
1005003020819065
1005003044505694
1005002616816544
4001248028857
1005002677828874
32808907321
10000397711000
1005001620271937
33050665761
1005002601395578
33012793434
1005002571136448
1005002939371613
4001327541232
1005002711203431
1005003191694250
1005003261650491
1005002635550429
1005002954311377
1005003171269074
1005003140464361
1005003209308622
1005002725801435
1005002394096347
4000318801584
1005002978313560
1005003338477775
1005002798803926
1005001344567930
4001066855758
1005001351517983
32966563690
4000988035007
1005003105073560
33042233173
1005002940895373
1005003383000729
1005002570416724
4000774107806
1005002755751378
1005003198421035
1005003201059482
1005002799730515
1005002836696332
1005003002683342
1005003092398682
1005003375651599
1005003221251840
1005002656756388
1005003151561602
1005003280875475
1005002841917984
1005001941295422
1005003095391539
1005002024745817
4001041801020
32863474686
4001110861509
1005002308971377
1005003341721947
1005003367822564
1005001621846449
1005001999098111
4000217880852
10000173555876
1005001998480431
1005003191121324
1005003370531324
1005002466286693
4000510979085
1005002778218319
1005001413097476
1005003337447940
1005001845287380
32359329102
4001093541638
1005003240672184
1005002814058082
1005002225957778
4000472601832
1005002324803844
1005002604572443
32888484458
32950004766
1005001971679802
32747584977
1005002085716231
1005003097477150
32800678543
1005001398118410
32969338233
1005003135048499
1005003187130870
4000885413710
4000677153995
1005003329504402
1005003377368657
1005003023454276
1005003282061487
32952843484
1005002023834992
1005001350774865
1005003074911514
4001015084522
1005002014856154
1005003134128310
1005002305161580
1005001527100183
32995775375
1005003021898159
33035388418
1005002518018292
1005003158873510
1005003032419615
4001284683667
1005001882599689
1005002854458213
33029468531
1005002956656896
1005001870295701
32933074596
1005002746093072
32717371170
4001229107728
32801272657
1005002967559437
32970202443
1005002660776294
1005002932269726
1005002921897297
4001042469114
1005002244052591
33045610231
1005003208456649
1005002871617798
4000936081853
1005001617098478
1005003255752749
1005003277755974
1005002485588264
1005003378108338
1005003068469759
4000772781990
1005001290952863
4000344634271
1005002615195827
32827389709
1005002512265096
1005003391197515
1005002532745233
4000071157092
1005003050231413
4000418406001
1005002492008942
33013623573
1005002660617379
1005003366270250
1005002496150910
1005002985374688
4000052520542
1005002612435493
1005003025144907
32829430474
4001231542989
1005003329819487
4000267155710
1005001736719564
4000926226496
1005002434506319
1005002882397735
32984690609
1005002433584319
1005001758847266
1005002394096347
4000285658944
1005003332713755
1005002727548028
1005002114769462
1005003211492519
1005002180911304
1005002592902262
1005001824065150
4000195764820
1005001921369606
1005001705716133
1005003347041449
1005002631682239
1005003356192302
1005003356050686
32832847274
1005003063522154
1005003001335999
1005003195565403
32823099237
1005002966706647
1005003173026594
4000097771206
1005003211505539
32833104934
32947222201
1005002357692041
32844459596
1005003099066390
4001037971303
4001227549476
1005002297909176
1005001474031859
1005001381135108
4001096219110
1005002884573537
4000039601397
4001073899597
1005002540935387
4001139402269
1005003190681142
1005002766365402
1005001803904630
32801872443
1005002563574061
32866352668
1005001933768433
1005002583083361
1005002878066847
1005003305296033
1005002680702936
1005003384767621
1005002604382660
1005002876781249
1005003267327636
1005002812960664
1005001290409898
1005002872536619
4001235454789
1005002777070315
1005002835581693
33013207308
32914399991
4000210286355
1005002428538434
4000706111043
1005003340381071
33012310550
1005001850605487
4001042286347
32841052560
1005002567656775
1005002743474959
32841731995
1005001414572141
1005003318717341
4001213255031
1005003150333352
1005003328280679
1005002541223218
33014164493
33048942180
1005002754658530
4000204624783
1005003309142345
4001275749585
1005002408078077
4000792928240
1005002863122592
1005002965084312
1005003306827624
1005002802266745
4000874718069
4001332196480
1005002101186760
4000636002383
1005003016924689
33058515076
1005003253226046
4000072341338
4000662683199
1005002258524741
32811811553
32956298624
32825522206
1005003285899095
32403427943
1005003073661973
1005001557829491
1005003148086265
1005003038233058
1005001736851562
1005002975612708
1005003303460185
1005003246248682
1005003112713666
2051549149
1005002532283585
1005002506204228
1005003325326995
1005003361939330
1005002966286873
32605545229
4000666119034
1005001465340426
1005002900454344
1005002773717373
33002349947
4001258569716
1005002704649833
32750108686
1005003386332412
1005002727255441
32982236315
1005002949076738
1005002626158132
1005003094087623
1005002553434588
1005002069739074
1005003228860244
4000311927626
1005002986368430
1005002991967094
1005002522980381
1005002175869457
4001175531445
1005002363290644
1005002845943325
1005001275995159
1005002955212579
1005002006919605
1005003086616246
4000553247175
1005002636171843
1005002133833002
32911838833
4000193136671
1005002878487174
32858661592
1005003095611183
1005002710366311
1005002297139909
4000629936390
1274122993
32831549703
1005001928640503
1005002864511013
32972835024
1005002834924739
4000628712920
32360846215
1005001441644452
1005002025468382
1005002947155039
1005002705360113
1005003259895920
32998981729
1005001894877334
1005001721287829
1005003244464503
1005002989729418
32957924971
1005002420536439
1005002688226598
1005002901077774
32721448110
32886715037
1005002212945506
1005001587199535
32955388019
32917175459
1005002739211422
1005003013838204
4001257082098
1005002718336919
1005001920877210
1005003309074672
1005002576487616
1005003242441421
1005001413443363
32962055194
1005002953694904
1005003297585672
32968728633
4001142056391
4000856872519
4000085501357
1005001872885492
1005002409972629
1005003368872864
1005003012973717
4001261279504
1005002033500917
1005002978008238
1005001965498190
4001287803237
1005001527237854
1005003385328625
32737092758
1005003150600238
1005002742024999
4001104331349
4000536436656
4000348356379
1005003062706480
1005001987891502
1005002315429488
1005001646395550
1005002939312851
1005002050949936
4001165372701
4000833089067
4000117311112
1005003315972634
32844415691
1005001709259081
1005001982317550
1005002680825222
4001119596266
1005002204127953
32957959467
1005001749442231
4000151563454
32863349160
1005002762549617
1005002977249003
1005003121737189
32804890336
32716623913
1005003033421495
1005003299164864
1005003265036498
1005002453897350
1005002475375868
1005002554642647
32849145044
32985198048
1005002284526696
1005002637300028
33017684155
32890241886
1005003184037308
1005002983752190
32610299627
32998397917
1005003161277752
32806210409
1005002724506665
1005003327604248
4000140038008
1005003391207845
1005002582423829
1005003103291797
1005002161742883
1005001393643786
1005001469452398
1005002295235744
1005001608715697
1005003267728366
1005001406688367
1005001852248728
4000935368712
32803862795
4000878760513
1005003333450656
1005001487945561
4000851843233
1005002752513937
1005002720827998
1005002421265747
1005002454320393
1005001639358845
1005003208232009
1005003199357102
33044531310
4000299373391
1005001864291101
32982478385
1005001469212380
1005003096642432
1005002990760010
1005003178373253
4000287281764
1005003001212486
1005003152495670
1005002187934519
1005003141605779
4000170621179
33024642640
32994004005
1005002324047221
1005001429731957
1005001398854453
1005002332209519
1005002316062261
1005002392351074
32861190651
1005002487187794
1005003274485112
1005001577287283
1005002794102455
32860311688
32998370818
4001338180722
1005002563783060
1005002458436358
1005003148180257
1005003125729908
1005003184532057
10000395228532
1005001503064756
1005002982867819
1005003259801171
1005001859397567
1005003283549957
1005003188689175
1005002289017726
1005002701289786
1005003135385192
32814948693
1005003110218455
1005003244549518
1005002540561307
1005002666103801
1005002515378343
1005002937833902
1005001954086708
1005002885070134
1005003036890103
1005003206455788
33057118863
1005001597745487
1005003107200493
1005003132828641
1005002971122298
32972795380
32741369376
4001285208808
1005001560821702
32713438054
1005001764939420
1005003012085283
1005001587671825
1005003298569398
4001119838666
32869686748
1005002374655474
1005003196852888
1005002988126119
1005002945185104
1005002569405058
1005003033038592
1005001821874276
1005001341091816
32968583101
33010305527
4000154102623
1005001965612057
4000921664026
1005003329401277
1005003363324173
32916141815
1005002061409875
1005003059593545
1005002669183357
4001198125104
4001065959986
1005003080870837
1005002888523508
1005001515227614
32811344493
1005003328447551
32908046408
1005001366095542
1005003014781540
32697302068
4000341496182
1005002001981185
1005003316707911
1005002652787353
1005003299591404
1005002989814767
1005002982507383
1005002964650051
1005002618778632
1005003226546679
32893011361
4000856713813
1005003121966338
4000751557729
1005001571960905
32529989811
4000445399214
33017480605
1005002674018050
1909775840
1005003036924055
4000333533326
1005002277644294
4000310491039
1005001510071481
32837838132
1005002129890614
33030750005
1005003044788237
1005002747449085
1005002223822828
1005002539634453
32583979025
1005003310617405
1005002003057281
1005003165066003
1005003051636456
32853679040
1005001317157365
33033873274
1005002659456719
4000986704765
1005003313885384
1005002371638890
4001189214776
1005002279261177
32795333816
4000231628633
1005003234180018
1005001475537273
4000614135443
32842738994
32849791362
4001293857756
1005001750014924
32916270724
32847350045
1005002500667202
1005002587388723
4000986022094
1005001774035396
1005002239583892
32912335383
32963897716
1005003147298358
1005001804375121
1005002592497797
32999431470
1005003364403641
4000542495902
1005003015491608
1005001767889811
1005002496534945
1005002950858632
1005002808467914
1005002738973104
4000511671667
32926402370
1005002125798697
1005002778827034
1005002277797080
1005001851835158
1005002390113132
1005001438734099
1005003309938681
1005002234079628
4000479789813
1005001511404154
32969795296
1005002938947140
1005003233375356
1005002978228034
1005003372111571
1005002776047568
1005001937552078
4001088965855
1005003323573083
1005002907663303
1005003132012448
1005002900602739
1005003118347034
1005003139648770
4000620217340
1005002103981210
4000096034666
4000571114325
32822005873
1000006812951
1005003188152925
4000393292130
4001047856023
1005002440738725
32900099472
1005003135296702
4000811271401
1005001606720660
1005002912053827
4000263529830
1005001555521354
1005002204293657
1005002944233792
1005002918648558
1005003175744908
1005003376106672
1005002568941224
1005002513380388
4000994820621
1005002120571228
1005002616758862
32997226801
1005001548267667
1005002558332504
1005003180313210
4001299058198
1005002978602231
1005003340070269
1005003352291987
1005001927823666
33011374098
1005002212739612
1005001326325702
32860874465
1005003280951524
4000893575109
1005002259286311
1005002337929737
4000917306288
32892982507
1005002260779348
4000222685216
1005003189531519
1005002813211369
4001237968111
32974229718
1005002028606073
1000004559126
32965893649
4001037960098
33009716610
1005002583923780
4001164431096
1005002917559311
1005002920697668
32911818554
32819869229
33037807074
32973951187
1005002952394036
32900431727
32974845144
4001104298168
1005001340755424
1005002369237324
32240449078
1005002859595730
1005001912590301
1005002340758278
1005002550051509
32825639646
1005001824976918
32995357806
4001231375730
1005003040318337
1005002182377987
1005002825058838
4001070316496
1005003259795615
1005003178578806
1005001984575889
32809495574
32956854786
1005003317916087
1005003021263460
4000772420364
32844877354
1005001563180809
1005002392006495
1005002927052718
4000045729353
33052913237
4001047235100
32845298669
1005003385298050
32946384904
1005002365509548
1005001333367636
1005002677255731
1005003387659344
1005001808617351
1005002836181719
1005002639044278
32754085687
1005002663030306
33008430789
1005002998381771
1005003363873766
4000921798291
1005002515044913
1005002435939901
1005002661923223
1005002673117899
32971440182
4001337904774
1005001965390330
1005002253728488
1005001915190719
1005002518410973
1005002493928807
4000047983231
4001042762784
1005002861893574
1005002577387187
1005002835250061
33041649893
2045898749
1005002034590830
1005003248556342
1005003168060516
4001021749191
1005003086023776
10000343888548
1005003058034944
1005002322006351
1005002966328754
1005003342701521
1005002306057635
4001294327022
1005002682165836
1005003077674768
1005003328115792
1005001833775880
1000001697508
1005003083830729
32918976032
1005003263966431
1005002572263097
1005002996403568
1005002551386130
1005001578531678
32826266369
32922585541
32865134096
4001220773736
1005003287621702
4001038939334
1005003096827246
1005001731889831
1005002897374090
1005001505854785
1005003152078376
1005002032301106
1005002947062899
4001246826444
1005002241410895
1005002096294062
1005002390462155
1005003387815506
1005002795179273
33048689113
32859788580
1005003219417861
1005001622725634
1005003018345255
1005003172493060
32899843434
1005003336769007
1005003072885477
4000562175894
1005003094603365
1005001616883934
4001259422742
4000728033578
1005001566634234
1005003151285427
4000466284017
1005002253105531
1005003381066575
4000865437099
1005001756544869
1005002794410079
1005002322626478
1005002613964548
1005001575579878
1005003229645615
4001293127590
32981950266
32613875717
1005002996116275
4000291024503
4000246345478
33004812848
32903217634
1005003049642637
1005002688002884
1005001873207061
1005001576117611
4000659596438
4000219409486
1005003042375763
1005002633221242
1005001758105898
1005002785483199
4000791411808
1005003331470935
1005003105299489
1005002574004337
1005001606956264
4001256376866
4000868906927
33033487484
1005002076380895
1005003256023616
1005003270886675
1005001800092346
1005003000270594
1005002206458238
33038098395
1005003069913825
32676473167
4001034734045
1005003276106054
1005002481215277
1005003094250106
1005003340167034
32853380285
1005002061827293
32968844880
1005002758623363
32922063564
1005003332910650
1005003311467709
1005001525341741
4000994329205
1005002405563560
1005002589024049
1005003123430592
1005002922256999
1005002548759410
4001238874594
4001080151909
32830757070
1005003195442515
1005003003523735
1005002533430966
1005001854641142
4000796677265
1005002090919567
4001344953967
4000522246222
1005002979039616
32796528191
1005003387762328
1005001992676807
1005002259539349
1005003228562615
33018447853
1005002648885966
4000847826852
32820605438
33057512666
4000262232666
1005002462540174
1005002935259215
1005001582921309
1005003018498146
1005003376685470
32598859820
32725450528
1005002679073626
32969531863
1005002206343268
1005003300670499
1005003248550593
1005003303115242
1005002665896375
1005002042598412
1005003370869157
32986544167
32850525243
1005003291390454
32917891224
32809714166
1005001485585773
1005003227936188
1005001831503463
1005003221749280
1005003239907648
4000941399021
1005002575858407
1005002974704617
32985924870
4000765761774
4000415012446
1005003306776327
1005001403641336
4001065019486
1005003274232441
1005003257529173
32813170486
1005002900448681
1005003219381855
1005003344077464
4000895935709
1005001859627500
4000530638388
1005003356091128
1005002952840436
1005002753016779
1005002803706826
1005003197841129
1005002018969673
1005002379169696
1005002849710140
4001125742400
1005003007973995
1005003337736593
4000253611928
33003891772
4001360710308
1005001608898483
4001072313111
1005003062383765
1005003008018569
1005003342751087
1005001392452278
4001036691414
1005002685955907
4000225923943
32996971130
1005003031894720
1005002583037774
32823173773
1005002744829553
32962055194
1005003302017252
1005001553117664
1005002318955568
1005003327188962
1005003133486519
4000991758146
1005003342784121
1005003111495118
32719084986