1005002703982994
1005003340319827
4000939601782
1333760023
4000756794677
1005002320051599
32957811635
32919622999
1005002389557707
1005003368590339
32892616376
1005002362893384
4001110863463
1005002889890223
1005002568246070
33052611094
1005002841615660
32890186373
1005001285089272
1005002890565466
1005003156162765
32856243750
1005003076575120
1005002816803428
1005002610993533
1005003134994005
1005001825534851
1005003298431415
1005003274136015
1005003293087832
1005003212315382
32828104785
1005001582812629
1005002834188508
1005002316615499
32968710851
1005001468142720
1005003109972446
32845404461
1005001470197806
1005001552608832
1005002827961566
4001237591780
32908643174
1005002341507901
4000278748910
1005002295637320
32962729089
1005003246713476
1005002860665641
1005002683235829
1005002966277386
32854206604
1005003366593640
1005001344293888
1005003138884084
1005003218518891
1005001987596191
1005003312728085
4001120052486
1005002607680562
1005003327259980
1005003188901273
32958779873
4001275610329
4001205013497
1005003363721993
1005001833521546
1005003178272909
33040153514
1005002894310486
1005001439164073
1005002503883394
4000265323401
1005003315766113
4001106002052
32620904368
1005003073900698
1005003108323096
1005002837594855
1005002525057574
32923206248
1005003280078591
1005003242146907
32863454806
1005001679581826
4000538318941
1005003092030364
1005002995575682
1005003136088829
33000678255
1005001425328299
1005001847397441
1005002204127953
32890561303
1005003028075722
1005002248322454
1005002835716534
1005002705255170
4000152488443
1005002539543226
1005003066104758
32904908156
1005002443733024
1005002124763873
32987825877
1005002107518407
1005002176580734
4001156041938
1005002979722926
1005003288107685
4001314036224
1005002842608785
1005002320980300
1005002843147426
1005003031863600
32962308765
32862469695
1005002309505301
1005003094203481
1005003301576434
1005003334595118
1005003204028072
32920164642
1005003009928290
1005003127691548
1005003295028829
1005003098887337
1005001664528780
1005003120879871
4000837577290
1005002858620365
4001068358858
33014198336
1005002364959414
1005002986565882
4000061697068
1005003069000164
1005002794204151
1005003362062860
1005002254441209
1005002685647345
1005003070727862
1005002552329966
4000298901735
1005003223927106
32866519963
1005001921939745
33044154025
32815203879
1005003298927699
1005001286114928
4001225286266
1005002064646583
1005001574072301
1005003329634584
1005001570066750
1005002312609045
4000107141216
1005001984463788
4000244901426
1005002424162583
1005003349299453
4001039439033
4000593979434
1005002597439919
1005002705572434
4000132932565
1005001559905913
1005003345819240
1005003135752880
1005003297831303
1005001940596020
1005003268289004
4001221203717
1005002882188455
1005003081442773
4000257216235
1005003084776606
1005001923611163
1005003037454192
1005002002941957
1005002431224027
32495717144
32949153603
1005001562813908
32861183907
1005001287932626
32896462942
1005003384885639
1005001425351390
1005003352395668
1005002918109009
4000326361428
1005003324959241
1005003334233209
1005002344824031
1005003338005138
1005002658140839
1005002981980186
4000849363885
32954044732
1005003098911068
1005002441039520
1005001710639167
1005001577722547
1005003371819457
4000469073004
1005002040656503
1005002617254631
32953599500
1005003041707896
1005003252076872
1005001811075850
4000108482435
1005003287887231
4001264490611
1005002704661157
1005001529745595
1005001385492534
1005002604124257
4000023291748
1005001499252513
1005003175712157
1005002466996586
1005003098957338
33006831198
4000044820488
1005002120515085
33012363351
1005003303191659
1005002401864235
1005002938805104
1005001702764650
1005003058526862
32990162218
33000948583
4001104112987
1005003227629453
1005003071049792
1005002826356155
4001079948912
1005001391941094
4000509207387
1005003027041304
1005003327743984
1005002239610539
4000761808834
1005003344753141
4000858551719
1005002420978138
1005001907942198
1005003175889957
1005002527106812
1005003283280053
1005003322418483
1005002907578749
1005003160718352
1005003385117469
1005001763613205
1005002504117239
1005003154653149
1005003289846293
1005002573162439
1005002820333678
1005002815758115
1005003374715298
1005002717114970
1005001465117243
4000174064235
1005003351624067
1005002653268284
4001148082104
1005003129757957
1005002762855513
1005002953871733
1005002803963253
33006593575
1005003208440718
1005001360530006
4000626092407
1005003245756455
1005002547427452
1005003066100579
4000130139812
1005003355632690
1005003028863951
32642707065
32969839039
1005002875157961
4001221073188
1005002635394837
1005003001935539
1005003346151355
1005002453137701
1005002428110567
1005003314226233
10000342261465
1005003113686678
1005002400679767
32872467932
4000240619052
1005003140290907
1005003157660784
4000020569255
1005003007769854
32947878181
1005002753282751
1005002180886454
1005003221904658
1005002208249253
4000095814630
32902416322
1005002884381504
32979353688
1005001714304322
1005003010102253
1005002266420156
1005002955276642
1005002503537382
1005003095786653
4001293640868
1005003019587399
32859171101
1005002020675024
1005001694048447
1005001893353789
1005002553935556
1005001750417695
1005003066156176
32728264732
1005003373612521
1005001343343366
1005001539433405
1005001277918993
1005003385903587
1005003005533369
4000802649646
1005002890193786
1005003265547756
4000186493584
1005002517391654
1005003160468041
1005003294390235
1005003019351322
1005003277914092
1005002336163305
1005002743272166
1005003074322681
1005002891703797
1005002869102686
32663742244
1005003280117885
1005001576144202
4000072497619
1005003182766966
1005002841450357
1005002300846427
1005002027945631
1005002703793206
4000661027881
32978462027
32984801184
1005002850591300
1005001408932683
1005003270937889
1005002876558137
4001357201488
1005003339224745
1005002281503697
1005002524758156
1005003225011888
1005003141801271
1005003082497375
4001330828759
1005002239909740
1005003342231333
1005001955192502
1005003356225132
1005002212169987
4000898654142
1005003323882239
1005001894714219
1005002995362750
1005003236059054
32961318847
1005002945762385
1005002891676813
32968619505
4001058395883
32912808404
1005003259359980
32845915005
1005002766471295
1005001916577047
1005002862605787
4000313604120
32853285122
1005003125732858
1005002012827286
1005002749229771
1005002270731798
1005001788947791
1005003071939013
1005002177480449
1005003331014565
1005003136646457
32909420210
1005002262738423
1005003257608860
1005002271723717
1005003278955695
1005002820372450
4001260657621
4000465886550
1005003372469634
10000345046644
1005003298643868
1005002129936511
1005002963227367
1749598669
1005003211993544
1005002977722311
4001166215927
32960258904
4001268766290
32355536406
4000727047447
1005001632133705
1005003058974613
32885766178
32317403686
1005002363275279
1005003048353570
1005002490920823
4000865393481
32829542507
1005002963633762
1738223741
1005002302627196
1005002748762416
1005003186222179
1005001756628006
1005002272497194
1005001882693337
4001094864586
1005003219074458
1005003325745662
1005001430448533
1005002441124314
1005001624733336
32964261076
1005002847006357
1005002037302327
1005003271465007
4001104493013
1005002705072210
1005002937932903
4000893543919
1005002049058154
1005002062009294
32856593179
32975829310
1005002990613775
1005001451901813
1005003379957990
4001248623704
4000837402767
32999977509
4001294970200
1005002920770013
1005002150140028
1005002953694904
1005003136202608
4001036518967
1005003050187502
32905334337
4000983427517
1005002878420469
1005001393133892
1005003106060345
1005002814179596
1005002469591477
1005002796541354
32886206470
32456026644
1005003141973713
4001015036631
1005001357353853
1005003306592676
32950960699
4000105004419
1005002840092633
1005003092254710
1005001756120645
1005001274892825
1005003204274905
32855580193
1005003336761539
4000025303539
32989088495
4000325194382
1005002700173965
1005003345524003
1005002974624138
1005001914584832
1005002823136414
4000873666882
1005003219099233
32959451201
4000365880371
32988718270
1005002651801984
4000326865758
1005003389712788
1005002781595841
4000789429634
1005001970264699
1005001888390156
4000188428524
1005003001094335
1005003357260549
1005003379923641
1005003022641897
4000172808136
1005002717361539
1005003159954863
1000007476805
4000906343991
1005003210168720
1005003348590727
32767826994
1005002705562555
1005002925545434
1005002761709345
4000311564442
4001032206531
1005002771301177
1005001703018656
1005002978768279
1348937154
4000804719095
1005003369715556
1005002645990055
1005003014613862
1005002981425878
32954613345
4000859828340
32976042823
1005002694384676
1005003163152345
1005003335095258
1005002796004566
4001297941785
1005003299418982
1005003160210865
1005003193285517
1005002122280855
1005002863526483
1005001916380962
1005002793904147
1005001893355026
1005003007622236
1005002363773479
1005002607604892
1005001601940876
1005003336239344
4000407064504
1005003119836197
1005001714076108
1005003017047826
4000093344758
1005002878872116
1005003298512033
1005001593211496
1005003350769118
1005003330641934
4000040833682
1005003299067368
4000774280969
1005002387545471
32864308193
32286729323
1005001339409859
1005003299998855
4001255409457
1005003204167971
32976308813
32806603232
1005002874535365
1005002981784954
1005002734997363
4000627593515
4000559657769
1005001552371887
1005003296213230
1005002836909510
1005002336909994
1005002967616537
1005003259110273
1005003206413117
1005003124835691
4000789011282
1005002278676657
1005003201300046
1005002956811792
1005002856985255
1005002975863418
1005003301947045
1005002331476070
1005003339758695
1005002852843781
4000314502107
32849105651
1005002620002281
1005003264732815
32972182029
33037669897
33058606149
1005002637585340
1005003111916738
1005002310392310
1005002669600538
4001260692508
1005002988261437
1005002879121051
1005001468523907
32845677026
1000007579793
1005002616279387
1005001471069691
1005003258001613
1005001370707068
4000785414947
32848477773
32858113847
1005002460687199
1005002122418368
1005003086790886
1005003296613139
1005002398025545
1005002600681539
1005002336554001
1005001666525859
32713742681
1005002525125753
1005001685381336
1005002260489984
4001208166288
1005003337159368
32837470043
32885750333
1005002563587525
1005003160626998
1005003364815136
4001237512770
1005003150375606
1005002853009783
1005003089191585
1881274246
1005003183072109
4000402043602
4001148051401
1005002868996935
1005002769167983
1005003117872087
4000084891705
32885001698
4000771947492
1005002642653964
1005002439967565
1005003008617854
4000513603328
4000719768175
1005002241853667
1005002949977779
1005001883874687
4000643530834
1005003300495401
32885813836
1005003227479352
1005001343905881
4000889274367
1005003391273943
1005002428614643
1005003022296333
4000589338850
1005001501159854
1005003107098765
1005002559378577
1005003276088134
4001275010550
32459610413
1005002271469834
1005003359631256
1005002904598090
4000893785672
32961337220
1005002697128686
1005002288452729
1005002702424615
1005003339241308
32861811331
32790405478
1005002989891980
1005001313774900
1005002417052462
1005002098940792
1005003382010787
1005002716757887
33007493051
4000188773702
32724490044
1005003337769650
1005003353487845
1005003119915846
1005002006936939
1005002465323987
1005002397898789
4001178667146
1005002329736279
1005002482423119
1005003327597832
32889313600
1005001861104122
32956505768
1005002878989857
1005002925183722
1005003319142683
1005001431013507
1005002313972978
1005003078685199
1005003240052515
1005001561144200
32924551416
1005002885387688
32848799532
4001030043701
1005001505715189
1005002053560310
1005001371779407
1005002554258782
1005002687431524
1005002323371430
4001361605708
32820932984
4000898979324
32478650547
4000466410002
32925903116
4001043687782
1005002678817963
32962495720
1005001889694976
4000932011358
32812741023
1005002032528370
32904461346
1005002474095245
1005003149983484
4001255573689
1005003146359454
32663872333
1005001687859133
1005002212299346
1005002582197019
1005003129871402
1005003249054910
32871925292
1005003102425583
32825662202
1005002710357822
1005003032081905
4000868071972
1005003195495712
1005003200239646
1005003101696587
1005002617679869
1005003044856972
1005002932329482
4000927205347
33048796782
1005003263929009
1005003339272932
33020517878
1005002810134871
1005001588413523
1005002320889975
1005002450520243
1005002432222077
4000138386197
1005002483113268
1005002260074504
1005003385163966
1005003087145987
4001213585773
1005003105632789
1005003085459063
1005002264130254
1005003344897506
4000221714670
4001091150078
4000516422627
1005003164524922
1005002673276227
1005002855298042
1005001639678660
1738272288
1005003226010198
1005003077877496
1005003080564058
1005003157262211
1005002787102740
1005002810196232
32742074677
1005003265948214
4000987726303
1005003287212447
1005001564883646
1005002676323075
32855650468
1005003076439026
1005001615858669
1005003035619202
1005003003300796
1005002351979724
4000166948165
4001023201259
32965600557
1005003282230612
4000195757956
1005003219173654
1005003234619640
1005002672093885
1005002667993663
4000798142670
4000806536328
1005002337583139
1005002931594638
32965333690
1005003210740354
1005003088464252
4000771115821
1005002519664234
1005003325587778
32982189359
1005003057721649
1005001737326280
32720955161
1005002110488640
1005002012750704
4001245326608
1005002673700784
32734926003
1005002582838932
1005002716848261
1005002991738116
1005001406686496
1005003337437142
4001256009407
1005002457312870
1005003357380213
1005001436543217
33026268954
1005002288654300
1005002405444725
1005002703326537
1005001681976447
32840718801
4001310857862
1005002618775816
1005003171995078
32808682896
1005002971336662
10000343984145
32832283357
1005002282344410
1005002637915759
1005001543575436
1005001830336563
32610236152
1005003040425768
4000958840917
4000211725797
1005002316132818
1005003325235718
1005003170687279
1005002862670567
1005001770025695
1005002344299314
1005002817819606
1005003219527477
4000912752970
1005001468290261
1005002552956228
32835358225
1005003196393617
1005003064400699
1005003250602689
1005003133976294
32948310401
1005001313174066
1005002946202803
32816370220
32944334895
1005002552623226
32849616495
1005002769209163
1005003254381311
1005003038269719
4001141871654
1005001901888772
1005001419869089
1005002125799336
1005002388573848
1005003146398440
4000707469441
1005002656762882
4000987466280
1005003321537744
1005001789132664
4001219420877
1005002367474690
32858919215
1005003098751671
4000272883281
1005002710524875
1005002813232311
1005002810105255
1005002337744119
4000816989483
1005002767648072
1005001387696638
1005003106498262
4000755206565
32244062150
1005002883539436
1005003148594279
1005002262850027
1005003339864456
1005003080475867
1005002091119552
1005002830765640
1005002443665504
1005003202834258
1005002646197803
1005002376094719
1005002208496302
1005002982526608
1005003311878140
32884670106
1005002878572206
32820577080
1005002804660764
1005003326460199
1005001272548906
1005001984663106
1005002970955470
1005002554084736
1005002918187539
1005003205009601
4000723178062
32891527987
33014086995
33052343172
1005001813735206
1005001704641277
1005003336798935
4000921684160
1005003321367940
1005003327720277
1005002301710174
1005002727389731
4000839387655
32823119294
1005002907628536
1005003118946441
1005003051533698
4000731293372
32811431760
1005001597498655
1005002771068693
1005003145017166
1005002281229450
1005002700451722
1005002740423415
1005001266923143
32775133906
32918839626
1005003229607196
1005003283407780
1005002326265807
1005002723403712
1005003016630011
1005002833486458
1005001749071472
1005003329526457
1005003280420881
1005002737335634
1005002662170006
1005001821876646
1005003119989284
32984262951
1005003042109456
1005001577457763
4000801056431
33031218671
1005001669933249
4000558025692
32965754424
1005003019380916
1005001624728355
1005002883702880
1005001360421978
1005003233464737
4000922873263
1005002608597256
4001105332036
1005003230632773
1005001641614075
1005002513291692
1005001619153236
1005002533388500
1005001631987104
1005002583200513
1005002885888513
1005003213900175
4000553247175
32848265979
4000774958682
4001230729985
33052944732
1005003375533066
1005003271920370
32957149835
32816702532
32961312208
1005002981499223
4001116073626
1005002948224536
1005001788828930
1005002997087861
33039498361
1005001757930526
1005002842842881
1005002544585690
4001294467664
1005001335464741
1005001349838982
1005002967864844
1005002717190861
4001276950748
1005002318097077
1005003325950511
1005002967626557
1005003276703743
1005002260505747
1005003325419328
4001232145380
32974940418
1005002622916113
33041541778
1005003283608270
1005001457745644
1005002771062130
1005003365941246
1005002662447097
1005003115320193
4000008660507
32892637063
1005002128951378
1005002424244078
1005001853011817
1005002522652217
32295688701
32872977573
1005002054349986
33026632869
1005002633666283
1005003115718125
32842516392
1005002974128194
33050622862
4000610039034
1005001961753138
1005001519498873
1005002428891439
1005002850510035
1005003107590574
33015235741
1005002298126826
1005002914199700
1005003123589465
1005003229711734
32857698190
4000351537600
1005003310018091
1005001298613296
1005003133084685
1005002611427225
1005003321001306
4000001262401
1005002021273805
4000473345755
32865028149
1005002311552087
1005003200605841
4001062571071
4001259597328
1005002589745605
32827128387
32971859280
4000808450029
1005001580717467
32842879689
1005003069637727
32949799092
1005002847680342
1005002205171677
1005003260012349
1005003264608950
1005003017499500
1005001908191258
1005001880700167
1005002977110815
1005002672058250
1005002265405486
1005003384271231
1005003275844165
32695443564
33058848950
4001021630018
1005003269727955
4001040280177
1005003290636636
1005003141244318
1005002756000297
32772833246
1005001367580699
1005003201843097
4000603148701
1005002253487140
32892243940
32890445389
1005002072232570
1005002692456122
32975444682
4001106746719
32954243635
32963941459
1005003339143996
1005002204754894
1005001315830009
32319375787
4000138484343
1005003000455375
32978139827
4001033969915
1005002583319139
1005002492622455
1005003223962259
4000804881768
1005003333224475
1005003172848861
1005003277560789
33010800664
1005003178308800
1005003327288042
4001276286821
4001010557048
1005002462428830
33035451003
4000456351765
1005003106130081
32653402678
32815112746
33030872688
4000815794457
1005003275392543
4000890142706
2005506918
32969918327
1005001918405331
1005002816371934
1005002341981970
1005002978454809
1005001613115558
1005003337152863
1005003150142566
1005002212501072
1005002322184781
32809790227
4000237332555
1005001292473522
1005002708566082
32968551997
1005002440351460
1005003032013583
1005002565821504
32945124843
1005003094000253
32889298570
1000007180903
1005001462519588
1005002502204393
1005002516104005
1005002995577359
4001171746733
1005003263244237
1005003311222091
4001354360650
1005002325091129
32974060133
1005002931317269
32989827568
1005002737931608
1005003110414360
1005003213697038
1005003299733644
1005003031988871
1005002058811856
32879144975
1005003062521422
1005002952083982
1005002198996289
33032609910
1005003344943954
1005002928638784
4000543420773
1005003022061950
33028526627
1005003318427937
1005002461059003
32316286553
1005003331629515
1005003193708076
1005001359641156
1005003232469357
1005002861415025
1005003112280556
4001049133311
1005001562526771
1005002234231083
32891539444
1005002310779384
1005001314715483
1005002567363400
1005002165000550
4000626266025
1005001303839274
1005003165085197
1005003181360321
1005002319516234
1005001914779039
1005002817158385
4000248562768
1005003388552041
1005003087725564
1005002994461783
32481998498
1005001465247578
4000806329588
10000117415426
1005003218866755
1005002464778429
4000322011580
1005002954155512
1005003217394104
1005003265459833
1005003356069035
1005003038191333
32863542212
1005003008009638
1005001325125800
1005001671313302
4000136101621
4000204852698
1005001661367258
32852113736
1005001451387890
1005002853084330
1005003211606504
1005002905343192
4000761434479
1005002822444431
1005003286388804
4000264055959
1005001472202267
1005002731279385
1005003202555894
1005001495604229
1005001280620684
1005003191965994
4000982997042
32879661141
1005003094923580
4000750874529
4000172612610
1005003297342414
1005003005756781
32886670516
1005003270833617
1005002802529699
32994301033
1005002310177003
1005003286115743
33034730858
1005002070412913
32910541899
1005003097251743
1005003295743123
1005002702117577
1005003087365430
1005002876764298
32376592292
1005003319355109
4001036272142
1005003283867499
4001255395161
1005002714020153
1005003155959912
1005002217845017
1005003271618973
1005003056249916
32764906722
1005001773593574
4001105740972
33051657600
1005002959634436
4001287484319
1005003062663292
1005003384366526
32946952821
1005002599810198
4000506947698
32985964691
1005003217970538
1005001444638785
1005002831097322
10000053688486
1005003375974073
1005003161482944
1005001639765135
4000173702661
1005002582290663
1005002462517087
33024050568
1005002767714377
32847200489
1005002002560153
1005002774538147
1005001865113497
1005002582195238
1005002593843281
1005002347697376
32824539252
32871766605
1005002616275148
1005003305321522
1005002633611959
4000548823076
4000036191660
32826731706
1005002651413384
32792812451
32952928420
1005001771704345
4001349985933
1005002983778454
1005002791481110
1005003083482621
4000560791526
1005001933224894
1005003303873849
1005002855370422
1005002140218097
1005002463196893
1005003367158235
1005003141470192
1005003325812478
1005001820229957
1005001997593731
1005002510308738
1005002337596729
1005003252288368
4000559744916
1005002489389410
32984594612
1005002337225914
1005003390963455
1005002666743408
32876259524
32955351935
4000703527632
1005003269638238
1005002258971027
32881483189
32890577433
1005003327956383
1005001620707436
1005002616244642
1005003085018181
1005001896179119
1005001921926121
1005003189363415
4000993955421
1005003348324045
1005002919608774
1005003358342312
1005003012952691
4001198145571
32976107604
32922311561
4000785246882
32976007290
1005003118427881
1005001627254167
1005003255762824
1005003003634737
1005003352242209
1005002023609944
1005002264644297
4001069655936
4001248244784
4000527414465
1005003117960966
1005003309612900
1005002911194732
1005002615332981
4001050306602
1005003118361988
1005003156417511
1005003320981284
33002043040
1005003270581098
4001191905011
1005002426527080
1005002884425768
1005002597402534
33006180766
1005001858293837
4001153371315
1005003032201980
1005002646048689
4000715828893
1005002946657797
1005003037674530
1005003382238036
32802762387
1005003188512514
32834749689
1005002313328714
1005003259548139
1005003157858940
1005002815052105
1005002676550678
4001003768637
1005001695593290
1005001669055062
1005003298865855
32870316590
1005002586351808
1005003149517677
4000330195067
1005002886303993
33009725653
32997330471
10000399943700
4000945961458
32822603319
1005002431194291
1005001439087721
1005003319216328
1005002651812900
1005002298694243
1005003344349639
1005003303338232
4001150742565
1005003277997154
1005003144326929
1005002697091704
1005002958556196
33017925642
1005002555845903
1005003350189846
1005002969600319
1005002511498080
1005002729556934
1005003337548042
32952303224
4000224535213
32561771226
1005002855385976
1005003323302051
4001167767621
1005002970838469
1005001431250569
1005003021560248
1005002200444676
32799765714
1005003332495019
1005002547299320
32817401641
4000384448852
32713666087
1005002125779065
4000640030478
4001281819245
1005001775265991
1005002735038193
4001100618865
1005003178462250
4000548561310
1005001360559891
1005002405396606
1005002449208439
1005003231996433
1005002982356406
1005002016977086
1005002111002833
33003289851
1005001495760494
1005002601119208
1005003141181328
1005003130162084
1005001779945371
1005002919077073
4000141713190
1005003319098785
32867131587
1005002144111818
33045400972
1005002641779804
1005002702294538
1005002474504309
1005001474744613
1005003259660869
1005003065613614
1005001789274771
1005002323597296
1005002681112453
4000321320417
1005003015731191
1005002347423524
1005002982626157
1139966717
1005002413279750
4001253882408
4000637733340
32920921731
33013485846
1005003017179885
1005003205838667
1005003231460196
4001119990178
1005001474424173
1005002338720889
1005003244837460
1005003291536761
33018883703
32838125844
1005002313468906
1005001678611423
10000399955284
1005002636666468
1005001890235661
32988380754
1005003239010514
1005002603072171
1005001645281206
32812211739
32422414564
4000994493106
1005003129333544
1005001678658428
1005002410039549
1005001792043803
1005003008049743
1005003337612587
33013738917
32722675965
1005003321876827
1005003302447570
1005003037085252
32977573477
33028445924
1005002281750796
1005003133931714
1005003283724972
1005002663259708
1005003099086163
1005001975438481
1005002637157116
32838313315
720738857
1005001430356648
1005003035845416
32820042180
1005002122424427
1005002600173514
4001184014539
4001341335691
4001235507438
1005002003732775
1005002861620475
1005002315388220
1005002973912228
1005003209057299
32780945538
1005003227127272
33010247188
1005002125383476
1005001616871816
1005003214375868
1005002907235136
1005001362465415
1005001649251593
32857548208
4001334951354
1005002558850583
1005002264985363
1005002474698553
1005002927571083
32675036245
4001027524662
4000997018346
1005002734261438
1005003304365186
1005003250132900
1005002732402277
1005002877424172
4000263627390
32906024626
1005001882751106
1005002956746504
32841242371
1005002910922757
32969944186
32792230363
32920382384
33012361190
1005001639046501
1005003389779598
4000713940352
1005002550586208
4001237519199
33043318901
1005003333841050
1005002877852919
1005002313426821
32925735287
1005001614609661
1005003280450469
33005020546
1005002271772093
4000086331030
1005002747134250
1005003117294884
1005002598656797
1005003080103732
1005001848307467
4000151148477
1005003253653655
1005002525439575
32749907163
1005002878987089
1005002903432809
1005001424926419
32774378150
1005003365646328
4000202279100
1005002772253833
1005001921320912
1005002733460560
1005002304334225
10000101783945
4000127748592
1005001566815727
10000314780646
1005002937490472
1005003222868440
1005002721683793
4000053029163
1005002927144630
1005002541051450
1005002368426247
1005003305430684
1005003298146917
1005003130722863
1005001656736832
32901388683
32655493689
4001136575031
1005001393633498
4000350100079
1005003388516216
1005003330608436
1005002598992914
1005003339830325
1005001295287821
4000734884641
4000843163915
1005002333553506
1005002944067848
32675177168
1005003230036043
1005003016636805
33057672554
1005003304480722
1005003386280463
1005002953342668
1005003199472349
1005002931141089
4000808602154
32912546731
1005003037791379
1005002565582870
32834170266
1005003031294105
4001034659792
4000975126669
1005002612766742
1005003274391849
1005002477797242
4001094204330
1005003118002434
1005002061763985
33023705982
1005003368351177
1005002394460141
1005002165715591
1005002894871248
4000251421355
32810398864
1005002618852362
4000662812152
1005002290627780
32860995388
1005003222699808
1005002264115020
4000012391184
32865622660
1005003351764973
1005003236553628
1005002588053704
4001286086093
1005002420708910
1005002176506349
4001191473634
1005001770147420
32622062885
1005003176978602
1005002449688088
1005002220813700
1005001725959141
1005002605286136
1005002833700102
4001244477185
1005002642057148
1005002591723977
1005003202608354
32917872589
32959482454
1005003039273278
1005001332691644
4000206962282
1005001481869688
1005003195461857
1005003087304996
1005002934180804
1005001604344927
32967221054
1005001314814608
1005002703515396
1005002783022452
4000915709994
32696757855
4001163534750
1005002080254506
1005002133296745
1005003356249914
4000759490965
1005002513358201
1005002284187931
32971140454
1005002657186436
4001020077809
1005001933558728
4000945377768
1005001688904337
1005002459190477
1005001727441108
33034839382
32959415171
32997440025
4001282888118
1005003328605246
1005002656633096
32496786107
1005003338547946
1005003027194479
1005001816509910
1005002804527637
1005002925980021
1005001702806164
1005002882507239
1005003210826285
1005001806494068
1005003062428750
1005003337552740
33016583256
32983116160
1005002993011457
1005001776352714
4001191811744
4000290690281
32854630966
1005003247411906
1005002570479730
1005002448752306
1005002207444890
32917800538
1005003198359119
1005003375510367
1005001575314727
1005003261817586
4001178454622
1005003014319000
32833287710
1005002492188962
1005003361860475
1005003278654833
1005003183490318
1005002314271024
1005002092859244
1005003124538953
1005001374525125
1005003217613689
1005002597437593
32918199311
1005002758923073
1005003332386671
4001207233505
4000996571396
1005002540884945
4001289804309
32854132175
1005001927965477
1005001371849699
1005003315240623
1005003118073921
1005003178328480
4000996650544
1005003010572346
1005003129877675
4000627618535
1005002850835963
1005001921861096
4000247075113
1005003249495023
1005002912522205
1005002370110442
1005002753375301
32929291127
1005002730903222
1005003156853149
1005002618681196
1005003128027966
4000760986643
1005002424590074
1005003349215175
4000052110787
32828353929
1005003352948788
33053659235
33057778395
32790442945
32946626742
1005001483075895
1005001711359057
32957051353
1005003073406265
1005002839817636
1005002938235002
1005002359220156
4001264018020
4001196347189
32997530390
1005002948212707
1005001479037845
1005003202874218
4000120053376
1005001732802301
4001237859764
1005002322516267
1005003349677305
1005002554687980
1005003323287510
1005002918473101
1005002745012215
1005003252086461
1005003354940629
1005002782924748
1005001333797716
567377252
1005002990093695
1005002912542910
1005002991879771
1005002774142699
10000343887596
1005003244782818
1005002526414504
32749284403
1005003339195652
4000614003820
1005002626278283
1005001340524020
1005002546517723
4000164268648
32847673349
1005002619081213
1005003346440532
4000166129146
1005001703804271
1005001793220242
1005002648797144
1005002017421611
1005003206731422
1005001574267243
1005001439592460
1005003338081856
1005003296898032
4000709096039
1005003377169817
4001250435810
1005001602522180
355237644
1005002043225678
1005003283454375
4000209966106
1005003096435199
1005002789169329
1005003185568642
1005002293822953
1005003329953205
1005001706062748
1005002824463714
33029085064
32866523952
4000346243888
1005003160514946
1005003383150605
1005003106521274
1005001778907374
1005001895327500
4000458959341
1005002669338856
1005003217315559
1005003340900240
32962996751
1005002681883400
1005002327748256
1005002890657315
1005003309645749
4000445616207
1005002861634101
4001189629615
1005002433253805
1005002840570673
1005002862968082
1005001678064135
32990427133
4000574487988
4000544060759
1005001362643217
1005002459049939
1005002995603852
1005001421249284
1005002970898401
1005002608813965
1005002466943988
1005001664091934
1005002337805476
32985689757
1005001495955846
1005002530169565
32915643043
1005002301391031
1005003167901358
1005003282468692
1005003309074889
1005002921267286
4001127019357
4000458195879
1005002518943152
32921164220
4000203278295
1005002556378134
1005003210485685
1005001820421197