1005002983373034
1005002260211939
1005002689219522
1005003195928700
1005002882006403
32966468084
1005003051079342
1005003037261356
1005002265902625
1005002582543510
1005002629042880
1005003214476279
4001154225129
1005002190687509
1005002718636757
1005002723288157
1005002783792688
1005003116558911
1005002137389663
1005002433727437
1005002093657434
32902094062
1005002605465893
1005003215241143
4000039342450
1005003157403652
32874149538
32815215391
2027097574
1005003227561129
32957271269
1005002475168884
4000062876427
1005001438487986
1005001843441554
1005002799561106
1005002971314559
1005001464698757
1005002564211078
1005002970775455
1005002039931627
1005003396418689
1005003026229151
1005001610850703
1005002956906268
1005003277390653
32984762183
4001061301985
1005003190570042
1005002913453661
4001150268967
4000674761061
32968527510
1005001633103569
1005003387799288
32917544291
4000429523944
1005003266313655
4001248397387
1005002787060790
1005001891473860
32839203122
1005003009737879
4001076383325
1005002789266643
4000067401896
1005003214420769
1005001698378872
32828090165
1005002904565219
4000505828261
1005002734399254
1005003143533551
1005001611233367
1005002997427480
1005002939767116
1005003071767806
1005003058866340
1005003009040969
1005003308464402
1005002944498409
1005002787980556
1005003060183059
1005002383605124
1005003010180353
1005002809461330
4001001004421
4000209970289
1005003219429436
1005001639292068
1005003201273592
1005003028531204
4000049259800
1005003095988480
32834757383
1005002624554115
1005003294878612
32871647358
4000732607779
1005002314435326
1005002528085982
1005003345524003
1005002711803497
1005002432624739
32989741998
1005003077021404
4001252443217
4000686697649
1005003365112490
4000791635464
1005003182181436
1005002755979427
4000868317936
32985094374
1005002475029138
4000931517253
32814817773
1005002388760297
1005002074427606
1005002939058717
1005003090670658
1005003256779792
33001583402
1005002714992326
4000626085897
1005001696346551
1005002132410914
1005002290916739
1005002861685210
1005002488961228
33025249293
4001333867822
1005001518233210
32814854222
1005002418977564
1005002898534820
4001022706543
4000576206444
1005002288031496
1005002657172351
32968151695
1005003223983270
1005003059284443
1005003238009779
1005002345002071
1005003037185673
1005003191513616
1005001344597387
1005003328794275
33060782231
1005002398279743
1005002309221428
1005003280635061
1005002313583935
4001021892448
32882041931
1005003016643193
4000533344558
1005002650930278
1005002611385343
1005001896187826
32960113406
1005002539828596
4001065605907
1005002862826463
1005003292364684
1005002254215577
1005003359985861
1005002231656826
32838190710
4000341465671
4000098815017
1005003380224217
1005001612812972
1005002196220194
1005003217744898
1005002722860845
1005002835327076
1005002896021422
33053831933
1005003083812571
4001271877896
1005003347079973
4000505513555
4001296294226
1005002867814114
1005002304474866
1005003264117497
1005002538953301
1005002353336436
1005002057215466
1005002023075320
10000395871148
1005001633861287
1005001703077563
1005002960230273
1005003297688517
1005002226611710
32898419473
1005002708326500
1005003136058405
1005003197933401
33046201888
1005002365859351
1005001680431765
1000005062844
32723029925
1005002610080388
1005002571439383
32829255799
1005003084272210
1005003285641477
1005001902837661
1005002621384518
1005003140728226
33011918620
1005001884475667
4001159245022
1005002694046626
32923788610
32984395599
1005002023784341
1005003136834673
32859923937
1005001858450510
1005003130112976
4000242237170
1005003147733019
32956617960
1005003069416565
1005002032179265
1005001929977713
1005003311730901
4000349869643
32771612359
1005002133904310
4001115661350
4001351822582
1005002636360197
1005003388421782
1005002871001259
1005001718012459
1005001278547996
4001069332389
32876907245
1005001728395001
33023591181
1005003280449576
1005003193310017
1005003267927180
1005002786534278
1005002997317641
1005001858881993
1005002481944440
1005002988709940
1005001552998410
1005002816833798
1005002268015866
32961574017
1005002546959087
1005003216787851
4000166894988
4000139023460
4000856446329
1005002833367346
1005003221111782
32788829389
4000112234837
1005003333583113
32964401891
32969968580
1005002122459673
1005002817055115
4001200485710
1005003041376605
1005002977147682
32897244313
4001321653956
1005002409794158
32973595554
1005002683346191
1005001972185291
4000107511391
32918024534
4000597747777
1005003292503864
1005002240584593
32942497718
1005002774579098
1005002638795164
4000080605978
1005003327935756
4001200328790
4000928287683
1005002244120408
1005001706455112
1005003001091546
32606474826
1005001562706077
1005002965498205
1005003278314804
1005003012764737
1005003010166262
32795169827
32917498210
32471344543
33006208136
1005002328193334
1005003130042770
1005001516145785
1005003210465394
1005002600949220
1005002586333638
1005001431222486
1005002668610395
1005003025945118
32947148662
32391280044
4000588720241
1005001439266439
1005001715194146
1005001722895127
1005002003982004
33013895508
1005003062866355
1005003176446179
1005002012042114
1005002969578529
1005002297002377
1005001900812576
1005001448219929
1005002233137955
33002550215
1005002559789609
1005002840516090
1005003187251478
4001225367471
1005002924299907
1005003380206157
1005003327094691
4000698743856
1005003333833173
1005002098942033
1005001423982747
1005002086395291
1005001981816514
1005003064576003
32882696218
4001035724295
32418999986
1005003227535083
1005002064147731
1005003234038210
32795853182
1005002512496544
1005003327860534
1005003019200251
1005003261935861
4001220548068
4001248849027
1005002354162685
1005001297550329
1005002513352409
1005002281393961
1005003102185643
1005001265539956
1005001624975715
1000008476955
4001148733071
1005003005124411
1005002715702212
1005002858362212
33009560630
1005001671248824
32814596183
1005001457688841
4000858927556
1005001457511313
1005003113337484
1005003337198481
1005001575912814
1005003205623250
1005002525477739
1005002327952985
1005002299335841
1005002450257031
1005002275569592
4001229345175
1005001955293507
32734553964
1005001987497191
1005003122237375
1005003385922478
1005003038127917
1005003281269489
1005002649158171
1005002138252208
32972401764
1005003010071069
1005002608901060
1005001841871990
1005002545733678
32920024895
1005001446466522
1005002024924757
1005003243756883
1005003257081408
32856670272
1005002782800413
1005003388434679
32911216806
1005003210810395
1005002431522357
1005002422114164
4000264517294
32703306556
1005002944244931
1005003188013408
1005003019449825
1005001442309744
1005003010247443
1005002760295066
1005003327888783
1005002798908155
1005002400010677
1005001267564096
1005001335919866
1005002709251245
1005002126705404
1005002651921379
1005002994087983
4001173828764
1005002968717125
1005002270267774
32854552412
1005002625985607
1005002413181879
32698890723
1005003274294888
4000205198524
1005003227817203
1005003137369953
1005001688831929
1005001916371772
4001122992857
32831146317
1005002435892658
1005001998056872
1005002070838005
33033219550
1005003031422469
32887481721
1005002065215111
1005002133564191
32890672445
1005003039204054
1005003014034920
1005003356957475
32684620776
1000001845105
1005003095211838
32841866178
32872363353
1005001567112095
1005002955068971
1005003257059940
33016413677
1005002394112796
1005002805454459
1005003036615368
1005003268136730
1005003376129194
33032144150
4001162998900
1005001394374954
1005002223728133
1005003069534571
1005003055184743
32819715745
1005003239221366
1005002781701912
1005002506760611
4000186598658
1005001679338748
1005001560326073
1005003387733982
4000838025747
1005001845190941
32819684541
1005001561642471
1005002339236563
1005002857609386
1005001444875768
1005003122115333
32764194154
32402413512
1005002002548945
1005002140253836
1005003348255285
32481632723
1005003372729826
1005003070275876
1005003335083253
32836570002
1005003128568433
1005003343926897
1005002608849386
1005002241091021
32750920530
32959923516
1005003249266958
4000394109576
1005001278999201
1005002253674874
1005002709993923
33011970309
32772390579
1005002938769974
32560695709
1005002647221710
4000549554649
1005002902274477
1005003226813594
4000982666844
1005003085671597
32961021432
1005001407847711
4000981529292
4000352687041
1005003318140840
1005002486936326
1005002898540354
1005002960953167
1005002618983678
1005003020165041
33041990042
4000096334678
1005001853804631
33029021579
4000994575891
4001038095517
4000361281377
32883890707
4001324232077
1005002071853440
32948764580
4000823175858
1005001709934765
1005003318403027
1005002856412120
4001235590579
1005003336490463
1005002550747886
1005003127807038
1005002991034134
32890360147
32952995447
1005002645819004
1005002674948204
1005003013972074
1005002809157411
1005002872554477
1005001967626004
1005002395599088
32880650676
1005002663249339
1005002931091211
1005003221807212
1005003146757236
1005002934734117
1005002829858715
32657238453
1005003101658055
1005002597851837
1005001424015856
33058173911
1005003246434688
1005002613101072
1005001518974052
1005003135740593
1005001846437141
1005002766990460
32955392256
33020591633
1005001324862123
1005002583171532
1005003168309107
1005002531698569
1005002822559163
33017128913
1005002758961487
1005003047835441
1005002587824858
1005003085532302
1005002613290984
4001294049528
1005003196313585
1005001813608379
1005003157511774
1005003163583948
1005003150111354
4000504514140
1005002295216176
1005002994133859
1005002541936993
1005002634988449
1005002877078376
1005002745692690
1005001603775513
1005003139858039
1005002767125124
1005002450320730
1005003278824766
4001208661045
1005001697352165
4001110868420
33006846801
32992943963
1005002974767468
1005002783946412
1005001977632996
32967372180
1005002826495719
32769856285
1005001438819598
1005002754704155
1005003008028592
1005003250709621
1005002998618985
1005001279716006
1005002315305112
1005002092419129
1005003294579678
32890198042
1005001879363710
4000156427463
1005002573317969
4000437315411
1005003235470680
1005002714704687
1005001302679643
33034883253
4000275922993
4000124245686
1005002799563104
1005002357641051
1005002843391361
1005003386236989
1005002669328141
33014533492
1005003148543090
1005003328150739
4000928398266
32788005747
4000586115915
1005002485031512
1005001737993074
1005003250723392
1005002889712200
1005001380741997
4000160702161
1005003157360230
1005003275442596
1005003027584362
1005002531922076
1005002732163375
1005003234365688
1005003324821271
4001148199824
1005002487428655
1005002332624336
1005002795878657
1005002304954317
4001118280053
32958586747
1005002090611432
1005002891287907
4000637236615
1005002708628202
4001172905174
4001241328302
4000553129136
1005002122575199
1005001577028616
1005002714988445
1005001995137376
1005002842674409
33028127352
4001034387790
1005002829744072
1005003336843263
1005001709774203
1005003188700377
4000575288425
4001229618285
1005003092890425
1005001895454141
1005002842038866
1005002959790803
1005001976370460
1005001756067867
1005001560692135
1000001278095
1005003255843845
1005002971369897
32845114797
4000906589864
1005003160763918
1005001297846150
1005002686182023
1005002955238248
1005003305975474
1005003221954093
1005003235342934
1005003015572179
1005003187941668
1005003337703041
1005003178938264
1005002608948280
1005001964056841
1005003291618122
32967609677
1005003139118843
1005003209390253
4001228792114
4001255716567
33050168046
33031547399
1005003034412043
1005002588656131
1005002023848671
1005002208449378
4000059365921
1005002607942284
1005002708216963
1005001717870570
1005001687159697
1005001871116090
1005001448811482
1005003022774863
1005001343296136
4001283035225
4000340979933
4001287809047
4000248670239
1005001850490825
1005003278062248
1005003018120271
1005003184673080
1005002771071042
1005002590679681
1005002780907226
1005002944265517
1005001992524168
1005003324824794
1005003119771670
1005002270383690
1005002507108367
1005002040026180
1005002709788728
1005002846086805
1005003210979023
4001095592483
1005002608362750
1005002394076435
1005002264270924
1005002168160699
33043246975
1005003125719094
4001061285375
1005001520005998
1005001469468870
1005003204205843
1005002254195828
4000443128582
1005003134642621
1005002711228552
32844302400
1005003340523576
32811023101
1005001836897364
32864968215
1005002723478737
1005002488939100
4001230309779
32976301281
1005002567083216
1005002287775638
32826495252
32860938230
1005002615077388
1005001731134712
1005001614197895
1005002593187348
1005002589116807
1005002698477692
1005001836261938
1005003278002456
1005002837680625
1005002558051993
1005003163867028
1005002612888894
1005003284469805
1005002496018230
1005003277787916
1005002331914420
1005001505269811
1005001604378653
1005002536814717
1005002868802048
4000012021589
1005003353474557
1005002846177385
1005003344530756
32993365485
1005003334796711
1005003271407743
1005002218094704
4000309714311
1005002775351189
1005003135183266
1005003148425014
1005003214230160
1005003360847081
4001299992773
1005002436167468
1005001705243112
1005003099993344
4000966219807
1005001362724352
1005003256664993
4001360711437
4000730650939
1005003258493630
32811579700
1005002246765266
1005001821928402
1005002732015871
1005002732420167
1005003099610372
32861742724
1005002053536329
4000042595235
32963831328
4000684582008
1005003385011365
4000334105561
1005001659479873
4001349410996
1005003117853630
1005003189627684
1005003348080956
32892566394
1005001627980052
1005002735055478
4000608816278
1005002765845117
1005003155171460
1005002439198098
4001124476985
1005002108178215
1005003033291971
1005003187614322
1005002281962187
1005003162520220
1005003373730358
1005002307460714
4000804446874
32859499142
32785912715
1005002080642099
1005002643330442
1005003069850007
32940580553
4000229996008
1005001516331974
1005003220888638
1005003343999442
4000912968683
1005003199838620
33059941317
4000298230386
4000926528457
1005001773158685
1005002900275543
1005003016767361
1005003333443709
1005002712546927
1005002228662632
4000140350655
1005003328050677
1005002724467714
33027962063
1005003105357163
1005003274443752
1005003163778551
1005003008353674
1005002646311153
1005002450620039
1005002599327122
1005003385326619
1005002652315601
1005002568804344
4001170899486
1005003129597312
4000696844025
1005002965690598
1005002944360319
1005002154350960
4001031607959
1005002864517516
1005003101553659
1005001319211411
1005002802909107
1005002467371833
1005003247555629
1005002734399201
1005003095256759
1005003082256648
1005003146021888
1005002678737412
4000739004114
1005002752716933
1005002935277965
1005001588716607
1005002080541955
1005002453598171
4000933166694
1005003139777489
1005003226869803
32859133782
1005002991061094
1005003391273943
1005002495734381
1005003168507120
1005003344794472
1005002400614877
1005003360991805
32894348898
1005001375249008
32867004538
1005001533839459
4000263349689
1005002275461891
1005003127913987
1005003213485223
4001364528651
4001279345437
1005002774194828
1005001738336490
32956128276
1005002767382972
1005002018576410
4000029373575
1005002424245865
1005002487810445
1005001838623612
1005003133479721
1005003332478654
1005003058534265
1005002428609186
1005002546919276
1005003295091528
1005003192470968
32905155059
32967302841
32879064356
1005003331150112
32796035622
1005002920811140
1005003351559940
1005002878707884
1005003071286861
1005002483381923
1005003066291674
1005003195949664
1005003118758046
1005002540867139
32921157372
1005002965150766
1005003144671799
1005003120427803
1005003162985309
1005002060807017
1005003285456286
1005002653138541
1005002836733218
1005003149745462
1005003295846182
1005002669191545
1005002551091302
1005001356097806
1005001289965884
1005002687956755
1005002971253739
1005002557864189
1005003073702163
1005003177490117
1005002099788523
4000052478188
1005003227674998
33017395193
32814693793
1005001458369778
32793821889
1005001826987907
1005002966722407
1005003139215027
1005003022410484
1005002613333467
1005002616139610
32957157739
1005002350294571
1005003117199316
1005002960655984
4001162267070
1005003324931617
1005001590348115
4000985820872
1005002304319973
1005002536448704
1005002029320391
1005001428889537
1005002649104290
32759835022
1005001506456816
1005003332499305
1005003333123875
4001315976281
1005002660617379
1005002695442202
1005002682762221
1005002593331947
1005003252121634
1005003090548008
4000632733642
1005002816915085
1005003374858096
1005003318335952
1005003088439150
4001235786720
1005002324656880
1005002223809791
1005002250052869
4000224638553
1005002906948535
1005002757720071
32796911359
4000479651940
4000972637324
1005001446771052
1005002614262266
32765794680
1005002196597155
1005002322837297
32872663770
4000018357342
32912735404
1005002613218475
1005002129551948
4000720316154
1005002984361494
1005002430473169
1005002608454118
4000089165447
1005003318314613
1005002728284421
1005002848632226
1005002782730600
1005003380578238
1005002856248975
2005647316
1005002049386058
1005003075534403
1005002347138067
1005002944722693
1005003277767716
4000150253946
1005002231382165
1005001499939608
1005002064745387
32887375027
32996002874
33050233463
1005002738953113
1005003214514675
1005003378562375
1005002317085083
4000070628773
4001190286937
1005003391622167
1005002773993325
1005001780651029
33055473927
4000822288930
1005003336421284
32591944816
32793366947
4000158197666
4001196016813
1005002310780412
1005002766185364
1005002969737717
1005002320771023
1005002428026342
1005002023898651
1005002489940460
4000162082083
1005002212947597
32276983055
4001334146376
1005002100768991
4000229944693
4000959922243
1005002990140372
1005002795529481
1005002538629428
1005001880868482
1005003283007816
1005001579905778
32840995187
32878460946
1005001307395536
10000088381813
1005003078127493
1005002643694856
1005003330927496
32390081901
1005003001447590
33002635302
1005003341216512
1005003170618184
1005003162666716
1005003287585622
4001293506029
1005003334457446
1005003293405024
1005002753055553
1005003246835555
33013262136
32812915079
4001127334658
4000800882594
33054553714
1005003241700800
1005002666325946
1005002209910094
32913698878
1005001591979249
33045600921
4000627056349
4000264258745
1005003388195109
1005002745522276
1005003386342681
10000166247965
1005002305207462
1005003285516122
1005003069657582
1005002542243120
4000108054948
1005003016904699
32898106982
32260098070
1005001724128795
1005002344345332
1005001784967256
1005002775746248
1005002926697150
1005002545165261
1005002791387357
1005003025133837
33057387426
1005002680347471
1005003325925120
1005002625152873
1005002995822091
1005003223995478
1005001652033363
32751817781
1005003079676517
1005002460342281
32886631955
4001118139095
32970302279
1005003303839672
1005003360214935
1005002889665785
1005003069703030
1005002444128702
32838534470
1005002261835336
1005003292558619
1005003251610509
32349875698
1005002866602449
4001185569655
33003263455
1005003081672507
1005003242726564
1005003223635739
1005003205617435
1005002270368460
32830217595
1005001393204068
1005002277598709
4000865394685
1005003322029918
1005001465119093
1005001419085147
1005003216853848
1005001651390429
1005003001407153
1005002316103024
1005003239806843
4000061739703
32872797343
4000267745757
1005001585642459
1005001860468098
4001235294545
1005003293388888
1005001814883675
32888543450
1005003293610495
32389298819
1005003300003609
1005003002885707
1005002849525923
4000582935000
1005003100113294
1005002247540023
1005002312455759
4000419673513
1005002907445987
1005002345008943
32963757389
1005002977221776
1005003299790072
1005003035901842
1005003366522978
1005002265398764
4000384504061
1005002981864330
1005003318226468
1005002753052296
1005003081477744
1005002176799422
1005003391032565
1005002790371251
1005002795715295
1005002872712477
1005003357495476
1005003092079016
1005002497449904
1005003270176281
32817800944
1005003050053411
1005001446438690
4001280675424
32830384088
1005002965927082
1005003281212345
1005002869982223
1005001773186913
1005003072826689
1005003333167548
1005002595980504
32861415876
1005002701575344
32819348003
1005001692768545
32947436820
33020645315
1005002716545173
1005002683631227
4000048697200
1005002878751441
4000926754597
32691756477
1005002868166768
33060943509
4000894213499
1005003320751720
1005002989822084
1005002694660600
32858164171
1005003353264979
32894980483
1005002789645354
32856612819
1005002426207889
1005003272918904
1005003244169290
1005003001920547
1005003048676938
1005002525757430
32965404920
32935100531
32948999133
1005003235634574
1005003123742682
4001232252921
32758707110
32984250932
1005002197090017
33028129625
1005003167131189
33040628582
1005003313957124
1005001812760577
1005002974648170
32965640815
1005002502627851
32817101561
1005003119170212
1005002018270414
32859485723
1005003039347624
33061298867
1005001458522846
1005001920876682
1005002346822674
1005003080371346
1005002254823755
1005002939792473
1005002749447037
32326871487
1005002732450168
1005002606271023
1005003227900663
1005002540872258
1005003068962408
1005003023966212
1005001779004774
4000003650129
32760984408
1005002259293467
1005003001482610
1005003341300734
1005003211174665
1005002922574410
1005003355268881
32946304129
4000740952611
32665382022
1005002365569854
1005002136946118
1005003128972125
1005002480580307
1005003292102836
4001078977018
4000082015940
32417502652
4000074318782
4000610003699
4000408904315
1005002523609490
1005003276265567
1005003385101546
1005002996280719
1005003234631357
32838236745
1005002710637162
1005002754045946
1005002624377345
32918167861
1005001462443475
1005002878645689
1005003370339785
1005003357202148
1005003008531634
1005002752349659
1005001317439520
32976347018
1005002328435210
1005003285180885
1005002628633546
1005002755812620
1005002100094953
1005003369912957
1005003112605624
1005003030131320
1005003264556178
32980913103
1005003384839320
1005002615881224
1005003266663607
1005002358728231
1005002950317353
1005001332278333
1005003051396905
1005003320247548
4000588890503
1005003176976957
1005003178659282
1005002090028477
4001144949351
1005003337684413
1005002197185670
4001361645348
32863058187
32809710275
4000588579888
1005002857878231
1005001487711229
1005003020643956
1005003387651880
1005002404683599
4000251992096
1005003343573008
1005001819421340
1005003118665708
1005001531008174
1005003028280209
1005002629969614
1005003371311736
1005001557739151
4001039256664
1005002746595121
1005003257941251
1005002263679830
4000268870842
1005002940622389
1005003275415750
1005003107092926
1005003186811368
1005003355991411
4000600459212
4000617155719
4000008406427
4000415217070
1005001815653478
1005002399469524
1005001555077806
4001114564649
1005002092162220
1005001895847050
1005002118716855
1005001714959918
32983630054
32881998804
1005002133683480
1005002470702273
1005003162166557
1005003039742228
4000023430391
4001360895347
1005003151103744
1005003117302530
1005003023507198
32874312381
1005003058299108
1005003291054823
1005002767616006
1005002139048449
1005001965126557
1005002915788313
1005002129731736
32723859413
1005002898918828
1005002509171190
1005002965828968
32955816530
4000960621246
32951451496
1005002884929834
1005003390018848
4000986609598
1005002990470460
1005003140336084
1005002847547798
1005003324376334
32968042901
1005002383211855
1005003127430168
1005003216771684
1005003113519256
1005003314752849
1005002345097630
1005001793376923
4000281658025
33042738793
1005003241636127
1005003024844623
1005002297713090
1005002242414760
1005003096390946
1005001333794792
1005002206447016
4000198422116
1005003130343478
1005003189138837
4001022222400
32884757999
1005001581621628
1005002629873528
1005001773312652
32901848591
32812450133
32992769704
1005003170702424
32960742598
1005003012247575
1005003345385853
1270205163
4000975425247
4000089749196
4001231361401
32954184413
1005002608923561
1005002297213444
4000220389617
1005002754368996
1005002413857781
1005001345687365
1005003203709650
1005001698499899
1005002799110371
4000771208316
1005002787592351
1005003087964542
1005003088350908
4001271469256
33043579056
4001171385920
1005002332944208
32830360773
1005003119214752
1005003367749008
4000996698045
1005002541022083
1005003337637760
1005003202431593
1005003068902620
1005002784348073
4001233883307
32827539166
32975876111
32952321321
1005003359994659
1005003050005411
1005003336788899
1005001308917225
1005002467851237
32979189147
32884293312
4001157071623
4001238052264
1005003207740129
1005002897693702
1005002298569115
4001229637303
1005001562951860
1005003337674256
32976194556
1005003378137162
1005002978410923
1005003353958268
1005002927053651
1005002877900229
1005002329870617
32841308859
1005003069308993
1005002008630907
1005003278282559
32974226650
32984187597
4000966031585
1005002939871734
1005002925626283
1005002299655015
33015059638
1005002804682943
1005002983896773
32863970266
4000173197817
32473173713
4000413563241
1005003145380038
1005002293775562
32872323514
1005001709063788
1005003325326995
1005003003421050
1005002886732945
4001160481427
4000997797501
32974114749
1005001401780791
4000220840859
1005003222494584
1005002957185840
1005001364935407
1005001749630834
1005003236031606
1005003356499927
32966171584
1005003345083823
4000927241669
1005002966362542
1005001758468757
4001062399407
1005003030656394
1005003094076454
1005002817592082
1005002641921388
1005003214150481
4000703745050
4001065615227
1005002990242828
1005001626840130
32858312698
1005002641917697
1005003050914034
1005003359846398
1005002316676181
1005003315900607
1005001962469566
4001068354924
1005002085957137
1005002715008402
32818946200
1005002101212816
32697850656
33012438591
1005003305673939
1005003057148918
1005002790030220
1005001424227384
32958923785
1005002951069909
1005002648747817
32853991228
1005001381445090
1005003183526704
1005002387534586
1005003334219187
1005003253520306
1005003262055757
32963643039
1005003363152901
32960425934
1005002363437538
32381216782
1005002346500323
1005002617886798
32991101533
4000341361756
32970939432
1005003163984414
32801914457
1005002066470386
1005001517133170
1005001299260104
4000031732874
1005003015711748
1005001334592334
1005002702630661
4000061443993
32990770732
1005002484152628
1005002885278114
1005002931051084
1005002541746175
1005002475580148
32912614542
32783834702
1005003090098578
1005002836795465
1005002080449679
1005003221097820
1005003215637465
1005003276699680
4000257492971
1005001693264167
1005003172955854
1005002783013905
1005002760773282
1005002737560769
1005003315998347
1005002402233607
32925671812
32860511328
4001085667292
1005001537693228
1005002746673080
1005003154467735
1005003236501495
1005003293515617
1005003167875071
1005002862308223
1005002730724780
1005003166526802
1005003309836228
4000186221185
4001156484751
1005001717991513
33059963956
1005002511804585
32890478118
1005002647291718
10000098942227
32955823818
32878657758
1005003179182619
1005003337802191
1005002868598944
1005002848978038
1005002316557517
1005001868160025
1005001912651209
1005002345956666
1005003312028900
1005002990568061
1005002475443072
1005003164716631
1005003228838050
1005003336214362
1005003019420444
1005002863726455
1005003020986493
4001240327243
4001017855563
4001284367815
1005002695362290
4000959451347
4000276064677
1005003059215718
1005003368346690
4001294151959
32868897250
1005002996426741
1005002968070897
32892918392
32871104020
10000059418602
1005003075170511
32982180495
1005002363007266
1005003175635055
1005003345201030
1005002796805620
1005002495775430
1005003040768940
1005002182739058
32719702104
1005003168203314
1005002351322286
1005003192918425
1005001630967081
4001283595984
1005003087599599
4000340804019
1005003165026850
1005003146200262
1005002817005995
1005001731075919
32767762372
1005003123531110
1005002970874717
1005002288588268
1005003173888994
1005001686634879
4001240279647
1005003202004549
1005002647205893
33022932101
32972535600
1005002522768818
1005002862627959
4001209433476
1005003134095138
1005001514631879
4001302845470
1005002998618985
32995573975
1005002319466890
1005002658334407
4000135517081
1005002993108647
1005002097502697
32890278754
1005003038387296
1005002761420911
1005001853593109
1005003125141145
4001259338644
1005003380409549
1005003181135904
1005003263335362
32980188734
1005001939436211
1005002323405321
1005003186282168
1005003223630874
1005001605112868
1005003135049818
1005003025457019
32459435436
1005002255741490
32974746519
1005002608848793
1005003056320785
32923788079
4000838315065
1005002076706613
1005002517903218
1005002745581641
32735109696
4001217254546
1005003211556208
1005003031597672
1005001349555891
33030703045
1005002865483610
32850459497
1005002937690650
1005003122520370
32909520779
1005002333437933
32798775486
1005001345190248
32799500240
32878156447
1005001738978321
1005002953481812
33000034452
4001358707594
1005002045846834
4001314817031
32713939537
1005002652195356
1005003017983631
1005003249225173
32979854068
1005002790319635
1005003209373261
32909091023
1005003114259075
1005002783501800
1005003211963913
1005003016195500
1005003074816894
1005003251943147
32829620500
1005003315145023
32478268456
1005003044877063
1005002369785371
4001038427373
32949762532
32856102130
1005003251513772
1005001971539559
4000894278275
4000768553145
1005003298773867
32799641631
4001007229843
1005001313111656
4000119103340
10000046562728
1005001434314359
1005001525409613
1005001993609999
4001227634809
32904550887
1005003352443661
33048809116
1005003387758607
1005003286750864
1005002566180532
1005001548713358
1005003384919719
4000038194765
1005003012318597
1005001874146239
1005002949689201
1005002711628948
1005001506535466
1005001540823235
32995015243
1005001888992963
1005003185949855
1005003113627485
1005003168440055
1005001671060559
1005003144170088
1005003050055745
4001271602341
1005001607392856
4001229007524
1005002927279118
1005002730694940
32806987632
1005003108161333
1005003147408712
4000674736434
4000003062907
4000113863105
1005003225030646
1005002965812769
1005003298927874
1005001493393408
1005003384036816
4000755504223
32961087451
32409233503
1005003312499843
1005003172501596
1005001551627074
1005002551498576
1005003239669652
1005002608863817
32853660633
1005001270602053
32959380252
1005002083850738
1005003340325553
1005002705680742
4001019087643
1005002913232369
1005002517391749
1005002271299323
1005003007971429
1005002974828190
1005002870031435
4000839229111
4001273216268
32990810878
1005002373413070
4000074605578
1005002990386584
1005002278308173
1005003075950839
1005002289113391
1005003097375610
1005002408396797
4000603610901
1005001812532600
32346386685
1005001881406529
4000252388216
1005002345022300
32921862173
32848148688
4000279491482
1005002377189410
4000063018904
1005002848093109
32969665384
1005002964883157
1005002491848980
4000741412621
1005001982563560
4001244795105
1005003187921382
1005002617346235
1005002495947190
1005002721041041
1005002111502393
1005002974168131
1005001584326211
32995641072
1005003284662623
1005003113036687
1005001362949648
1005003081918357
1005003019303157
1005003116686778
1005002588544912
1005002755963802
1005003000685400
1005002386011820
1005003116452696
1005002326489716
32903744180
1005003041720426
1005002926680614
1005003113727281
1005002971463465
32816250069
32848157062
32906384593
4000181155620
1005002622952830
1005002282123449
1005003027866313
1005003293842806
1005001848385898
1005002604211368
1005001285374264
4000762432739
1005003330296017
4001223351679
1005003019336860
4000162672224
1005001445643331
4000269894464