1005001513194372
1005003363565169
32752257535
4001192659412
1005001597374565
32974043836
1005002527481565
4001127937844
1005001651446927
1005003334997383
32884532178
1005002964206507
33053691828
1005002722877035
32852063801
1005003158206540
1005002755557659
32698321943
4001297451010
1005003037063340
1005003109998973
1005001357216373
33051522830
1005002921983024
1005002961017046
32678604390
4001210205166
32970791442
1005003392970481
4000926390176
1005001388974973
1005003249737535
1005001882460301
1005001829990357
1005003373381397
1005003019677091
1005002565169329
1005002811187305
1005001948009406
1005002478119400
1005001859346534
33039106359
33037255436
1005002188063292
32958981414
1005003380304190
1005002857432561
32826053627
1005003114182512
1005002712738611
1005003065778853
1005003151566401
1005002179983794
1005002253363462
4001057447997
1005002689731560
1005002907079173
4001054854797
4001116267459
33002852686
32842024474
1005002919557413
32954683693
1005002394524389
4000443597283
33050774845
4000188749827
1005001901279571
4000240300116
4001257309551
1005002863873093
1005002980138609
32857410362
32842381010
1005002693509714
1005002783086288
4000990291067
1005003266498586
1005002737430479
1005001408711485
1005003235810032
1005002855110859
10000308838531
4000598881639
1005002389100131
1005002580782315
32975013971
1005002138127791
1005003370554725
32922849583
1005003195440198
1005003295060117
4000936695748
4001256929194
1005003118573077
4001178098853
1005003074720222
1005001464704903
1005001604882097
1005002809769011
1005001571750053
1005003214987206
33046162031
1005002218027144
1005003368834989
4001037898123
1005001386931936
32998891871
32852406383
1005002692863988
1005003251355242
1005003031832530
1005002538143307
1005002996839922
1005003384932968
1005002476657493
1005001349202529
1005002410062353
4000314057766
1005002563705681
1005002722662990
1005002265663782
1005003186934728
33029403347
1005002889301480
1005003204270321
1005003193789337
1005003217458115
1005002907720289
1005002561716278
1005001682798518
1005001338646152
1005001419087258
1005002618674688
4000967864032
1005002863548779
32820275497
1005002313520677
1005003003414328
1005001668465607
32893571283
1005001570104846
4001205100862
1005001530940913
1005003276731181
32857663723
1005002240129301
32836707903
1005003297129562
1005002767675222
4000160615998
4001028166991
32834245484
32852332145
1005003076705610
1005002140122047
1005003008034035
1005002490131370
1005003217014431
1005003151307475
1005002197439162
1005002606048679
1005002345329558
1005003311844485
32958818970
1005002941983187
32973988783
1005002310468650
1005002423975960
1005003143223105
4000626686917
4000907019031
32962081657
4001183380306
1005003019921052
1005001403694898
4000062398673
4000810133042
1005002293991014
1005003261442878
1005003269583251
1005003003732874
1005002774398291
1005002875886399
4001205807804
1005003390227378
1005003223264667
1005003311418569
32975221175
1005001345470387
1005002730881650
1005002140195949
32972533375
1005002443725054
1005003312307247
1005002786665865
32859739873
1005002598493264
1005001715160594
4001006971471
1005002791309461
4000747821071
1005002564082818
1005003152302455
4000654309981
1005003163289149
1005002459991480
4001097054600
32787089034
4000321867267
32858852901
1005002669549001
1005001313112590
1005002089233757
1005003366103999
1005002707935700
1005002935985183
1005003031568232
1005003101757475
1005003245428312
1005003069714515
1005003139775047
4000077647317
1005003135496090
4000693445396
1005002475695897
1005003319605552
1005002872168695
1005002990863907
1005003161514303
32964890865
4000959113147
4000096577046
1005002917429397
1005002939411652
1005003272233978
1005003361292777
4000930224211
1005003106383423
4000018491446
1005002995871284
1005001608485257
1005001742713268
1005002652133143
1005003249614393
1005003108476343
1005003201663083
32819099413
4001138750345
4001156340798
1005002350702301
1005001520409977
1005003216820256
1005003271087689
1005002735023247
32753106568
4001230338709
4001110874302
1005002497263128
1005001714164518
32838098175
32893511976
1005003136457212
4001220045846
1005002994928240
32893257899
32791353422
1005002965040422
1005003087245662
1005002122358912
1005001606164500
1005003311563548
4000002644977
4000776714783
32801674770
1005002006065325
32941831173
32221066179
32848643151
1005003154494422
1005002965952625
1005001922601439
33001758610
1005002947920286
357294539
1005003076372158
32990326948
33041005638
1005002641278301
1005003259926148
32922827233
32830381112
1005003239000731
1005002327185835
1005002817122378
1005002198040911
1005001957331771
1005002482499156
1005002886262432
1005001268915900
4001056040593
1005001967077041
1005001386807297
1005003356042632
1005003365989051
1005002564515110
1005002921835968
32822745600
1005001859736276
4001234181485
1005003311649844
32832313167
1005002878354823
32832313187
1005001615899548
33005908546
1005003030808435
4000390901943
1005003220487074
32688337747
1005002717217705
1005002947309001
1005003129505474
4001175559868
1005003272294971
32973108916
1005001497317530
1005003377750023
33012717244
4000691119197
1005003262459022
1005002454267994
33056297972
1005002046620068
1005002861766794
1005003183093727
1005003134634979
1005002735014278
4000530793543
1005003256525807
1005002797972188
1005003280274492
33005312194
32919389344
1005001993929154
4001066446860
1005003289071209
1005003210490826
1005003082995388
1005002440980137
4001242394970
4001277852653
1005002797794632
1005002577960222
1005002826585830
4001201645351
32431969971
32563646513
32952171008
1005002394022582
1000008038186
1005002995799323
1005002997543094
1005002577327078
1005002389212752
1005001565517320
1005003112889110
1005002687251108
4000202824561
1005002965870113
1005003187189482
1005003160235834
1005003222628619
32767969380
32973081224
1005003225473259
4001204615619
4001159471915
32962739415
32901939382
32828136477
32954317337
1005002140220252
1005003297847270
4000715046719
4001214634011
4001237974920
1005002582441376
1005002211944271
1005003120006126
1005003241714950
4000868508465
1005001903034304
32614074910
1005002537862096
1005002293582651
1005003133843171
4001283204849
1005001642604810
1005003044982764
1005002702877191
1005002876490849
1005002435985414
4001294213366
4001149276815
1005003039382757
1005002397838257
1005002586715453
1005003044939370
4000926673011
1005003162263592
1005002568126991
1005002575375683
1005002656801798
1005002970728728
1005003081867412
1005001709474961
4000655898122
32951445323
1005001852059478
4001022702944
1005003314196471
1005003021336699
1005001579797998
1005003305983454
4000465034861
33006870948
1005002918404380
1005003349627557
1005001916429900
1005003050307514
1005002715755709
1005001598668728
1005002841116761
4000206578203
4001080447850
1005002788222603
1005003226146978
1005002991177642
4000386047443
32795473583
32851941459
1005002309462643
1005003265938210
1005003019137682
4001278966063
1005002965887003
1005002294425344
1005002467722935
1005003170387638
1005003019355384
1005003385634078
1005001832173049
1005002799263932
1005003266023087
1005003213061595
1005003273679278
1005003333070440
32951286346
4000430227607
1005002821936403
1005003078960279
1005003197685319
4001088668283
4001031994849
4000843650857
1005003017608203
1005002763199764
1005001651319234
32948150791
1005002758755724
1005002012000373
4000722690472
1005003330632603
1005003023629261
1005002011143258
1005001876948399
1005002997538726
1005002956421294
1005002264632597
1005002474504309
4001167690116
1005001664292608
4000994530038
32998129311
1005001843761034
32677858415
1005002510999120
1005002693913160
1005002935295992
1005002965142559
4000279840463
1005002836838407
1005002749712729
1005002592970580
1005003196516901
1005001823228021
32599634105
1005001726586858
32672815905
4001195979847
4000155052342
1005002717634189
4001223325731
32996037132
1005003238105976
1005003277069035
4000451117527
1005001402589420
4000850661674
32893776620
1005003118216514
1005002287789764
1005002891561569
4000522679609
1005003313122869
1005002794291905
4000626043650
32989938489
1005002548067143
1005003146018228
32958389542
1005002815908001
1005002314319996
1005002426031083
4001035670804
1005002920971368
1005002704826920
1005002925963491
1005003309603613
1005003032036360
32813570578
1005003188499691
1005002448167593
4000052863494
1005003217345200
1005001664780160
1005003200743620
1005002613994482
32993420388
1005003160417470
1005003178325776
33034592758
4001127661497
1005003058430760
1005002552322467
1005003269769666
32987546894
1005003387799348
33008705777
1005001584938898
1005002400010141
1005003065299287
1005003016314244
1005002776713616
1005003020593620
1005002026945527
1005002120603003
1005003065438498
1005003297140378
4001345906020
4000181286066
1005002081690500
1005003014714133
1005001893129933
32824750699
1005002910478095
4000060278923
1005002341023763
692932378
1005003181706600
1005001469337709
1005001700621568
1005002863656171
33002316160
4001143199992
1005003387706941
32876034257
1005001856932570
4001274590864
32790442172
1005003326509115
33040362097
1005003036269792
1005003096513599
32887748574
1005003121555604
1005002258615184
1005003005315127
1005003332813770
32957020652
32652000787
1005002738994149
1005003304435134
1005003313402056
1005003223873611
1005003309056603
33019689541
1005001844842352
32685809040
1005002656417869
1005003291973893
1005002292776332
1005002629388668
1005003174215558
1005002350675623
1005001873807502
4001327172585
1005002939126860
1005002942301365
1005002049822797
1005002053538576
4000174681434
32756865511
32910089239
1005002901871698
4000901945891
33024752517
4001129348095
32789136461
4000927052350
1005003281802596
1005002138857586
32967244694
1005003311008945
1005001511495529
1005002235590255
1005003016549841
32834351309
1005002970876520
1005003187474138
1005002930231408
1005003190860804
1005003280478008
4000460125686
1005003356303223
1005002306326692
4001131260071
1005002861315399
1005002512851445
4000143612389
1005003340901206
1005002618872009
1005002834175049
1005001906093029
1005003079863119
32258225607
1005001511832060
1005002331933640
1005002024998443
1005002632522390
1005001617537197
4001286891673
1005002387902471
1005003075923804
4000030333486
1005003091911516
1005002683425399
1005001692235364
4000255654845
4000792499013
1005002789679642
4000904723468
1005002487694903
1005003264257021
1005003302229609
1005003000413871
4000494587603
1005001862722705
1005001769438243
1005003020595253
1005002532297731
32898185638
1005001989302247
1005002063034087
1005003098045434
1005002253800259
1005001429876620
1005003020362915
1005002192173815
1005003103100817
2055707381
32860497738
1005002503973579
1005001452926061
32982019329
1005003208942886
1005003244156420
33037779468
1005003014550383
1005003092558623
1005002967111916
1005001636749105
1005003311449884
32909618067
1005002515484061
4000766713509
1005003097072535
4000130720350
1005003374975987
33004472336
32890611764
1005003225747124
32686843742
32959832687
4001356094869
1005002676053331
1005003093562056
10000406380745
33035032371
32901353437
4000939671715
1005003359462202
1005003150125105
1005002925466835
1005001494834818
1005003329706122
1005003016090981
1005002967337724
1005001924143659
4001225260140
1005002612970292
1005002351977748
1005003027463054
33040728384
1005003328039415
1005003207796607
1005001803655724
1005002516446878
32403363869
1005003113235993
1005001488632078
1005002648911501
1005001962044474
1005003381110596
1005002859660271
1005003368258835
1005003107395799
1005002363682747
1005002950706967
1005003250632591
1005002953720518
1005003064682952
1005003296895991
4000052567151
32980454299
1005002133852685
1005003375341663
1005001441654929
1005002258076674
1005003207502391
4001187235332
1005002661323717
32808402855
1005003134018260
1005001326710333
1005002008046573
1005001354930246
1005003106438029
4001033902447
32921496885
1005001520396783
4000551601906
1005002630409819
33058017680
1005002907230107
10000294858257
1005001929592834
1005002642265599
1005001883306652
1005003023117564
1005001792945314
4000237065910
32889344901
1005002656893019
33007825060
1005003280842622
1005003336231899
1005002350504440
1005002333204971
1005003277780678
4000466649453
1005002579315743
1005003296603045
1005003230526075
32873147563
4000558610101
1005002834800847
1005002390853034
1005002606253615
4000637370381
32728832762
1005002433208958
1005002319145743
1005002657696802
1005002407806037
4000453525963
1005002890769162
1005002146959318
1005001602293824
1005002420385480
1005001531778455
1005002711216730
1005002247135393
1005003015178904
4001023177833
1005002893546300
1005003277783495
1005002340621610
4001110810943
1005002656425461
4000816377940
4000201165811
32873307600
1005002470552451
1005001797482789
4001098459800
1005003087759860
1005002318970770
33052263354
1005001343427590
1005002952901747
1005001710220078
4001230327754
1005001721264850
32832830788
1005002680828058
1005002570359494
1005002722765321
4000867936647
4000709327191
1005003131677759
1005003276656167
33004769232
33015815773
1005003336029537
1005001415310839
1005003258769909
33046134589
1005003183388127
32904398489
1005002412112570
1005003252019034
4000744948375
1005002749800620
4001353083586
1005002137200022
1005003108150991
4001265340095
1005003172759689
1005001961146118
32658635107
1005002604098715
1005003161051811
1005003369803693
4000247972110
1005003065255454
4000590105394
1005003295571034
1005002647279265
1005002489752711
1005003065697076
1005001928339505
1005003344119273
1005001843368755
1005003291082732
1005001765037618
1005003234006701
1005002129091219
1005003278893380
1005003140550614
1005001498895487
1005001659335334
32860603124
32989681971
32381212011
1005003348170605
4000248118424
1005002512730218
1005003294212355
1005002974491557
1005001889751737
4000784637685
33040033356
1005003241354318
1005003004901562
1005003259222778
1005003196445712
1005003267029079
1005003006356646
1005003310075364
32818094463
1005003199119026
1005002970100996
4000795018293
1005002314284215
32908579473
1005001480373429
4000263667566
1005001413555499
4001123788476
32791642795
1005003117977737
32961853550
1005002731698940
1005003008085195
1005002608945173
32957415930
1005003221950117
1005001814287697
1005001921624136
1005003274388992
1005003125303206
1005003016460789
32997274484
1005003336937215
1005001441357147
1005002298085378
4000786775118
1005001793481484
1005003008506592
1005003353760129
1005003298573891
1005002659049147
1005002397283774
1005002945185708
32843817923
1005003019285123
1005002731264873
1005003124452632
1005002919425365
1005002871254707
4000960247934
32883924523
1005003313036242
1005001369026907
1005001349828339
1005002485230707
1005003325207106
1005002454217913
32511189240
1005003167977453
1005003139797330
1005003324891986
1005002661253686
32751648350
1005002663034526
32916181172
1865650821
1005003060850316
32702936575
1005002940476134
1005003006999296
1005002072801832
4001235682747
1005002679194190
10000395839095
1005002828194349
32870551780
4000822151814
1005002032365106
32908260942
1005002997871909
32915140993
1005001607233778
1005001759673586
1005003239894212
1005003129252230
4000342247732
1005003206770785
1005003093918051
4000865408506
4000538651971
1005002705072634
1005003318754970
1005003099980823
32966966161
32867980288
1005003219657459
32916209540
1005001994246740
1005002675554130
32890262022
1005002259097739
4001003512900
4000345101185
1005003334308900
1005003265406750
2006797119
1005002550995451
1005002692921272
1005002949453654
1005002743579673
32969257212
1005003103305590
32793267166
32465190787
1005002089198810
1005001975614422
32872927311
1005002708393389
4000493028669
1005002582275203
1005001944186406
1005002652615466
4001041334104
1005002123565618
1005003172208659
1005003340735587
1005002863250794
1005002912508447
1005002794549038
1005003194815262
1005001315948190
1005002604420962
1005002313458676
1005003198753735
1005001464409912
32782644095
4001137641424
32877825094
4000933635338
1005001840473945
1005003019819270
1005003386267655
1005003131859667
1005003094240910
1005003125547882
1005002997095111
1005003186950913
1005002900961356
1005002910939162
1005003259309045
32987342432
10000002745013
1005003051220844
1005003310156784
4000694251410
33046064877
1005003135538798
4000570614832
1005002478108441
1005003283543135
1005001692089773
4000715676863
1005002585192986
1005003336510015
1005002885455930
1005003089719658
32801264330
1005002125092354
1005003280557509
1005002059840547
1005002450562242
32916107630
1005002171269681
1005001521563902
1005002495809811
33016310186
1005002641083039
1005002108476515
10000395808612
1005001802843897
1005003191491947
32713606127
32579119589
1005002316287120
32984787750
33012297673
1005001624808989
1005002608890072
32434084622
1005003120679011
4000917535478
1005002603271066
1005002282048823
1005001715428166
1005003340948410
1005001770603827
32919611536
1005003042206239
32960726465
1005003123167750
1005001594344610
1005001599561999
33026811253
1005003037159605
1005002011090271
1005002373053787
1005003387659586
33028223515
1005001457216932
1005003154052587
1005002356946953
32953509809
1005002233423435
1005001994188315
1005003017328139
4000483757841
1005001693007051
1005003339967979
33015511297
1005001737073419
32758650363
1005001490450003
1005001995172274
4000860024110
32858961509
1005002959567031
1005003360197675
4000560975410
1005002635302673
4001105701902
1005001519157305
1005003245658215
10000350831196
1005001789992088
1005001901232799
1005002038407644
4000576326030
1005002080209987
4000225837713
1005002370712349
1005002305543022
1005001880851434
1005002717727988
4000386035566
1005002311030021
32911028545
1005003325865048
1005003213302168
1005003245837918
4001150543596
1005003080112994
1005003028862581
32843672351
1005002108579230
1005003357553692
1005003190860215
1005002287374776
4000632539351
32949378386
1005001863669926
1005002104077553
1005002990942670
4001130241258
1005002985134034
32817418251
4000378483835
1005002459565411
1005002607269935
1005003124773269
1005001462974557
1005002953898154
32809274100
32830021977
4001183346103
10000161579300
32365697366
1005003228529593
1005002947599507
1005001843988653
1005003095359179
1005001968882308
1005003382529628
1005002848997396
1005002007321141
1005003172551168
1005002438370651
10000366967825
4001235733304
32979660669
1005002989767260
1005003285331791
1005002676298888
1005003258735338
32778016571
32629295787
4000770230802
1005002741564754
1005002776371125
1005003393536981
1005002222434430
1005003071435171
1005003094220802
4001145897697
1005003248154197
1005003302739783
33042749581
1005003064269178
1005001729205977
32893956175
1005002677958072
33008234463
1005001864978431
1005001774046286
1005003240492015
1005001604747659
1005003123357531
1005002324163112
1005002369625713
1005002811740425
1005003035911254
4001360912576
1005003330174051
1005002593236424
32811859796
1005002752699407
1678313382
1005001898127578
1005002567639410
1005003030046649
4001035146782
1005003226864407
32971179233
1005001627375519
32961269972
4001023329657
1005003163778551
1005003143799020
10000001200948
1005003381613445
1005002570821605
32962994316
32970298441
32957118209
1005002876302608
1005003151947382
1005002293765227
1005001701081251
1005003203127430
1005002271697653
1005002433062764
1005002473474396
1005003365059311
1005001679530783
1005002270840882
32815879113
4001176997367
1005002484918716
1005003212143944
1005002399829118
1005002721698243
1005003276043677
1005003131673937
1005003017256976
32893650499
32997439536
1005003108322333
1005002937735839
4000888402259
1005003229378129
1005003104073969
1005003233385748
1005002951210041
1005002618476931
1005001937251246
1005003035334288
1005002434225102
1005002615728995
1005003180952946
32819887977
1005002023629758
4000927161070
1005003036517902
1005002694660581
32955759056
4000735703058
1005001914970031
1005003106893932
4001275613110
1005002456546914
1005002755769018
33031118331
1005002961556625
1005002686843372
1005003213906142
4001272970988
1005002861701790
1005001839885132
1005003179528611
1005003303837859
1005003173721845
32817713622
1005002454377527
33059448668
1005003281847379
1005001648801295
32793740339
32235811218
1005002537759273
1005001540683719
1005003218419212
1005002122345650
1005002311292296
1005003062127709
1005001414348774
1005002460647372
1005002603859534
32963389662
1005003300784659
1005003057751777
1005003275023731
1005003138732954
32734888701
1005002575860833
4000894781429
1005001936340847
1005003392211873
4000295753331
1005003280564745
1005003034155683
1005003335272410
4000266852616
1005003262297866
1005002990797739
1005003114455876
1005003119124390
4000310348957
1005003213891675
1005002799641151
32966875983
1005001860848415
1005003156001608
1005003364696929
32829574701
1005002838839917
1005002245487987
32888645348
1005002906701669
1005002719008755
1005003021042151
1005002467481708
4001057875650
32847828510
1005002791056220
1005002840110254
1005002297988046
1005002973997435
1005003289078899
1005003189958499
1005003184520269
1005002481636169
32787987992
1005003110063509
1005002866900033
1005003234006701
32859753002
32854141688
32999248060
1005002641698781
4000860073870
4001160140444
1005003208321733
1005002717523173
1005003366098425
1005003387472391
1005002739821147
1005003206544383
1005003010058318
4001211543350
4000696658703
1005002390272532
32857391316
1005002911995318
1005003081881586
1005003058157954
1005002419754519
4000865386633
4000818048283
1005002647247459
1005002098987343
1005003019323690
1005003021324676
32970383601
1005002748035883
32950146450
4001225210423
1005001481140753
4001314963566
1005003030074355
1005002780606693
1005002421540190
1005002813846116
1005002367709048
1005002953786790
32970505680
1005003316565429
4000225528705
1005001989046495
1005002810184694
1005003067788715
1005002879425072
1005003339302426
32969342114
1005002938287314
1005003074195024
1005003055205658
1005002774610381
1005003123334399
1005003381176381
1005001869294334
4000231706489
1005002334822101
32892607069
1005001579186172
1005001765621755
32827885317
1005003072479378
10000112534760
1005003126026970
1005003232402777
33050513008
1005001700307779
1005001594588691
1005003321535566
32833831093
1005002900272957
1005002675989981
1005003057928204
1005002060599739
1005003194475449
1005001975142766
1005002011036773
4000053481756
1005002842794724
1005001898097170
4000503880644
1005002735194868
1005002991040465
1005002568270202
1005001361360194
32974661199
1005003211091814
1005003085514638
1005002181098587
32925707016
1005002817417590
1005002776170174
1005003221000694
32830105732
1005003123339671
1005003262403625
32812970622
32970358482
33000721015
1005003278059538
4000801469431
32817065535
1005002631038623
1005003312136094
32893275463
32803767722
1005003130730355
1005002320129788
1005002721847873
1005003152310852
4000855350110
1005003301208034
33055934194
1005001307758038
1005003029131152
4000057209590
1005002360062475
1005003374657856
1763384692
1005003019298428
32984930657
32969463828
1005001356939165
1005003089244066
4000022518190
32811585540
1005002347061581
1005003331154775
1005003356088504
1005002425252276
1005002794665344
4000763208177
4001104786089
1005003384933661
1005003112229434
1005003266304820
32886674294
1005002122418380
1005003311162616
32963846948
1005003100669475
32885000282
1005002752140515
4000849959099
1005001988490102
1005002861915793
1005002991424246
1005001765767053
1005003254964907
1005001735110369
1005003391473973
1005003195337333
1005002495326664
4001291144109
32980149819
32990527576
1005002317274857
1005001677473689
33045444973
1005002550930698
32961362742
1005001429709620
4000696793467
1005002989950490
1005003102062345
1005002868832263
1005001795964456
32946425451
1005002165070570
1005002858240841
1005003009258384
1005002120141623
1005003237520593
1005003194921917
4001346245723
32833013969
1005003349128567
33035559744
1005002329222351
1005002432606180
4001151408416
1005003184431471
32854976991
4001164424378
1005002281016627
1005001858471705
1005003055241702
1005001408551848
4000546670026
1005003192234192
1005002650330619
32822498054
1005003341837272
4000061628302
1005002974074572
4000012184903
1005001619735285
4000933420074
1005001668269406
1005003313211310
4000198003627
1005002579032246
1005002648831426
1005003276503514
1459933913
1005003381057296
32981703057
4001152478517
1005001924373865
1005002939620067
1005002774129504
1005002383211855
4000030150419
1005001493361060
1005003002369424
1005001926469493
1005002382360690
4001154586296
4001365412401
1005002975990018
1005002430806841
1005002708137395
1005002259719773
1005003236376656
4000320256970
33008592444
1005001362784616
4001155465664
4000251190674
1005003251903646
32898030673
1005002898325830
1005003345854278
32993454417
1005003272513720
1005001525236984
4000876183998
1005002816560982
1005003162702094
1005003106690382
32975849146
1005003100432541
1005002551718389
1005002376416720
32858445106
1005001853797687
32999344519
32823152979
32810006870
1005002224793432
1005003081906370
1005003172751426
1005001999630838
1005001997659609
1005002499411640
32689585116
4001108921832
1005003023386504
1005001873850222
1005002330375144
33026455664
1005001303951477
32994336184
4000698338719
32929340765
1005002716754893
4000706180939
4000158195073
1005002593146875
32967995368
1005002840959110
33041358849
1005003392999963
32829246179
1005003002263132
4001175685838
1005002839887203
4000325660571
4000005265340
1005002458824071
1005002978569823
1005002882775745
32823227819
1005002311159582
1005003228314860
1005003156684829
32919085550
4000187657343
1005003270216353
1005001808315107
32882578199
4000969933613
1005002453332203
4000509884948
1005003259550608
1005001526886949
1005002840174572
4001110904070
4000807149178
1005003272187867
1005002398429476
32882427639
1005001540817227
1005001890893016
4000311046687
32896891392
32608884904
1005002048820136
32903401027
1005003285600580
1005002279374405
1005003387368050
1005003082715334
1005002326651282
1005002088086910
1005001586486343
1005003030375107
1005003097454771
1005001580151643
4000238173465
4000986719607
1005002613956775
1005002971530222
1005003198993722
1005001830972662
32986937143
1005003003193618
4000746425096
1005002321041426
32432690644
4000777454834
32858145902
1005003306806445
1005003303969484
1005003328024146
32791954957
1005002851955083
1005001441432424
1005002717110840
1005003224712856
1005003038209419
1005002641621179
1005003215849316
32905215637
10000395290309
1005003140143765
1005001505024120
1005002510544725
4001196161139
1005003363764592
1005003318963983
4001131193173
1005001670195741
1005002633510213
1005002927818298
4000317647911
1005002727483619
1005003124970631
1005003350914588
1005002978600187
4001170024044
4001214232886
1005002191177121
1005001476272146
4000722968619
33048652308
1005003342160131
1005002683039171
1005002880241139
1005003342027189
32920127917
1005002950915090
1005002198712747
1005003276539687
32657870835
1005002315504993
1005003250379195
1005003144657658
1005001710960702
32827484822
1005003372362644
4001076539556
33006721867
1005001364820349
1005003208271417
1005002760564015
1005003210548844
1005001916456642
32868149826
1005001605374790
1005003037487491
1005003224865679
4000090402268
1005003133882964
1005001586853705
1005002559963239
1005002957252127
1005001425683516
1005002282195824
1005003330235589
1005001623343965
32925655970
1005001694631484
4000990424180
1005002354373346
1005002399472303
4000735018805
1005002709593773
32811173225
1005002125342642
1005003130194618
1005002604734045
4001122705822
4000848800562
1005001343439435
1005002571202288
1005003106050673
4000808356898
1005003342119460
1005002841801721
1005001387665312
1005001525564066
1005002608160144
4001248732015
1005002709280594
1005003230083101
1005003301141587
32804576659
1005003192188974
1005002473631462
4000799580606
1005001383754017
4000928412807
1005002429070514
4000050262237
4000461501041
1005002330634488
10000395949206
1005003361294300
4001155187584
1005002669289146
1005003383263729
10000245868747
1005002576945832
4001008549870
32947176302
32812271891
32961575209
1005002997545979
1005003090899134
1005002656810792
1005001786337318
1005002872225720
1005002219144762
1005001698418379
33042499180
1005002806002118
1005003287609314
1005003076739449
33004932919
32852351384
1005003271397202
1005001738217793
4001361014435
1005001925191471
4000935685837
1005001903085360
1005003272249593
4000628720334
1005002865806405
1005001863284692
1005002836147336
1005003103170470
1005003140271853
32896483365
1804893152
1005002492259512
1005001593315172
1005001506502735
32827237826
1005002198589393
1005002187795296
1005002815010452
1005003374881741
4001289961175
1005002857877316
1005002192455882
4001153440758
1005002967684634
1005003371087990
1005002761117310
4001244617504
1005002643848851
1005003184640105
4001097589280
1005003314673089
1005002336154359
1005002927477262
1005002647190050
1005003331183691
32658976375
1005002069863199
32769575803
1005001600086620
1005001307436317
1005003006423492
1005002565446506
1005002980371513
1005002394283565
4000185803421
1005001987652008
4000853836829
32814080129
1005003300173871
1005003311676915
32270018461
1005003303970307
4000566571626
1005001682021161
1005002660263658
1005003386456351
1005003283194682
1005003105894153
1005002623829341
4000261022945
1005002990368865
1005002375079902
4000905704251
1005003253004544
4000467852460
4001251925794
32444948999
1005003326879501
1005003156253576
1005001961909644
1005002360102575
33012746224
1005001419580501
1005002767436453
1005003066271712
1005003311088541
4000630190682
1005002731492875
1005003042482595
1005003324976535
1005002901186929
1005002758824400
1005002740337151
32967812421
1742789757
1005003274484294
1005003249284875
1005003296646295
1005003162202127
1005002974414629
1005001738483231
1005002971203958
1005003054332331
1005002965837645
1005001840544646
1005001593183854
10000179343704
1005002789833595
4001106594842
4000829341330
1005002714615166
33046659931
1005002345592741
1005002400276198
1005003048416686
1005002789567838
1005002696615436
1005001884034283
1005003302438698
1005001934824514
1005002460977278
1005002262263814
1005002372543558
1005003257741020
1005003172827319
1005002787665460
1005003117635862
32814932025
1005002945133773
1005002835794036
1005003054203226
1005003337401772
1005003350193486
1005002447714849
1005001893606378
1005002605269087
32955425627
4000845396702
1005003385170018
1005002951598526
1005003065353691
4000062967043
1005002965094027
4001211835833
1005002491482874
1005002732552941
4000294984199
1005001702884042
4000169308747
1005002399818272
4001090680456
1005003123299233
1005002703237429
1005002959570336
1005002966532019
4001215742950
4000336661641
4000633969337
1005002642752616
1005003277599351
32810850689
1005002765027259
1005003082123344
1005002890595624
1005003375600301
1005002760589304
1005003334715784
1005003028646324
1005003165220059
1005002564428380
4000994575891
1005003071093448
1005001825362108
1005003330700949
1005003391312136
4000538198635
1005002567401168
32981593103
1005003162187381
1005002524547086
32859570835
1005002932630033
1005001936736052
1005001499198259
4001221887672
1005003338570221
1000008030330
1005002003670775
1005003161098522
1005003178564111
1005003138829332
1005003270862143
1005002843047562
1005002110501774
1005002441464873
1005002946617764
1005002081748524
32970847865