33010454295
4001246134443
1005003009724405
1005001593449992
1005003050719538
1005003261532793
1005001409815700
4000212053456
32899851795
1005001567049131
1005002996837335
1005001605958904
1005001544965564
4000799226964
1005002120866177
1005002599826456
1005003050796489
1005002427048272
1005002109784867
1005003351646323
4001210629994
4001214110274
1005002398853308
1005003367856639
1005003349369371
1005002177602004
1005002772910131
1005002847928638
1005002786446949
1005003350058427
1005003049877255
1005003026832745
1005002448412222
33028264016
1005001846801454
1005002577464752
1005001986082760
1005001439184307
32964431280
4000589390227
4001053654699
1005002656786635
32895537167
4000991635271
1005003096826602
32820480084
1005003106713902
32963124672
1005002776425587
1005002531922076
1557014970
1005003197690692
1005002907261447
4000310326610
33019789473
32981201431
1005001500460573
10000140078735
1005002435922350
1005002583536229
1005003365473418
1005003065394927
1005002399819940
4000142782398
32264476809
32860657103
1005002827189984
1005003193871673
4000014228621
1005001763322822
1005001297791049
1005003015992724
4000796714666
1005001948753942
1005002666773086
1005002949593677
32237334505
32974326018
4001190170198
4000683314834
1005002336567863
4001080081756
1005002053699613
33032452468
1005002695748024
1005003086957551
32843126943
1005002802691007
1005003040198077
1005003111398556
32998894303
32972244814
1005001676690924
1005001343570532
1005001705255293
1005003282040785
1005003297850663
1005001625198346
32802665250
1005002387059295
1005002457183500
32864610184
1005002546549431
1005001525420256
1005003359356754
32926083560
1005001540161143
32792653714
1005003275483507
1005003283072865
1005001977510234
1005002239437421
1005002756033071
32920254094
1005003274320695
1005001894861349
32843688540
1005001804578351
4000032507266
33009570315
1005002504603909
1005003020864974
1005002451749655
1005003042309426
1005003269575118
1005003306051066
4000785479350
33050987657
1005002446805734
1005002040318899
32956853012
1005003211848890
1005003087356008
1005002906606884
4000197161768
1005003002250310
1005002056090486
1005002246302123
4000266016801
1005001592714001
1005001954874634
1005003349557479
1005002635298436
1005002884816769
33024714638
32994064979
4000378449958
1005001596162989
1005001677222499
1005002893256693
1005001310006482
4000018859567
1005001526537306
32821517791
32969565785
1005001349811421
4000029528209
1005001967497511
1005002254592123
1005002398617768
1005003311197940
4000886744412
33001384526
4001160265163
1005002978470770
1005001437543594
32985363137
1005003091027234
33022517904
32974805277
32687619239
1005002234121949
1005003042933174
4000061523008
1005002608700550
1005001472887059
1005002700588917
32937559200
1005002139702889
1005002880290537
1005003170787394
1005001764489103
4000377242548
1005002810274985
1005001344346183
1005003041582810
1005002090617124
32976193550
1005002769293073
1005003178512687
1005001768827242
1005002852222299
1005002872032200
32979965499
1005003198515004
1005002050581149
1005001349283495
4001149184903
33003622414
1005003380396694
1005002475739367
1005001541738081
1005003285926733
1005003240617499
32858814701
1005002003120034
32853094628
1005003205412529
32964369204
4000292136860
1005003308591822
1005003202793468
1005003385958500
4001071875910
1005001853472733
1005003136897303
1005001343443360
1005003109991359
1005002406436155
1005002983240856
1000003862085
1005003219340892
1005001308221878
32413070259
4000159947904
1005002997266040
1005003349928826
1005002833246833
1005003281261899
4000074515250
4001293356005
1005003064889265
1005001598515961
1005003146062906
1005003158099349
1005002087852579
32981763542
1005003183189628
32869085999
4000615034358
32699939850
1005002310906996
32792834252
1005001286478506
1005001398655575
1005001912558190
1005002879070118
32836952152
1005002828785753
1005002953223801
1432909936
4000058264838
1005003266082837
1005002271778181
1005003070491172
1005001726227256
1005002733477235
32773779367
1005003003248768
1005003385205397
1005002060586868
4000006885281
32857697991
1005001506992327
1005003290996262
32829405876
4000843298215
4000938929313
1005002559344496
32889485584
1005003052406996
1005002872907738
32483763156
33032547544
4000188022660
4000817550962
32918503788
4000794328068
1005003155196120
32853806152
1005002081180859
1005002938839100
1005002417021646
1005003269108794
1005002702957142
1005003064387189
1005001839932843
1005003334192665
1005003093752837
32788037302
4001288143225
1005002719584814
1005002314014356
1005003332388007
1005003381041907
33034625537
1005003280694506
1005003375524518
1005003082687442
1005001785749359
1005001875395293
10000122370375
4001098583305
1005001677991750
33054528197
33054779175
1005003372129176
1005003129900051
32929537986
4000385673810
1005003141610676
4000169189716
1005003222891641
4000555112232
1005003226216244
4001270345726
1005002083999371
1005002616686025
1005001859408421
1005001419580501
32962535499
1005002372338059
4000859226882
1005002766031936
1005003191205402
1005002541199869
1005003286014890
1005003303725872
33001419811
1005002574912136
32995803001
4001322491808
1005002803085352
1005001539875570
1005001375507085
1005002959186546
4000109850343
1005002649944920
4000715477027
1005002990262976
1005002716959240
1005003309569155
1005001704733191
1005003390963260
4000854340542
1005003156676476
1005003284203518
1005002642843300
1005001541224826
1005003059375180
4001037982513
4000473774539
32643952203
1005002474048523
1005003087474143
4000159606491
1005002046580093
1005001779550481
1005002260673926
32848206039
32880961567
1005002580213961
1005002842700690
1005001518812219
1005002971877816
4000918372696
1005003119272115
1005001834119195
1005002939742256
32929880001
1005002431134745
1005002260730450
4001356519850
4000930989410
1005003376767515
1005003193620923
1005002578843001
1005003107137125
1005002318825364
1005002937481544
1005002487292832
32562766172
1005002175214901
1005002870263198
1005003287410683
1005002174996523
1005003085514612
1005002755970615
1005003317662682
1005003270457189
4000628648772
1005001422897869
32805190916
1005001393442143
1005002083874275
32277818248
1005003317010026
1005003106334801
1005003387524015
1005003169859429
1005002927190541
1005002861853210
1005001835182891
32947333907
32833337154
1005003321081770
1005001412731068
1005003059901171
1005003298341063
1005003131394017
1005003383406278
1005003389911800
1005003044821089
1005002702927045
32871307944
1005003251019827
1005002302629252
4000351718419
32822149704
1005002842091298
1005003244672492
1005002695337113
1005002304627903
1005002875841464
32660747763
1005001941766958
1005003210766213
1005001604969102
1005003334916289
1005002819458094
32869674010
1005002100701060
4000067074873
1005003355319014
4001232582997
1005002747770878
33040468223
1005001923824433
1005002799011018
1005003102602126
1005003329319991
32758106636
1005002133552927
32813167392
1005002117324277
1005001297460929
1005001880541096
1005002325338313
32879188747
1005002094415480
1005002775340636
1005003017875220
1005001964345340
1005002831478739
1005002464969766
32860455255
32836567626
1005003351219188
1005003123314460
1005003258163709
1005002877775182
1005002276620572
1005001639228925
32948806373
1005003381231156
1005002568626259
1005003151485775
4000804318249
33011564297
1005002110083153
4001180505990
1005002022918110
4000261599466
4001023599701
4000589300064
1005003069380263
1005002516936636
32856693068
1005002875795871
32656428000
1005002370028226
1005002608996086
32811643457
4000466068307
1005003166582590
1005002064344952
32838349661
1005002857205091
10000022144185
1005001265531832
4000558674781
1005002795552213
1005003074770674
1005003205490316
1005002710656173
1005001524484040
1005002857443767
1005002431238644
1005002752348665
1895407566
1005003278295707
1005002946450192
32943869777
33010721457
1005003164782124
1005002624129119
32934151893
1005001666295996
1005002941103164
1005003004073729
32856479844
4000439569055
1005003176929898
4000868142859
32993769567
32961732833
1005002567854048
4000618328094
32835925275
1005002633423120
1005001894929172
4000307287987
1005003101056751
1005003204320125
1005002907585537
1005003340265198
1005003273283759
1005002857989784
1005002739419805
1005002618757855
1005002025220983
1005001864021184
1005002468177866
1005003270079217
4000720595476
1005002197397825
4000569876415
4000174123379
4000055456229
1005001289990249
1005002302363994
1005002716546196
1005003099168045
32948346887
1005001921499653
32447825492
1005002377438428
1005003338374572
32568901395
1005001779690648
1005003310691196
1005003027376280
1005002810238003
1005002244133641
1005002032708282
1005003215926352
1005003387837245
4000853360340
1005002389373829
1005002552703409
4001297070629
1005001626906010
1005002790222342
4000588395111
32952634225
1005002367648716
1005003044178748
1005003059097829
4000245204518
4000154938373
1005002542832813
32829965782
1005002054887661
1005002666799967
1005001815083620
1005002602102834
32906471527
1005002808197691
1005003217453892
1005002612959127
1005001439284721
1005003310969810
32879341203
1005002944428183
1005003303873849
1005002890810701
1005002191513047
33043048507
1005003031794837
4001020128525
1005003106574688
33048656519
1005002198814932
4001278913283
4000131349378
32963793756
32852036921
1005003304934848
1005002799061663
32855849494
1005002820654538
33018185150
1005003277338179
32865148098
1005003224308175
4000443918254
4000015388621
1005003297627163
4000613441203
1005003306916557
1005003375836889
4000993356400
1005003177955826
1005003333911118
4000974558983
1005001397739432
1005003144100839
4000283824760
1005003274934551
1005002164966635
1005001756700553
4000371287635
1005002811917296
1005002054428621
1005002947792434
1005001895851410
32847244106
1005002211283421
1005003377032176
1005003261936148
4000027320956
1005002880276427
1005002587754452
32961201324
1005003324605574
1005002977830454
4000922605637
4001335084240
32950467836
1005002270816001
4001147949197
32771138725
1005003234457257
1005002907630589
1005002522767486
1005002707215696
32805150587
1005002602482492
1005002584112012
1005003272725594
1005002555233468
1005001298553835
1005001351756197
32883734023
32811709876
4000675880696
1005002829152633
1005002732109551
1005001406074556
1005002842947679
1005001560596831
32910101276
1005003181732373
1005001652561668
1005002718070490
4000261880224
1005003063644918
1005002121821481
4000545749017
32969284233
4001278345260
1005002774653081
1005003344805664
1005002486115684
32728220468
1005001552766058
32732211622
4000718051372
32960498384
32464269185
1005003284769530
1005003387846160
1005003136301051
32847157814
1005003291956285
1005002693459334
1005003343964176
4001194679037
32994374256
1005001878074523
32971089126
32816413073
4001080875494
1005003196670977
32994970711
32829013562
1005001705475750
4000628506675
1005003331297945
1005002551601800
1005001296529981
1005003298123086
4000278898971
1005001793207305
1005002655471702
4000834562401
1005002337736148
4000842943592
1005003059240840
1005003270709597
1005003197643317
1005002638217319
1005003387016838
4000902343437
32905773066
32797594916
1005003082543047
4000272922663
1005001718179752
1005003313537569
1005003376673300
1005001495651042
1005002352301541
1005003226384963
1005002083768603
10000343965692
1005003315121150
1005002847105330
1005003225051435
1005003325125271
1005001824214282
1005003280577683
1005003124611554
1005002853021154
4000108579550
1005002641604775
1005003297750171
543040535
1005003270216371
1005003127379737
1005002277934360
1005002616163715
1005003080886855
1005001389543368
1005002940449713
32901521721
1005003069509866
1005002286369799
1005003094748927
32842637164
33046357448
4000891799068
32788363793
1005002930444321
1005003201819264
1005003153238664
1005003098098305
4000943419892
32817838473
4001067943519
1005003262008806
4000108450971
1005003381091470
4001345627534
1005003282773902
1005002695259835
4000246513821
1005002934787615
32865908390
1005002542025349
4001271541847
32894789844
32967461229
1005003278298352
1005001781409489
4001361044775
1005003084501519
1005002454213898
1005002382812942
1005003185394544
1005003105302650
1005003101942689
1005003350202261
4000073207575
1005003034399207
1005002582557730
4000090473149
4000688620437
1005003385933696
1005003272385135
1005003136389777
1005002200814144
1005001584873004
4000906933600
1005003124679120
1005003326978566
1005002247595452
1000001195668
1005003099979655
1005002003128732
1005003386340186
1005001968209576
1005001525939858
4000214656626
1005003190731066
1005001797633443
1005001977887849
1005003248913763
33021909820
1005003236452453
1005002318278005
1005002608759888
4000335546694
1005003356687473
1005001905521919
1005003037054343
32822111917
1005003105565273
4001021929577
4000650580388
1005002776269962
1005001947603103
1005002162595545
1005002716871851
1005001620357963
1005003304073360
1005003141823911
1005001640811124
1005003380015674
4001270717287
1005002350763009
1005002697737029
1005002214525349
33046301132
1005001373134432
1005002282297182
32966849049
1005002448269499
1005003129001850
33058971645
4000353274229
1005001495375945
1005003066596828
4000239769692
1005003012176954
1005002908203245
1005002935437389
1005002761085603
1005001600591256
1005002566452903
1005003151736576
1005002756009147
1005003231759325
1005002853134573
1005001401859087
1005003042160119
1005001407580898
4000340293107
1005001286386131
32945247506
1005003280598814
4000190496750
4000859797753
1005003282786260
1005003037639757
32982912769
1005001736650803
4001234380238
4001079489450
4000392513443
4000215758826
1005003047957715
1005003166400132
1005003154814547
4000052334736
1005002264283572
1005002394314827
33047034289
1005002073750417
1005003341439651
1005002611879926
1005002298099214
1005003099001405
1005002495762690
1005001291763367
1005003014207269
1005003377215728
1005002386427448
1005002573607882
4000477107878
1005001597713932
1005003280396747
1005002108739038
1005003252548191
32811616255
4000777385325
33009235585
10000002747177
1005002821340420
1005003262033864
32891274151
1005002246246601
4000906403173
32850875224
1005002224891444
4000159423038
32886264735
1005003384142615
1005001355612669
1005003378483110
4001331301612
1005001867319516
4000930181790
1005002836237553
1005002637328378
1005003344119969
32856463415
1005002973171958
1005003377677205
1005002991752524
32787330151
1005003130490580
1005003239164317
1005002523100816
1005003276155416
4000064738453
1005001941825954
1005003016477378
4001171359002
1005002551943545
1750049852
1005002171269681
1005003391706045
1005003019196221
4000938875845
1005002931190164
1005002745196680
33038112425
1005003382193308
1005002676146029
1005002377868461
1005002798969387
1005003154008969
1005002744585008
1005003319120225
1005001275534190
4000410905604
1005003329933014
1005003284728637
1005001383163248
1005003197967074
32992114118
1005003150577853
32309578753
4001192678162
4000889723211
4001184726194
1005002617592048
4000823544132
1005001399610673
32945628605
1005001897206385
1005003216026143
32970854344
1005001454850870
1005002730965981
1005002497207426
4000969624156
32825958217
32602416616
1005002344979211
1005003113352392
4000222584675
1005003203021419
4000281766552
4001127671418
1005002736357173
4000166509940
4000052488695
1005003097515367
1005002658989391
1005003388426739
33018104997
1005002063427476
1005002320885924
1005002663971002
1005002573644825
1005002304443491
1005002888828685
4001354348546
32922909578
4001177720826
1005002813620945
1005003071993357
1005002409240877
32945988080
1005002717792685
1005002763865428
4001122300375
1005002275491696
1005002622865051
1005003135207746
1005002730356952
32896066252
1005002276708984
1005003299358790
1005002241139119
1005002567154704
1005002959195034
33063883764
33002003982
33056273073
1005002817256392
4000177859028
4001045674838
1005003236167403
32706940028
1005003206665005
4001177790957
1005001626543931
1005001614249956
1005002683370485
1005001530593506
1005002399786238
4000506307921
1005003143694445
1005003337304454
1005002482296632
1005001834170278
1005002765833165
4001114497306
1005002261060073
1005001383364739
1005002698137188
1005002253737986
1005003351422130
1005003290377253
4000143660964
4000674708805
1005003352080643
1005002872602680
1005003321249111
32959214440
32817346110
4000973380073
1005003371762008
1005003101522103
1005002487474410
690023376
32841535819
4001299691456
4000886845555
32780049530
1005001406340469
32893311600
4001280920341
32735688711
4001022585948
1005003204996717
1005003285446357
32996691940
1005002829256982
1005002527070588
1005003171989760
1005001339863849
1005002985134952
4001298188065
1005003035450804
4000186572973
32967400235
4000978975924
1005003016138233
1005003139583852
1005003133845519
1005003129147580
4000696957071
1005001676878926
4001223944930
1005003345389638
1005002568855090
1005003365017061
1005002708423611
1005002441756645
1005001880729935
1005002806008825
4001036078161
4001002790809
1005002459587516
1005002331693819
32966628994
32846652261
1005002813759872
1005002646949503
1005002783942038
32909389238
1005002390527628
4001251481227
1005003310486075
4001070008358
32954136925
1005002847086318
1005002855033644
1005003303117159
1005002663731535
1005001907037210
32961420329
1005002845943325
4001351039577
1005001540789291
1005001363054762
1005003041267149
1005002513257429
1005001954464367
1005002878392319
4001295740370
1005003208556227
4001287135485
32858774051
1005002841851787
1005003191195096
4001238963039
1005003188184639
1005003175229300
32937009631
1005002510856346
1005003182551868
4001297165178
4001289316542
1005003025951116
1005002992129678
1005002575677260
1005003258426113
1005002870765645
1005003101601730
1005001307479124
1005001992055165
1005003123535559
1005002253526949
1005002693692074
1005002964386994
1005003240464657
32881844108
1005002715038278
32982992774
1005002334083583
4000836043994
1005002746664729
1005002945485917
1005001901159616
32886666458
1005002950478835
32788046066
4001090588536
1005002259375889
32959568201
1005003146444212
32842473664
1005001835128979
1005002911972360
1005001998896229
1005002698532847
32853300547
1005002675396254
1005003380867398
32871163122
1005001496775157
33004619635
1005003113536808
1005003063359959
1005003310953569
1005003147951690
793241561
1005002783818448
32806574955
1005001840394854
1005002556074005
1005002576737103
1005003125494496
4000764790563
1005003008068407
32997281648
32987969549
4001235540487
1005002918428100
1005002089344337
1005002365770629
4001358313446
1005001708694139
32821416627
1005002827866108
1005001426514315
1005002547443254
32996004982
1005003281114095
4001037621846
1005001460985229
1005003096561318
1005003277828606
1005003267891528
32829018881
4000199435177
1005003153033298
4000276207940
1005002826623035
4000982028998
10000345074368
1005002275340237
4000058002656
1005002816699441
1005003229668608
32897607389
32982550723
1005002396521813
1005003226491682
1005002003070119
1005003032396965
4000644840524
1005002839062357
1005002608650154
4001263717997
4000214727000
1005003009614549
32888266766
32768077380
1005003082490487
1005002537578624
32874268939
1005003337881963
4000624441926
4000426912734
1005002727063146
32983594059
1005002749930429
4001297496747
4000719723122
1005003355284445
1005003018235551
1005002631342316
1005002930699982
1005003353622456
32219554390
32860802335
1005002060165852
1005001484368889
1005002029864447
1005001432460255
1005003265018666
1005002224579872
32965834211
32834423278
1005001887594668
1005001710202540
1782279620
4000744614775
1005001344300318
4001210475624
1005003015254699
32814419823
4001287067799
32889692131
4001214797132
4000138350975
4000990780693
1005002857887926
33001407921
1005002562273555
1005003131283332
1005003150730329
1005002623647415
1005003297885738
1005003017275388
1005002110037459
1005001775682134
1005002342789276
1005002622394429
1005001380036247
1005001493178465
32962659167
1005003257492411
1005002350603680
33036448970
1005003195767583
1005003151940557
1005002966033841
33026903342
1005001823520827
1005002754199244
4001142832509
1005003094110559
1005002938202667
1005002224689225
1005001705907904
1005003288085092
1005002142491627
1005001430568356
4001258959911
32318670109
1005002866470371
1005003341335218
1005002247049634
1005002400295282
1005002107662625
4000838628617
1005002910834874
32921404738
1005002033730532
1005001304073821
1005001785655891
1005002562540429
1005003189893754
1005003090253552
1005003344767525
1005001908722294
1005003330091277
4000704191337
1005002919887136
1005002978687674
1005003057807718
1005003147348882
1005002621858183
1005003194567655
1005003297548525
1005002884804623
1005001644436064
1005001362949648
1005002737117890
4000665716453
1005003297937910
1005003136176075
1005003188339969
1432825325
1005002966798712
1005003341805144
1005003336202955
4000071170342
1005002341999668
1005002182372307
1005002577669718
4000199185325
1005002832280236
1005003381625434
1005003345467976
1005001472047157
32956158679
1005002263794220
4000504495845
1005003215310544
1005003020915867
32875677315
33011573409
1005001920827884
1005003329284237
33010500499
4000910194212
1005003206688941
32874666345
1005002988950340
32662258834
1005002566888667
32851215107
4000709085525
1005003100700312
1005003274069482
1005003207836199
1005003198068878
4000484261462
32879982337
1005003239881326
1005003346251696
4000856876560
1005002979149790
1005003344825440
4000188018249
4001007630719
1005003295580651
4000808561304
33000013765
1005003329346649
1005003090253148
4001126250218
1005003248539152
4000776851455
1005003271448023
4001214219036
32888645348
1005003281291635
1005003190198411
1005002258687248
33058514357
1005003318271616
1005003139661023
1005002372767929
32884768158
4000662704702
1005003335346386
32275960047
1005002090818626
1005003142203008
10000341752465
1005002917034026
4000079903992
1005003053463343
1005002991474556
32961639981
1005003012660092
1005002837848379
1005003182312790
4000862286243
1005002517906026
1005003194258677
1005003264652574
4001039231985
1005003179427097
1005001344836861
1005003340982194
1005002850599893
4000781780281
32539953605
1005003071788498
4000160790482
4001192875671
1005003332130688
1000008376071
1005002136461964
1005001538103242
1005001694566834
32881362228
1005002648850116
1005002573697905
1005001869591382
1005002947740133
4001248267428
1005003163407569
1005001867421006
1005002121350290
1005001808839999
1005003210201861
1005002662341349
1005001781651042
32739942954
32232609645
32962125025
1005003133879148
4000783768939
1005001708157599
1005002462793228
4001100004933
1005001848978460
1005003171806759
1005003314452384
1005003318171374
1005002538921274
1005001368822096
1005002541565730
1005003254738377
1005002427925817
4001142921805
4000182180419
1005002469567464
1005001868577358
1005003189370104
1005002759786841
1005003188247783
32852155842
1005002664479826
1005003024337159
32906141926
1005002210581982
32678150516
1005003163969828
4000620881006
1005003151681248
1005001379444895
1005001441358261
1005003195894895
1005001274853691
1005002808920066
32959838355
4000332447973
1005003122779573
4000061013519
1005003197778488
1005001469398009
4001061204856
4000953735642
1005003341918585
1005002031703712
1005002650932851
1005001518252593
1005001445979683
1005002338747582
1005002642605474
1005003032944825
1005002083506797
33027049838
1005002042976104
1005001493233989
1005003118982560
1005003340385623
1005002611636963
1005002993939342
1005002989472708
32350266185
1005003193986736
1005001793092268
1005002599971320
1005002379124137
1005002337842305
1005001466048060
1005001666504482
1005003087860303
1005002885896019
1005002841293440
32986533391
32709851158
1005003032981194
32302076524
32912303767
1005001886009879
33018990459
32716010823
1005001551158614
1005002561824996
1005002878238704
1005003285436434
4000811157966
1005002883375709
32846422579
1005003250783058
1005002372162168
1005002878960875
1005002489999774
10000395872123
1005002931621926
1005003240485690
1005002050352844
1005003211072240
1005001785940851
1005003344810648
4000410302353
1005003021320401
4000447352146
1005002999141162
1005003000954040
4000018513153
1005003198686361
4001217519633
1005002945367331
32812529512
1005001335118108
4001229999791
1005002604186640
1005001893203706
1005002949108555
1005003184114590
4000341698006
1005002814967575
1005001307452870
1005002336598783
4000353755569
1005003139392492
1005003147610052
4000641948276
1005003347608619
32742013082
1005002520328852
1005002724205408
1005002862151103
1005002866594873
4000677414655
1005001997222532
4000756795267
33034485492
1005003057484326
32963187133
32832398332
4001092175832
1005002865312084
4000078989993
1005002900500736
1005003027668971
1005002974080627
4001101854136
32878709807
1403040625
1005001939333020
1005001576241623
4000395006380
4001286447256
1005002495880850
1005002702512655
1005001520610477
1005001555506115
1005003177054259
1005002711302088
1005001659114248
1005003331187823
4000675845680
1005002864809246
1005003387646484
32988420852
1005002693651516
1005003183716006
1005003388239870
1005001975896362
1005003112261232
1005002658109769
1005003270311699
1005002764811524
1005003193097823
1005002709934993
1005003299671957
1005002083768603
1005002313645857
33021829962
1005001365389687
1005002658411960
1005001347010133
4001269726307
32885918563
1005002538246632
33049099719
1005002531823254
1005003382765100
1005002808702238
1005001977628379
4000833438616
10000031209829
1005001410964639
1005003150177300
1005003349303926
1005003234142329
1005003000223797
1005003381096989
1005002441647967
1005003380416462
1005003073111213
1005002787565886
1005001375192598
32922454977
1005003043979259
32960194070
4001265451883
1005003241139297
1005002457936311
1005002879619917
1005002534645257
1005002004635605
1005003190501080
1005002998237804
1005002631771611
1005003228581034
1005002395050879
1005002268498553
1005002264789725
1005003327482650
32850458537
32898162906
1005003212023129
1005003136186240
4000085413220
4000162619766
4000594790092
1005003047182062
1005002394896835
32961348593
1005002175858398
32834147676
1005002895346423
1005002624835762
4000237195159
33035860262
1005001596279922
1005002836237633
1005003183137154
4000080784623
33009984902
4000183054360
1005003168736606
4001116911187
4001219574732
32944620882
1005003103887697
1005002830553786
1005003311327986
33018853289
1005002692398238
1005002288040844
1005001439572930
1005001915374076
1005002243881769
1005003277821693
1005003298124369
1005003343385010
1005002354587237
1005001529314474
1005002649183914
1005003286662980
1005003157356950
1005002953478875
1005003176452252
4000483832163
1005003208213117
1005002758798949
32771333220
4001118933553
4000557974246
1005002610147768
1005002130992394
1005002495755698
1005001567192080
4001021720445
32889068126
32653366645
1005003387481380
1005003228807395
1005003041830653
32804929804
1005003245988685
1005002617251872
1005002228051195
32873619172
1005002949695671
4000384541586
32873677605
1005001287405344
1005003169845653
1005002352776922
1005003350249783
1005003316347649
1005002922269855
10000319572776
4000691752282
4000214738116
1005003330754722
1005002646980558
1005001602924053
1005002477637062
1005002932767179
1005002711183989
1005002022823026
4000216632749
1005001671227560
1005002532333183
4001269372843
1005002079783646
32951200508
32814123295
1005001530842830
1005002915744293
1005003152177882
1005003271350231
1005001432978512
1005002650870537
1005003149315313
4000077211859
1005003359960988
1005002982043869
4000869559266
1005002406518082
1005001674955954
1005002486229209
1005002937975846
1005003215844084
4001252622308
1005003162410369
32953533555
1005002077582173
4000020422307
1005002868118861
32832584575
1005003336461228
32757540582
1005003167734477
1005003199538145
1005002834188508
1005001429411207
1005003290200886
32817662668
1005001463394752
32848664546
1005003200194441
1005002940280654
1005003262058682
1005003354667713
1005003001300081
1005001391316967
1005002562174554
1005002359937676
1005002574738038
1005001698673154
1005001803830019
1005002489766165
1005002754492534
1005001466171277
4001218832909
1005002616115585
1005002782070288
1005003214389808
1005003002955818
4001333171549
1005002132451875
10000040164242
33003009147
1005002370027836
1005002186234223
1005003141248029
1005003186184536
32834997773
1005002392211705
1005002555517355
32981502319
32898644186
4000960632543
1005003341699648
1005003350708356
1005002525739913
1005002085443305
1005002652754359
1005001835855963
1005001709626549
4000143660964
33048050937
1005002438467198
1005002212462123
1005002950435155
1005002555278825
32999778548
1005001376188096
1005001748674814
1005002582937077
1005002708262093
1005001281036006
1005003225015402
10000061977509
1005003001423869
1005003320498210
1005001845876706
1005001288866974
4000592919878
1005002647263488
1005003014440895
1005003052618145
1005003380580114
1005001571966538
1005001374395864
32945684580
1005002520171079
1005002288667542
1005001398532707
1005002918060223
33006867090
1005003259975321
4000413421847
1005003224791534
32878847236
1005003205992724
1005002046421842
32972840877
1005003326985602
1005003226573440
1005002604254741
1005003123320925
1005002668731171
32801983338
4001325249495
32959589415
1005001425520316
32869333585
1005002932295994
1005003305053549
4000626620264
4001260007337
1005001483236351
32987610693
32899196258
1005003164914491
32908414890
1005002508482558
4000089479027
1005003213027080
33013154257
1005002454318859
1005003270707876
4000771257394
1005003371151119
4001355102892
32824283498
1005002680705844
1005002190579643
32963830720
1005002732386982
1005002080091041
1005002548084620
1005002994819593
1005002792115415
1005002824416152
4000017844467
1005002468776811
1005002848247601
32788813053
32967273019
4001269172927
32802880007
1005002073670647
1005001470722208
1005001851977653
4001307273500
1005002322589394
1005002801449915
1005001948464608
33041260472
1005001576866452
1005003345971592
1005003071970750
1005003385277176
1005001320499863
1005001307834551
32734937379
32985689038
32818634772
32858781414
1005002053441031
1005003363014057
1005003377906246
1005002970474733
1005002969671815
1005002686375599
1005003080197771
4001280713908
1005003266482577
1005002557700303
1005003367208785
1005003110848003
4000741143693
1005003092390857
1005002270213890
1005002033875886
1005002235746869
1005002864158106
1005003102753916
1005002046629703
1005002965729240
1005002637970147
1005002604263012
1005001342805739
1005001630929767
1005002470622722
1005002722828369
4000290453383
1005002636399500
32708348838
1005002990634977
1005003125820473
1005002801133063
1005003371079287
1005002675767407
1005002351818806
1005002753307366
1005003204348890
1005001355636489
1005002208041178
1005003031137978
1005002671923510
4001061727985
4000626077209
1005002496712778
1005002489162122
1005003284558478
32635759716
4000199831681
1005003076089938
1005003247618102
1005003180613859
4000216479971
1005002985027562
1005002394027828
1005001587027999
32971891793
1005002778225471
1005003199133651
1005003106090896
1005002558553634
4001050472511
1005003135229523
32956063226
4001316110887
1005002704897188
1005001624934343
1005002982887827
4001242556941
1005002604293083
1005002295272223
32981197091
1005001599018981
1005003385849899
4000112795620
1005003026094541
32952915020
1005002788466046