1005003193607435
32543131347
1005002722696781
32865928209
1005001318916195
1005003080706288
32829287488
4000808858761
1005003277611845
32848702104
33049522488
1005002897548086
1005002910167117
1005002272860762
4000070169811
1005002642653964
1005001469858268
1005001812456055
1005003342823560
4000941055980
1005002401396423
1005001721937190
1005003135936628
1005001676898395
4001171045263
1005001445576777
33027144325
32958863029
1005002243995263
1005003176124924
1005002615472305
32900560017
1005002871738272
1005001278080458
33016862412
1005003282017774
1005001443382325
4000136075669
33015750586
32973320411
1005002459865073
1005003360243561
4001066653023
1005002415959777
4001202247169
1005002196731928
4000131651828
4000053392215
1005001917496523
1005002342757017
1005001269539395
4000662348667
1005002083869583
32816453570
1005001878788722
4000988289231
1005003287560212
1005002505161939
1005002161935402
1005001894854149
4000785126660
32877805316
4000208247817
1005003200461893
32849174350
1005002774230765
1005002935709015
1005002783763952
4001061743844
32323204238
1005003043459489
1005003185939561
1005001418635625
10000059387923
1005002743170819
1005001631701360
1005001967615748
1005003262657342
1005003116752981
32824706680
1005001498757526
32886630267
1005003242629228
1005001483248089
4001020054197
1005002762539869
32992009706
1005002855901558
32886005810
1005001627206298
33054684254
32891817819
1005003136059581
1005002029186789
1005002728175725
1005002950014876
1005003254573105
1005002903909713
32910971411
1005001805922401
1005001987703809
1005003346974027
1005002631452820
1005002413168719
1005002876414294
1005002943821462
1005003052124485
1005002664078524
1005003152649456
4000656212837
1005002602182592
1005001908469288
1005002947840363
4001259127027
1005002288362983
32974522886
4001061483988
4000311689599
1005003079541171
1005001704113976
1005001629705455
1000008194141
1005003163514699
1005003169925366
1005002530317593
1005003337243914
1005002674989113
4000662556534
1005002510470250
4000215428813
32644297862
4001215591739
1005002766310532
1005002941878719
1005002418011222
1005002395413712
1005002941671407
1005003184422558
1005001860138145
4001208726278
4000090137147
1005003365486290
1005002995182624
32950944852
1005003245132747
1005002481436947
4000983402464
1005002958035385
1005002577761729
1005003383322619
4000045966919
32720457064
1005002819667714
4001320767738
1005001452228271
1005003276733256
32834534759
1005003091984545
1005002798892300
1005003191576008
1005002865602705
1005002458956855
1005002558267083
32996979773
4000089906503
4001163423106
1428930073
1005003343424958
32967303855
32663901490
33004814850
1005002988275306
4001015480031
1005003171422114
32623743690
32461781365
1005002841784274
32893373156
1005002827850254
1005002234218569
4000840304546
1005002680028834
1005002735596929
1005002777201142
1005002136181019
33000509439
1005001392373671
1005003370805689
1005002553295119
1005003146427140
10000002484013
1005002506865774
4000045395229
1005003364907203
4001132433855
1005001717784023
1005002256452182
1005003177456500
4001061429563
1005002925361172
1005003294386989
1005002616191978
4001347349334
1005003042502182
1005001638472383
32985614163
1005003305681900
32826895191
1005003129382982
33005869433
1005003283953273
1005003344582470
32861364085
1005003016760507
1005001633198886
4001083781894
4001204161029
32855199016
1005003299605111
1005003382201265
1005002322283640
1005002118677684
1005002663251019
1005002633252591
1005003339452174
1005003337382252
1005002592404600
1005003133977177
1005003107526663
1005001680454836
1005002936254504
1005002809547607
1005002700631626
4001145753715
33014226104
1005002776426959
33011336446
1005002489907018
1005003332923619
1005002419519027
4000523951935
1005002323490649
1005001421712907
1005002928039796
1005003240918151
1005002604583384
1005003093999285
32838032717
1005001333611521
1005003391374018
4000457994506
1005001732390365
1005002872860609
32860368942
32745160493
1005002411697389
32868163075
1005002554172774
1005002752390259
4001040897338
1005002763327242
33014082210
4001326024323
4001156162522
1005002263876516
4000192197840
1005001847723727
1005002723872209
1005002795812690
1005002273588168
1005003028010216
1005003072494589
1005001494339576
32328565726
1005002370565024
1005002610598216
4000970055904
1005003017247557
4000160859455
32528449509
1005003204174920
1005003123726319
1005002307686429
1005001308337180
4001149159443
1005002271775273
32805398827
1005001665505472
1005003044126641
32653728253
32821826521
1005002788983674
4001288794700
1005002875987799
1005003259237268
1005003319123582
32859893288
1005001838155942
1005003295247752
1005003038622111
4000829197925
1005002839827374
1005001735281455
1005002062145115
1005003267154150
32742102346
1005002367996337
1005002328982944
4000813041751
4000220502298
1005002888852551
1005002981234920
32849426469
1005002718238646
1005003208515088
1005002805493541
1005003346020938
1005002583023186
1005003059882940
1005003224137169
1005002614302214
1005002622198879
1005003146042765
1005002191005031
1005002755339809
4000960657118
1005003028148245
4001111373571
1005002994035155
1005002731761771
1005003123456529
1005001315369271
1056978789
4000068259562
1005003330352538
1005003255438960
1005003331335404
1005002571508277
4001137530320
1005003113624153
1005002770359682
1005002567323377
1005002657359425
1005002866704092
4000150409730
1005001692617552
1005003134945685
32822419504
1005002173308404
1005002918277013
1005002834235262
4000510054747
1005001999022613
1005003129576003
32698170469
1005002836254277
1005003306943692
1005003065123077
1005003021789948
4000303428997
1005002545962967
1005003273602612
1005002758601393
1005001691298149
1005002881826571
1005001797685945
1005001886401858
1005003044020117
4000499914690
1005002796154380
1005002801330836
32985801108
1005003356716372
4000590175273
1005001355512553
1005001365345856
1005002042547976
1005002970988927
1005003155063593
4000558383497
1005003192974456
1005003316567921
1005003210904889
1005002974194031
32473339263
1005002828184664
33009135519
32924338232
1005002136889259
1005002565007089
1005002697170880
32955512336
1005002617060834
33033018093
1005003316289364
32957120492
1005003280477196
1005002622974639
32840026464
32961800028
1005002551726174
32710678659
1005002383339016
1005002859367610
1005003063758617
1005003105016962
32954403391
1005002517177237
1005001428825096
1005002072531237
1005002996643945
1005003386212805
4001251828142
4001275753495
1005003123395649
1005002533523624
1005002937200588
1005003084998694
1005002795479197
32824280341
33036829534
4001091785206
33047459455
1005001998808543
1005003077652180
1000007422936
1005002092049674
1005002293795843
1005002731625898
4001365655477
1005003336634357
4001291595526
33014413620
1005003110146850
4000392995141
1005002907566363
4000983815073
1005003083337204
32951481574
1005003140798074
4000308383521
1005002941515140
1005002397052397
32858539816
1005002862604898
4000011969720
1005002090550733
32808485891
32843425768
32362921156
32775909538
1005003144843806
32963926772
32854980887
1005003365366590
1005002350338659
1005003018475914
1005001560283013
1005002050437657
4000392809179
1005003187662077
1005001606044172
1005002718899992
1005001761429972
1005001500518609
1005002467438985
32948234331
4000448931376
1005002192928884
1005003228783603
1005003037910736
1005002989857956
32974353105
1005002708849338
1005003111152385
1005003016551332
1005002788763402
1005001874506978
1005001878706546
1005002945430104
1005003038189379
4001054695518
32888913898
32850958251
1005002753619561
1005001793058649
1005002974135192
1005003201234152
1005002533656483
1005003302100902
32780966184
1005003082761829
1005001460901037
32801053804
4001293311159
32891447783
1005003015366282
32772400183
1005001914494768
1005003161528624
1005003224506983
1005002580176287
32985656620
1005001321582177
1005002885630102
1005003196341000
1005002974106055
1005002073840240
4001359005253
4000094998161
4001059574646
1005002493902920
4000761585593
4001269182456
1005003342486559
1005003195444959
1005003230148292
1005001830944853
1005002367830568
1005002314211394
1005002261875248
4000515704111
1005003114476200
1005003163966500
1005003175979605
841076803
1005002319191037
32952667707
1005003083638086
1005003322021825
1005003112411043
1005002657509124
1005002959409979
1005003262478136
1005003314934214
4001273334856
1005002538823061
1005002073940900
1005003094422210
32993769886
1005002582342791
4000533546150
1005003317689549
1005001868129923
1005003137515875
1005002886323874
32661257623
1005003152139529
1005003239146325
1005002789961241
1005002989214816
1005001356675768
1005003177986904
4001229006721
1005002859706339
1005003193514099
1005001321564962
1005002239769188
1005002254655651
1005003228348949
1005003133038129
4001286885587
1005002994860593
1005001496475678
1005002419602411
1005001361314469
1005002892199682
32848872710
4001077898883
1005003382081322
1005003013720332
1005001824778287
1005002747933684
1005001855724582
1005002727480014
32921587420
32862513620
33045307584
1005003223286375
1005002907340611
1005003388442633
1005003187165765
4000150476585
1005003109343290
32400650341
1005002701853088
4000562497142
1005003229808845
32834709823
32820620604
1005001889818403
4000025407958
1674638631
1005003337148246
1005002265120236
1005002885440885
1005002191374746
1005002577871154
1005003052316178
1005002716260535
1005002913622851
1005003328854200
1005003191576008
1005003333721745
4000378689080
1005003303531102
1005002538932471
1005003205087847
1005002567321895
1005002546976807
4001201963056
33054386801
1005003287588358
1005002238139649
1005001898685838
1005002846579976
32924822561
1005001304697829
1005001460270644
32603964251
1005003320510183
1005003126201778
1005002922218264
32438035405
1005002989986889
1005002233236564
4001138733653
1005002559326481
1005002234003369
1005002666796175
32823628990
1005002440998467
32963060137
1005001576757819
1005003019274667
1005003348453841
1005002351497792
1005003241793255
32751729528
1005003206610440
1005003230683578
4001119698181
1005002939595021
1005003298903795
4000354928130
1005002809629893
1005003104269054
1005002219864944
1005002869145316
1005002961406076
1005002382956891
1005003262863236
1005002782416159
32921283247
4001056077820
1005002505505314
1005003256246768
4000665957738
1005003256983443
32631602092
1005003357129311
1005002579451707
1005002241250493
32848364315
1005003281550104
1005003357397063
1005002014992434
1005001861595033
1005002868707269
4001282902678
4000029191979
1005003158129207
1005002311519857
32881141921
32916701136
1005003333162484
1005003288067273
1005002477637062
1005002233092089
1005002797952001
1005002165086296
1005002464666031
33014140626
32965458692
1005003386396757
1005002689138908
1005003087818159
1005003194764707
1005002883908699
1005003316890795
1005001972914887
4000783251473
4000068787474
1005002911478226
1005002823639207
4000266269601
1005003034293425
1005002876383112
1005002496149537
1005003167640451
1005003229760306
32768963006
1005003307308579
32958337147
1005002723323935
4001154679099
32821529155
1005002831553221
32966546420
1005002669939506
1005002947297439
4000473630113
32996134395
1005002454236665
32949570318
1005002879980717
1005002775567803
1005002618265023
1005003309690900
1005003385939450
1005002238858756
32847586700
1005002612724672
32679776362
1005003382029609
4001277847216
4000960924673
1005002592589454
32833157033
32936459406
1005002516813729
1005003309951700
32967503385
1005002356926774
1005002282792348
1005003063733559
1005001984604599
1005003274184596
1005002828085800
1005003375548531
1005001425352405
1005003280948497
32594681178
1005002747217447
1005001473870548
33035464030
4000698379084
1005003387492499
1005002298989880
32997417939
4000262788808
1005003259071683
1005002754035661
1005002836331571
1005003340171791
32865503087
1005003140974642
1005002862832351
1005002771544935
4001106371814
1005002713043654
4000708920427
4001360548715
1005003187712281
1005001914825054
1005002826365796
1005002755624944
1005001962045633
1005003165454323
1005003252499993
32949858220
1005002723445002
32890179125
1005001950321108
33029797237
1005003086802520
4000786806515
1005002310035410
32917710424
1005001414094462
1005001579628253
1005003332294605
32973245522
1005003230892890
1005002932138532
1005002991367236
1005002599534344
32778380273
4001041707290
33007975580
1005002680205956
32818744137
1005003183376004
1005003305762520
1005003346023098
1005001732489667
1005002605254416
1005003311436346
4000823315684
1005003382153783
1005001939821660
1005003160235654
1005002738528442
1005003313845593
1005002177310945
1005002814140297
1005002205947846
4000223651806
1005001300469036
1005003113081451
1005003044453509
1005002553176029
1005002872738648
1005002981756396
1005002883743910
4001204197631
1005001632685478
1005003319955205
1005001519688062
10000266994187
1005003299016802
1005002377747826
1005001483401435
1005002333707707
1005002580689749
1005002830333957
1005003067059756
1005002504811812
4000127374564
1005002593573094
1005002964761401
32799508706
1005003200709629
32900465851
1005003051419296
4001115828956
1005002919175333
4000580611306
1005002100150818
1005003150435663
1005002694825491
1005003308285159
1005001705610562
1005002014503883
1005003014124283
1005003087837423
4000774751849
1005003380327950
4000227027884
32869298312
1005003280435237
1005001359308495
4000148057568
1005003013997980
1005003339189116
32921077613
32544331310
1005003341611676
1005003280378162
1005003082449914
1005003037100191
1005003022173310
4000281820396
1005002484556008
1005001411414965
1005002685048020
1005002809986731
4000298167583
1005003079443281
1005001972222561
1005002974790318
32998121525
1005003088968097
32907732127
4000427499820
1005003129295723
1005002779990949
4001060467731
1005003139283894
1005002519033556
1005003309090644
1005002136453855
1005003124811986
32848132817
4001235415126
1005001870431094
1005002258382310
4000853649121
1005002840110363
1679577252
1005002965686018
1005002352027888
32911067086
1005003306738393
4000981807265
1005003147793567
1005002425539304
2047339136
1005002375077104
1005003152202752
1005003192411901
1005003028102606
1005003130114544
1005003331895502
32979051823
4000249186590
1005002260898596
1005002891468465
1005003320644890
4000048016346
1005002959874681
1005003202539646
32691941854
1005002684783888
1005003294863751
1005001350949284
1005003158052877
4000531678144
32602514280
4000402720614
1005002387239776
4000627373779
1005001441374116
1005003373655254
1005001616822858
4000302273234
1005002400733489
1005001538357039
32864210102
1005001604852266
1005002593451170
1005002575655411
4000873802619
33008299516
1005002770529593
32904210253
1005002561329184
1005002855136030
1005003311160133
1005003360320721
4001041991952
4000385072259
1005003290902541
1005001405411981
1005003392679857
4001111901490
4000305812742
32275658687
1005003215663424
4000973193234
1005003119720352
1005003304747076
1005001271640545
1005003185155366
1005002607625533
1005002641874343
1005002412827138
1005002824728959
1005003135351605
4001296902915
1005002295699048
4000430529783
1005003329601630
1005002960270203
1005002655733643
4001186234003
32956161352
1005003130637671
1005003306218708
1005001963512212
1005002083956940
1005002453800294
1005001539907699
1005002417118144
1005001710680874
1005002354084459
1005003386356778
1005002857635159
1005002717970252
1005003276631451
1005003350779137
4000465650096
4000323617821
1005003106880887
32859484280
1005003055666006
1005002857714759
33051974619
1005002604356349
1005001430676688
1005003172870772
1005002820349378
1005002877731902
1005001385338239
32338719552
33020165362
1005002900035774
1005001571755261
1005003233804025
32847057111
1005003227124316
1005003024307849
1005003344758963
1005003294889429
1005002888059773
1005003107492864
32973766025
1005002513606605
1005002390565140
1005003334285570
4000708835603
4000921875584
4001187909118
1005003328881079
1005002722530191
32832634114
1005002297399418
1005003220551804
1005001913937588
1005002956242213
32994916399
1005001893201904
4000852395539
1005002613745933
1005002632579214
1005002905359012
4000466111360
1005003376081829
1005003096635667
1005003318677581
1005001948892507
1005002291149578
32356860816
1005003241154572
4000711616345
32977252197
1005002315201728
1005002636343248
1005002518606057
1005003007101397
1005002321454625
33032994005
1005002621855403
4001097381967
1005002292320000
33013627979
1005002636562130
32808404611
1005002088978596
1005002263424959
1005002618524039
32810811076
32854537784
1005002758880060
33046776267
4001262340427
4001021684262
1005003279270070
1005002687612801
1005002224115268
1005002575859117
1005001933108601
1005002170033365
1005003009768634
1005002223122974
1005002567421221
1005003345495143
1005001495636132
1005002789862642
1005003270193711
1005002623010447
1005002681824502
4000863686172
1005003007990327
32963980968
1005002244332823
1005002641881787
32838316730
4000548201562
1005002372483415
1005002880161483
4001160009769
1005002833253624
1005002755208730
1005003146355776
1005003246516625
1005003321540613
1005001905313551
4000823013890
1005002592141693
1000008448932
1005001838108669
1005003079629694
4000326782057
1005002802887468
1005002782835443
4001333286903
4001269433871
4000016600294
1005001678136893
4001056737837
1005002177248216
4000429523944
32285769298
1005001841976443
1005003348312764
10000002718959
32881697998
1005002675339518
1005003107499626
32833726615
4001108460361
10000343967291
1005002004082287
1005003344673575
1005003140317632
1005003075698255
10000062820557
32787223621
4000961605319
1005002271249416
1005003156896327
33014883909
1005002629059320
4000763339876
4000046716521
4000820859924
4000279707103
33063190101
32976847869
1005001586583133
32370079219
1005003136912082
4001243114101
1005003140299638
33021128921
1005001315027003
1005001811070354
1005002717964955
1005001617332743
1005003325733951
1005003245589891
1005003156802620
4001042564128
1005001621040557
32410208969
33002506757
1005003166489677
1005002571444726
32856861715
1005003247550676
1005002595571253
1005002996763397
1005002758974275
1005001989073537
1005002780912176
1005003336286561
1005003212455620
1005001960064461
1005002546519776
1005003387440687
1005002716948761
1005002971158828
4000077924327
1005002175658478
1005003365590712
1005003197259766
1005002543238859
1005003341536496
1005002856740048
1005003022579323
4000881146172
4001271882389
32827602055
4000413656754
4000260131964
4000236293957
1005002697347289
1005002482301982
1005003166302502
1005002345057840
1005003133776848
1005002965812816
1005003007940644
1005002645066862
1005002382911869
1005002326384136
1005002794150454
1005003202105135
1005002966782349
32900158222
4000923726195
1005001613052152
32966593094
1005003203599544
1005001431818447
1005003162601396
1005001998541935
4000972353007
33051990944
1005002717024797
1005001327004146
1005003142741437
1005003329952080
1005003050865752
1005003275024244
32954638492
1005002907481637
1005001692380123
1005001321271847
1005002448440308
1005003270861355
1005002755937998
1005002969872437
1005003038673149
1005003260228827
32996795746
4001234194294
1005001749131488
10000032135596
1005002460464115
1005003330577063
1005002468982424
1005002861731590
1005002965184209
1005003098458150
4001076854216
1005003142156255
4001214775072
1005002003970092
32905289046
1005002558955971
1005003269065282
1005003139675474
1005001359351107
32984233729
1005001906947131
1005001651422542
1005001623116609
1005002897797681
1005003149909762
1005003341610788
32963399663
1005001774987517
1005002593708895
1005003196266121
1005001341286730
1005001567103391
4000356508675
4000793485523
33044351981
1005003336723156
1005003287600177
32848751437
4000153321792
1005002701005514
1005003390407953
1005001264855262
1005001685738166
1005002287461284
33057754790
32637417996
1005003155433531
1005003384080908
1005002635185322
1005003032836984
1005002311011221
1005001755902831
32885896673
1005002265381152
1005003031953916
1005003336436440
1005003205039589
32663358900
1005001319323768
1000001503375
32847331766
1005002259456089
1005003328126423
32972525820
1005003330425576
1005002342577281
33038833502
1005003100799004
1005003242017574
32858120002
1005002315339687
1005001868640057
4000570145620
1005002068905073
1005001445885784
1005001524158243
33043591139
4000675628189
1005002899733118
1005002302479253
1005003373520551
1005003251997593
1005002967336102
1005002011741614
1005002679006353
32266288394
4000955137242
1005003276150349
1005003323374462
1005003052344663
4000480419985
1005003268366041
1005003302201944
4000322157001
32727295793
1005001692430450
1005002788544292
1005001889114080
4001345581344
33048578315
1005003328799890
32935011610
1005003144903128
1005003361907317
32949849483
1005002489747604
1005003146174267
1005003286455713
1005002901424582
4001022000348
1005003136885543
1005002966599633
1005003054024755
1005003303106961
1005003129264945
1005002338481294
32777780954
1005001641687499
1005002298477912
1005003223989262
1005003283185047
1005002795200983
32857248129
1005002042780295
1005003173216190
1005001346117826
1005003287440568
1005002810551836
1005002424390790
1005002926208348
1005001293236276
1005002806557707
32876088463
1005002836426994
1005002682110014
1005002857838177
1005003347238179
4001217936340
1005002932859064
1005003343278109
4001231104960
1005003183568126
1005003102540936
1005003002229712
1005003158868709
1005002467565867
4000785141554
1005003102055724
1005002775844323
33002378408
1005001916492370
1005002964134908
1005003019959969
1005003003802612
4000229129166
32387109206
1005003058186884
1005002213038409
1005002842518663
32894427237
1005003092699645
1005002897631201
10000132905832
1005002882990705
32847759774
1005003256633639
1005002650058237
32921644347
32813472962
1005001770159086
1005002717565221
4001090565856
32924736120
1005003143219843
1005002382462930
1000001780349
1005001774492604
1005003150425065
1005003098257334
32885926248
1005003050719574
33021425024
1005003368791924
1005003306118030
4001207564850
33030659950
4000830707317
1005003240617639
1005003123478167
1005001686514506
1005003318580739
32868669069
4001055038294
1005003349829947
1005003341499947
1005001949287127
1005003298110623
1005001421161562
1005002447760029
1005003156405308
4000505184026
1005002914916166
4000259431617
1005003338037028
1005002467296715
1005002334720526
32857555684
32697661764
1005001362390078
4000789284472
1005002393306893
1005002876408834
1005003179524199
1005003347742464
1005001705032235
1005002482979687
1005003266025577
4001299160740
1005001387991565
4001272462626
1005001424354149
1005001407361958
32858815107
1005002399167238
1005003382523406
1005001599674947
1005001504313661
1005002936652896
1005002314398204
32678121562
1005002298301163
4000923039471
1005002447230041
1005002277031474
1005003134405102
1005001431021834
1005001946996150
4000401308162
4000153377416
33060547448
1005001354544623
1005002546148028
1005003345943041
1005003274209847
32891901010
1005001797882400
1005002316235027
1005001631716405
1005003386353017
32967695936
1005002629472116
1005002989310255
1005003322012009
1005003026713467
1908144206
1005002881832938
1005002655083535
1005002280324565
1005002624013926
1005003130509834
1005002357906177
32886954771
1005003298495251
1005001974001657
1005003381613445
1005002711310300
1005003003498215
1005001581568262
32956830688
1005002943887578
1005001529037266
1005003240675692
1005003345823875
1010000401759123
1005001522069883
4000774261917
1005002789531123
1005002941031202
1005002842334413
1005003016344008
1005002430706407
1005002399135707
1005003253388621
1005002656729882
1005003292138130
1005003387339926
1005003283743751
1005002322989404
1005002921216839
33023748506
1005002828486136
10000084927317
33013617975
1005001830130136
1005003183688158
1005002402597462
1005002614425234
1005002952961370
1005003294699822
1005003298332475
1005003291470168
4001299928585
1005003229782865
1005002027833575
1005001456095307
1005001893614438
1005002841807047
1005003250469391
1005003154902208
1005002532711375
4001333917413
1005001502829229
1005003125331554
1005003367126578
1005001642498635
1005003208552139
4000035208296
4001207303275
1005002200413772
1005002996594499
1005002578048953
1005002747705164
1005002347583077
1005003074720222
1005002650186420
1005001271548143
1005002545608950
1005003107837079
1005002665039186
32666684627
1005002405769425
1005002985375675
1005002300866527
1005001895245262
1005001520484917
1005001992958721
1005002633255297
4000831335457
1005002645741799
1005002739180191
4000007082988
1005002871808409
33032505250
1005003194753475
1005001441408046
1005002485745222
1005002877923168
1005003170332871
33023461937
1005002697216845
1005003142879399
1005001665513486
1005002314758054
4001065789831
1005002996431604
1005002637359898
1005002790493513
1005002625016317
1005002356732643
33025062115
4001090428402
32913325963
4000897397982
33049214085
1005003103385584
1005003292525764
1005003224443578
1005003325645663
1005003331096766
1005002738549946
4000516637280
1005001828200991
1005003357572977
1005003002466050
1005003222573130
1005002972076046
32822607366
1005002984159987
4000493312963
1005002657635554
1005003102488816
1000001732206
4000583587098
1005002872593549
32892278494
4001231835827
1005003198523828
1005003270832981
1005003190717061
33032080869
1005002631297622
1005003265095626
10000023171872
1005001570751505
1005003135979631
1005003047161830
32850217835
32575402063
32809005469
32955035194
1005003078334866
4001041168450
1005001307802999
1005002460468515
1005003208858138
32984192041
32856197053
1005002323447627
1005002679830403
1005002425676470
1005003316358612
1005002655107959
1005002988426884
1005002907566773
1005003354954718
1005003219256740
4000804660270
1005003003559126
1005003112554172
1005003196040570
4000294795722
1005003129809952
1005003031534519
1005003278280080
1005001521538225
1005002263870732
1005003195390857
1005003110804172
1005003094260730
1005003133890832
32889325364
4000449549250
1005002207873642
1005003292742807
1005003117719270
1005002861902609
1005002061463479
4000694613192
1005002605603816
1005002592458365
1005002715490201
4000907247083
32984643671
1005003383836260
4000155744454
1005003280962949
32790898875
32882978500
1005003101381812
1005001271394907
1005002924880314
1005001369349123
32811954439
1005001814204335
4000153948378
4000450704082
32833445894
1005003260272438
1005001581422525
1005001780065165
1005001474257817
32929477450
1005002836824273
1005003212628697
1005002554401145
4000909814173
32977967778
1005001380966084
32899807097
1005002274097310
32853645691
1005003251485381
32851777641
1005002649622288
1005002666118793
1005003151399269
1005002638677129
1005003329168547
32948781428
32318670109
4000585058716
1005002021656734
32332209001
1005003183080885
32969018198
1005001275527967
1005002752024560
1005002965081119
1005002828759760
33006674798
4001343728150
1005003331816179
1005002357841218
1005003083174200
1005002526750736
32971294440
1005003386240847
4001259997418
4001254735652
32950714201
1005002054226920
1005003037399942
1005003031943967
1005003204124115
1005002710550193
1005003357174174
1005003157024644
33000436120
1005002752857390
32983851616
1005003381892780
1005001867224957
1005003013765360
1005003346077180
1005003329994602
1005003310667335
32831596012
1005001927487621
1005002010538730
1005001910307813
1005002785240012
1005003387744709
1005001882377342
32788248637
1005003287762552
32380405983
1005003333463899
32814920935
32597358039
1005001285227852
4001209101688
4000004104385
1005003271229531
32908753368
1005001444636906
1005003066778678
1005002265571698
1005003322168095
1005002614163979
1005002489997647
32944992548
1005001763292328
1005001889816912
4000079279248
1005003288358986
1005002399768826
32831788720
1005002324188058
4001291896261
1005002641934184
4001076349571
1005002006474661
1005003135828858
1005003134744070
32833396824
4000811445547
1005003333848374
4001175782900
1005002956973768
1005001617098478
1005002927124928
1005002952049605
4001298272047
32350623225
4000900532180
1005001604030322
1005003057779943
1005002796161432
1005003293095791
1005003356687037
1005003357357352
1005001555970873
1005002309404898
1005003102557366
1005002755131350
4001168182067
1005002911715645
1005001805841783
4000156391530
1005002022196085
1005002876159625
33000419998
1005002260278979
4000751630998
1005003064835761
1005002450931004
4000529518946
1005003172083065
1005002650446586
1005002383988009
1005003031202757
1005003015224008
1005002971408174
1005001779824637
32899693273
1005001571418098
10000399972231
4000008485233
32864095049
1005003194163030
4001085716866
1005001779983256
32575297118
1005001947819614
1005002722534461
1005002759963653
1005003103371012
4000063413596
1005002382458353
1005002193876105
1005003261545985
1005001905143502
1005002690214711
1005001688986509
1005002553705153
1005002982885571
4001231396752
33015598685
32770638126
1005002457224685
1005002434921343
1005002276153146
1005001596601693
1005003106187735
1005001882382477
1005003219258563
10000395864286
32721778454
4000364764394
32897404245
1005003310023297
1005003328227898
32968954810
1005003192155569
33001157943
1005003150822403
32967146685
1005002072174915
1005003014521337
4001272706235
1005003260007384
1005003329981778
33051561578
1005002559963239
33041248496
32807774052
1005001340141220
4000080018293
1005002229588776
32921104159
1005002879093279
32955335351
1005001325215076
1005003023101284
1005002316394044
1005002763938337
1005002378513403
1005002682616478
1005002022203567
4000783073596
1005003086814279
1005001839697087
1005002583069157
1005002753414277
1005002920990872
1005002710124926
1005003325370135
1005002965085221
1005003375729648
1005002936670073
1005001423694772
4000206151818
1005002841304382
32904009162
1005002524785480
1005003170314239
1005001894518858
1005002885189995
32992371696
32987286059
1005002299024409
10000164301220
1005003147322391
1005003077154604
1005003214180070
1005002297238092
1005001499469857
4001339602015
33038086602
1005003262706636
4001037679218
1005002122532335
1005003334867064
1005001441421456
1005002314385318
1005002596677917
1005002698138477
1005003281886204
4000386089048
1005001504849090
1005002314110250
32963138123
4001059031667
1005002925215151
1005001669330261
4000884734086
32888007209
1005001500608627
4000354116871
1005003227569184
1005002258310518
1005002869131679
1005002471134729
32975056790
1005001988007825
1005003278956635
1005003130923306
1005003260796876
1005003142009268
1005003186931006
4000466334809
1005002603602199
4000629063699
1005003092660124
4000441008133
1005002789131443
1005002967345221
1005003349920200
1005002983738216
1005002884920125
1005002594230733
1005002990027903
1005002771358430
32958875889
1005001515328531
1005003055962317
1005003135302837
4001200762968
1005002277908189
4000073635560
1005003354376073
4000088722921
4000308081584
1005003188547478
1005003069670453
1005002649099431
1005003342238549
32855812130
1005003267455505
32861931273
1005003264150207
32898247900
1005001756580032
1005003232058028
1005002856923989
1005001410585906
1005001620641852
4001358449927
1005002317381998
1005002288179989
1005002668355009
32850545666
1005001382334884
1005002567764243
1005003094107520
1005001807228649
1005003129612048
1005002503937258
4000987808699
1005002836546007
1005002136652739
1005003291264881
4000383641762
1005003259292069
1005001600170665
4000527255510
1005002616009265
4000839778055
1005002692371805
1005003091974665
1005001928894008
1005002468589387
1005002603818715
32693671768