1005003037132448
1005002223665371
4000838018635
1005003386246899
1005001718016529
1005002663036017
1005002848161736
32631979324
32996822729
1005001530962142
33004916224
1005003275177209
1005001425923690
32904811383
1005002733503318
1005003304717410
1005002503870311
1005003223590328
1005003304651799
1005002490298605
1005003317847270
4000080823131
32920775073
1005003347374695
1005002614387570
1005002965642446
4000489314725
1005002689258043
1005002749081360
1005002975177984
1005003029876087
1005003372096718
1005003116068169
1005002275861115
1005003283662118
1005002712986699
1005003180172207
4001178187875
1005003324715295
4001193914632
1005003321552807
1005003281048915
4000822288339
1005002648849029
1005003258297753
1005003375287621
1005002869004816
4001160078376
4001155195204
4000772587565
32890386824
1005002064968142
1005002894889471
1005002283296373
1005001689331615
4000118853924
1005002301084198
1005003303064844
1005001598688773
1005003238291129
1005003044641167
1005001608608613
32819456818
1005003048669181
4000118063117
1005002318251591
1005003261941083
1005002586875707
4001214066296
1005003177133413
1005002430390242
4001022884720
1005003317208053
32888182971
1005003111084409
1005003160280724
1005001543789609
1005003195345071
4001335517563
4001356304486
32788248637
4001153558777
32837294744
1005002323892290
4001085641241
4000160796281
1005001330709121
32792777808
32816255128
4001160265738
1005003365727748
32830217595
1005002788471922
32860718437
1005001689035458
1005003297364077
4000114333570
1005003336883094
1005003102195360
1005002637400704
1005001648508704
32856228615
1005002351437377
4001278502786
1005002422947830
32766775556
1005003016396056
4001219390363
1005003140305365
1005002656874831
4000899507499
32961600854
1005002089254662
1005002728195741
1005001476138456
32780205528
1005003351286884
1005003343582215
32352700405
1005003090386100
32894460056
4000625986935
33053703823
1005003249417660
1005001287132800
1005002614038205
32657857814
4001094679122
1005003354069246
4000219484818
1005002356705907
4001090512920
1005001407702984
1005002388250291
1005003127284824
1005002647191968
1005002253210352
1005003142746322
1005003364036355
32933374597
1005002260850748
1005001722577714
1005002398834388
1005002253718697
1005003147994033
32866439998
1005003121816880
1005003168196387
1005003161452806
4001294686457
1005003152177605
1005003305946720
1005003115684797
1005002328075466
32855602261
1005002950798827
32214890364
1005001585151230
1005002702715166
1005002933212256
1005002966015409
32916580821
1005003104788952
1005001830730010
1005002875677632
1005001614534763
1005002333707463
1005002399552905
1005003374938209
4000173148626
32900199393
4001225103737
1005002616254229
1005002434843184
1005003346300433
1005002383176407
1005002542204116
32929423402
1005001778188030
32867678083
1005002542976495
1005003363605593
1005003192979642
4000458886643
1005002731058769
4001331189935
1005002675122926
1005003098945223
1005001994080350
32285983497
32887475234
1005002578164981
32895109608
1005003320940643
1005001985042101
1005002891601985
1005003298951492
1005002365381114
1005002950679406
33005480073
1005002399990062
32996445321
32980832789
4000887290151
32954244289
1005002387848427
1005003140008119
1005002618514286
1005002568054293
1005001712839667
1005003032453361
1005002823162861
33012822091
32961573926
1005003135757706
1005002737408083
1005003180712457
1005002542582992
1005002517318701
1005002571615391
1005003212956271
1005002584463215
1005002448542908
1005002793748408
1005002781575092
1005001292866077
1005003319680226
1005003207101365
1005003294666167
1005002641786626
1005001768993334
1005002615711530
1005003084956523
1005003376119230
1005002394224042
1005002969363445
1005002186154614
1005003308696616
1005002579438614
1005002964993371
1005002330742158
32619651259
1005003309060178
1005002937970017
32708542721
1005003020804902
1005003223589041
1005002493766362
1005002638686340
1005003021541918
1005003271448023
4000865408840
1005003086515316
1005002906696929
1005002795249408
4000051778749
4001017649754
33003678476
32948192386
1005002810109246
1005001993292430
1005003221120375
1005002967447963
1005002132406825
1005001831064107
1005002271364614
1005001914154811
1005003329603186
1005003078083868
1005001816812138
1005002782845900
1005002803624831
1005002395117726
1005002563254703
32996543349
1005003069644119
1005002404193464
1005001870647995
1005001554773635
32991021049
1005001392816990
1005002425537929
1005002288874717
32808481412
1005002866730205
1005002898356448
4001150118616
4000049472232
1005003310246266
4000747966455
1005002033391177
1005001900266890
1005003195911762
32391586069
1005002963497472
1005002299385592
1005001700622964
1005003022161054
1005003380875551
1005002176856876
1005001570989111
1005002037857761
4001289379229
1005002941551430
1005002950102713
32948173671
1005002984091548
4000144706638
4001066469788
4001159561013
1005002774072348
32809042284
32849954677
1005003021061023
1005002288656437
1005002848922656
1005003297550726
1005001977713919
32246478149
1005001338120533
1005001478984362
1005003002083336
1005003303282439
1005002223932226
1005001369135533
1005002569984892
1005003265001438
1005002679629799
4000373439667
1005002401052203
4000695558174
1005002377283391
1005003386078090
1005002926904380
4001295862261
1005003314791836
1005003067742109
1005003148547945
1005002827377151
1005001950431139
1005001985407883
1005002622853594
33001868127
4000664045594
1005003126287085
1005003214362705
1005001278186629
1005002847146530
4001015239195
1005003183096171
32949806001
1005003344895002
1005003077664259
1005003158956541
32856755132
1005002965568069
1005003172808375
1005003168284769
1005001726798105
1005002883521372
1005002433916248
1005002926451786
1005002814921991
1005003331296940
1005002312803531
1005002432914133
1005003275044210
1005003129530309
33057499701
1005002240053145
1005002939054569
1005001369014811
4001208506475
1005003384149339
1005002798280576
32838793958
1005003335590471
1005002050884502
1005003106208879
1005003278100767
4001313399773
1005001308073036
4001297358568
1005003129853967
4000324404757
1005003129274271
32911037046
1005002800961834
1005002130944420
1005003365971066
32802717383
33007267492
1005002722757337
1005002484817241
1005003303109786
1005002815011212
32813165227
32871251844
1005003309599914
1005002840570673
1005003303429670
1005003264936714
1005002794105479
1005003147149122
4000098457000
1005002584235116
32842790167
1005001728079564
1005001421446743
1005001871199827
4001231084234
1005003251028737
1005002907090561
4000767413936
1005001736703565
4000927335243
4001163863520
1005003205740823
32985455293
1005002767864603
1005002312708465
1005003385994143
32860129960
1005003178468520
32980396138
1005003390908858
1005002709260592
1005003275479891
10000423982530
32837075089
1005003092741968
1005001586571206
1005001447378538
33050229767
1005001899397899
1005002083803858
32961831379
1005003204695997
33002864840
1005003197981679
4000118418377
32776846062
1005003200072074
1005002899025494
4001240517275
1005003117747150
1005002631799807
4000116605707
1005001664385681
1005003006268758
32659156496
1005003387523199
32746868705
1005003285205809
4001104971110
32791388487
1005001987411819
1005003146521652
4001235208046
4001338347853
1005003264389093
32971371677
1005003055159969
1005003234478026
1005002579409902
1005003133237141
1005002977690647
4001047541016
1005002389602582
1005003227984383
1005003241727865
1005003050881463
1005003024666993
1005001525329820
32825864133
1005002611370044
1005002965527742
1005002590635923
4000357991199
1005002488214214
1005001268137105
1005001854028933
32833365249
1005002747879312
1005003168590548
1005002461734894
1005003092438635
1005003097660711
4000730490682
1005002581904924
1005003008803593
4000035288238
4000627097771
1005003014045660
4000287259656
1005002597083835
1005002958753556
4000579377204
1005003225945658
1005003095770372
1005003014212942
32797028320
4000300067248
32949946867
1005002799543392
1005002783699022
1005003152764511
1005001274559029
1005003106136894
1005003288001312
1005003317388300
1005002430782322
32954242739
1005002788939389
4001248881677
33021361951
1005002523748242
1005001441829549
32798583771
1005003215522736
4001339224741
1005002942501161
1005003319449123
1005003097394725
1005002803979815
1005002703279789
1005002669738421
4000038935707
10000395821316
1005002928773083
1005003128488974
32845674093
1005003112632965
1005003036476665
1005003350516339
1005003076269974
1005003030187788
33035155790
1005002022741126
1005003319499517
1005003205251701
32678414603
1005002798993091
32835367733
1005003084793674
1005002190264991
1005003321038614
1005001854921844
10000123710460
1005002314221173
32895409885
1005002958795833
1005003025930737
1005001994247881
1005003133922710
33043775788
1005001970992978
4000310561432
1005002885314769
1005003087060035
1005002438293478
1005002037393530
1005002576862506
4000097349053
4000145963173
32835284649
1005002974062547
32849466199
4001282549315
1005003306108733
1005003335083253
4001065005716
32878268397
1005003215001349
4001146003969
32965311627
1005002038507010
1005002326704643
1005002940137972
1005003285558922
4000772191775
1005002503973579
1005003157205829
1005003319204241
32863759089
1005002779774636
1005002878968892
1005002813674141
1005003255175598
1005001289065237
4000193826778
33014452121
32968057093
1005002635469152
33054390237
1005003176104817
1005002264755595
1005003133639517
1005002320811816
1005003053237440
1005002481788905
1005003040543033
1005003290658890
1005003219468057
32862774079
32946505838
1005002134404899
1005003008392160
1005001325342356
1005002761368462
1005003380012652
32695379668
1005003330948842
4001217096802
1005003067526733
4001082749462
1005002705311844
32978895612
1005002388714941
1005001970193814
1005003339206877
4000888322539
1005001296414216
1005003388430753
1005001788740601
1005003277747651
33041567750
1005001398087626
1005002714728336
1005003264841533
1005003375850095
1005002759079707
1005003076679302
1005003141037137
32572653549
1005003160373236
1005003178299938
1005002673598443
4000233151907
4000538386259
10000055927687
1005002937845482
1005002511020151
1005001470806078
1005003162640423
1005002076687257
1005002695140078
1005003192655237
1005002986149779
1005001633768279
4000780240479
1005002842110693
1005001441063896
1005002487518905
1005001459256621
1005001952543630
1005002094154008
1005002112658773
10000000228191
1005003098733457
1005003290204932
1005001425816275
1005001859236412
32884110135
1005002884984471
1005003098098307
1005002827123750
1005003277925112
1005002786680369
1005002666621790
1005002674792870
4000990192195
4000319455448
32912237546
4001178243658
1005002525522831
1005001742802103
1005003213846546
33000296931
32852348081
4000072542373
1005003038025581
1005002254711796
1005003269697336
1005002475570380
1005003312891590
1005003243566733
32862442087
1005002190984748
1005002773847583
1005003147156033
4001332860176
1005001559841640
1005002695821024
32859224521
1005001962106608
1005003160403505
1005003007963956
33017280796
1005002342372937
33005212509
4001020237947
32862447335
1005001626361075
1005001652271981
1005003327123844
4000118619782
1005002416128510
1005003390295725
1005003227291178
32847752374
32962479818
1005003134771434
32955863126
1005002883043195
1005002600003476
32957029179
1005003266053481
1005002809993241
1005003311169674
4001227549400
1005002994516948
1005001565468393
1005003231538648
32832079942
1005003214401297
1005003124950201
1005002037085180
1005002834726106
1005002577392255
1005003165413846
32821607007
1005001892253091
1005003385197063
1005003116585317
1005001540505959
4001257271536
1005003120712177
1005003379954982
1005001650692851
1005003097481268
1005002899111316
1005003188370852
1005002848934987
10000190159919
1005003082195177
32825782305
1005003353349457
4000527816701
1005002971629349
1005003183256870
32871411715
1005002110758956
1005001494205650
1005003026457219
1005003369876077
1005002108381743
32292748320
1005003080830603
1005002019561235
4000850674928
1005003243900425
32984270919
32883558161
1005003293557658
1005002964691964
1005002170738390
1005003338805362
4000740124931
1005001321048268
33006826418
1005002476021927
1005003305696016
1005003060450404
32332819073
1005002810625419
1005002144180336
1005002537880806
1005002886666592
33007038880
1005002029566592
1005002906395601
1005002373567153
1005002776970631
1005002979394291
4000127824922
1005003368182899
1005003177108061
32854651035
1005002375492993
1005001862762983
1005002055569123
1005003213133582
1005002658084430
32974915413
4001258757402
32965470241
1005003020377668
32825106657
1005002959534611
1005003259276607
1005002324352673
1005003001266014
1005001446035549
1005001458146897
1005003387837284
1005003091869218
1005002284581201
1005003276694138
1005003037244809
1005002495474964
1005002753568637
1005002438685233
1005003343205000
4001058506933
1005003115525995
10000060770768
1005002257729787
4001078137513
4000443887912
1005003294426493
1005003117326005
1005003228781615
1005003372805435
32920165918
1005002778618842
1005002612646964
1005002567038123
1005002687991350
1005001496986491
4000764318441
32966899924
1005002312252516
32839393890
1005002915244730
1005002552472639
4001235894227
1005001976428170
1005003166680019
4001166344248
1005002736818985
1005001389038360
1005003133524946
1005003295870376
32897282605
32843208054
1005003072241992
1005003191396292
1005003350062343
1005002599366564
1005003086823587
33031913227
1005001826433143
1005002028237408
1005002107148303
1005003227041500
4000083559805
32839933477
1005002390252512
1005003389165001
1005003388254980
4001259360833
1005002157079699
33020521333
4000075614715
1005002913624876
1005003158116776
1005003002351636
1005002942532929
1005001804083492
32949045762
1005003065838636
1005002632354662
1005001438481797
1005002512573916
32727031524
1005003303009207
1005001943955029
1005002922349587
1005002930464789
1005001429027371
1005002611018385
1005003285235305
1005002416402179
32603076012
1005003201730224
10000095378389
4001278897329
1005001998453366
1005001479012290
32963744422
32995144956
4000073610214
1005001685392591
1005001774400769
1005003343090814
1005002728211241
1005002398435060
32971713348
1005003066926281
10000031232057
1005002183621245
33046298523
33030309546
1005003292275268
32590265937
1005002937825673
1005002948355767
1005002265242588
4000610634980
1005002520314659
1005002417621171
1005002362527730
1005003360738972
1005002985739478
1005002947480574
4001138788369
1005003250698102
1005002162460450
4000800536595
1005003001173714
1005003006199360
1005003031317468
1005002421015846
1005003065031970
1005001844666957
1005002282631475
1005003376796498
32667660731
1005001344354266
1005003375936410
4000370082954
4000917815019
1005003180478037
1005003324563644
4000142207885
1005003346356132
1005002327521753
1005002654912834
1005002071930216
4001151112058
4000259620604
1005002541337261
1005001749041371
33005116496
1005001557319504
1005003020290564
1005002412336141
1005001533684948
1005003380109415
1005003044334643
1005003027290138
1005001575215931
1005002443079701
4000933617030
1005003222763651
1005003263711844
1005002056275393
1005001934436736
1005002385103493
32966480328
33023386692
1005002383802215
1005001304100214
1005003124770370
32710246592
1005002196776245
1005003364642436
1005003101700400
1005003255467333
32898129633
1005003387704919
1005003070554391
1005003349168592
1005002852995544
32925999547
1005003274148346
1005001798686555
1005003083602199
1005001903546758
1005002350448371
1005002439147708
1005002340422922
1005003310266119
32949730815
32958728087
1005001835316944
1005001488641276
32891008024
1005001746969012
1005003354354695
1005003257292472
1005003014165683
4001154352528
1005001957579391
4000339066182
32656155713
4000176403615
33057570602
4001036153458
1005001780869089
1005003149280469
1005003291003763
4001120696353
1005002965078245
1005001417601825
1005002943873880
1005003094004494
1005003229063733
4000239769692
1005003069198856
1005002670815249
1005003150601342
1005003129255423
1005003016962441
1005001973586455
32830170248
1005003081439838
1005002260515814
1005002904374037
1005002345621779
1005002301492954
1005001573709786
1005001333824235
1005002956938201
1005002927712625
4000353158334
1005003385971484
1005002904847240
4000220702455
1005001575409305
1005003326462964
1005001705755356
1005003056594771
1005001658335424
1005002283116997
33009263191
32887995612
1005002801543301
1005003365202319
1005001450716566
32821837629
32897980086
1005003217879127
1005003092921877
1005001633305923
1005001515227614
1005002386751070
1005002467607306
1005001732971984
32917116228
1005002978917543
32949889108
1005002795778615
1005003212990381
1005003055081632
1005003129050042
32969090493
1005003098834670
1005003205137147
1005003339163860
4001349716079
1005003185956930
32805415732
1005003298102973
4000858903426
1005003242609939
4000172332444
1005001597977952
33019194545
1005003347246451
1005002322616922
1005001695533568
1005002794273842
1005002571745593
4000029283073
1005002882607519
1005003120263215
1005002213752612
1005003177438559
1005003038335472
33028060601
1005002722070703
1005002852892567
1005003145791264
32907362469
1005003036020987
1005002847150120
1005002870183513
4000389013335
1005002137375841
1005002928000746
1005003179368215
1005002641983072
1005003239726730
1005003326624792
1005002114624536
1005003387193627
32965570611
1005001531147980
1005003262806809
1005002299136639
33031425531
1005001843847245
1005002642722861
1005001525409709
4000899174212
1005002502490322
1005002232565336
4001135011866
1005002007245433
1005003332486301
1005002858373955
1005002833504909
32523583642
1005003130148749
1005002058897326
1005001814316693
1005003012753647
1005002976162761
1005002985186568
1005002413498309
1005002627777486
1005002286488104
32965182739
1005003224949255
32435696679
1005001271615975
1005001611815450
1005003131521454
1005001776705330
4000832551834
32951537883
4000049143729
1005001724144247
4000898667822
32802991850
1005002597896285
33005803301
33053934058
1005003251290469
32961592102
33038221692
1005003130290282
1005002989788793
1005002176398647
4001248571165
1005003088098396
1005003388533154
1005001408478748
1005002696397594
1005002103227083
33058677335
4000673131108
4001293874103
1005003066612535
4000865449511
1005003333721291
1005001355668346
1005002378896717
1005002985699093
32920867081
32964642054
1005002995367841
32788813576
1005002748219408
1005002484601763
1005003053299984
1005001608696436
1005003234842958
1005002027240732
1005003371404585
1005003181007505
1005003222653340
1005003365413366
4000096715128
1005001895559708
4000483083268
1005003032008758
1005002680333585
1005002052573341
10000395962164
1005001464267122
1005001304626382
1005002960157935
1005002907918782
32854946753
1005002606225245
1005003337775099
1005002756049100
718293593
1005002835789100
1005002992591105
1005003077892294
32864992196
32864059124
1005002337360409
4000774019929
1005002052227263
1005003338829759
1005002744962826
1005001950258340
1005003254813699
1005002748794065
1005002855960328
1005002984796455
2029233694
1005003387868142
1005003290018090
1005001351482541
982430055
1005003214401297
4001335071131
1005003349797397
4000897781566
1005003270437618
4000415311681
4001120584853
1005002939132070
1005003122899386
1005002270390198
1005002969917060
1005002628612227
4001195223696
4001060061063
1005002672846286
1005003121516920
4001270388388
1005003346034848
1005003071917488
1005003264655443
1005002361838478
1005002638520684
1005002133695303
33040595561
1005003133141621
4001026551044
1005002324162565
1005002888036005
1005002400098240
1005002492530558
1005002367580807
1005003345556425
1005002015613228
1005001371920374
1005003335182035
32908566322
1005002315734369
1005001518626669
4000750805078
1005002564104862
1005003238526910
1005003020962206
1005001883415344
1005001319677970
32923481116
1005002021690889
1005003313199695
1005001836750122
1005002345913214
1005003134095138
1005002978387779
1005002431465736
1005003339658494
1005002863720190
32756215136
32550041335
1005002426033451
1005003382202257
1005002130167723
32595300925
1005002348295197
1005003364057857
1005003391246814
1005001602373401
32990249491
1005002353287806
1005003379452524
32740040990
1005001792953786
4001065471786
1005002997194289
1005003348537952
1005001356247327
1005002624288485
1005003191049066
32999525855
1005002305650159
1975764984
1005002330775938
32975282261
1005001998727665
4001038499015
1005003000267529
1000001767253
1005001429799625
1005002954278175
1005002943655264
1005003192195923
1005002140114756
1005002023728892
1005002270118956
1005003263712525
1005003235700824
1005002939021265
4001080584202
1005001397579766
1005002306225756
1005003387684378
1005002362460365
1569520575
4000069790495
1005001637565510
4000378247148
1005003056946034
1005002288848940
32864901430
1005003255045684
1005002122403879
1005003044738810
1005001821710832
1005002752985110
1005002313809023
4000943175023
4001276659252
4000812713271
32536268334
1005002791576186
32902678652
1005002716751966
32761636077
1005002988685829
1005002518777636
1005003172416514
4001307525181
32828059579
1005002339304981
1005002979523169
1005002580647240
1005003008039476
1005002355759589
1005001481569151
4000045694884
1005001840673991
1005002882793774
1005001339243891
1005001914104569
4000891711548
1000006189092
1005001693067562
1005003342917012
1005002441056641
1005001425326501
4000791552023
1430924714
1005002990854489
1005003210414797
1005003329762317
1005002779874703
1005003313381125
1005003183250946
1005002688632438
1005002636139265
1005002253479785
1005003355762893
4000729879147
1005001900054111
1005002287356983
1005001637609991
1005003057731284
1005002666379186
1005002994381622
1005002813612394
1005002335271029
1005002109731123
4001085337436
1005003021004804
1005002007357695
1005002334109707
1005003041244736
1005001275904742
1005001725916258
1005003103484438
1005002401224900
1005001810957775
4000477331547
4001235754691
1005002074341910
1005002651659752
1005003123696263
1005002483274368
4001214862988
4001201494327
32485324138
1005003183388127
1005003331182695
1005001560228365
32954053205
1005002101133051
1005001365855552
1005003124945151
1005003369881100
1005003181188547
1005003025343437
32659265325
4000958530871
1005003054979494
33016345220
1005003284835045
1005002861810416
4001060671555
1005003038603786
1005001860749737
1005002406534924
1005003065577900
1005001395607101
4000088301084
1005002571949009
32858690518
4000484522777
33058016487
1005002568712603
1005002811878739
1005002337166100
4001305353553
1005001315429285
1005002889764878
1005003294641659
1005002658123994
1005003080481146
1005003227585261
850199925
32812204450
4000777980043
32885738289
1005001506202791
4000070847885
4001181392981
4001227157800
4001062960519
1005003014187883
1005003257175985
1005003090902512
32220016557
1005002364325503
1005001665361690
1005003343311549
1005001566840734
1005002139428540
1005002821988194
32968684482
1005003316207589
1005001959534125
1005003081383660
4001266941898
1005003334841439
4001354144625
32971178404
4000671921979
1005001955336644
1005002599743786
1005002613895741
1005001713016944
1005002947448204
1005002639220436
1005003249213481
4001245054798
1005003331428419
32963831366
33014961566
4000252216347
4001209880719
1005003297068932
1005003164091582
32944314782
32968060456
32915829563
1005002986010538
1005001965075764
32967110314
1005002288861272
1005001858454229
4000287333645
1005002948906085
4000194724520
1005002253737986
1005002862101426
1005003368200076
32950503280
1005002592453476
1005003336608981
1005003359008770
4000110959357
1005003208941391
1005003184418787
32866709736
1005003233630662
1005003091784474
1005002612741631
1005001588048029
1005001812883000
33047134652
1005002532463819
1005003259327495
32953486633
1005002956802936
4001178845558
1005003345527657
1005003388521240
1005002205270413
1005002105096728
4000843991403
32846893025
1005003086749802
33059526551
33049665909
1005003263258260
4001044036960
1000001427781
4001045787700
1005002734296475
1005003163057519
1005001609935134
32874708801
1005001470925607
1005001314582033
4000493007505
32957228832
4000362211279
33009812158
1005001438160512
32984715037
1005003127018347
1005003156711843
4000548448745
1005001480269378
1005003006263878
1005002636305069
1005002697359362
4000601398592
1005003289478797
1005002886497025
1005002259010710
1005002011129383
1005001950449652
1005003022286964
32862170868
1005001985417805
1005003311480422
1005001597150145
1005002773594754
1005003337957143
4001130558609
1005002810478089
4000120343749
1005003150438683
944910682
1005001639957660
32974592147
4001069620462
1005001706304049
1005003344923639
1005002593276771
1005002801706755
1005002975768687
32972809135
4000656024062
4000164067967
1005003252030719
1005001464140384
1005001326965415
1005003042356359
1005001657642914
32959564346
32926350303
4001142059177
32344253285
1005003032069831
1005002617420751
1005003023696649
32844170520
32711269524
1005003324722699
1005002737658205
4001104166638
33060084649
1005002813740488
32837849306
1005003098170959
4000239595730
1005003248261301
4000493863907
1005001793142463
1005003369769383
1005002831949763
1005002794350425
1005003004309557
4000712232509
32827610322
1005002803107254
1005001748986323
1005003208506403
32887174385
1005001769638792
1005002750998757
1005002011338168
1005001304539508
1005002341547987
32960463469
32946064924
1005003298531634
1005002079828058
4001106827727
4001230413212
1005001999658842
4000433306221
32970884342
1005003124578472
1005001466339389
1005003289140805
1005001599457460
1005003167678094
1005003081906370
1005001889777645
32810721525
32963555805
4000265022304
1005002868332021
33053435225
1005002947989055
33004621591
4000265847793
4001250010063
1005002965610585
1005002656406726
1005001571741263
1005002658226481
1005002682816067
1005003284900159
1005003012649163
4000739704106
1005001906898542
1005003391344152
1005002659341432
1005001525536005
4000897236212
1005002052492648
32849152174
1005002616022548
1005002502322326
1005003218786876
1005003123662580
4001085661348
1005001810991587
1005002291233635
32851985601
1005003339744293
4000705090135
1005003008965684
32886420523
1005003367899736
4000964666793
1005001877045577
4001157808654
1005003307174020
1005003335780478
1005002957036715
1005002696983524
4001061390138
32835712982
1005001580110896
1005001309751590
4000253187513
1005003225197552
32840577976
1005002747140934
1005002440724848
1005003336910646
1005003342056132
1005003309747722
4000024875993
32770976408
1005002953967564
1005001389109622
32955508144
1005002982891337
4000679863694
1005003291952813
4000575537221
1005001689011567
1005003176198346
32888416645
1005002958958218
1005002836686510
4001355357880
1005002920539569
32929439396
32950924960
1005002641202103
4000206984169
33034577547
1005003274309125
32882302876
1005003334189069
1005003297751266
1005002553925510
1005002856579953
1005003135170641
32847905109
1005002532348008
4000401651348
1005002970246129
1005001723701893
1005003337479877
1005001326349118
32798139969
32857252907
4000017761762
1005002566773276
1005002551650854
32827594924
1005003134542863
1005002623354016
1005002591408981
1005001784682617
1005003207234209
1005002890122967
4000048320355
1005002253971551
1005002857491023
1005002608507036
1005002548125024
32992978927
1005003134237469
1005003016330485
1005003031870153
1005003348421339
1005003158728587
1005001671472721
4000393904039
1005001630790660
1005003177027403
1005003009606480
1005002899294769
1005002963335824
1005003311817564
1005002626039545
1005002617218436
1005003101209635
1005001967399972
1005003188323340
1005002767624601
1005003350102324
1005002717115491
1005002680614433
1005002418967430
1005001977607836
1005002880739839
1005003021476679
4000521200412
1005001620468435
4001246776468
4001255301774
1005003186428697
33011357076
4000771141438
1005003153180066
32988965083
1005002029985056
1005003383215892
1005003024782385
1005002030129758
32901144409
1005001618019477
1005002984932242
1005003003278005
4001278860864
4001229710110
4001002018314
1005002979584062
4001345250979
1005003249265536
1005002619265190
1005002421403997
1005002268185102
1005003227420912
1005002186321035
1005001914884095
1005002191662399
1005003337624408
4001360762398
1005002869631878
1005003149243149
1005002870798500
1005003367687799
4001055181943
1005003282577641
1005002710537279
33004808547
4000575217172
32967192901
529666141
32833670791
1005002223390168
1005002863401328
1005003255203686
4001107701570
1005001359165844
1005001657093699
32882273139
4000416931978
4000777949234
1005002816667647
1005003238983664
1005002882866026
4000884641527
1005003329509260
1005003113351569
1005003363812181
33033832916
32961668357
1005002907660391
4000773812678
1005003350789768
1005003265317093
1005003233477436
1005003371437463
1005002613333560
1005002801627278
1005002642498225
1005003039577242
4000545123559
1005003228551492
1005002527861211
1005003251014427
1005003270902404
1005003319467208
1005002852285602
1005002941233054
1005002760951133
4000143907838
1005002862527195
1005003123754417
1005002568090110
1005002950809867
4000503064942
32717947491
1005003229295801
4000786431813
1005002388831369
1005001597405034
32915763485
4001295102046
1005002820467918
4001276895604
1005003239998792
4001208736491
1005002946238590
1005002420174163
1005002252460115
4000299438673
4001027218387
4001192992905
33000242545
1005002587907052
32778078559
1005002948697384
1005003272362417
4000817166659
1005002859002565
1005003276536839
1005002755113691
4001062554405
4001069043884
1005001269578687
1005001699363485
1005001487000937
1005003381963950
4000039566541
4000299810835
1005003303723407
1005001577335461
32840550540
33011956111
1005002997205336
1005002996342620
1005002540961815
32713254619
4000836456474
1005003215768415
1005002698021838
1005003374328342
1005003384882925
1005001439041802
1005002819757503
1005003349361236
1005003237708840
1005002991061279
1005001364409911
4001166224386
4000587910697
33034062611
1005003225140325
1005002394134533
1005002333698788
1005002657853903
1005001644708546
32772418610
1005002948010049
1005003189373274
32916116775
1005003032059564
1005003281100490
4001151042769
32798113883
1005003171237578
4000314004168
4001180247361
1005002921087006
1005001461715876
1005001418065628
1005002076246094
1005002751351269
1005002994313007
4000057930201
1005002696354765
1005002314463836
1005001381411822
1005003218206399
1005002058406197
1005001389281968
1005003060421495
33038340315
1005002990023814
1005003069817068
1005001625445403
1005002774173882
32994061905
1005003129631717
1005002602342619
1005002889429913
32321485452
1005003020579926
1005001908291873
1005003282888299
1005003378456623
1005002862225055
1005001388367662
1005002904282710
1005001520098916
1005003160841169
1005001555908189
10000089320487
32614401865
1005002924887180
1005001940162116
1005003061140339
32849719613
1005003048050771
1005003099386953
1005003241088339
1005003230348821
1005001999090965
1005003195521772
1005003085456643
1005002309742784
33053959389
1005003328102713
1005002072378807
32949811630
1005002981979967
1005002870261776
4000734233032
1005003331097352
1005002513303932
1005003171295053
1005001669603791
1005003033872882
33035411887
1005002477021902
1005002547063088
1005002625035292
1005002803750042
4000175519664
4000430658052
1005003179310796
1005001954733050
1005002656524217
1005003233574987
1005003301985279
32995611439
1005002944355941
1005003370511477
1005002993179266
1005003191403191
4000601309632
32872001070
1257866731
1005003244736832
32858249440