1005003380400097
1005001934029302
1005003039015578
1005001590724845
1005002738152733
1005001721760106
1005002703643744
4000121571072
1005003302415780
32902324813
1000001776240
1005003372163005
1005003388450598
1005002954406520
1005002674338086
1005003384073104
33000466705
32957159746
1005002425924840
1005002699224821
32724027344
4000217290573
1005001971735631
1005002010984933
1005003020060941
1005002353336436
4000996610651
1005002741137077
32850378156
4000732326740
1005002522983072
32970825041
1005001844307762
1005001393517635
1005003351631291
1005002657124212
1005003258805663
1005001520549586
1005002904546319
1005002629314079
4000096715128
1005002502885334
1005002253823246
32923988317
1005001757775224
1005002864865193
1005003327490715
1005002674489087
1005002002916032
32843882762
1005003284963760
1005002054075107
4000672700889
1005003187883676
1005003070530309
1005002827655973
1005002638588289
1005002934569942
32898252189
10000194700190
4000169655802
4001268954184
32790808097
1005002076462679
1005002935423018
1005003051197084
1005003349976223
1005002835328583
4001216864000
1005002050874361
1005002363475055
1005003186955927
32701425248
4000599566233
4000145900704
1005003363039515
1005003290346222
10000395864822
4001038912008
1005001362803455
1005002249016902
32831812724
32700826750
1005001721206560
1005002901970897
1005003276118033
1005002337689100
1005003305817018
4000891299623
1005001648262650
32923281032
4000202279100
32667614861
1005003081869501
32986935443
1005002199798949
1005003201524477
1005003222042454
1005003354644784
4000284553177
1005001619175481
1005003119293617
4000086066024
1005002575487255
1005003366392926
4000849837533
1005003151738488
32840254019
1005002651987457
32979425982
4000322069033
1005002650407904
32986776036
1005003310056518
1005002557646777
1005003044466378
1005001927434283
1005003306460426
4000704097364
1005003365037706
1005002138022199
32856757214
1005002705700455
1005002567756288
4001218232479
32969068271
1005002279606828
1005002525450182
4001213250009
1005002524193800
1005003265201978
4000986936263
1005002824727121
33058321176
1005002949546904
1005003109397715
4000800866303
1005003216706935
1005002756034109
32299162960
1005002395132751
4001282316884
1005003167594646
33046203902
1005002289086622
1005003233218946
1005001424544221
1005002252588460
1005002973847332
1005002735752186
1005002337391463
1005003257413080
4001246937914
1005002858272082
1005003051890060
32881868875
32556413268
32952178291
32961097148
1005002922326529
32590481342
1005003224001147
32999457620
1005003161002488
1005003305168474
1005002995984525
4001050509384
1005003242921628
1005003326677529
1005003103470025
1005003286569703
33030204918
1000004665374
1005003022273298
4000802242821
1005002990551708
4000860631880
1005002984367044
1005003119648092
1005002133522609
1005002749586359
1005002315525396
1005003367632245
1005001274400540
1005003114990500
4001332924954
32671196048
1005003022325934
32981752856
1005003290498029
1005002977760398
1005002342833681
1005002282540320
1005002416122715
1005003341218481
1005002389807329
1005003223680636
33009391728
1005002275947619
1005003066291551
1005003162703915
1005002776980283
1005002666905119
32969201737
1005001839485834
1005001394021594
10000395950524
1005002637954431
1005002393671665
1005001381270329
33026164332
1005003205862124
1005002911002524
1005003168179413
4000966396414
1005002708627202
1005003310621208
1005002606029857
1005002872311132
32962292990
1005001450653441
1005003300790584
1005002385950999
4000457130976
1005002303846772
10000146554506
4001268377353
32955577566
1005003092135706
32968203935
33017685117
1005003181516924
1005001520975120
1005001773994072
1005003245969390
1005002116016369
1005002948954998
10000415540854
32885713786
4000768731586
1005001351777867
1005003008778344
32818089442
32950010390
1005002716638103
4001290938516
32987490874
32831841181
1005001379673828
1005001320683059
1005002831784543
32796858213
32978324626
4001283980038
1005002789774252
1005002977549342
32980478448
1005003028809913
4000057542432
4000221160887
1005002836906311
1005002284550339
1005002168843151
1005001525389656
1005002538657230
32604003356
4000429332017
1005001731965183
1005003330641746
1005002961130998
1005002716829425
1005001844570832
1005003224464626
32910855470
32908397840
1005001809514101
1005001966626382
1005002931404507
4001223803565
1005001562019876
32987462362
32439420186
32894957815
4000826270218
1005001695608034
1005002848655345
1005002438950760
1005002636362957
1005002054147111
4001220510631
1005002606056242
2037096559
1005003316313569
1005002979372667
1005002309042881
1005002177445346
1005002836910380
1005002467152080
4000193126953
1005003248052883
32974486053
1005002913954512
1005002584834997
32965869170
4000145873573
1005002806171778
1005002493806018
32768765467
32963515460
1005003104561190
1005001721672944
32856906143
1005002657226364
1005002820592193
1005002717576097
33061698627
1005003014892716
1005002894992230
1005003002729176
1005001351076274
1005002575605718
1005001555458006
1005002996496806
32881966132
1005003262326541
1005001755852562
1005002600466518
33055806641
1005003124066049
1005003114149466
1005002863041105
1005001314865480
1005001874834092
1005002837878112
1005003003139879
32830774907
1005002751847864
1005003297284491
1005001429582037
32996335367
33057069534
4000492976448
1005003147103636
1005001670366571
4000320403177
32997444498
4000205503330
1005002685470645
1005001786125864
1005002391628262
1005003326286927
32982859473
1005002878221726
32966935104
1005001310122030
1005002305733799
1005003347254465
1005003219939193
1005003330320125
1005002028325783
1005002301169464
33035177673
4000248880183
1407808971
1005002801636962
4001209216344
4001280043955
1005003012513506
4001229999791
4000017150068
1005003234540098
1005001931636655
1005003204010089
1005002868425051
4000326688240
1005002446278268
1005002754079010
1005003318885007
1005002396527214
1005002676043280
1005002598546669
1005003166938016
4000113665069
4001315939253
32814778871
1005003102313209
1005002457718884
1005002388939055
1005002904690524
1005003208757303
1005002572683298
1005002075046899
4000280972925
33023921119
1005003073414701
1005003378144037
1005002994035221
32955031127
4000084783424
1005003308978740
1005001594690751
1005002753730523
1005003194752270
32454598007
1005003308231112
4000934631397
33052707530
1005003004012205
32798641941
1005002244579102
1005002281270385
4001196868159
10000344007036
1005002907937083
4001241020365
32960613084
1005002003767716
1005002667750328
1005003163964475
33013313384
1005002657739779
4000403286965
1005003340289136
1005002108733585
1005003299624347
32918595676
32987905694
1005002889513381
32951991106
1005002754474992
1005001562113565
1005002797529547
1005001882941306
4000427150441
32546169834
1005001654795717
1005003076348357
32859253045
1005003070785075
1005003012725542
1005001579370255
32831427013
32863175650
1005002926681058
1005003200754096
4001157355347
4000621368368
1005002882879535
33007934725
1005001762925588
32981920137
1005001611899832
1005003349640020
1005002678908695
1005002907546348
4001211556478
1005002224244690
1005001667034448
1005002314284712
1005002822916918
1005003095675005
32925395228
32395993981
1005001617925662
32900939747
1005003294923226
32451707725
10000190132449
1005002779636698
1005002332591860
1005003020783588
1005001576875518
4000794489288
1005003212955909
1005003226384789
1005003226166157
1005002660225229
1005002493508779
4000052708060
1005003260328002
1005003159899684
1005003064709912
1005002828507736
4000102048223
1005002737692481
1005003042119835
4000766948911
1005002193878387
1005003214419520
1005001494546715
1000001035579
1005002711535430
1005002785943144
4001060842371
1005002945016391
1005003189540427
1005001663642957
1005003382730363
1005002477726104
32796695922
32369291010
1005001703379948
4001115720368
4000927137972
33038252297
1005002816907779
32961921021
1005003102658995
1005002459979197
1005002327104018
1005002840085118
1005002875298626
1005003372772585
4001223550290
1005002600475232
4001148223491
4000121244182
1005003300702781
32823090683
1005002532530348
4000708803629
4000473630113
33029434292
4000902292912
4001330824186
32947211881
1005002806412008
1005002474181451
4000677576603
32888609117
1005001285108040
1005002778651962
1005003345983726
1005001686168434
32854184753
4001296963700
4000101742427
1005003116518972
1005001499331422
1005003186968881
1005001965670765
1005002649407742
4001026594411
32887654334
1005003232670773
1621531009
1005002986380151
1005003016257005
4000777387472
1005001967223829
4000149408287
1005003297931286
32845409910
1005002436076542
4000079156144
4001013844867
1005002752723703
1005002732432565
4000466454322
1005002996419062
1005003202942963
1005003337596665
1005002329408153
33037214014
1005003302635072
32851864482
4001078929386
1005003098984837
1005003025403082
1005003060041198
1005002875118186
1005003166337025
32759146424
1005001375081227
1005003113780262
1005002989677412
1005001588252519
1005003250866743
1005003171893187
1005003210605579
1005003129479731
1005003325824104
33022358224
1005002835567578
4000574335430
1005003367961959
1005002506096537
1005003337751346
1005002563770210
1005003312434222
1005002523708131
1005002430843494
32850568945
32448260442
1005002413517210
1005002552002274
1005003294589435
1005002124849466
1005002979584931
1005001614891228
1005003329884136
1005002896575678
32819169706
1005003053906357
32798528828
1005002532309747
1005002716959240
32864510144
1005002365257359
1005002122291771
1005002286636980
32286815220
1005002393917121
1005003264313328
32991375865
1005001630563133
1005002207963728
32756745976
32954371722
1005003274761984
1005003321649102
1005001299470341
32573117432
1005002009499043
32975458991
32351783108
1005001678045165
1005003204135023
32901375031
4000177579108
4001221767390
1005001488801461
1005001513848280
33051524003
33007413626
1005002705575200
4000957842735
1005002573383160
1005003357406221
1005002708440761
4000028872517
1005002531679829
1005002878754754
1005001839875378
4000538180091
32811616255
33052477597
4001204168639
1005002927602341
1005002318105023
32790367590
1005003021141950
1005002068646228
4001309300997
1005003359959762
1005003201646790
4000837484959
1005003342752801
1005002615524837
1005002394251183
1005002365770440
1005001515065191
1005002286263249
1005002862700658
4000857167405
1005002224644711
4001126461888
32916511473
1005002241153699
1005003111759079
1005002974174015
1005001572153375
4001069831271
1005002011639209
32796182370
1005003339003171
4001100762948
32846335165
1005002597638956
1005002696833997
1005003274355454
1005003039523921
1005001671048096
1005002182182892
4000921798291
1005002014597594
1005002827310828
1005003251806452
32413601459
32666202143
4000804877707
1005003338042320
1005003345511737
32953043656
33024736679
32705415953
4000259505756
1005001568376154
1005001664810502
1005003389794848
4000883278238
1005003355110970
32231914622
1005002254669175
1005002866297808
4000539436957
1005003386359263
1005003152367517
1005001943657544
4000606909959
1005002965199206
1005002748182467
1444730499
1776346767
1005002052430890
4000902702337
4000067790355
32802125246
1005002687512558
4000979195746
32837241485
1005003365064380
4001080507317
1005003150720665
1005002685753540
32879188741
1005002551981225
32887951912
1005002262099383
1005001988894236
33001246134
1005003069173741
4001183890961
1005002955157185
32887629892
32251453631
33003403048
10000344988011
1005002571596554
1005002559135659
33056513132
32798410748
1005003151477277
1005002115054684
1005003036439502
1775705151
32879273907
1005002330660817
1005003001342850
1005002107790602
1005003303297678
1005002264818994
32961234758
1005002843919106
4001313417596
1005003178877418
1005003387972914
1005002966064944
1005002650319495
1005003292348908
1005003303373400
1005003208469558
1005002941265751
32888095393
1005002919983165
1005002758670964
1005003234023609
1005003081268004
4001115548298
1005001389065837
1005002983359127
1005002414314305
1005002105945179
4001272542486
1005002727338309
1005002018680584
1005003214087173
1005003292254122
1005003372097470
1005002472872381
1005002910170726
1005002449068779
4000859975857
1005002995979567
1005003261897192
1005002460450935
1005002907671151
1005001632392277
1005002886167914
1005002689126835
1005003345306780
1005002678900125
1005003256663889
1005003276128990
1005002739223450
1005001581154050
1005002974188092
1005002038027768
32855704185
1005003341512456
4000078381547
1005002377349771
1005003287170092
1005002608748967
1005003015163798
1005002618985839
1005003197129570
1005002460926453
1005002762088108
32555238758
1005002729019945
1005001952840348
1005003346094801
32970757561
4001137826904
1005003386316477
1005003216246340
1005003290427375
32966792111
1005002839685446
1005002954031578
4000406214096
1005003278651725
1005003333680003
1005003280053671
1005002949523931
1005003143511266
4001119025583
1005002672611222
1005002142567851
1005002876967860
1005003384255191
1005001503992323
32976650671
32969415576
1005001732680569
1005002877431043
1005003299418007
1005003243729685
1005003288161947
1005003387193186
1005003048547268
1005003173220389
4001233276980
1005003323302051
32927040866
1005003299220217
4001155605307
1005002590115695
32793787772
1005002052668044
1005001582215530
32848037180
1005001918986586
1005003120053499
1005001292514886
1005002652432814
1005003309759057
1005003385066919
33049446482
32841449394
1005003184428600
1005002277732393
1005003088232594
32909306271
1005001693777008
1005002723178828
1005003328301117
4000220564240
33063391453
32856498536
32888001909
32697719035
1005003309647598
1005002606200424
1005002941761167
1005003201872801
1005002889739043
1005002168635578
4001260210732
1005002878399831
4000785742673
1005003329790926
1005003227680441
1005001855849324
1005003193018224
1005002273615319
1005002427815855
32792449642
1005001862360632
32896801727
1005003341617701
1005003308971324
1005003219526905
1005002427932933
1005002635974380
1005002710674113
32912942943
1005002024249706
4000707296532
1005002621955154
1005003290266538
32948300730
32854773400
1005001954484599
4001061637557
1005001586445580
1005003304406772
1005002268301705
1005003373944560
1005003251377570
1005003044075653
1005002636887019
1005003334440105
32960967235
1005002971018602
1005001942113969
1005002815004428
32931244978
1005001677170641
4000790037254
4000132231168
1005003159686440
4000928130881
1005002636049521
1005003329560559
1005002658185960
1005001958040314
1005002607215127
1005003388557039
1005002551159121
1005003213867494
1425766745
1005002780149966
1005002211804558
1005002790817968
32837566821
1005003235445673
4001309244853
1005003172935628
1005001354999110
1005002716991413
1005002431522357
1005001489389278
1005002861790453
1005002995821949
1005001397171060
1005003114506347
1005003038097589
1005003279807970
1005002926020212
4000661126122
4000028982336
32579846130
1005003071960785
33011779571
33036816611
1005002994620339
1005001321409711
32602739578
1005003146372228
32850360286
4001119632218
1005002417812308
32934983884
1005003177859145
1005002090229835
1005003361821561
33020707957
1005001593379620
1005002998119581
32609413724
1005002082403249
1005003386332304
1005001588188843
1005002549739923
1005002478306239
1005003205830502
1005003065654820
1005002286197858
1005001437571257
32962102563
1005002176306325
4001204348624
1005002967611240
1005002554927639
33031201193
1005002918850297
32970638875
1005002638327947
1005002130035523
32815382825
1005003107945819
4000158209555
1005002932941576
1005001599191847
1005001580866028
32601438551
4001036272142
1005002901755887
4000430499315
1005003293384411
1005002571643626
1005003377231583
1005001717723503
1005002099738122
1005003093806517
4000010372686
1005002692728572
4000058155570
1005002860761382
4000045069436
1005003313730226
1005002796492901
33038263798
1005002767352950
1005003084137436
1005003008076085
1005002760368256
33023544664
1005001505562904
1005001942722695
1005002004635605
1005003208443712
32809672290
1005003367514548
1005003354902294
1005002987063083
1005002714010983
4000504292306
1005002925915010
32912201414
4000266071839
1413286928
32821198277
1005002790749076
1005002891417475
1005003173401065
1005003258547681
32997490583
1005003147227034
1005003239667608
1005002879083034
20000004432015
1005002978770053
1005003309617041
1005002931710857
4001339266345
32752252000
4000061030470
33054476109
1005002313503776
1005001809571063
1005002925253164
1005003031972799
1005003224050759
1005002780124166
1005001769734969
1005003150104692
1005003282841614
1005003276562674
1005002352027414
4000602727953
1005002827587425
32828221929
32537699439
1005001334560699
33000113241
32851964873
1005002339575226
1005003181122486
1005003078287204
1005002772270324
1005002738838409
1005002428095054
1005002895723476
1005002607582505
1005002828968563
1005002431193078
10000344107854
1005002130842004
1005003322347216
1005001903148149
1005002105833994
1005003340964773
1005002971305207
1005002651200817
1005003205960279
1005003043834599
1005002418419465
32778055966
1005001786451174
4000293017797
1005002971226028
1005003151259734
1005003318650235
4000420018174
32846201455
4001139441305
1005003190714979
1005002412984024
1005002342526695
1005001573082905
1005003382010119
1005003038159636
1005002991839485
4000999101380
4001225223025
32927188495
1005002922641670
1005002532772681
1005003140586116
4000643530834
33047240832
32754853993
1005002112859555
1005002739122333
1005002774149726
1005002913398377
1005001977306796
1005001437501724
1005002663490814
1005003027982927
32645945079
33054735840
1005001708749368
32875895301
1000004503641
4001170893066
1005002712130190
32869702513
1433058490
1005002870789305
1005003037028428
1005003122803937
33012762252
1005002416714668
33005296716
1005001298097957
4001075962588
1005002475740805
33045630401
32821609380
1005001813561003
32825048668
1005002577285276
1005002552649814
1005002723351962
1005001970160589
1005003146322843
32838753882
1005001349393760
1005001574532320
4000965860699
1005001393057574
1005003200786947
1005003331715200
32816028812
1005003072267356
1005002990446496
1005003357736406
1005002452937772
33056591798
1005001788637762
1005003299969493
1005002624796349
1005002339955233
32920303455
4000327502638
1005001774352875
1005002746089067
32997243809
1005003191671992
32969512188
1005003269621949
1005002822632254
1005001750274718
1005001325223107
1005003051697845
33022908142
1005003176580605
1005003146311838
1005003298817657
10000205836635
1005002597853879
1005001265520795
4000982520090
1005002935438302
1005003112300909
1005002320734760
1005003004006940
4000983147869
1005002281934353
32996297758
1005002510475660
1005002827329728
1005002917559311
4001062795706
1005003246172908
1005001942313917
32951549983
1005003000749044
1005002688434004
33018377867
33021748488
1005002727700581
1005001949083585
4001016096451
1005002948987373
1005002795344237
32849311802
1005002844228761
4001335666003
1005003065889165
32802053922
1005002692222680
1005001923176840
1005003118621870
1005002844221748
32968381566
1005002373053577
32969209717
32431873383
1005003065388697
4001268942430
4000108441519
1005003138184117
4000140645767
1005003118698080
1005003256131494
32844013008
1005003211211303
1005002012068121
4000859027154
1005003038359131
1005002782266260
1005002966692348
1005003159002458
1005003274758939
1005003111727216
1005002537721903
32455530698
1005003048567870
1005003337158190
1005003300243476
1005003193539158
1005001319754729
1005003334813576
1005003368887040
1005002013189601
1005002960878858
1005002759982810
4000064816690
32514741816
1005002460334304
543584840
32524657097
1005003345515762
1005002745436531
1005002882933376
1005002912837979
1005003109302552
1005002570232587
1005002110027494
1005003165746402
1005002315927781
1005002666654504
1005003147590004
32828311260
1005003087500694
33051105649
1005003096037643
4000132894115
1005003301985279
1005003258925186
1005001859429277
32998893574
1005002613847158
32841325906
1005003040215933
32823346903
1005001298917350
4001015983592
32820717696
1005003289083485
1005002966828532
4000365330938
1005002865341072
1005003375274363
1005003283748015
1005003114450811
1005001891268972
1005003146098763
1005001397019791
1005001277865840
1005002579368067
1005002260955270
1005001899411210
1005002896543701
4000169247212
1005003067204424
1005003152005689
1005001916417690
1005002918576734
4001248605712
32812176888
32883639118
4000953727386
4000714609468
10000197415964
1005003153119318
1005003276590515
1005001756511318
1005002350810106
1005003116968315
1005003362087911
1005003131152947
1005003057486588
1005002542275262
10000320138979
1005001865645125
1005001273687953
1005001975076484
4001078897359
1005002459291444
1005003342228219
1005003337151813
1005001992107576
32947024260
1005001894963291
4001279855839
1005002656467830
1005003308519614
4001092078761
1005003221089762
4001150164150
1005002870367331
32880296387
1005001738405223
1005003014686980
4000970177279
1005001585126139
33023324078
1005002984726744
1005003326795224
32705442970
1005002949809555
1005003151306264
1005001580252497
1005001624713875
1005003026623316
1005003181180086
1005003219466083
1005002247948222
1005002799450397
4000321204155
1005002933111701
10000106828913
1005002511006800
33000053993
1005003191330208
32957777072
1005003052111497
1005003201806290
1005003269857098
1005002321122901
1005002686173708
4000854054176
1005002957541778
1005001483138268
32964991097
1005002512310403
32986561541
1005003001856803
1005003096706267
4001051569667
1005002090974055
1005002314328351
1005001408557810
1005003214414813
1005002353985624
1005003073843405
1005002965720003
32785640928
1005003330843194
1005003118147561
1005002648449968
1005002326239740
32869608324
1005002099027453
32887370563
32989308592
4000030038187
1005002357463142
33002937549
1005003304976910
1005002884144815
1005002103714087
1005003387890967
4000897694808
32978299948
1005002964079422
1005002764451567
1005003097529926
1005001999809665
32845195498
4000006913671
1005003376025203
1005002925638111
1005003158315833
1005002907349805
1005002465118330
4000313603320
1005002900340908
1005002572417051
1005003305754447
1005002262164196
1005003194329840
1005003304509604
1005002605748410
32801913833
33023515210
1005001511293953
1005002452604289
1005003092696899
1005002755843318
4000939163931
1005002466888600
1005003162783216
4000610070104
1005002427549284
1005002698139492
1005003119802105
32955269595
1005001887646503
32753862271
4000898607916
32866458604
1005002722440284
1005003343108859
1005003062044776
4000740952611
1005003282778572
1005003124604784
4000448743723
1005003144145970
1005001279883573
1005002657284257
1005002965100896
1005003032276465
32756065019
1005001869655913
32839099562
1005003276925697
1005001385840170
1005002561933504
1005002416374549
4000357385957
1005002780895634
1005002186772883
33047272682
32957438907
32812644345
33040295066
1005003299494925
1005003215778803
1005002827886395
32806020182
1005003337637210
1005003360106127
1005002828141174
4001081170518
32891511617
1005002687195675
1005002653242539
1005001632570543
1005003379600488
4000203533351
4000773217055
1005001329843164
1005003312542370
932688341
1005003330311683
4001067359912
1005001439184106
32956555629
1005003262011460
32793900238
1005001863841239
1005002476551650
1005001833101755
1005002907840791
1005001852211645
32949847088
10000348194583
33036635803
33047631119
1005002826769991
32908737450
1000001549286
1005002663465783
32957893735
1005001926972853
1005003288684263
1005002749566370
1005002313324760
32957092896
1005002224620842
1005001707925981
4001241799145
1005002772413404
4001240436297
32927698625
1005003315839472
1005002604533778
1005002797688153
1005001692680969
4000469496811
1005002816978250
4001163347088
1005002727986419
1005002504589049
1005002918345778
1005002855096603
1242186938
32617032479
1005001585991052
32922557440
1005002749641162
1005002524174840
1005003370065085
32743202832
1005003048638257
33013867380
1005002836201476
1005003263274692
1005003133456885
33058737741
4000720639305
4001079897096
1005002011475355
32991837323
1005003136649495
32750734031
1005002025099985
1005003223721517
1005002775259011
1005002234875294
1005002793966506
1005003243709665
4001039463106
1005001439108716
1005003309024763
32970270546
1005002459969588
1005003173387336
1005002890227763
32975184667
1005002751915865
1005002420032415
1005003081123542
1005001588261048
33046322450
32512680387
1005002490994307
1005002608887585
4001328016061
32350813210
1005003165585778
1005002018354851
32860847116
1005003389207926
1005003136256346
1005003058670650
1005003184431811
1005002409767477
32858693707
1005002829976696
1005002869083759
1005003324008772
4000052296748
4000157765766
1005003292503910
1005002277189312
1005002956102308
1005002742222268
1005003286764462
1005003305470443
1005002330648235
4000906318557
1005003269762150
4001105432837
1005003219452671
4001130709823
4001055935312
1005002884329325
1005003153334726
4001120388486
1005002219599099
1005003090919320
1005002776166089
1005002210584947
1005003071361599
1005002944308317
10000343992632
1005003361311597
4000190592521
4000776776772
1005003370565079
1005003229082852
1005003301122085
1005002959790803
32710532882
32847817605
1005002816923840
1005003025308636
32825723825
1005002939736041
1005002949557922
1005002582979862
1005002996130296
32983722797
1005002381629729
33043437385
1005001947649527
4000087929764
1005001470567556
1005003295331127
1005003281697036
1005002864059758
32852730743
1005001741122803
4000159284627
32874047576
4000506176950
1005001447058246
1005003387720854
4001066173762
32812065934
1005002266232939
1005003336553315
1005002885755995
1005003236541414
1005003125845491
1005003103869538
1005002796073567
1005003303300056
1005003331523160
1005001883351700
33009554033
4001257885921
32844052156
32851180468
1005002931403528
4001003038381
4000009801072
1005002662078670
1005002487953989
1005003148640027
1005002930696568
1005003386962261
1005003386257579
32831816971
32775014218
1005003064274382
1005001301811502
1005002301126055
1005003066967511
1005003081571638
1005002496175991
32859970661
4001036464834
1005002855052383
1005003333754116
1005002081787654
1005003130886108
1005001278624254
1005002988230510
1005003322342139
1005002076574594
1005001844419217
1005002613680890
1005002398880063
1005001869907072
1005002250100784
4001037644725
1005002349647363
4000373470367
1005002224539348
1005003162183064
1005001695459623
1005003351406071
1005002676317510
4000648632481
1005002771066113
1005003298237016
1005003340885340
4001125790830
1005001359548542
1005003158673311
1005003256270743
4000625532260
1005003376742450
1005002775972950
1005003215337461
1005003110115105
1005003201259746
1005003330385454
1005002761509730
1005002978228964
1005002258835532
1005003260251611
4000846245491
32959598963
1005001779824623
1005003246109568
32872620939
1005003225228295
32973893814
1005002857464094
32844193215
1005002746820532
1005002441039719
4001057061778
1005003078640598
32792028103
32841855221
1005003357414472
4001165228204
32800145034
32863006337
1005002943270865
4000125682094
1005003308380844
1005002554016175
1005001626701820
4001046477679
1005003107283051
1005002629384636
1005001525517678
4001081856889
4000114384900
1005002858734487
1005003170512157
4000684590998
1005002988730654
4000192253654
1005002043284966
1005002048910138
32978831078
1005001816409517
32824986211
4001202212072
1005001793164348
32962771091
1005002882283488
1005002635986252
1005003151523913
1005003339612003
1005003155159744
1005001885696004
4000941575839
1005003158571304
4000281300782
1005001853285644
1005002068883895
1005001619819003
1005002632683467
1005001698785116
33011304850
1005002997325231
1005003099438777
1005003364566091
1005001548437948
1005003212827523
1005002266556763
10000289122159
1005003322714073
10000209260583
1005002512131882
1005002021166902
1005002868441177
1005002843239586
1005003001203484
32871815419
4001187818316
1005003114631714
1005001321978143
1005003071794180
1005003326199801
1005002927490538
1005002281053660
1005002978814104
1005002872091341
32810172794
1005001441466486
1005002562188161
1005003156693109
1005001435936658
32829537105
4000220522531
1005001389120424
32818792536
1005003317160897
32812919869
32846199707
33006263392
1005003113590735
4000853389001
32851695696
1005003202809087
33052091560
1005003000987980
1005003228092126
4001238236108
4001158156891
1005001967606912
1005002401931397
1005003001053767
32909249918
32963594340
1005003192038932
32719611158
1005002084133273
4000078669814
1005003177457665
1005001789103182
32809436292
1005001609399830
1005003149845327
1005002554848736
1005001611300335
1005003386326411
1005003130179762
1005001799573991
1005002901015943
1005002619218891
1005002583710203
1005003153352525
1005002199365570
1005002657354535
1005003259383201
1005001915578927
1005003339003532
1005003313224558
1005002397047535
1005003335585795
32831556802
4001127776977
4000272780821
1005002896748314
32913049846
1005002271453984
32968891682
1005002855194242
1005002460217704
1005003223000604
4000966844518
1005003081863931
1005002795000918
1005003169893589
4001050740853
1005002589875319
4000226489735
4000057497760
1005002006381419
32813294113
4001294439208
4000463622948
1005003217266315
33051718221
1005002994815354
1005002030391282
1005001430336463
32833647490
1005001749021478
1005003101808487
1005002848466138
1005001782529422
1005002996077658
32911097602
1005002740243498
1005003127211342
1005003283661811
1005001980776735
4000688674339
4001260513834
1005002327149112
4001121689984
1005002233082920
1005002971835409
1005003110253125
1005002737290544
32422458918
1005002038420333
1005003021585158
1005001865909476
1005002865184861
4000018060919
4000070248784
1005001367453668
1005002617932262
32905899961
1005002377395408
4001082478693
1005001889473386
1005003369610889
1005003267591180
32883650700
1005001967458272
1005003380376017
1005001627081992
1005002120789099
1005003346006483
1005002977015073
1005001792866982
1005003093691529
1005002205498724
32907890320
1005002597069769
4000272654014
4000981922355
1005002400309473
1005003001934797
32937455260
4000557102800
1005001906704400
1005002648793710
1005002524933593
1005002341278366
1005003121254586
1005003302659112
4000377122348
32866311022
1005003328078336
4001060784735
1005003120493521
1005002983894746
4000089348264
1005002893352224
1005002171778353
1005002296931250
1005003329820490
4001148048333
32896890710
1005002372117497
32893171967
32819242919
32968288481
32855750540
1005003296560488
1005003338912231
1005002974080689
1005002701240790
4000133268896
32959042388
4000774847376
1005001907947515
1005002638733983
4000960236515
1005001479552606
1005002734695467
4000298637737
4000666311233
4000917947588
1005002346882411
1005001386100088
1005003142134417
1005001582039306
1005003025355679
1005003126723841
1005003323984837
1005003322217442
32900202710
4001224747375
4001186415243
4000132880638
1005003009693721
1005003016645770
1005003022337738
1005003133370550
1005002307273948
1005003047700580
1005002791609746
1005003154824269
4000893780021
1005001590291757
1005003109129008
1005002976467033
4000186516888
718288309
1005003183316319
4000452900989
1005003120277802
1005003292403998
1005002558738388
1005002619062401
1005002048541505
1005002568112639
1005003261497840