4000120320903
1005002630174705
1005001617388469
1005003144476190
32462571172
1005003388471481
1005002638231265
32971129169
4000372340936
1005002399283072
1005003382273321
1005003083746202
32940184032
1005001572941727
1005003002553749
1005003142475851
1005002913670284
1005002336253730
4000352236682
1005002924862072
1005003369017862
1005003226854102
1005002379422965
4000378686597
1005002970648645
4001250015529
32722489183
32843163850
1005002390722650
1005002448184622
1005003082147912
1005003210792856
32795854281
4000880003737
1005001373618796
1005002582758229
1005003380440557
1357805248
1005003299322633
1005002571687672
1005002240852901
4000888152958
1005001972527234
1005003277776707
1005002942254302
4001228986109
4001222711683
4000643591922
1005001549866381
1005003001273849
32823657091
1005002687517219
4000015662147
32667181253
1005002667818954
33009298499
1005001943131027
1005002610459330
1005001565023075
1005002030064997
1005002129941683
1005002159323719
4001261499516
33004874389
32453133213
1005003390736929
1005003206993840
4000916560515
1005002069439093
1005003288134284
4001187587482
1005001714730626
1005002301885115
1005003095831073
1005003328874332
1005001423519937
32664303585
1005003004345765
1005002591705329
1005001393651635
10000201623305
1005002998835641
32962567573
1005003119736215
1005002490165432
1005001924107448
1005002762706101
1005002693192677
32712057764
1005002876069295
32993677605
1005003367631969
1005002347734726
1005003296920531
32932481091
1005003114693012
1005003336934340
32614284440
32745160493
4001263469934
4001040119650
32923695782
1005002631461581
1005001976336128
32973125729
1005003342186784
1005002932204304
32947555072
1005003301827730
4000820876030
4000235976730
1005002948942461
1005001804244844
32835852682
4001235151842
1005003148669839
1005003002359874
1005002835795110
4000264628861
1005002789146576
1005002402127353
1005002678669084
1005002081532956
4000559381622
4001205012364
1005001689837234
1005002704815576
1005003370304054
1005002862082566
4001000391548
1005003226919373
4001208593759
1005003389394582
32635214123
1005002201069792
1005002564368516
1005002996315311
1005001603939961
1005003259239707
1005001989734654
1005002316353181
4001360537367
32763446754
1005002286942637
4001115230771
1005002749418920
1005003069874591
32855164015
1005002884310315
1005003287572948
4000994247066
1005003067411394
1005002391898590
1005003315536016
1005002582985646
1005003370944293
1005001810351824
1005001886226964
1005001905142538
1005001968015372
4000825910635
1005003227622369
1005002877367176
1005003028283870
1005002003017320
33039349062
32962102669
4000761229866
1005003247397254
1005002318916605
1005001632369916
1005003116577153
1005003096527814
1005003322097066
1005003358292628
1005003242761252
1005002597373149
4000083322380
1005001424582392
1005001957393985
33030956740
32834453900
1005003224606029
32798411384
1005002960997863
2049039826
1005002835669923
1005002511989642
1005003140541048
1005003125016254
1005002638762291
1005003259306157
1005003361114035
4000163498801
1005002635217459
1005003258345871
1005001788731798
1005003100466288
1005003166749180
1005002655387964
1005003113052640
32964324034
32833343874
4001299044404
1005003223169074
1005002944321466
1005001546628587
1005003228717667
32722184863
4000023322218
1005002328677257
1005003025490026
1005003047161830
1005002775639738
1005003198557669
1005001773508691
4000255834033
1005003221010740
32871962174
1005003364201987
1005001882626559
32853628212
1005003114425907
1005003176235868
1005002660749205
1005003161364224
1005001733135388
1005002679824999
1005001375143825
32516525225
33004435239
32898214958
1005002510976499
1005003328159617
1005002359704593
1005003337590560
4001112172190
4000057775239
1005002999535277
32729734781
32698440536
1005002481525509
1005002237976107
32974441288
1005001949705721
4001063487262
1005003197783061
1005003055353168
1005003115495646
1005002846172968
1005001820489596
1005003278384370
1005002920466975
1005002577519345
1005002343899719
1005002015156100
4001285173546
1005001882247846
4000273514275
1005002635300336
1005003322914493
1005003224439988
1005002299409799
1005002461279295
33040107176
1005003349234860
1005002147469683
33002609001
1005003037544782
1005001382424037
1005002799539540
1005002931343344
1005002838127566
1005001290387531
32998844827
4000182664935
1005002346479082
1005003022103380
1005002640728767
1005001524783508
1005002614340197
1005002069661452
1005003351186893
1005002717475366
1005002863656171
1005002710490133
1005002363394515
1005003023666992
32561985971
1005002985986659
1005003172062240
1005003357019851
1005002266662110
1005002857274040
1005003119672153
1005003163073050
1005001290896755
1005002930938496
1005003302225137
32881442803
1005002136836205
1005002261215352
1005001945543875
32870578287
1005003194142486
1005003128103340
1005003037947773
4000266702258
1005002388129096
1005002238749033
33005371005
4001360114250
1005003105478208
1005003340983962
1005001334241287
1005001789736306
1005002007557147
1005003247752528
4000708911742
32712912846
1005002974116501
1005002842340934
1005001915196612
1005002532502437
32816684681
32837144591
1005002545726316
1005003381767283
1005002650317575
1005001297412379
1005003015496482
4000173696979
4000885733195
1005001697510475
1005003320399060
4000894191181
1005003184468486
1005002565007089
1005002783214198
1005003312407450
32812603574
1005003194463064
1005002059865450
1005002330234720
1005003003396045
1005002932729447
1005002748260285
1005003022330465
32951067654
1005002959221440
1005003296995342
33006789402
1005003119293487
1005002039810128
4000333714906
1005002536934380
4000268137559
4001271168832
1005003070427012
1005002928483013
4001350695789
1005002313439703
1005002703732200
1005003243045304
32380998401
1005001621454319
1005002345175206
1005003223593928
1005002647191968
1005001696031007
1005003051936286
1005003146410747
1005002582420273
4000305530996
4000430784948
1005002513373228
1005001883170079
1005001874130793
1005003021297789
1005002038232436
1005002205788622
32979863365
4001013880188
1005001893886533
1005003347307540
1005002728353184
1005002699749118
1005002675559916
1005003211928717
1005003208847418
4000833691013
33052665632
1005003165738156
4000836444525
4000641747698
1005003119798471
32302040010
4001036677011
1005001873200829
32457139463
1005001738144485
1005001309148010
32870307834
1005002810065535
1005003037352756
1005002023434199
32966716515
1005001452668722
1005003181799670
1005001683124916
32891814828
1005003165335014
1005002761677317
1005002221240453
1005001786377033
1005003051091312
1005003331319232
1005002077196727
1005003287267379
32843113523
1005001703255939
1005003288245243
1005001624066050
1005003015919805
1005003267830630
32981270149
1005002849931813
1005002790436837
1005003000032555
1005003344203073
1005001510153146
1005003339493442
1005002622706355
1005003161333685
1005003271127024
4000040040030
32744034727
4001211665744
1005002956968166
4000124514204
1005001946595598
1005001302508929
1005003364030451
4001053775099
1005002678474621
1005003083559139
32748080250
1005002710480287
32897248386
1005002566501908
1005002814937950
1005003206006042
1005002658821413
1005003228007063
1005003384971744
1005002695774539
1005003263666101
32829276642
1005003025904801
1005001501357269
1005001863123295
1005002668598167
4000118170396
1005002642792098
1005001821890238
1005003014550228
1005003264149035
4000083197919
1005003288082458
33047164872
1005002340628470
1005002347723637
1005003225995712
1005002010996658
4000542203610
1005002288508704
33056459716
4001186594755
32777300673
1005002802741961
1005002081115291
1005003033680662
1005002776307182
1005003014327716
1005002799241284
4001097672182
4000311839901
4000777143396
1005003269432471
1005001796971738
32639847672
4000725638753
1005002329197177
1005002936200310
1005002826058229
1005001896299667
33035164391
1005002953393520
1005003027567707
33032756662
32975858014
1005002401962317
1005003252115511
1005002050517565
4001260595760
4000789321752
1005001693618858
1005003098245183
1005001841480941
33025043511
4000888530289
32849707648
1005002473960183
1005001386844622
4000685404503
4000723120691
1005003365333741
1005002950080084
4000277392278
4000002892264
32915368292
4000371023445
1005003382997081
1005002876076922
1005003028848495
1005001462598956
1005002390636289
1005003307200590
1005002370334785
1005002960994073
1005003161747781
1005002527563693
1005002716852472
1005002411361752
1005003352002841
1005002876425029
1005002813433773
1005003105917841
1005003276274328
1005003283837885
1005002924589990
1005001696034714
32787693543
1005001451279153
33007764418
1005001782103186
1005003229262504
1005003015773992
1005002567557902
1005002755994968
4001126744455
33001683914
1005002866846427
33006208183
4001103243130
1005003303383515
33022276801
32808099165
4001136764496
1005001504315945
4001296159665
1005002130134853
1005002782681046
1005003135940480
1005002842163606
1005002860019525
1005002747294764
1005002926536821
1005002120922426
4000019763657
1005003298884930
1005003210293544
1005003207118613
1005001311030980
1005002944342777
1005002660857028
4001183443707
33030846657
32327803477
1005003224327330
1005002650177824
1005003223432462
1005003299585499
1005001562411450
32756977777
1005003195295922
1005001671159525
1005002354118717
1005003261549390
10000278058848
1005002086669336
1005002870104641
1005002002184777
1005002323390743
1005003335821040
1005003258912107
1005003272683689
32983552238
1005002503377498
32832008826
1005003236487477
4000657145866
1005003233530053
1005002941302732
32697834134
1005002191345191
1005003185680775
33037389927
1005003093079705
1005003071551667
1005003245658215
1005003208548069
1005003312669474
4001176831221
1005001829670160
4001171822203
32993487817
1005003175694821
32969639854
32851398633
33016406701
32663995504
32788837681
1005002617834464
1005003387687615
1005003166014881
4001083675052
1005002394686858
4000307561753
4001272681718
1005002223914740
1005002111441967
1005003120021682
1005001946083863
32872405208
1005003036334723
1005001742385430
1005002536310624
1005002923984908
1005002589071216
1005001793725735
33031377281
1005002719608931
32731641949
1005002982342280
1005003332701370
4001137304451
1005002888842676
1005002931641428
4000209299886
1005003227506619
32576272356
1005002587595456
32512559701
1005002286338769
32846670008
32818196086
32772304843
4000121468736
32998793298
1005002213643596
1005002212783513
4000943404326
32316420506
1005001992536076
1005003157503445
32635821777
1005003027359072
32973317318
1005003247312344
1005002315821667
32574727633
1005002862069717
1005001882686241
1005002964863295
32951492943
4000902912322
32956370048
1005003020165411
1005003140926316
1005003092632700
1005003088227721
32921158606
1005001612744066
32820134483
1005003254229385
1005003218738264
1005002531521806
1005003108708151
32816788231
1005003008110006
1005002526015175
1005001644782209
32854312207
1005001591658291
1005002924300719
4001333278477
1005003114708157
1005002605565998
1005002317485735
1005003009385997
1005001644874371
4001194215855
4001112707284
1005002963599206
1005002284236668
1005003373916618
32345858526
32962885245
1005003095628321
4001214079514
33017969571
1005002892199529
1005001308732854
1005002304629963
32998191183
1005002318869756
32351841607
1005003212277021
1005002529856871
1005003344449077
1005002893584967
1005003361780539
1005003223171955
1005003040954335
1005002545968725
1005001446147744
32966036614
1005003187403375
1005002144925792
1005002370687074
32817852222
1005003081802852
1005002852002791
32846115744
4000610023360
1005002822060021
1005002572382239
4001143503465
1005002574440565
1005002971240171
32900011407
1005003382111872
32869550586
1005003306636287
4001082888015
4000610095273
1005001830717788
1005002408606726
1005003340864718
32832544587
1005003158574222
4001229966465
1005002646046791
1005002954899478
4000401672294
1005003149616934
1005001905250131
1005002301518304
4000068012368
33006036655
1005003022391397
32832901157
1005003088724688
1005003258289892
1005003280837619
1005001849230975
1005003049143633
1005002287029596
1005002655217998
1005002918698743
1005002364745690
32858460585
1005003351593521
1005002637377613
33001450049
1005003329959037
4001151037866
4000324403813
4001165946378
1005003288660251
1005002320961284
1005003325067444
32886914273
1005003144871353
32516117901
1005002923988989
1005001620782534
32505394940
1005001762557819
4001276365301
1005003336908446
1005002624297673
32815049011
32704945745
10000338436812
798232911
4001025117396
1005002996639077
1005003076802990
4000832695735
1005002388057703
1005002926904380
1005003087892268
4001054528401
1005001501177529
1005002778080975
1005003119672153
1005001467910254
719153045
1005001785611021
1005002566511142
1005001371726903
1005002532112552
4000821742666
1005002900066970
1005003276764350
4000978815723
32989423750
1005002240312027
1005003247898536
32813856573
1005003114368855
32963111740
10000322388279
1005002643933305
4001219566880
1005002944871524
1005003249635965
1005003215743731
1005002663401975
1005002992856550
1005002682375717
10000142789886
1005001499053238
1005003298546541
1005002579388017
4001081619926
32991804296
1005001475853237
4001354305856
1005003192834102
1005002947099252
1005002253444311
1005002423736983
1005001469058782
1005003039731571
1005002329856766
1005002799771375
33034112829
1005001470626242
1005002849059862
1005003114434374
1005002778454965
1005002608771273
1005002630523881
1005002915284799
1005002899049432
1005001450371812
1005003299798299
1005001496629378
32966213140
1005001890616794
4001338007888
1005003176049170
4000308117872
4000975114085
4000180355636
32924491888
1005003284772823
32975817385
1005002746979138
1005001408641271
1005003331551962
1005002467676813
1005002282914734
1005003106273175
1005003294117899
4000715360964
4001275326962
1005002912704824
1005003309720016
1005003108809978
1005003025986564
1005002212661386
32950654203
4001286100257
1005003151391321
1005003305893955
1005002608858811
1005002594358687
4001090557693
1005002440004106
1005002400181706
4000117522001
1005001699030004
1005002574912802
1005001588690942
1005002885539252
1005002337641056
1005001321338328
1005001922286545
32705477032
1005002600029167
1005002635705860
1005002239644884
1868353469
1005003183014699
1005002382000910
4000846751242
1005002314286825
1005002419311418
1005002465738999
1005002055193467
4000800252227
1005003256281170
1005002985334374
1005001845434068
1005001441136682
1005002584846957
1005003198911475
4000045729353
1005003140848778
1005001896898487
1005002662104942
1005002927209515
1005002935295132
1005002520122715
1005003127644198
1005003254208647
1005002593400122
1005002436424086
1005002885357425
1005003253754038
1005002489632675
10000259196374
1005003209497573
1005002490818635
1005001952450891
32968365554
4001294567924
1005002713314135
33055742112
1005002752211929
1005003328265838
32939601221
1005003215908783
1005003314821538
1005002537058456
1005003138590594
1005002724823893
1005002453188089
32818677295
1005001628202644
1005001978701741
1005003277317088
1005003043003851
1005001462402769
32861778980
1005003311302519
4000176397783
4001001074990
1005002997105254
1005003117581847
1005003273697793
4001307588545
1005001788835896
1005002066289112
1005001621459720
1005003225200232
1005001450653441
1005001439099506
1000008681053
1005001429224143
1005002301144273
1005002411108082
32655029543
1005002510738828
1005002875337126
1005002527180425
1005002478288957
1005002055025107
4000990468734
1005002487915332
1005003150111354
1005002393553972
1005002639106205
4001305317463
1005002574673154
1005001970138254
33054038959
1005003276936560
1005003245446563
4000189565152
32909023558
1005002423537861
1005003083875244
32896601720
32841103572
1005002570523933
1005002723636702
32843433381
32952938244
4000614743109
32972833240
4000962400950
32951419541
4001249967147
4001007102791
32776072194
32949817819
1005003095748523
32869029368
1005002835878926
1005002260733735
4001246974220
4000849871124
1005002810746943
1005003069290807
1005003374608439
32932891324
32961904988
1005002667203151
1005003199504677
1005002357421991
1005003124021269
4000279303733
1005002329683725
1005002963833598
1005003178784925
1005002834413037
4001322423007
1005003334985609
33036069748
1005003349254222
1005002524338226
1005003334292283
1005001567528476
4000772157125
1005002695110081
1005003373007724
1005003117852797
32867728555
32862773614
32961591930
1005001807941507
1005003312038977
1005002597260916
1005002971430475
1005003015770046
1005003381147029
1005003257994855
1005001493361051
1005001855161018
4001027118750
4000277977207
4000656295413
1005003031952099
32826302866
1005002882387100
4001231345737
1005002223890930
1005001391537929
1005003146384491
1005003006463048
1005001549581283
1005002436020113
1005003146372368
4000785402737
33015284019
1005002286733427
32902532331
32925193295
1005003032285258
4001241169035
1005002598963649
4000984158460
1005003001158404
1005002622685556
1005002810063848
1005003265147896
1005002459208700
32948263408
1005002519902412
1005001715597944
1005003118400971
1005003389796160
32691204936
1005003152295670
1005002619341336
4001093451261
1005001517109037
4000574526203
1005002957894627
1005002319400513
32821580812
1005002862968082
1005003218229094
32969979323
32907120499
1005001862983398
32868512909
4000193002475
32732496763
32988374510
1005002268875964
1005003130249598
1005003019257941
1005003350267121
1005003329700839
1005002586561131
4001227101833
4000164390257
1005002090249112
32846436709
1799427058
1005002701187288
1005002410879687
32885833445
32956117196
32816822160
1005002982128696
1005001749335342
4001298792846
32829082721
1005002294587399
1005001670226923
1005001948898253
32794705741
32655208205
1005003125793946
1005001690878703
1005003256680439
1005003323289023
1005003128048865
1005002994930364
32918802949
1005003129267730
1005002926497987
1005002364664471
32968540815
1005002283396018
1005003268385250
1005002694492596
32830422749
10000397897936
1005001831319546
1005003268744984
1005002705371833
1005003388887861
1005002869587989
1005003264252990
1005003335182035
1005002960341297
32847992062
33020675393
1005002708603190
32813975040
1005002120914923
1005003188162986
1005003230239577
1005001600798615
1005001510705377
1005002219629565
1005003130364979
32985290577
1005003040407906
1005003372111374
1005002490002954
1005003303102780
1005002626797589
1005002693520764
1005001727991484
1005001875900060
32820831576
33035377208
1005001431837208
1005003279389667
1005002876048959
1005002829295928
32858037209
33022409151
1005001954637792
1005002755437514
4000389382004
1005002784561235
1005003349415951
1005003337390890
1005002843156780
1005002648711114
32809468675
32909060817
33052563758
1005002597040308
1005003211748519
1005002083748869
32813015611
1005003123221140
1005002589370826
1005001989020025
1005002321233012
1005002711987444
4000767291304
1005003051656182
1005001424332622
1005002734160184
1005001571571461
32959528819
4001223692583
1005003002983991
1005002580783551
4001226685094
1005001469470768
32959919484
1005002530573412
1889797346
1005003167092090
4001206061524
1005003098612359
1005003388142450
1005003337908774
1005003286013391
1005003098729872
1005003182122726
1005002785084404
1005001632151909
1005002555998878
32796707008
1005003109947698
1005003339621744
4001084346935
4001249307907
4001214613801
4001015513967
1005002026963341
1005003183196551
1005001732438565
1005003029620056
1005002680715344
1005001594324387
1005002776621000
1005002255899052
4000822292822
1005003158628364
1005003302347314
1005002657162810
1005003302702418
1005001821933023
1005002722765321
1005002926597302
33012411075
1005002708243388
1005002364522057
4000050302754
32985111688
1005002918017756
32917981855
1005002935989613
1005002663169218
1005002541150926
1005003116518972
1005002328221927
1005001357591414
4001205697069
1005002829313745
1005002770628290
1005003122556554
1005003189447522
1005001334851879
4001231248970
1005002361176336
4001008055650
1005002386798489
1005003289189939
1005002901510095
1005002775827927
4001000319486
1005003031776062
32930832085
1005002347198499
4000986719554
1005003198840749
32851465570
32845947900
1005002771139726
1005001901613162
1005002879330281
33055755161
1005002605713014
1005002891601985
4000484724747
1005001710423471
1005002073939499
1005003194046992
1005002042327890
1005001807818315
32869102776
32885340740
32872367907
1005002159591046
1005002313553078
4001305934441
1005002003200496
1005002932914333
4001221757769
1005003363692275
1005002157318863
1005001789205488
32764054940
1005001286637856
1005002826443520
1005003105380219
4000544327882
1005001705336154
4001212128037
1005003324286844
1005002316443530
1005003098456452
1005001946051122
1005003389462276
1005003069031166
1005002409713201
1005003184484419
1005003252130791
1005002630242187
1005001319226081
32848442899
1005002312659220
1005001431594695
32919275309
1005003189376993
1005003231778833
1005002774506235
32811670269
1005003255591505
1005001288925170
1005003031210932
1005003266629979
1005002637200679
4000868142859
1005001360779160
1005002927712874
1005003330922886
32842713084
32995389331
32923463985
1005002680247104
32859543282
32905746995
1005002856866914
32901961322
1005002577411077
1005002664074870
1005002306601332
32955974257
32806313092
1005002925696551
32977276043
1005002616650793
1005002964248671
1005003380160702
1005001758226879
32981806961
1005001477978162
4000147735380
1005003121920026
1005002826911992
1005002582108614
4001278785869
1005003277815567
33053812149
33032300571
1005002790413466
4000258449699
4001287227397
1005001903151172
1005002941493049
4001249441877
1005001769982506
32857090797
1005003148052075
1005003079703726
1005002700512064
1005001505227797
1005001917640584
1005003390063124
1005001603965757
1005001495724169
1005002224209759
1005003391743431
1005002981477322
32880766054
1005003089777974
1005002892684418
1005003329319329
4000543547870
1005003344697572
33009183163
32832978382
1005003371878918
1005002991744673
1005002842810459
32858520840
4000764084203
1005002523391593
1005001722035298
4000448471426
4000849734032
33056572402
4001228218630
1005003118089627
1005002262366866
4000059882147
1005001515866333
1005002423860344
1005003161612789
4000832721456
1005002879322595
1005003336358492
1005002986824233
1005002485595407
1005003035448267
1005002199241611
1977409642
1005002660934326
1005003092387283
1005003182024981
4001098464465
32977825942
1005001364890913
1005002566115103
1005001874511568
1005002012985662
1005003064333945
1005002262164196
10000356643530
1005003198298717
32856193136
1005002624404688
1005003155597074
1005002898487610
1005001865543585
4001287282271
1005002925737605
1005003310103573
1005002567131897
1005003051347149
1005003317767467
32631761684
1005001869580735
33042043053
1005003218144576
32703533511
1005002375597232
1005002358316570
1005003340867724
1005003014597197
1005002958879067
1005002394143829
1005002823138973
1005002861940144
1005001581676527
1005002695916791
1005003127672578
1005001923159710
1005002583002588
4001213802737
4001027663689
32370002224
1005002894316554
1005003078625201
32861288198
32686686546
1005003032256149
1005003107157773
4000940998255
1005002193895549
1005003085456643
1005003001771192
4001159941024
1005002468758701
1005002608410425
1005003233713434
32990176300
1005003230302467
1005002862129244
1005001326175925
1005003386384210
1005003276045280
1005002524524340
1005001441450525
1005003318178548
1005003380505381
1005002122454100
1005002885227878
32977082022
4000351304451
1005002122518317
1005003337687802
1005002003089883
1005002490396637
1005003267434497
1005002058148684
32668098842
4001050763344
1005003112195207
1005002806399132
1005003069371157
1005003095259424
1005003205948672
1005003106949459
1005003112379149
1005001821928402
1005003138889081
1005002645858834
32867960043
1005001500091870
4000685798648
1005001609926995
1005001819502348
1005002907588834
33015636960
1005002963961092
32798111176
1005002824122317
32833264729
4000341784045
1005003165776535
32803914240
1005001717945841
4000994816588
1005002978788052
33006735311
32848272575
4000182079639
1005003199442478
1005003025704311
1005003306344942
1005002513233490
1005002944241207
4001346844159
1005003324977604
1005003348375955
32966554890
1005003283797146
1005003115230522
32836127284
1005003198799977
1005002754505190
1005003107532084
1005002945553067
32995264317
4000664061239
1005002740314462
4000523266397
1005003314888138
32380244084
1005002935517850
1005003320314153
1005002394314827
4000177397729
4000181377016
1005002378864572
1005003017208383
1005002300221537
4000388270020
1005003047813257
32984627485
32857116979
1005002633459051
32669014651
33049659499
33030421203
1005003212055379
1005003235094500
32887979477
1005001425341646
33063118186
4000141401334
1005002721944105
33051351563
4000503753597
1005001442161500
1005002624365488
1005002469159827
4001247130807
1005001858054756
4000897502967
1005003180195206
1005002518596550
32962105229
1005002467487315
1005003107159369
1005002726941908
33054268641
1005002260950359
32967109511
1778901940
1005003320147521
32568235106
1005003261974584
1005001412716407
1005002753926913
1005002947021778
1005003386260510
1005002964944658
1005002953931711
32819935184
32849542108
1005002637122764
1005002524624148
1005002656073051
1005003319037122
1005001303162929
1005001441457204
1005001665864126
1005002799525284
1005003021996527
1005001609163965
1005003167989619
32811998048
1005003379376740
1005002171293014
1005001419727693
1005002559165315
1005002637346618
1005003011931617
1005003301286118
1005002814116803
32978530109
32920922310
32810556917
1005003279507322
1005003201754795
32589700902
1005002842583265
1005002752678152
1005002430653884
1005003255451061
1005003345265711
4000804142947
4001241547891
4000974365553
4000076417731
32417845018
1005003202759988
1005003258126339
1005002090369723
32946958011
1005002294425344
1005002655708138
1005002615952715
1005003326366150
4000362517962
32963562312
1005001493458661
1005003147761657
1005002735022183
1005003140904656
4000938997332
1005002266953246
1005001903104205
1005003087493287
1005002779856278
33041341480
1005003124502867
4000998601963
1005001680402867
1005002611739545
32962158880
1005002039003259
4000361281377
1005002781585533
1005003252140420
1005001807729252
1005003084280098
1005002344710462
1005003126118624
1005002917196782
1005003136185357
1005003350957257
33023559920
1005003095222123
1005003175167050
1005003275089107
4001276799502
4000056484668
32995202649
4001285684538
4001228649714
32805254030
1005002599428159
1005002921534354
1005002572191869
1005002992358329
4001027094846
1005002848435948
1005002865010803
1005002608016823
1005002550895880
33029579400
32936596941
1005003064840178
1005003323898173
1005002833207985
1005001430371243
1005001888952010
1005003197661265
1005003367154737
32898205627
1005002241616742
1005002127302633
1005003250974096
1005002693491854
1005002885627128
1005002484529712
1005002312262744
1005003299740001
1005001571907703
4000104258650
1005002623164704
1005002496028123
1005002487307521
1005002994899380
4000847716090
32884434698
1005003364003687
1005002692525506
4001056689332
32870061190
1005002672184082
32864538232
32907723410
1005001348277957
1005003032585409
1005001912524327
1005001920387173
1005001830261389
4000534689361
1005002580776206
1005003160473372
1005003336807761
4000758184468
1005003383406278
1005002388299596
1005003290333273
1005002463403083
4000474923036
33031017685
1005001632776727
32932768944
1005003065228116
4000498613552
4000718320384
32809735469
4001007270639
4000308073242
1005002605038306
1005003295585698
1005002026510647
1005003044901870
1005003129882853
1005002904097048
32899637282
1005002856633533
1005001405669744
1005003343939158
1005003121489671
32920853837
1005003135565619
1005003123734157
1005003331172548
1005003161541340
1005003133788584
4000536609910
1005001936541014
1005002668770485
1005003198260735
4000921715680
1005002495023796
1005002220455621
4000464148859
32696131302
4001172365185
4000599431405
4001318665866
32957309134
1005002958178864
1005002424258966
33003826728
1005001640662322
1005003265118347
1005002200189734
32981094902
32899763061
1005003282896013
1005003014941673
1005002299289679
32968037741
32887270412
1005001965086470
1005003299545245
1005002668279514
1005002561935490
1005003006696538
4000256309786
1005003334075607
1005003117066838
1005002927766131
4000550602956
32823691098
1005002936101567
32976617840
4000967171097
32856460775
1005003239544396
1005003351664745
32656439857
1005003334300837
1005003110042973
1005001480094922
1005001648296654
1005002026954653
1005002681001974
4000108497047
1005003213993757
1005003194817588
1005001657667630
1005002964499905
32970858010
1005001913789007
4001163344970
1005002927790344
1005003304124058
1005002054859847
32853675629
1005002996921493
1005003236937079
1005002954644293
1005001441474301
1005002964241137
32999037759
4001197030415
4000809750386
4000240537813
1005001296362556
33004067133
1005002476876059
1005002667769762
1005002754966192
1005003008126295
1005003133963876
1000001723100
32945744377
33004353513
32664644453
4000502115253
1005003056977167
1005003110608378
1005001688930091
4000178089410
1005002783248385
1005003388463516
4000379901104
32974662742
1005003277825099
1005003183411371
1005002353824884
1005003003376210
1005003363314494
1005001505519869
1005003306096174
4001031084320
4001031318577
4000664877149
1005002394968223
1005002074928273
1005002143773636
32954013624
1005002287472534
4000956207196
1005003222183547
1005003266984876
1005003167336451
4001010710990
1005002541621168
32986081788
32998806699
1005002789820789
4000828455654
4000113150744
1005002995192926
1005003146321748
1005002565216546
32266531905
1005003109194423
1005002522714543
1005003268720578
4000544383256
4001332186544
1005002689302271
1005003097362212
1005003111597200
1005003307497288
4000910449502
32888676894
32943777437
1005003001211230
1005001511300541
1005002775996169
32833894461
1005003057665371
1005001303601424
1005003067692063
1005001548251228
32949714936
33061387523
1005003085225271
1005003214391480
32990136094
1005001382476559
4000954747043
1005003273198477
1005002708498186
1005003280489141
1005003289085946
32950421734
1005002019999424
4000752013341
1005002418342381
32774458485
1005001403225837
1005002567927278
32956183538
4000489045382
1005002975542365
1005002994979481
4000161031337
32916985792
1005001860262882
1005002345949785
33054743892
1005003387309009
1005002337870045
1005001680276185
1005003085813229
1005002429269381
1005002397850096
1005002201935611
32830940135
4000894191181
33011323280
1005003002518677
1005002597296769
4000967403256
1005001526115125
1005001308818202
1005003333609985
4001093750468
32809332006
32845104004
1000007367699
1005001830181078
1005002988806963
1005003329612119
32642150524
4001355614019
1005002362888604
1005002072342239
1005001457053268
1005002859311656
1005003066863146
32955207080
1005002559554577
1005003337616992
1005002717693505
4001260761716
1005003282787730
32870835872
1005001439063958
1005002279134485
4000688430724
4000860344447
1005003330935911
1005002362684794
10000187007866
1005002544696404
1005001784565273
1005003216029957
32930913927
1005003361150076
32852230898
1005002246230583
1005002984174891
1005003063489155
32882677100
1005002702144600
1005001471221024
1005003197852459
4000039991628