32247794855
1005002851749022
33053846002
32795968556
1005002588396368
1005003298040727
1005002097253631
1005002320989122
32424846820
1005003375482678
1005002641230692
1005002795995622
4000311294342
32722072082
32718625840
1005003139748295
4001130647390
1005001860207721
1005002902309360
32753041966
1005003043875683
1005001953436705
1005002571732116
1005002342177344
1005003192971678
32887054896
1005003366087891
4000114836191
4000533474180
32856776502
1005002350782596
1005003086536549
4000383284057
32947855405
1005003182577202
1005001803612094
32979609698
1005002525865896
1005001389088747
1005002812843047
1005002653373737
1005002693087856
4000176722756
10000295143444
1005002836154425
4000294693676
1005002868527795
1005002615959543
1005003030696120
1005001889651864
1005003319521129
1005002879017243
1005002774649341
1005002364236164
32870319139
1005002666686284
4000873993272
33042519912
32975439051
4000306509721
1005003032109404
10000002727827
20000003826458
1005003067185046
1005002992967504
1000008200332
10000339978386
4000221870835
4001240292441
1005003178346355
1005002558654953
4001275257514
1005003267673420
32772110881
1005002948194759
1005002715293918
1005002394965496
1005002885288149
1005001773765371
1005003356215931
1005001739143123
1005001742149417
4000754129350
32413039786
1005003370078684
32953497475
32959328996
1005003226075977
4000434976158
1005001997089920
1005003060826944
1005002326921781
1005002530246958
1005003193091801
1005002495728621
4000926400799
1005003282729970
32966208172
1005002646663936
1005002934361896
1005002277240889
32930415871
1005003272659874
1005003224964583
1005003276427960
1005003012572770
1005002400587302
1005001324245753
1005001486701667
1005001955286139
1005001296663963
1005002966052291
1005003184421607
4000677150582
1005001814348342
1005001360508292
4000970183051
1005001922726097
1005003265469602
1005003364815936
32893629287
33005918743
1005002313809624
33002892623
1005003201359282
1005002396480007
1005003165222628
1005002940670126
4001025146541
1005001720227506
1005002805724622
33029901227
4001162923880
4000096624551
1005002202060091
32827246180
1005001657519565
32914725744
1005002099298424
1005002213087558
1005002989711504
1005002319418663
10000402957399
4001177621775
1005002986552413
1005003069785495
1005003042903916
1005003334988441
1005002651917322
33055657473
1005002990077621
1005003064838261
1005001441077179
1005003206517293
1005001519705744
1005002791808577
1005002488592244
32887754171
4000672171078
4000484208893
4000255924111
1005002482948457
4000632068200
4000930242833
32828010580
1005003080974756
1005003207777709
1005002038706506
1005002960508043
4001244635497
1005003020710826
33000120818
4000001175565
1005003287402899
32532622228
1005002717309387
1005001667463313
1005001459388443
1005002811976047
1005003141233784
4000382159200
1005002830964786
4001095088150
32959717515
1005001836007839
32902438283
4000857427420
4000033568718
1005001359970831
32857949540
32920174385
1005003337186067
1005003122504066
1005003349770893
1005002636611999
32899919680
4000577778423
1005001380704232
1005003281150104
1005002347363943
32893579228
32299030806
4000869015063
1005003322519535
1005003354859315
1005001895605666
1005001860173114
4001201199618
32831956262
1005003238509169
32823526948
1005002977860453
1005001907675695
1005003286927241
32901153861
4001277786706
1005003155910339
1005003377145324
32793837400
1005003087640122
1005002655295479
32963708192
1005003179148145
1005002942302694
32509184176
1005003297187635
1005003385065217
1005003388422944
1005002669475648
4001288132262
1005002795104676
1005002434653144
1005002191000246
32955830195
4000977746151
1005002231868634
33054753896
1005001985403794
1005002054811550
1005002694828276
1005002727564999
1005003298145990
1005001838802034
32898574847
1005002597654369
1005003325215626
1005002049379835
1005003135763904
1005003283948207
1005001677460875
1005001565535874
1005001525450405
1005003361005172
32849337294
1005002741486346
32347462348
1005001813845926
1005002971999438
1000007488641
1005002394294398
1005003256334171
1005003286570684
1005003178289981
1005002998753424
1005003114577140
1005001483367030
4001095634934
1005003356049381
1005002927919249
1005003005112478
32823891887
1005003093787557
1005003334955295
32981949647
1005002823976655
1005003344954099
4000093387928
1005003335902400
1005003202572220
1005002935350142
1005003076917891
32915034758
1005002490497599
4001135538125
32718320103
1005001838673489
1005003059861960
32762762326
1005002754169851
32350162234
1005002919279651
32978382507
4001016148824
4000826978781
1005002662291369
4001068243295
1005002824159068
4000335530994
32873616887
1005002467007621
1005001424536657
4000392802899
1005002358338664
1005003092986230
4000302407207
1005001699156889
1005002747461051
1005003013364080
32970224452
32879564832
1005001883958834
33036189758
1005001414134163
4001203154258
33013396684
1005003380954079
32897845895
32892450605
1005002666871370
32822945456
1005002789792277
1005002678820751
1005003380979202
32847628592
1005002674363025
4000878140662
1005002966024828
1005001572452376
32834175967
1005003156722773
1005001556379867
1005003061973626
1005002522878073
4000214183758
1005001856532668
1005002437975231
1005003102440577
1005002754680779
1005001736961363
1005003096635521
1005002038701636
1005002084161779
32959574351
1005002682791110
1005003333085107
1005002533176943
1005001832324520
32873774943
1005001542195738
33036254617
4000164432954
1005003327893022
4000303114784
32837764652
1005001576144202
1005001309323964
33042882707
1005003202322616
1005003150006684
1005002894567173
1005002086289565
1005002599692224
1005003093787619
1005001425207649
1005003251791033
1005001620809330
1005002990440007
10000017764701
1005003210278456
1005002055631123
4001101325029
1005003091785572
1005002762629042
4001193118017
4000419415086
10000011721038
1005002869425355
1005002006435642
1005002292072500
1005003316117632
4000766945206
1005002995577359
1005001959841900
1005003071316603
1005002318335252
1005001562113565
1005003279366028
1005002398505171
1005001680020090
1005002855568229
1005002774215496
1005002921279598
1005001651279006
1005002857374856
1005002301836820
1005002732665555
1005003365170931
1005003385028464
1005003036290118
4000322170437
1005003277757620
1005002260306206
1005001375913368
1005003229615111
1005003193124178
1005002753315427
4001214594712
1005003285225098
1005003130354145
1005002906059924
1005002604607877
1005002976246134
1005002305733799
1005002890232120
1005002074115432
1005003010454701
1005001537699559
4000178654994
1005001971464671
1005003145544933
1005002883906187
1005003359949866
1005001987581737
1005002317336466
1005003154761898
1005003317664161
1005003341537743
1005002416638344
1005003264709240
1005001792492406
1005003213877661
32826766232
1005002059553087
1005002022168365
1005003213030065
4001307570439
1005002207809527
1005003299626919
1005002844224623
1005003130023343
1005003175265342
1000007056462
4000310348862
1005003217137847
1005003172574108
1005003219703019
1005002788672401
1005002829200182
4000602635336
4000090591410
4000100332066
1005001608542713
4000378441162
1005003238717969
4000983108177
1005001441979101
1005003265656155
4000960638977
1005002777226918
4000511812062
1000001502908
1005001280242873
1005003025247588
1005002663077953
1005002774257049
1005001962133735
32737372543
4000402973671
32821768224
4001316205902
1005003099011067
1005002475117204
1005003239131716
33014115287
1005003150137140
1005001708696993
32897172390
1005003273550635
1005003388487337
1005003008093202
1005002759247600
1005002352189692
32814414908
1005002912928584
1005003211050059
1005002515228782
1005002977084395
1005001286692074
1005003122895922
1005002032388087
1005003319037106
1005002590124214
1005002762917818
1005003328551136
1005002714805958
4000558489186
4000176371010
4000785895594
32884101621
1005003065099782
1005002502598907
1005002907363440
33052479650
1005003127840169
1005002608635608
1005003106323991
1005002954588868
4000983085346
1005002430370969
1005001598072547
1005002678874396
4001145231599
1005003156038948
4000520141793
1005001736842339
4001038957249
1005002057885945
4000736798673
1005003380688014
32834433386
32476605814
1005001412904455
1005002608083155
4000874884210
10000096654247
1005003013549943
1005002740267924
1005003188228826
1005003387728451
1005003036195033
1005003229071378
1005002868521572
1005003147123548
32999760320
1005002286160101
1005001348894854
33060615867
1005001902974011
1005001867312536
1005003074612858
4000975563981
1005002960229644
2030083986
1005003280572738
32509905791
1005002275308137
1005003347346511
1005001758698471
32987248518
1005003246953529
1005002432024698
1005003048294741
1005001792980463
32628465397
4000234511082
1005003254964759
1005002731998061
4001296973460
1005003123525186
1005002973913354
4001294530005
4001135567217
1005003370968467
33049628985
1005002679231844
1005002412247877
1005003372805934
1005001498258094
1005002220994499
1005003319429535
1005003094202850
1005002672517091
1005002628618173
32796519876
32914622260
1005002474714056
1005002069618461
32949492197
1005002006038402
1005002761691338
32975659038
1005002930938960
1005003304145587
4000336931829
1005003025428858
10000192397396
32815654359
32948436624
4000445478332
4000333095940
4001024885252
1005002538613629
1842236487
1005002553560361
1005002575197860
1005003344842353
1005001275240915
4000834334544
1005003129979159
1005002244458469
1005002050904562
1005003347098285
33022129701
4000377576942
1005003298866902
32791147226
1005003102515955
1005003274728490
32894804858
1005002956754556
32882793341
1005003359619623
32656676113
1005001611584489
1005002591408981
1005002878249687
1005003157310768
1005002232702774
32873864033
1005001937621753
1005002313358720
1005003337374514
1005003281083348
1005003004204436
1005003278714877
1005003129996550
1005002915021475
1005003311170166
1005002949461831
1005003094339065
33055837396
4000064707007
1005002990463708
1005002705081671
1005002692520176
1005003129594456
1005002920587219
1005003091403267
4000570967080
1005002802365290
1005002971253739
1005002096483468
32856608115
32986520743
1005002491883732
1005003371344832
1005002502332335
1005003035550377
1005001823311610
1005003312441447
10000393529406
1005003333449338
32782164677
1005003263972128
1005001750745828
1005003122646364
1005002759130971
32916363324
1005002575430953
1005002611684539
4000130444094
1005001355510510
1005003140120497
1005001956574617
1005002982852476
1005002021474384
33034603257
1005003226415423
1005002920787203
1005003390728659
1005003326507100
32975345889
32319943680
1005003316304004
33029904225
4000405383440
1005002755546319
1005001678659257
4001298926894
1005001590567279
1005002672699876
1005002171995546
1005002408312931
1005002481268354
1005001720640338
4001064412810
32992426176
4000301158913
1005002869774793
32812271074
32873103297
1005002369232018
1005002252345532
1005002368987217
1005002488031600
1005003292728778
1005003244363907
1005002387939078
4000234830321
1005002993069352
1005002087370581
1005003168288611
1005001688773162
4000930539754
1005003336750817
1005002346703354
1005002369276643
1005002547373938
1005002809520189
1005002128483884
1005001644772699
4001063504242
1005001512642500
1005003355003196
4000543611502
1005003351506006
1005002595516666
1005002914382058
1005002264821461
1005001521017250
1005001604220285
32888936261
1005002905556025
1005003347617547
1005001314441600
1005001847575583
33048611515
32811676565
32962311514
1005002022515427
1005002973544591
1005002097072824
1005002663643752
4000138964059
1005002739581762
1005003176607928
1005003276599937
1005003262102509
1005002456612553
1005003049775385
1005003261655188
4001062085314
1005001788839878
1005003177379868
32962627679
4000089837995
32728782171
1005001682656005
4000963647430
1005003101740268
33012209897
1005001988729395
1005001322404834
4000311637299
1005001348848947
1005002583795732
32876269676
4000193831737
4000062530745
1005003300362335
1005002829969647
1005003377378146
1005002150775344
4000008932097
33034975842
1005001389845919
1005001446555259
1005002357091351
4001195909562
1005002028160209
4000082889477
1005002783289444
1005003063361437
1005001590620982
1005003203979854
1005002307270890
1005001515373327
1005001732572277
1005003195289402
1005002946444394
1005003000640690
1005003319132462
1005002976609376
32994094870
32978715748
1000001524376
1005003102081571
1005002357762010
1005001849752678
4000018722421
1005002476396562
1005002616242790
1005002323076522
1005001392215078
32266639115
1005002385147111
1005002917035255
4000465885416
1005003305704731
4000507577167
1005003122273828
1005002271411161
4000186918193
32822951813
33004126231
1005002181334204
1005002978983494
1005003318888470
1005003011598382
1005002346472931
1005002880333300
1005001551830277
1005002515630675
32845850703
33019877974
32909824766
1005002417046259
1005002049411870
1005002656746664
33048092034
4000761873738
1005001890756287
1005001631227194
1005003338017931
1005002965111707
4000641208459
1005001798799618
4001007659471
1005003338582792
1005002326406032
10000422275582
1005003118220981
32903116064
1005002551147051
32932440222
1005002788318580
1000005752660
1005002619474523
1005002608372682
4001244906746
1005002105534427
1005002469567464
4001254777616
1005002361959010
32923487593
32763179645
1005001847750455
1005002281645467
1005003257532456
1005002481087342
32962123598
4001155508321
1005002647203835
32963586089
4000714959823
1005002454224773
4000247362496
1005002394195353
1005003257715043
1005002857118597
1005001643960435
1005001988733563
32435622384
1005003149643792
33019748662
1005003357031894
1005003197822137
32888464929
32824431139
32910279604
1005002000163366
1005002333114278
32850910776
32754150899
1005001861561473
1005003187145452
1005003311499072
1005003064356046
1005002313463822
1005001466309841
1005003172824461
1005003340833365
32906183630
1005002667117449
1005003274134789
1005001867421039
33058613639
1005003182691771
4000610129140
4001243943085
1005002727400324
1005003079135001
1005002409929945
1005002219135906
1005002760420582
1005003145453368
32854924760
1005002967875378
1005003387475590
32971051681
1005002370265601
1005002322253962
1005001356857116
1005002286752029
1005001531534858
4001170115482
1005002004680650
1005003020150567
1005002580490067
1005003128839778
4000269483213
4000850653751
1005002608929140
1005003304419077
4000701533802
1005003051606404
1005003234977553
1005002370689041
1005003004193091
2046660297
1005003140692467
1005003200242769
1005001997996127
1005003144484331
33011915903
4000127952967
4000986736435
1005003312721119
1005003205171124
1005002730675500
1005003147307943
1005002684183714
1005003096355871
1005001868597888
33013767742
1005002094051740
4001282778734
1005002809404136
33003720539
1005003146395435
1005002965043426
1005001468072988
32810606599
1005002281186125
1005002898440334
1005002711420710
4001205650317
1005003374835617
1005002329384049
1005003062005298
1005003376951174
1005001457067148
1005002260623957
1005002252534856
4001118784542
1005002130724513
32870638166
1005003382795442
1005002234327547
4000100377164
1005003010060489
4000220854398
32361149387
1005002483274368
33061587950
32931144300
10000395923701
4000894827488
1005001769715524
1005003037490176
1005002794413006
1005001614260069
1005001597898828
1005003345051732
1005001793395532
4000382186017
32835009270
1005003032443256
4001288288175
1005003024621057
1005003058733177
1005002432578931
4001263839080
1005003375006848
1005003390708911
1005003387223679
1005001927159125
1005001894578615
1005002193705832
1005002708805464
1005001489886447
1005002871292294
1005002076211988
1005002837838049
10000395806963
32814889347
4000088507467
1005002431630294
1005002686740963
1005002842289367
1005002607432101
1005003087845445
1005002769048348
32870618159
1005003380555252
1005002448889897
1005001965123161
32833120501
1005002988533658
1005001343742246
4000253218169
4000221352402
1005001818766587
1005001859433045
1005001678940270
1005001630898295
1005002649134098
1005002974143433
1005003132991790
4000143772354
32996184646
1005002342659484
1005001894898076
1005001759681650
4001268844820
4000311430336
1005003388424816
1005001362642394
1005002771253788
1005003250809342
4001258901050
1005003168896557
32834206134
1005003205397963
1005001552988130
1005003016024868
1005003337890244
1005003363497954
32980932620
32737659249
1005002912590885
33014082973
1005002783737934
1005002136900542
4001344835871
1005003101302599
1005003259138353
32865722974
1005003386215853
1005002244466635
1005001580929310
4000808384466
32715523511
4001247989370
1005001561929489
1005003094126764
1005002731359191
1005003361193764
1005002824639693
1005002224342122
1005002647296745
1005003188694990
33057330987
1005003333847907
1005002494176541
1005003371629956
1005003156216605
1005003098711537
33002592700
32680730072
1005001512243725
1005003170138507
4001309036749
1005002511375333
33031630843
33031748247
1005001848580961
4000850608808
1005003086960347
33049820352
1005003340882211
1005003001715248
32999973240
1005002965494850
1005003282819594
1005003155997925
32922378864
4000799649233
1005002459181353
1005003016918213
1005002890923959
33050508816
33023310418
32466664002
32987642685
1005001645646229
1005003070727756
1005003044855557
1005001961383142
1005001620387116
1005001998778390
4000942340950
1005003344779608
1005001439626465
1005003123266703
1005002782612444
1005003056889573
1005003036653988
1005003251190427
32910612490
1005002117576876
1005003124308474
1005003300794547
4001062005924
1005002605160890
1005003137654616
4001195440793
1005003275660333
1005002125761570
1005001690791522
4001340982819
1005003318888829
1005002587500305
32985361237
1005003154376105
1005003130502231
1005002376574423
1005002945938436
1005002419859896
1005002315772388
32857208900
1005002862090171
4001193778270
1005002753255809
33043720799
1005003140127637
32549037587
1005002960461807
1005003063877361
1005002042262526
1005002958727708
1005001355697975
1005001326286472
1005002673342738
1005003068775847
4000290181708
1005003319578316
33003036967
1005003167020588
1005002973476841
1005002120103060
4000740324602
1005001356060193
1005002247285060
1005002783371538
1005003125256211
1005003216167438
4001079434085
1005002766786821
32719567493
32837906488
1005003303942885
1005003302418650
4000880327565
32901343473
1005003085864447
1005002693872280
1005002955137333
1005001295522979
1005002589329045
4000663653025
1005001446738104
4000333977903
1005002341309071
10000402419166
4001193861789
1005002095798415
1005003241504777
4000773150807
1005003320314291
1005002399444748
32855089805
32704917306
4000835374779
4001107492029
1005002663931333
1005002496202369
1005002636770036
1005002024006426
1005003077361238
1005003121471837
32870852621
32983894695
1005002003277329
4001199134036
33046608660
1005003018052574
1005003256376201
1005003201733148
4001068789205
33023972682
1005002604470935
1005002986417673
4001278802915
1005002426833415
32908260848
4001217336267
1005002948613780
1005001723751471
1005002815183101
1005002007041650
10000100532490
1005002482243905
4000083282431
4000449135745
1005002003413841
4000320726492
1005002337054199
1005001480234091
1005002264440315
32676214847
1005002416807787
1005001743014663
1005001913234591
1005003323095941
4000167911515
32815881135
1005002341809760
1005001326168489
1005002167923866
1005002669256065
1005003140702551
1005002328173260
4000084374943
4001081870553
1005002862501263
1005003299884112
1005001379890917
1005003208164386
1005003375945735
1005002856125504
1005002005971184
1005002938716866
1005003205866178
1005002758559478
1005003322742825
1005002820994334
1005003179475283
1005002438353437
1005003265722426
1005003259037742
1005001530190601
1005002682890329
1005002219840389
1005002643314307
1005001451401030
1005001658379429
1005002938478463
1005001821182775
1005002393576875
32980357968
1005002499508771
4000127652993
1005003012893305
32867918765
1005001701262855
4001316183975
4001093840556
1005002649707647
1005002842834762
1005002810031197
1005003227438751
1005001902160033
1005003379813626
1005002976488680
1005002294693855
33015592374
1005002856674600
1005001446317640
1005002637727095
1005001573769856
32974165187
1005003098565878
1005003016075335
32896638232
1005001349708869
1005001398644661
1005003278569230
4001059177366
1005003238259228
1005003294408152
32814674766
1005002642400279
1005003293697673
4001021254412
4000761026591
1005003019908575
32831694195
1005003192253785
1005003257685754
1005001619517753
1005002900501452
32996072089
1005002090265095
1773174884
1005002833093893
1005003240404756
32927638576
4000478574252
1005003093471875
1005002912220580
1005002622842595
1005001982385267
32886198789
1005002940544782
1005003124261566
1005002608234039
4000110865281
1005003242557820
10000002723919
1005002340036460
33005318195
1005003036890103
1005001364661474
1005001799106651
1005002828831301
1005002394174165
1005001834672381
1005002954121922
1005003139379613
1005003074283592
1932535286
1005001976578345
32867738252
4000305458168
32890990437
1005002830371724
1005001810246610
1005002837640771
1005003314847709
4000414679901
1005002277763826
1005002408453356
4000503115490
1005001594710343
4001364222849
1005001510134036
4000142140825
1005003218341595
32824774258
1005002711656354
1005003211864651
1005002009478418
1005002884094294
1005001584695268
1005002768757186
32964175554
33029526379
4000449825139
1005003092908466
32946554274
1005002954601196
1005003082728905
1005002810040355
1005003064925747
1005003258715711
1005003157490152
4001322307525
1005001620048740
1005003379359156
4001244103034
1005001820602052
1005001958258835
1005002029864447
1005002655784844
4000064536606
1005002777389454
1005003219569152
1005001856859930
4000149410378
1005003092931492
1005003173844491
1005002734976794
1005003288112252
1005002782690639
1005003286798952
1005003363144457
4001307583001
1005002323946243
1005001965201041
33040922241
32843170985
4000501353539
32900475314
33011304276
1005003384983798
1005001613115558
1005002516479780
1005002352105651
4001066596886
1005003164489574
4000825570212
1005002457567894
33027845877
4001148250074
32969255089
1005001736392701
1005003318378998
32859415819
1005003026306005
32968702814
4000362672811
1005002109873192
1005002341748609
1005001853291416
1005003323700636
1005003266060770
1005002819051278
1005003365227969
1005003340641773
1005002378774858
1005001551529782
32997817743
1005001364991855
4000170498360
1005002737864770
1005003042250491
1005001469452398
1005002333425203
1005003095554713
1005002911381680
1005002322685779
4000075582719
1005003355287078
1005003068951958
1005001503772963
1005002783883105
32992903952
4000920013173
1005003276651566
4000940916124
1005002586454313
1005003195274868
1005002815819739
1738315364
32962605085
4000090006329
1005002565453495
1005001560792716
32845024659
1005002265365145
1005003203476472
1005003256350985
1894093124
1005003168486870
1005003238827360
32817088365
1005001348586813
1005003195990076
33004406846
1005003231747723
1005002721436359
1005002570848712
4000903285145
1005003232490368
1005002972817306
1005003138827200
4000572767449
32962338617
4000833450297
1005001876883203
1005002320588233
32434158150
1005002729111304
1005002361242151
1005002226040750
1005002747685739
1005003272074826
1005003128876046
1005001620057190
1005001571401109
1005003218273036
1005003280410686
1005002314100415
1005002808758483
1005001291233686
1005003389182462
1005002317561633
1005001856216106
1005003065309158
32971371851
1005003175964057
32844107757
1005002600495209
32654384217
4001231005030
1005002305000707
32656884549
1005002885871289
1005002560041510
1005001446678363
1005003307682063
1005002795817943
1005003313107179
1005001466372096
1005002882924222
1005001654414964
32949690211
1005002660980267
1005002657105405
4000131375108
1005001928130249
33014711025
32957848895
1005001627346742
1005002429904866
1005003068996710
4001066977565
4000758648815
1005002317709116
1005002966582283
1005003111096999
1005002316643254
1005002943489499
1005003014979446
1005003126165342
1005002291627485
32956751643
1005002655818096
32965868647
1005002584461936
1005003343043793
1005002938836125
1005002660930714
1005001514769689
4000557250725
1005002760466473
1005003251425770
1005003365917959
4001034445520
1005003288618172
4001290960847
4000145956996
32960194776
1005001757827157
1005003308242316
4000852282066
4000449743288
1005003124905329
1005002094414140
1005002611913549
1005002698534237
4000697023460
1005002314635571
1005002658945678
1005003296721595
33002690278
4001140423207
4000028354167
1005003022670176
1005002504329059
32681810065
1005003135097223
1005001666178175
4000979781925
1005002350863660
1005003173861621
1005001510865988
1005003124180175
1005001418419716
1005001869337278
1005003193605976
1005002597547952
32857943178
1005002460006115
1005002258947577
1005002247088474
32867270768
4001071549981
1005002673957109
1005001603767610
1005001853980942
32830351098
1005002285799342
1005003261839994
1005002576957508
1005003287396062
1005003389148978
4000313359970
4000132664187
1005003026848725
1005003090947698
1005003311092108
1005002517465710
1005003286928780
32904321655
1005003247590345
1005003251686124
4000404936695
1005003191165248
1005002068124511
4000867456238
1005002990745142
32991458027
1005003321374420
1005003339200336
1005003377002711
1005002406115745
1005002345076959
1005003110115105
32861174346
1005003009155991
4000735965337
1005003303259238
1005003239854624
1005001587633999
1005002519135654
33036765074
1005002567161393
1005001627839378
1005003195279891
4000416032810
1005002908655454
1005002905559952
1005003076983895
1005003129141751
1005002959417253
1005001608362441
1005002836854941
1005002054687784
1005002662198541
1005002732015561
1005003033415188
1005002097348022
1005002984260977
1005003388965013
1005003019306847
1005003200153343
1005003280021950
1005002920836995
1005001330149384
1005001632610023
1005003037940555
1005002905470299
1005001565329540
33016886943
1005003366164161
1005001310018580
1005003073708327
1005002926355935
1005002791728605
1005002795876444
1005002375992699
1005003084211498
1005003344648762
1005002857643485
1005002352346322
1005003266432901
1005002090572689
1005003349866472
1005003092122556
32840726422
1005003000495414
32948140385
1005003212851639
1005003160035690
4000559589032
32321875349
1005002722784115
32854404967
1005001920654193
1005002573523213
32676602809
1005003333295505
1005003129751902
10000395842291
1005002366406364
1005002168016723
1005001587827026
33038566532
1005002863904228
32822750198
4000143822987
32710642861
32965030797
1005002889567088
1005002971670750
32727363130
1005003223056372
1005002428161859
1005003037621142
1005003128277970
4001145656076
4000936352479
1005003222787487
32858726850
1005002649004771
1005003149646320
1005003267651667
1005002733837327
1005001562620652
1005003184448016
4001024944481
1005002011727675
32916748882
33024604771
1005003307817277
1005003380439079
4001139858474
1005002191592694
1005003346058804
1005002963431813
1005002232733601
1005003248819885
1005003076832293
32856981715
32869844141
1005002293076283
1005002042239227
1005002611608254
1005002931134257
1005003268499632
32749785390
1005002426027027
1005003150573458
32982004574
4001084896624
32840700807
4001053935908
4000981869411
1005001884589450
1005002631593310
4000278154551
1005002205961137
4000199278200
1005003062442164
32410615791
32894446585
32998121525
4000542071077
1005003178573290
4001257451802
32960046319
1005003299001824
32765727457
1005003293803573
1005001979299161
32977446777
1005003196865348
1005003306297593
33059178685
1005003359923223
1005003088349396
1005003107923597
1005002443452757
1005001509422435
1005001838473535
1005001430125625
33006332713
1005002622840538
1005002004143814
1005002193636429
1005002482070299
1005003249543700
1005001381235232
32821895095
1005003148433226
1005002357783922
1005003069239439
1005002921874387
4001234004006
1005001318948500
1005002801677241
1005001682800093
4000297877098
1005002717373389
1005002513286126
32781160457
32895428442
1005003362181433
1005002890031911
1005001676483460
4000593145996
4000262382191
1005003084232117
1005001418461712
32819476235
1005001830707695
1005002450595487
1005002015384866
4000917029737
1005003382153803
33015864157
1005003016313520
33033832163
4000902718317
4000536523974
32861822348
1005002356557358
1005003087248734
32951614140
1005003243871628
1005002954535596
4001142528532
1005003290306128
1005001736367220
4000317663900
1005001783146737
32981613171
4001040547777
4000014119280
1005003117780835
33016510966
1005002292602926
1005002090369723
1005002839696234
1005003236367362
1005001784995969
1005002316404796
1005002346760428
1005003145156112
1005001520899710
1005003229140249
1005002358943840
1005003325598341
4000709031987
32918248891
1005001942567133
1005002425236407
1005002449144944
1005003068591161
4001018879920
1005003168024994
1005002182173488
33037869855
1005002919364506
1005002404261646
4000257446203
1005003158700693
1005002363312681
1005002250610388
1005002836092985
4001037923418
1005002860904771
1005001540922435
1005003252474502
1005002617530062
1005002343010277
32367914029
1005002702451747
1005002801989203
32817853975
1005003026398598
1005003023258168
4001024970076
1005001330821661
1005003221855260
1005002748264320
1005002219028361
4001187082305
1005001530801870
1005003140503450
1005002024442687
33058300068
4000057118796
1005002872192988
1005003292798609
1005003000358817
1005002363702000
1005001937299377
32897616093
1005003210290374
4000715039846
1005002978716213
4000429907591
32398954342
4001143864743
32949945273
1005001599858893
1005003341941249
1005003066997810
1005003227123696
32950691793
1005001928049027
1005003136077269
4000167296508
4001028091759
1005003164640937
4001192831569
1005002604681671
1005002602592413
1005002554549285
1005002722639881
1005002477953580
1005003110037977
32917748019
1005002384979286
1005002934436887
32682608664
1005003291515069
1005003333834811
4000098748631
1005003196607511
1005002496499439
32903089149
1005001407695320
1005002615962512
4001340185751
33046801978
1005003010073696
1005003025483256
1005002450433326
1005002988822803
1005002991170247
1005001830805388
1005001588352073
1005002476714707
1005003198833711
1005002468868321
1005001525407576
1005003349608707
32940718602
1005003102457060
1005002281120031
1005002615729006
1005001829816176
1005002282764510
1005001808818737
1005003352389490
1005002612949685
1005003388271002
1005001824976918
1005002655148273
4000479968580
1005002076196398
4001144004219
33026737335
4000735612333
1005001622291132
1005003282870637
1005002510825846
1005002925605185
1005001887284753
1005001796725488
1005002962389576
1005003220730818
1005003362182220
32883136651
1005001603942153
1005002833193443
1005002829158525
1005002630465409
1005001394722079
1005001987152941
1005003201577620
1005001471082299
1005002694667070
33026632869
1005002835792116
1005002261482232
1005001464750774
4001071830754
32913913598
1005003169917502
32962595905
1005003380506264
4001067364458
1005003251236166
1005002635180479
1005001949324473
1005002527332045
1005002465936102
1005003362132778
1005003235205899
1005003310538860
1005003195289250
1005003014363691
33003766335
1005002768966765
1005003000607767
1005001586117860
1005002836392798
1005002564323997
1005003341524519
1005003167847927
32812707151
1005002843227093
1005003290235743
1005003130092921
1005002783593020
1005002591398206
1005002708692427
1005003083267675
1005003053225797
33057149777
32922593083
1005002971156711
1005002835704667
1005002314678883
1005002964856222