1005002985519311
32849650234
1005002510534089
1005002266201364
1005001823814543
4000196359490
1005003305692783
1005002225469515
1005002206001224
4000533298641
33015880503
1005003220502444
1005003207824316
4001142969344
1005002821700028
1005003218191192
1005001302411173
32725266932
32861712342
1005001444379920
1005001813565284
1005002433485499
1005002885422387
4000109006413
4001048050665
1005003180845573
1005003384919273
4000207720237
32876363839
1005003139340576
1005003141881006
1005003182093107
1005002628894217
1005002192151834
1005002598880372
1005001439184307
1005003176677238
1005001824461899
4000727466135
1005002662315534
1005002310529718
1005002842399375
1005003387741987
1005003305693772
1005003015799009
1005002239134980
1005001334545018
1005002868095228
33059941826
1005003249616560
1005002205561907
1005002394074518
32917910381
4000764888692
1271386392
1005003070463936
1005002774078165
32785461530
1005002100465647
1005003369856179
1005002397847563
4000411945210
32950840652
1005003265577042
33000342980
4000065307923
4001257961427
1005003328509324
1005002756212378
32850796362
1005002858045805
1005001670471558
1005001853742032
1005003315623731
1005002857141915
33004339785
1005003035213222
1005003372518790
1005002758573021
1005002264526217
1005003139454808
1005003069517234
32974504399
1005003375192498
1005003000451280
32229678286
1005002204003728
1005002475876242
1005001606362645
33030986299
1005002752763147
1005003086236564
1005002247115829
4000672666855
2041915626
4001320476345
1005003358445848
1005002566735871
1005002483005693
1005002810631172
1005002388407164
4001287055118
1005003347489694
32923994148
1005002590129166
1005002651473251
1005003192102763
32982386675
1005003019478655
32879528331
32814036592
1005003245861926
1005002923980724
1005003191134530
1005002423238004
1005001676760305
1005002559534083
1005003129362716
1005002636419262
1005001594828142
1005002828632084
1005003318657124
1005002961206639
1005001463803762
1005002705396547
1005001792486016
1005003151613626
1005001633864207
1005003276844989
1005002635407341
1005003142304253
1005003059940169
1005003128157175
1005003201726442
1005003354850187
1005002832330825
1005002384926691
1005002356380197
1005002977776184
1005002545207901
1005002649344531
32814593240
1005003125797621
1005003224571815
1005001470824458
1005002757272332
1005002503500220
1005003238905930
32794752885
1005003027636730
1005002357262159
1005002633136857
1005001629685578
10000344963693
33050201508
32899314386
1005002567360171
1005002789796423
1005003337740738
1005003137421539
1005003375396648
1005003385554405
1005003180644956
32988769679
1005002770394579
4000007506580
1005002905395411
1005002288048515
32945236740
1005003258401627
32922717822
1005003130281735
1005002316040471
1005002132551018
1005002898645288
1005002385148773
1005002819706216
1005003213560765
1005003047018165
1005003080521238
32938441908
1005001859497300
32999519419
1005003062632751
1005003235282217
4000772864038
32979345064
1005003061026074
1005002000206621
4000504337405
4000570727043
1005003205640862
1005002971125032
1005001422827801
1005002217626571
1005003266219534
1005002925661518
32248755403
1005003217718757
1005003338102268
1005002452846377
32377381395
1005002521140889
1005002263770589
1005002358315138
1005002459991282
32978270758
1005002613734842
1005001567906711
32996716238
32977263156
1005002716792637
1005001418753716
1005003212189828
4001021954894
1005003385416898
1005003055946366
1005002454392684
1005003188387091
1005003341266330
32832863518
1005003291839744
4001217297005
1005003305937755
1005002481232797
1005003357537464
1005003065693091
1005003137529815
1005003222514111
1005003172877108
1005001937400559
1005002347015620
1005002573387541
4000168033508
4000394780602
1005001459518894
1005003252125276
4000538130430
4000023954504
4001333702513
1005003303602147
1005002464748480
32953113749
1005002704028428
4001199532368
32834899032
1000001456556
1005002861820312
1005002885401178
1005002212699587
1005002623505537
1005002910381689
1005001917446333
1005003346005942
32893769106
32882688457
1005002767958976
1005002965400514
1005002271817084
32805804136
1005003148199587
1005001632966806
1005002656755899
32620999325
32889370566
1005003014635082
1005003078527300
1005002830534962
1005003059398939
1005003219479075
32888971102
1005003217151479
1005001967858693
1005002845013308
1005003346320845
1005003337067520
1005003278037393
33047647154
4000960576533
1005001552996513
4001036549732
1005002276339151
1005002556396324
1005002813324532
1005003140108585
1005002941898094
1005003355991544
1005003361172471
1005002518272969
4000735392815
1005002713293607
1005003263266561
1005002989857131
1005002965714270
1005003027123936
1005002611637369
1005001495159616
1005003018280682
4000747101989
1005001616354018
1005001793703163
4000298816695
32875367053
1005001544099733
1005003392754950
1005003166133055
32950508457
1005001795413862
32990299418
1005001769897540
1005003391225503
1005003019285628
1005001908156452
1005003211529666
1005002962688079
4000206442586
1005003165030806
1005003247487089
1005003219669233
1005002774404531
1005002050257057
1005002946239421
1005003229237672
1005002974040986
1005003346982805
1005002292900082
1005002295099870
32638065458
32650711753
1005002698914671
32914906943
1005003081512461
1005002394125392
1005002907548290
4000220947080
693439549
1005002687761574
32397083870
1005003331698567
1005003352076443
4000137987857
1005003021699680
1005003335070855
32950229833
1005002637447379
33060915090
4000348979492
1005001310006482
1005002509236289
4000551875543
1005002613744913
1005001475198063
1005002663295061
1995810499
10000395879288
1005002849206179
1005002443454837
32381955312
1005001865121743
4000299043644
1005001582624234
1005003283461261
33004066291
32837469956
1005001603220953
1005002964380449
4000260547298
33015463545
32844354645
4000782743542
4001178227952
1005002604131334
1005002373074431
1005001784569553
1005003063271672
4001092078761
1005002658410299
1005003287638219
1005002459562408
4001038859480
1005001853232793
1005003170469226
1005003228223556
1005001728538544
1005003056685311
1005002028555741
1005002631385138
4000533266881
4001285481692
32948676443
2045651610
32875477307
1005003334734949
1005003323354757
1005003218069274
1005002224539348
32917806805
1005003120555371
1005001819082216
32887664471
4001062203288
4000474075297
1005001952541545
1005003327044586
1005002110394485
1005002737512091
1005003117604140
4001214025096
1005003183096171
1005002655142399
1005003346324780
1005002952900489
1005002676292309
1005002636529630
10000343882913
1005002776318606
1005003102289579
1005001833622768
1005003225042353
1005001354638825
1005001998223634
4000172344818
1005002253236668
1005002273525236
4000538528243
1005002378170219
32878276827
32820325158
1005003391275613
1005002651965364
1005002966296245
32790137697
1005001867282729
1005003171642058
32716769494
1005003039075624
1005003293588901
1005002586400594
1005002474350857
1005001593022849
4000661045813
32983311427
1005001850852695
1005002866734043
4001154519634
1005002529415103
32496013510
1005001568257218
4001097544117
1005002901999313
33055814354
1005001320422215
4001012594520
1005002401906762
32846682923
4000932321203
1005002132600000
1005003342201621
1005003134760080
1005003228533293
1005003386326345
4001252844251
1005003056827559
1005003341009464
1005003334803820
1005003214441017
4001036577334
4000287701372
1005002268132640
4001192831412
1005002531966016
1005003326051738
1005002598126489
1005003329736283
1005002337303917
4001365576839
1005003303216807
4001253320152
1005001696032130
4000871055459
1005003276716957
1005003108730390
1005003033359651
1005003161727416
33000905969
1005001639095834
1005003390847273
1005002927160967
4000282414510
1005002711205630
4001150151577
32833379199
1005003386123807
33000149611
1005003341160590
1005002799282117
32790858376
1005002017412647
1005003145426125
1005002915329252
1005002737700062
1005003360262677
32507827795
1005002876168063
32864406214
1005003176726124
1005003269576141
1005002397755793
1005003038346063
1005002723046494
1005002641221611
1005003361496068
1005003149343779
2021075238
1005003087664092
1005003246109535
4000464179185
1005002529526823
1005002959516110
1005002989322167
1005003374372768
32687825658
1005002997613355
1005002689242283
1005001830363276
1005002835433052
4000233368312
1005002861902583
1005002579505986
1005001948399404
4000262150107
1005003239314527
1005002836886267
1005002105110910
1005003134823683
1005003312671065
1005001567008353
1005002071519718
1005003292446840
1005003094516365
1005002647294140
1005003069164063
1005003122836768
32945375941
1005003331593615
1005003384370995
1005003319472284
1005003352539092
1005002931900950
4000320939359
1005003227410912
32835272659
1005002774125744
1005002496665875
1005002237766686
1005002100650978
4000100682784
1005003305074214
1005001762365850
1005002724147158
1005001286170108
1005002953550351
4001333546560
1005003114673927
1005003286685756
32984843222
32813053877
1005001854764271
1005003340234215
1005003298210720
1005002911172055
4000120632860
1005003315901896
4000230379015
32852514206
32763185124
1005003198816334
1005002913710496
1005003300741974
32920164642
1005003039312417
1005001545596707
1005003366183353
32368160271
32981325592
1005002747479077
1005001441240965
1005001730552894
4001274359126
32890298435
1005002569855819
1005003256939089
1005003312369461
32375933646
32841186195
1005003013981043
1005002790933336
1005003091689941
32727568508
1005003245774934
4000610061040
1005001511884650
1005003356169402
1005001999860034
1005002011561805
32858497951
32920976863
1005001895216685
1005003190356666
1005002601149964
1005002717372540
1005003123575948
1005002109629375
32950993028
4000141378428
33002724744
4000922034414
1005001367685524
4000139613814
1005001807824664
1005002276079592
1005001963862130
1005003031313309
1005001333695905
1005003365282678
32668731438
32878153465
4000017761762
33001726432
1005003114145191
1005003246702604
1005002097273188
1005002330685396
1005003207812300
1005003293629888
1005003240993183
32924334875
1005002394234336
4001264958913
1005001387227258
1005003004075138
33027356059
1005003093560525
1005003038747799
1005003009900463
1005003156566665
1005003294997236
1005003224333099
4001104727714
1000004352636
1005003148859232
1005003141908522
4000093991790
1005002868602722
4000076139825
1005003183072397
4000509737950
1005003020563840
1005002003336016
1005003139040171
4001339707104
1005003090476142
32574143977
1005003037474630
1005003095268124
1005001469361929
1005002282492534
32949787506
1005003139098740
1005003298190429
1005002317104892
32649617958
1005003260243734
1005002107569514
1005003097874557
1005002803767198
1005002941039271
1005002363707851
1005002853294772
1005002862995552
1005003184418710
4001156291563
1005002377825925
1005002256470492
1005003228829073
1005002857886629
32805293014
1005003295700820
1000003937099
1005001866040138
4000321069040
32975167483
1005003119526597
1005002314017306
1005002307756017
1005003338090986
32975499324
32992979175
10000100565384
32897705052
1005001541522544
1005002638057712
32838480571
1005003037181873
32958461238
33005371005
1005002433425241
1005002961451678
1005003053579427
1005002542729017
32852282742
1005003021796879
1005002976425530
1005003121269970
1005002333845644
1005002828962379
4000180410027
4000598890138
1005002620216154
32900565809
1005002793511984
1005002984060435
1005002430603245
32918978335
1005002316677531
33006192289
1005002895576359
1005003002514153
1005003250355559
4000785895594
33014890994
4001094318983
4000038368802
1005003192909340
4000627033415
1005002418374150
1005002834841219
1005003323301248
32849861247
1005001845102872
1005003148579913
1005002095619157
1005001559653913
1005001562024368
1005002490064441
4001057276293
1005002932288613
1005002703014258
1005002230568111
4001204342449
4001230353897
32696850217
1005002282365866
1005002314198516
4001255487433
1005002493957660
1005003311518453
4001204956667
32952575800
1005001632052910
1005002855227293
4001267895253
1005003361766966
33032329883
1005002329047393
1005001679054859
1005002484029117
1005002605578048
1005002631027430
1005003268467052
1005003270373235
1005002037717124
4000710263087
1005002975676093
4001045657355
1005002459991282
1005002389008244
32866697267
1005003093825146
1005003037578819
4001041344825
1005002271788451
1005003221378223
32973287112
1005001902670573
32376908230
4000982487423
1005003234064750
1005002977166525
32980249816
32975842495
4001199553517
1005001432350287
1005003299332015
1005003097120528
1005001727306878
1005002772173613
1005003035433616
1005003166238793
1005003375148685
1005002740850459
1005003005076907
1005002984372690
1005003209214426
32948010541
1005003277819218
1005002941732590
1005003137074854
1005003323242972
1005002816122911
32580680651
32639100824
1005002328021166
1005002782346188
1005002575635270
1005001942091270
1005003090940217
1005002129488448
1005003039476593
1005001965749437
32853981932
32893624162
4000408904315
1005003339846796
1005003176197250
32849903186
1005003137158872
1005003143317535
1005002884291611
4000761967899
1005002935240589
32742184004
1005003168167580
1005002752211430
1005003198554805
4000572767449
1005003204270473
32822796044
1005002912932883
1005002198192285
1005002636249254
4001119055941
1005001321040775
1005003198991379
1005001813742447
1005002003513873
1005002313635292
1005001846521092
1005003369997484
32990402840
1005002632757997
1005001296309338
1005003020580933
1005002351300297
1005002843325499
32356102994
32812084657
1005003337981056
1005002838072780
1005002839858475
4000096358797
1005003145903885
1005003367752656
1005003216346206
32390157686
4000817409649
1005003299015240
4001166175669
4000836851945
1005003102197345
1005003177572186
4000865419582
1005003030963473
1005003066043798
1005002320202390
1005002443605920
1005002616217133
32849327578
4000983020115
1005003276063424
4001221926358
1005001948722227
1005002573309996
1005002820570240
4000814790708
4000430301778
1005003255347679
1005003226422436
1005001968225315
32554199883
32968445627
4001071882781
1005003146534460
32456079967
1005002346246293
1005001289648218
4001135796114
1005001367679465
4001045121843
1005001906834804
1005003092458525
4001334922147
1005002747419209
1005002613320712
1005002610886478
1005003305619131
1005003026258388
1005002952250044
4000020644441
1005003024636724
1005002530217610
1005002544809320
1005002055544344
1005001960312574
1005002565096362
1005003332698353
1005002592575171
1005002288567834
1005002668651994
32917992525
1005001979846045
4001179289713
1005003019121528
1005002576549460
1005003313138580
1005003040689626
1005003335754157
32881381231
1005003100119873
10000334067704
1005002574540455
1005002877593096
1005001883200211
1005003039186809
4000199994945
4001165830792
1005001891038204
1005003122876429
1005002599354976
1005001977643636
32969947392
1005003066876033
1005002618224473
1005002930552844
1005003341425677
4001221624513
1005003058416735
32598017393
1005002179533657
1005002532662110
1005003016566159
1005001468421756
1005002656342557
4001242894398
32872983469
1005003039447646
1005002717231765
1005002603031971
1005002213372440
1005002041973449
1005003226434337
1005003291701118
1005003362692156
32557440028
32850503997
1005003243509932
4001136529864
1005003200450139
4001164991573
1005002235019590
32852021390
32823231324
1005003363685869
32766996125
1005003109286306
1005001803290393
4001212853963
1005003251583890
33012757175
1005003291298565
32983710269
32948307989
1005002766459611
32818811752
1005003245750861
1005002134447726
1005002342359962
1005002304389794
32841293778
32948198077
1005003013549943
1005001848019037
32844917210
1005002995813100
1000001764641
1005002301819925
32822649947
1005001848383063
1005003004728674
33031229692
4000437710865
10000144727172
33029646641
1005002953746149
1005003241778144
1005003191133304
32965432299
1005003091887594
1005002861733859
33019785653
1005001438752930
4000188960303
1005001397588762
4000130963070
1005002996658731
1005002593645527
1005002058225006
4000907478163
1005002753932287
1005001414063529
4000575381797
1005002346363431
1005002136391282
32945372413
1005002312704422
1005001452748552
1005002065097430
1005001993326369
10000422148991
1005002724828346
32866285495
4000625492087
1005002598182825
1005002963595474
1005002401169328
1005003134834954
32990768962
1005003181182905
4000695888122
32708667284
1005003049798514
1005002910180115
1005003234445393
1005002793536212
1005002676400106
1005002229458937
1005003338845778
32774251999
1005003322914008
1005003225970127
1005003166367419
32818120817
1005002253959965
32965071036
1005001375465731
4000321495476
4001200716694
1005002857735838
4000444483063
32991019997
1005002567534484
1005001476421291
1005002953217688
1005001644645520
1005002506176606
4000424762944
1005002018630622
1005002414106689
1005001689903592
1005002884713223
1005002674398375
1005001626194866
1005003306056090
4000971429429
1005003037523365
1005002899153127
1005001670552974
4001035310214
4001241701168
1005002979436808
32950473852
32890096453
4000865449511
1005001367626334
1005002313871348
1005003212988090
1005002313743095
1005002649796208
32830890828
1005003360475032
4000288701112
1005003043005859
1005003118156250
1005003188820682
1005002983748071
32959868269
32953237179
1005003050771022
1005003150320560
1005003272302790
1005001525287749
10000395869172
1005002328028593
10000283683039
1005001337550939
1005002241823391
1005003197781000
4001174946973
1005003312905973
1005002361273375
1005003035820846
1005002363762352
1005002420229240
1005003069204771
32827961454
1005002094084353
1005001888371863
1005003230419636
942656203
1005001926468983
1005002022038783
32974726677
4000314997224
1005002996348859
1005002356325847
32509348828
1000008424432
1005002267777172
32377115686
1005002567011363
1005002809928470
32516603467
1005002468039265
1005003178653187
1005003031824074
1005003170033735
1005002921243917
1005001624781943
1005003337803512
32905609381
1005002443706254
1005002512002572
1005003374225761
1005003336170673
32849774943
1005002855457991
1005002239941600
32815288540
4000273010649
4000818097469
1005002748308529
1005001750798780
10000345637102
4001257089363
1005002781844329
32973495747
4001107531775
1005002863524284
1005003261993547
4000256269153
4001118280053
32923791952
1005002957851857
1005002565255657
1005001601107230
1005003386341384
1005002315405259
1005002820646228
1005001977475637
1005002647181280
1005002219770794
32907790089
1005002964749399
1005002557939485
1005002278587130
1005002683017440
1005001463872236
4001010864750
4000058266568
1005002156125474
4000856269238
1005002635316367
4000548645503
1005002992498027
1005003272698848
4001053973049
1005002211797096
4000616481162
1005003374095021
1005003004207338
1005002604452921
32879945864
4001075853686
1005002079404709
1005003362111182
1005001976591344
32918741879
1005001579797998
1005003250064941
1005002578818527
1005003143277084
1005002024860327
1005003083339362
1005002396614584
1005001808688516
1005003113265576
1005002594142926
1005002616074856
4000220564240
1005002064073937
1005002624375697
1005003310262336
1005002330314880
1005002854579348
1005001270148116
1005001406050066
1005001948248475
1005003346428974
4000544817939
1005003306724378
4000175028675
1005002558854240
4000009959328
1005003322264740
1005001349497853
1005001916443762
32983742098
4000735474213
32713198080
1005003365667258
1005001867941724
1005002898549028
4001220950912
4001261788326
4000902400032
1005001340756984
1005003256915141
1005002217958821
4000109084048
1005003385380049
32320325373
1005002866631874
1005002038303114
32928790683
1005002857255684
32924861327
1005003349321943
1005002347194942
33007435046
1005002125467905
1005001439630043
1005002649066711
1005001571070831
1005002313665796
1005001608807899
1005001810993282
1005003372046667
1005003299402931
4001153092394
1005003092840989
1005001571354602
1005002713230946
1005003308188173
1005002826456242
4000105129344
1005003333618588
1005003289065739
32844520766
1005003221827105
4001172868476
1005001994883010
1005001401760618
32867906263
1005001689299168
1005003155085027
1005001780408755
4001165853254
1005002441419184
1005003368726111
1005002221340544
1005002586801740
1005003200845604
1005002440552646
1005002941293165
4001364249632
32632705723
32843548028
1005002931308893
1005003158907501
4001285125886
32957845732
1005002795155112
4000175727842
1005002567443797
4001030417184
1005003276298849
1005002947661667
1005003343971223
1005003286040195
1005003146353546
1005003204702106
32986608040
4000847774995
1005002549075011
1005002598879679
1005003064512661
32850301961
1005002584057110
1005002218015979
1005002221975539
1005002966378498
32881851940
1005003024551348
1005002971257548
1005003112715462
1005003202900791
32949477367
1005003188970564
1005001880817427
1005002018703084
1005003166274863
1005002199953271
1005002643033794
4000210384320
1005002782695968
1005002866598954
1005002481811722
1005003172068990
1005001979639493
1005001592947822
1005003197797804
32825986967
32810781481
32310345000
32892807910
32912570615
1005002623895714
1005003196714334
1005002712246356
1005003387881033
4001233894871
1005002573054347
1005001438848751
1005003136728343
1005002718788698
1005003169181241
1005002624372729
4000706971407
10000391013339
1005002612502700
1005002510144149
1005002197113059
1005002952512113
4000202113315
32853019419
1005001767724751
1005002334233641
1005002282489839
1005002953365576
4001254735652
1005003000990690
33045232045
1005003114604973
1005002971434752
1005002285856869
1005003038320569
1005002672669078
32854255497
1005002647312581
4000982719229
32864314851
1005003396035811
1005002255600454
1005003015776573
1005002390017989
1005003313621244
1005002979500324
4001208378207
1005003170409019
1005003212621516
1005002282258566
4001270158716
1005003239579353
1000004802222
1005002139625115
1005002846394528
1005001308091504
1005003030652128
1005002628939031
1005003323455991
1005002002355671
1005001608795882
1005003263012619
1005003109264433
4000905649990
32808708481
1005002651639158
1005002515772567
1005002109561659
1005001424515953
4000351875974
4001210881959
4000780984601
1005003349911453
1005003112284551
1005001529218730
33028567541
1005002860341585
1005003135957004
1005001940867013
1005002948182573
1005002790116766
1005002783505577
1005003266467738
1005002205558541
32809372341
1005001563467416
1005002084039996
1005002454430279
33059982263
4001246243042
4001037953761
4001050395631
1005001368166141
1005003205886725
1005003283884375
1005003022023218
4001098027419
1005002475878011
1005003126212634
1005002022788677
32947729518
4000380704159
1005003183704062
1005002953554250
1005001456677115
1005002319083562
1005002039754693
1005003193402986
33056977888
4000741679333
4000141781038
1005001895572502
1005002822998082
1005001364485703
32793879978
1005002994541328
1005002976794222
4001139660335
1005001395810302
1005003128546245
1005003047725998
33052523552
1005002696160743
32947999521
1005003170649738
4001306377334
4001139401824
1005003340866113
1005003341730377
1005002288991034
32949837429
1005003236094890
1005002330263624
1005003214434710
4001247734844
1005001644778103
33002799497
4000327021021
1005002451845061
1005003337726572
1005002687031242
1005002464801620
1005002559158189
4001051142595
4001291296019
1005002576216316
1005002289052371
32962891381
1005001447351886
1005003288304195
33039796006
1005002803022706
4001278928106
1005002564237512
32887655446
1005003031239493
1005003339896966
4001198970473
32918503110
1005003235659816
1005002949868563
1005002782222315
1005002101790695
1005002637090457
1005002250394156
1005003128152363
1005002005922771
1005002866260449
1005002055779739
1005003286822589
4001241785697
4000022387648
32861589703
4001014497509
4000443864923
1333777769
1005002935221608
1005002581712417
1005002529246602
4000346289383
4001208434991
1005003281329046
1005002835494429
1005003102246676
1005002766576239
1005003256993935
1005003372115414
1005002440595267
32730727595
1005002851492274
1005003386148178
4000930763360
1005003308896601
32869771211
1005001467766742
32990858746
1005002302662661
4001089388510
1005003312986588
1005003040092344
32589694793
1005003376085203
4001290822330
4001270859828
1005003082919585
4001078759572
1005002064128062
32849066176
1005002793599021
4000747604741
1005002948144899
1005002723391719
1005003239996632
1005002271765090
1005003038376979
1005002911904428
33041492902
1005002564227194
1005002392672789
1005002945079719
4000179904272
1005001799941293
1005001390497129
1005001501890351
1005002334813688
1005002066277437
1005001598638206
32917943609
1005003153907431
4000135151268
1005002317672072
1005003364279433
32942787630
4000136882612
32842572950
1005002789469513
1005001898807439
32948498318
1005003167386149
4001217060574
1005002518789985
1005001318903719
1005002478941652
1005001840427689
32752229889
1005002328715110
32912799661
1005003178345366
1000001346664
1445696720
1005002759235928
1005003116415649
1005001763815631
1005003051272751
1005002753399313
4000785309153
1005003009020268
33013919455
33046729741
1005001350945048
1005002573529253
4000926746132
1005001839101759
1005002136914045
1005003271459374
1005003222264677
1005003218003237
1005001524009141
1005001741308632
1005002918431139
1005001787668032
1005002570368940
1005003030672953
1005002534960384
32851926168
33038275996
1005003374653992
1005003320097725
1005002982298669
32708980888
1005002938479354
1005003198556900
32245143999
32887077343
1005003345471377
1005003232352066
1005001578973487
1005003073623920
32914623421
1005003019423611
1005001695598073
1005001382553764
32805267362
1005003375306822
4000000755975
32910569010
1005001963679059
1005002939905942
1005002560925867
33060259235
1005003385047653
1005001797370319
1005002337058867
1005002863254089
1005002964425386
1005003000967357
1005003340886976
1005003107330467
4001255272546
32994499706
32863888396
1005002302372719
1005001594602108
1005001935315780
1005002139885506
4000059845378
1005002884071756
1005001481218879
1005002643012192
1005002358772960
1005002028866073
1005003184503215
4000063760300
1005002462188851
1005003107107586
1005001747171401
32994454721
1005001548251228
1005002789162215
1005003201675541
1005002751305842
4000253154821
1005001561651216
10000002722906
1005002729794740
1005001747177475
1005002475866044
32858474631
1005003022267568
1005003344963173
1005003000270158
1005003086945316
1005001999233163
1005003337548042
1005002757971324
1000004669455
1005002507036892
32976411668
1005001387174894
1005002389181361
4000709853049
1005002534847269
4001031710886
1005003245374909
1005002563070041
1005003368801618
1005003047526042
1005002828102317
1005002298632733
1005003218794946
33005318641
1005003101817015
1005002097644317
32817674208
32828172659
1005001698587641
1005001807431539
1005001763546794
1005002634593189
1005002526183524
1005002168253270
32868693765
1005003275232254
32993155166
33041079533
32889144727
1005002635458782
4000274377291
1005002315634038
1005001529884835
4000985701566
4001140545314
1005003098516697
1005003298518275
1005002943490758
1005002423361689
4000549874164
1005002279795666
1005003292422419
32981632369
1005002281509984
1005003246410602
1005001441297854
1005001574280099
1005003318814443
4000682364396
1005003199413528
4000450704082
1005001264787636
1005002667507433
1005003257013920
1005002928099974
1005003198585646
1005002715955975
1005002911109373
1005002790672740
4000018030037
1005003102899465
1005003021303120
1005002564599191
1005001575435438
1005003374912068
32976281033
1005003214268494
1005001409186563
1005002029451985
1005002821897250
1005003073086911
32967622892
1005002025081945
1005001386357260
1005002828772502
4001033743843
1005003094385748
1005003334166883
4001179835225
32956197582
4000741206392
1005003002398906
1005001424999642
32837501957
1005002618474320
1005001559912676
1005002267832867
1005003211680837
1005002947047539
4001139767220
1005002844439691
1005003196824847
1005001408561783
1005003277513823
1005002522769827
32980245678
1005003336059169
1005003208493697
1005003180060865
32835450477
33012511147
1005002255572905
1005001621526938
32832305326
1005002990260919
32699378989
32877306316
32916910852
1005002244302604
4001276396037
1005003229645615
1005001658778350
1005002877240262
4000687000858
32318670109
1005002344984478
1005002851939642
1005002885541444
1005003210305140
1005001398976079
1005001907684184
4000161191266
4001105978065
1005002789047928
32809357049
1005001834991707
1005001869247849
4001278956528
1005003209580782
1005003222883026
4001272930156
1005002952138337
1005003178823119
1005003361188537
1005002058099658
1005001493441395
1005001627505398
1005003104856422
1005001960201897
4001081870553
1005003004392143
1005002989914834
1005002616334466
4001285395633
1005002090229835
1005002428525361
32813127720
1005002646015730
1005002951243700
1005002842469688
32795040522
1005003048605895
1005003026546890
4000708879343
1005003184589522
4000844772892
1005002567425187
33040411951
33037360756
1005002991280763
1005003188656230
1005001524764644
4001261309942
1005002591361487
32955780300
1005003244921295
32813775041
1005003163610297
1005003387555136
1005003251289383
1005003196024323
1005002765523334
32962484094
32656287458
1005002527602617
1005002731126027
1005003002288493
1005003275297386
1005002737796037
1005002695345703
1005003301585601
1005002797547245
1005003044318151
1005003259792604
4001001036102
1005001438054435
1005003004034798
1005003350544421
1005002356498941
1005003336316314
1005003381088113
1005002790915717
1005001894218922
1005002776231599
1005003370549252
1005003212192707
1005003031831441
1005001882215977
4000693458372
4001034720906
32719063337
1005002822000999
1005002717169268
1005002040092085
1005002751739652
1005002794758989
4001171706109
1005003337762224
1005002252987949
1005002281197776
1005003280920051
32997510365
1005002313729257
1005002796913899
1005001868060669
4000300044615
4001267872170
1005002740173737
4000188985514
1005002937800149
1005003158917793
4000414330157
1005003111731951
1005003362644405
1005003388493306
1005002731690292
1005001936005431
1005003368329914
32832922301
1005002749216773
1005003023938351
1005003275765679
1005003282616026
1005003261470059
4000039040105
32961337916
1005002646688790
32963742746
1005002969877324
1005001627774145
1005002740725171
4001159325707
1005002314047586
1005001680377832
32845785073
4001107517065
32968490634
4001235304517
1005002523013016
1005003382239292
4000235969819
1005002273039932
1005001290039402
1005002611313034
1005001524573006
1005003196857579
32921875258
4001076665544
1005003093652579
1005002333096792
4000099910095
1005002897470640
32557456090
1005003215665594
32870654812
1005002543821571
1005002042924851
33055609929
1005003057908348
1005002392780463
1005001441483173
32802931060
1005002949270158
1005002803285199
4001238638672
1005002809115072
1005002186234223
1005003337996102
1005001429524154
1005003251076905
1005002422038715
1005002702671903
4001229798525
32782699942
1005003211726559
1005003364360411
1005002607643202
4000928116350
1005002184808216
1005002363302727
1005003222306671
1005003095428973
1005003189734378
1005001771722013
4000480103085
1005003286358642
4000466154036
1005003265365163
1005002902007292
1005002136235456
1005002643041948
1005003344886456
32962350606
1005002007179955
32997171118
1005001380267780
1005002443170102
1005002749622611
1005003173025039
1005002879158544
1005002992125288
1005001870973787
1005001620121721
1005001511534871
4001230379397
1005002949380621
32957113310
1005002196297260
1005002937652974
1005003265909965
1005003319223918
4000111892721