1005002898761741
1005002824439676
1005003388403946
1005002857032074
1005002937846820
32468908674
1005001812353663
4001201566798
1005001620966813
1005003065006965
1005002038159395
32854497429
1005002250366081
4000618892348
4000849636218
1005001329792531
1005002779963103
1005002002262254
4001061773312
1005003207812300
1005002646834192
1005002500601082
1000001126909
32909340875
1005003178041658
1005002272283466
32885657924
32823119311
1005002490352740
10000395936606
1005002291706683
1005002557885261
32666088511
32897202891
32956934345
33039623267
1005002488101026
1005003378672445
1005001800515919
4000204128679
32865134096
1005003343096629
1005002990247215
1005001520972116
1005003103525062
1005002296410291
1005002838186369
1005003235900059
1005002801187502
1005002329219643
1005002898906293
1005003278314401
1005001774564950
4000296026941
32945137567
1005003294110208
4000754363716
1005003213948643
1005003272276114
1005002841955522
1005002421525241
1005002864884244
1005001922630355
1005002719124784
1005003262797641
1005002709351149
1005002424061026
1005002882474433
1005002317561044
1005002676658989
32975287230
1005002233261540
32902963646
4000663876666
1005003069342011
1005002183715265
1005002763511202
1005001562951860
1005002459845636
1005003294388468
1005002913228462
1005003217240083
1005003031638199
32970897406
1005001683310433
4000136441106
33013285256
1005001278679773
33030661603
1005003079759995
1005002866738067
1005003336496565
32369157185
1005003114232579
1005001369299165
1005002617299394
1005003272226617
1005003378306068
32848635502
4000187954062
4001224664491
4001041480784
1005003347883853
1005003142118537
1005003158128060
1005002097485669
1005003228778847
1005002996363061
1005003014121112
32947134936
32790877848
32854829631
4000068033637
1005001687590521
1005002324857412
1005003181817915
32818164453
1005001458363305
1005003050394182
32905946635
1000004665138
1005002067959382
32818059298
1005002515130919
1005002813674141
1005002618319617
1005003007523793
1005003257648579
1005002983606797
32841748267
1005003033515285
32853093095
1005003325639684
1005003020302310
1005001302704865
1005003114207543
1005001815078285
1005003390252493
1005002133698483
1005002802043262
1005003165766175
4000497285595
4000378351009
1005002511076366
4000722894164
1005003161233799
4000793899095
1005002710559694
1005001858735073
1005003082055223
1005003215196698
1005002920844291
33007831605
1005003355025017
1005003211219134
32964952934
1005003141471674
4000595783219
1005002710708488
4000385967038
4000874049817
1915490036
4000100000401
1005003304027312
1005001287732666
4001230388334
1005003187717124
1005003234375059
4000359099687
1005001513791129
4000653649010
1005002443645111
4000431758191
1005003337671990
1005003137243041
1005002512387214
1005003224258849
1005003362089196
1005002503436709
1005003253196765
1005003131213350
4001236920092
1005002399977776
4000991040647
32707812659
1005002937903075
1005002959587532
4001213279875
1005003098992019
32900843161
1005002940590648
1005003170382587
1005002761702808
1005003217166800
32820886778
1005001818874690
4001030603232
4001089246251
1005003228117036
1005003337297009
1005001824510500
4000711519267
1005003021227162
1005003283889327
1005002761584597
1005003351063351
1005002707235343
32902055101
1005001765226154
32481052057
1005002328445635
1005003212838384
1005002074754557
1005002342984984
32950054029
32861811427
1005002642038652
32740370978
1005002957559867
1005001870766567
1005001882695238
4000129435881
4001240868580
32812251264
1005001860756859
1005002018589077
32909579876
1005001344773690
1005001666153495
1005002919929804
1005003273816106
1005003014155735
1005001883960811
1005002116076222
1005001608590466
1005003317007044
1005002356575358
741241922
32907291564
1005003129617784
4000080138245
33005376528
1005001877388816
1005002938679742
4000317370612
32817792671
1005001290286680
32833115417
1005001426385971
32682207294
1005003110583344
1005002622460164
32959663193
1005002920859669
1005002614199215
32974356498
1005001435953435
32967200846
32914453900
4000858879837
4001250892627
4000756815020
32830696658
1005003334906189
1005002946180124
1005001329428460
1005001808638926
1005003033811691
32966606678
1005003150492241
32959169612
1005001500373697
32694392899
1005003150643857
1005003112726638
1005003099878857
4000544329542
1005003193947538
1005001917093984
1005001783336251
1005001829596266
1005002944137899
1005002827839019
32961189340
1005001670992792
4000851044530
32835564543
33057521426
1005003346419970
1005001308766072
1005002197625882
1005003019137756
32960314394
1005001441501038
1005001482800383
1005001571391360
1005002024067199
32844814895
1005001585383385
1005002785397731
1005003253311219
1005003018934895
1005003365289265
1005003228073672
1005002930416272
1005002254486781
1005003086579190
1005003264714940
1005002651874520
1005002129543656
1005002023951326
32904540245
1005001369014902
1005002590736478
1357316738
33052850872
4000189945516
1005001965989962
1005002803508390
1005001407642139
1005002844191156
1005002828169093
4001003783490
4001196813192
1005003245531150
1005001567563267
1005002260849873
1005003120673056
1005003073719574
1005003152347337
1005003259070502
1005002424337493
1005002613825541
32747196538
1005002295323332
1005001954407950
32909957251
1005002869673476
1005001769829428
1005003171747686
1005001720791861
32838373174
32966908166
1005002613183078
1005002865956264
10000395912830
4000817896677
1005002878755395
1005003307260618
1005003335705658
1005002607140703
1005003303303597
4000003792829
1005003389561688
1005002256703448
1005003031745519
1005003290259600
1005001680495793
32850746273
1005003146386530
1005001901951471
1005002388662769
32960642926
1005002083856866
4000083930898
33061278248
1005001832175615
1005003095585124
32283760713
1005002502762821
4000711645639
33039421612
1005002994389819
1005003187123220
4001305562481
1005003345460397
4001055074182
1005003128990085
1005002378938734
1005001864251923
1005003071005603
32822932045
4001135728837
1005002564228547
33042267461
1005002244212291
1005001738866022
1005001470543749
32833738704
1005002614163979
32868010838
1005003065037217
1005002052519477
32956361476
1005003042948789
1005003199913907
1005003232832320
1005002945932889
4000345749703
32614863800
1005003096146430
1005002415452057
1005003290778883
32648494107
1005001996695962
1005003190475685
1005003364324168
1005003112930390
1005002294081875
1005001604351314
4000544446887
1005002084616667
1005002275212934
32900770289
1005002705277208
1005001770657638
1005003356661564
32999929957
4000791235571
1005003374010985
4001272731753
1005003156615306
4001266800663
1005002735046810
1005002954187186
4000408287989
1005002551323246
1005003226621844
4000396405881
32249822584
1005003198684089
1005003094406414
1005003110825359
1005002545596132
1005003063800242
1005002657063232
1005002104305812
1005002314343561
1005002985120727
1005002710626191
1005002597913197
32843104259
4000197060172
32918053441
1005002604350489
1005003008601798
4001114173059
4001253022503
1005003257248586
1005001990385401
32922447007
1005002217620474
32901798652
1005003298190429
1005002316587938
1005003199488557
1005003309582104
33011240497
32982752348
1005002420505637
1005002629193773
1005003340684687
1005002320719321
32875068051
1005002856079907
1005003378896637
1005002878867275
1005001858682592
1005002453664370
32882015084
1000007237556
33015916140
1005002708980219
1005003257909373
1005002659418346
1005002727280105
1005001484178543
32940224456
1005003293577109
1005002309568053
1005003168828534
1005002752295440
32246615501
32606710836
4001155939548
1005002817958316
1005002647232875
1005002332117955
1005001748741853
1005002515711180
1005003311531131
4001236578676
1005003223517923
1005003388976389
4001166912743
1005003268868724
32884010474
1005002952986894
1005002362333409
1005002866652302
1005003274232441
1005002783004135
1005002976745838
32863093152
32842553026
32887821900
32965249287
1005002927547091
32818908921
32859308566
1005003164923754
1005002049462469
1005002122546282
32818313954
1005003362675877
1005003336653517
32725160249
1005003330606590
1005003343972631
1005002835695653
32995295207
1005002971165781
1005003342313274
1005002388248421
1005002636820566
1005001863668003
1005002730004845
1005003290236536
4001221085033
1005003207406913
4000935927468
33018713075
1005002753150953
4001229767123
1005001326796282
1005002800939837
1005003095898750
4000749499312
1005002304846978
1005001297262906
4001175350909
1005001912494487
4000922242170
1005003386289000
1005003176950846
1005001764972737
1005002577603114
32984538923
1005001560530346
1005001342627984
1005001633440878
1005003209591151
1005002545833563
1005002083842697
4000796821157
1005002938019026
1005003385941399
33010176872
4000158172730
1005002424364784
1005001397886763
1005002301741942
1005002333658755
32949077975
1005003345036140
1005003222275070
1005003361687375
1005002405546188
1005002974126435
1005002616650793
1005002553336305
32805646342
4000393273102
10000155393519
1005002871132903
1005003286865869
1005003143272958
1005002024001380
1005003292729776
10000343968481
1005003035416261
1005003134805988
1005001361565590
1005001332810579
1005003107156644
1005002646050186
1005002988945501
1005003008080018
1005002591081667
1005002282712559
1005002610497894
1005003254720705
32952044851
1005002893826688
1005002693522799
1005003367963238
1005001469022851
1005003359687384
1005001605126175
1005001480038355
1005003351677157
4000216450090
1005002596803937
1005003305029523
1005003147739946
1005003315972634
32971870299
1005002794237880
1005003093059319
1005003078483047
1005001571785179
1005002024619051
1005001477957337
1005002876045342
1005003193217140
1005003271545223
1005002289857796
4000420039428
32788028685
1005001588834933
4000623840575
1005003010059577
32879537182
1005002317485408
1005001848002496
1005002709260611
1005003280145725
4000480747138
1005001901650390
1005003025929470
4001198184753
1005002907200858
10000344967032
1005003049798780
1005003021544283
32997590227
1005002352825392
32994986164
1005002711781618
1005003008047807
1005003190076299
1005002373449994
4000316831778
4001159946223
1005002552901897
32793032905
32292998501
32969418665
1005003276649047
1005003186493620
1005003009183153
1005003293272479
1005003197079894
1005002860069588
4001143589458
1005001683467019
1005003368499851
1005003072319956
4000322607100
1005002856393475
1005003014080504
1005003005414592
1005003120848943
1005002684087320
1005001728131372
33046791779
1005003314701017
1005001429649765
1005002815004817
1005002622853193
1005002603384432
1005002889986665
1005003046997887
1005002363808937
32883124455
1005001737029931
32885729350
32749588134
32915896159
1005003248569488
32930869796
1005002264798970
1005003080518369
1005001992545723
1005003321204532
1005001418447723
4001365772557
1005003311779227
1005002920426482
32788853256
4000494327051
32866241798
1005002374531128
1005002048641904
1005002657354980
10000395891902
4001249204106
1005003386349202
32688027054
1005003337142852
1005001748815102
1005003019274174
1005002768794129
1005003247936133
1005003170899237
1005002641446696
32961066493
1005003035784763
32852431667
1005002655330470
1005003066190949
1005002431965005
1005002568150468
1005003357453037
1005002790739316
1005002567676670
1005001361317550
1005003333009675
1005003222199462
1005001839121562
4000420809607
33035248794
1005003048523862
1005002113517047
1005003222130456
1005001940858217
1005002190907953
4001003621527
4000036385198
1005002175515971
32608774674
1005002132457495
4000907663139
1005003389424086
32831731203
1005002428162484
1005002247576630
1005003032782770
1005001393658362
1005001966558276
1005003062735235
1005003338955944
1005003384278648
1005003069794016
1005003221743798
1005003225568740
1005002559151158
32917755101
1005003373652600
1005002381958809
1005002835584280
4000805150400
1005002682258455
1005001633072499
1005002552595689
1005002314694804
1005002076758466
1005001786570548
1005002802195216
1005001443614125
4000232138329
1005002678722669
1005003226889943
1005002974174059
1005002876280126
1005002107494348
1005003278871198
1005001906515003
4000902749487
1005003144204928
1005002120098054
1005002062847256
10000265231655
1005003155109393
1005003066553532
4000029610085
1005002571098413
1005003186463030
4001012624180
1005001793170413
1005001795398319
1005003341488219
1005003313031822
1005001771853760
4000865461138
32812918992
4000793012795
1005001530514684
1005001268415340
1005002122373885
1005003145513977
32884716756
1005002447472429
1005003308187467
1005003334296879
1005002324759294
1005002229416179
4000758954051
1005001551103488
10000285669430
1005003251046972
33041924376
1005003366057837
1005002660571663
1005003080624888
1005002304039669
4000970880175
1005003192111719
1005002572360820
32993702925
32818060215
32846049778
1005001891038411
33019175553
1005003003148952
1005001355772167
4001252802375
1005002771303964
1005002616674389
1005002002038872
1005002770983742
1005002611284223
32994352360
1005002108550741
1005002950863418
32347171311
1005002632266923
1005002075127219
1005003201079238
4000378084743
4000672504456
1005003072003433
1005003008888312
4001012500786
1005003314567783
4000181214312
1005001645891219
1005003302030303
1005003250704070
33046312759
1005003369789645
1005003206413155
1005003190050817
1005003180704207
32455680012
1005001868128246
1005003252385091
1005002702783533
1005001450290570
1005001639837637
1005003242247349
1005003010789758
1005002885436459
32957488548
32887398922
4000627502011
32961728883
1005001412319759
32763274325
1005002371384092
1005003305338553
4000387219372
1005001639299545
1816861970
4001175615932
1005003093102197
33024683504
1005003298278761
1005002769017055
1005003377554666
32707379682
33052512186
1005003260177247
1005003280807513
32636683066
4001045121840
1005002536457893
32861979220
4000803934436
1005003340896084
1005003346658450
1005003137915282
1005002129615112
1005002583622329
1005002136229509
1005003304063500
1005002746705955
1005003301905911
1005003337479537
4000893790640
1005002809474820
33038169743
1005002748024345
1005003151557963
1005003017847845
1005003055150848
32842254091
32894080926
1005003049379725
1005003192500733
4000498636576
32824931750
1005003137067223
1005003362043926
1005002673337293
1005001997795221
1005003139429115
4000930530891
1005003213605292
32700669827
1005002935589574
32889980393
4000349761422
1005003204732440
1005002206903467
32788192902
1005003121827628
1005003239603628
1005002753595681
1005003289935076
1005003381110275
1005002636642143
1005003092799815
1005002746854421
1005002477017435
1005002984733025
1005002469552953
1005003178126360
4000833784523
1005002515681940
1005003144206121
1005003067633754
1005003032125763
1005002647214966
32872823843
32813727086
1005002258201958
1005002385128323
1005003159015187
1005002425870953
32574777130
1005002909951588
4001022721432
1005001864370423
4001000996526
32981628331
1005003337861949
1005001280192664
4001026603578
1005001349463049
1005002340931737
4001066809996
1005002939477687
32876871592
1005001375601762
1005002785619564
4001135813498
1005002996928035
4001037129118
1005002421551535
1005002610326479
1005001588985390
1005001464592586
32873935824
1005002348408753
1005002822375130
1005003309838736
4000730826099
1005001988759857
32830081528
1005003182181436
1005003219403789
32409988823
1005001816553502
33022619910
1005003338302647
4000916531850
1005003239327432
32605780825
32798645504
1005003382407632
1005002104856922
1005003364938254
1005003263395224
1005002274421944
32352731074
1005002989877560
1005002926510665
1005002769931734
32618528381
1005002907846859
1005002776300606
1005002061951825
1005003276579141
4001193651060
1005003202137197
1005003343226481
1005002870649232
1005002991301039
1005002796888622
1005003290778846
4000909163434
32934873769
4000167753987
1005003369127096
1005002836768408
1005001350007917
1005002608791703
1005002421390804
32999376162
4000909814173
32966662716
1005002355985213
1005002322465039
4000285780626
1005002521974345
1005003294645736
1005001778855980
1005003298324831
4000354633629
33029944187
1005002591095565
1005003349527812
1005002618415312
1005003388468446
1005002525223965
1005002315232844
1005002256740676
1005003039195993
1005003297305602
1005001722409520
1005002826155675
4000859449028
32880692862
1005002633332528
1005002264917216
1005002686686796
1005002056239817
4001172824286
4001121520283
32842433818
1005003118086055
1005003329753195
4001015938596
32691569112
32812733944
4000337155036
1005002414030427
1005002895498480
1005002768792984
1005003163234236
1005003129895098
1005002752759527
1005001843308122
4000966590351
1005002490312296
1005001494964144
1005002317103998
1005003299741820
1005003009483131
32889590413
1005003277348122
1005002286283599
1005002616859896
1005002634359206
1005001894468518
1005003185651600
1005002496854775
1005002370252446
1005003087084404
1005003336169421
1005002907592756
32985299540
1005003251394452
1005002723519297
32621800242
33037249996
1005003180777639
1005002512226261
1005003270371983
4000341120463
1005002877505752
1005001976445420
1005003236011878
1005002336661637
1005002949759185
1005003253902281
1005003023461219
32929407931
32916183825
1005003058015679
1005003385152263
1005002787299421
1005003387672773
33013668337
1005003333697874
33054196751
4000193032549
1005003212179642
4000910689101
32977562355
1005002452370256
4000979589931
1005002027120245
1005003098304973
32833282935
1005003345217213
1005003335061745
1005003120025445
4000015785292
1005003029557468
1005001720963379
4000637257651
1005001588313252
1005002661822097
1005002455322137
32356054911
1005001506089334
1005002322527273
1005002869035093
33040769159
1005001895138403
1005001493391176
1005002678907249
1005002124247929
1005003161732436
1005003010180104
1005002926165483
4000142349525
32981271399
4001149319687
1005003130015106
32953019006
4001263269925
1005002858439840
1005002273987170
33023812723
1005003135926327
32867149137
1005001799957390
1005002635089323
1005002259214810
1005001495728823
1005003107433661
1005003290320603
1005003340366145
4000773054757
1005002612805061
32994516764
1005003235383135
1005002702334448
1005002023566827
32828321549
4001158406295
32960552789
1005002770488473
1005001731978905
1005002253672589
1005002301743082
1005003003908914
1005002965895953
1005003377192796
1005002191980749
1005002262833812
1005003174834509
1005003220937433
1005003092908287
32952439734
32796154362
1005002820351871
1005003118796713
1005002288563699
1005003060762677
4001120539607
1005002476835213
4000346314713
32884768195
32964142212
1005002578647446
1899654000
4001211657140
1005003294380531
1005002602770424
1005002602301188
32986668459
1005002949556005
4000529233188
1005003344792400
1005003133983393
1005002586799864
1005002842679614
32913069484
1005002315119638
1005003311432707
1005003125636765
1005003294459977
1005002848674263
1005002412306698
1005002700912416
1005002864570075
1005003390921640
1005003304101373
32968851010
4000711713502
1005002508248967
1005002652026348
1005001475760034
4001181570250
1005001929450255
4000172636176
1005003257800465
4000333293705
1005002661058383
1005002271837531
1005003379905151
32834179745
1005002870775248
1005002962903423
4000820166912
1005003183115451
1005003213408317
1005002125620858
1005003159467858
4001242825386
1005002357446019
1005002835159354
1005003387496366
1005002667563654
1005002551348250
1005002984794774
1005002426208943
1005003305966476
1005003216020232
1005002883932697
33052353551
32969585299
1005002881351740
1005001726414419
1005002223503739
32711886150
4001225181106
4000141308576
1005003123023783
1005002258170876
33000447800
1005003168810318
32819737569
4001184375930
32762128582
1005002924861688
4001340608956
4001141891232
1005001682743535
32837407528
1005002782782422
1005002165983724
32920822925
1005002866659640
33035850345
32691478700
1005001736629757
1005002286626715
1005002703240983
1005002019028379
1005003107139986
32964695409
32986823706
1005002735793255
1005002597373149
1005003318816878
1005003008042634
1005003192317792
1005003188592029
32973452313
1005003119751863
4000080110745
1005002728364409
4001187869699
1005002665113612
1005003016764527
1005003197117937
1005002502156617
1005003098814196
1005002619088260
1005002726962695
1005002517539856
1005003203003903
32845947900
1005003357530368
33003202941
1005001598489438
4001109143645
1005002293517032
1005003228878338
4001195907956
32633633839
32996721407
32751245273
1005002886310902
32837324485
1005003083276986
1005003065022331
4000918148060
1005003249040647
1005002938985800
1005001572583934
1005002883784844
1005002740726597
1005003346429869
4000039090657
1005001704337662
1005002877292849
1005002913796809
1005002282341724
1005002073352031
1005001582405749
1005003166918561
1005002732247880
1005003080051005
1005002026868146
1005002493602104
1005002648909674
4000804609924
1005002577708794
32979590504
4001036595328
1005002462519824
1005003377806626
4000982389438
4001316355763
32879824056
32777281511
1005003183247570
1005003270350192
1005002611234325
32854325949
1005003106498831
32832091692
32950588929
32992157773
4000491859610
4000533006055
1005003221865544
1005002924255613
32897705052
4000993518534
1005003277808766
1005002105184331
32890592196
1005002324077577
1005002643867878
4000671689445
4000586123148
1005003300154931
32703242734
1005002680331601
32861575118
1005002695850982
1005001778706922
4000609990834
1005001967943338
1005002685357761
1005001785574616
1005002371718445
4000594856232
1005002630282759
1005002212399701
4000989936766
1005002569380134
1005001632676293
1005002375859166
32734558656
1005003174883073
1005002713023629
4000135326887
1005002241649297
1005002266196171
4001155081538
1005002180628000
1005002565366454
1005001471069691
32990405936
1005003309296634
1005002056010326
1005002459295753
1005002613828423
1005003293955545
1005001957298822
1005003077942404
1005003343758406
1005002393948312
1005002431710971
32960168677
1005003336288081
1005003129788300
1005003160658914
1005001557186681
1005003391276398
1005002122575199
4000220017438
1005002320985740
1005003365484841
1005001580796077
1005001446995510
32912611504
33017510160
1005002801889055
1005002845934535
1005002716863184
32889433566
1005002908800753
1005002994129927
1005001504602858
1005003228871388
1005002584323319
4000906903414
4001042605388
33002198436
1005003126951361
33001747753
4000221829242
1005003329304454
1005001868794505
1005003043612350
1005003112402552
1005003067485748
1005003164462957
1005001543974595
32889962602
1005001836017855
1005003302074907
1005003065481796
1005003068767946
1005002861483770
1005001794200329
1005002190944935
1005002100817850
1005002862938736
1005001470907511
33047076515
1005002223459565
1005002482520295
1005002802812380
32973797660
32741309225
1005002974391600
1005002966374575
1005002634837346
1005001793159881
4000080844018
32834762191
1005003020239871
1005003268576464
1005003384290607
1005003375009680
1005003308551069
4001189414670
4001286887155
1005003329981592
1005003200989848
32832153027
4000558724357
4000725253501
1005003314498217
1005002840649679
1005001812770534
4001211125028
1005002038505528
1005003241045661
4001127277678
32963084310
1005003047852274
10000397731059
32973203892
4000791141533
1005003276903784
4001175467759
4001229735999
1005003252001334
1005002293677193
32979428509
1005002276608821
1005002028722165
1005002159137365
1005002548086746
1005002922350522
1005003103324198
32960010497
4000959711526
1005002700169874
1005002003268066
1005002367257095
1005003337650470
32856219885
1005003170512511
1005001809652366
1005002996160162
1005002939531700
4000937343120
32848578365
1005003093024964
1005003064916055
1005002828102317
1005001468161160
1005003309738828
1005001437415200
4001342067102
4001080840877
4000704339188
1005003128408973
32969225687
1005003319785792
1005001793207305
1005003382231555
32957962717
1005003256440141
1005002460908139
1005003275250817
32971207995
1005003097707539
1005002788869709
1005001971011641
1005003059019962
1005003386876694
1005003190741512
1005001310378644
1005001948106627
1005002990906000
1005003123644185
1005002411433017
1005002393612548
4001225076980
1005002862824568
1005003096166514
1005002786722031
32911096394
1005003229603855
1005002291508369
32818824158
4000196009414
32560687168
1005003360896752
4001255513060
32963811174
1005002488214743
32935033374
1005002117623891
4000627265204
1005002705420587
1005003270057862
1005001346568806
1005003385635993
1005003134055843
32856393264
1005003184380918
1005002801902586
1005003006386176
1005002474908859
1005003064886260
1005002608889634
32979565265
1005002268442536
1005002784580739
1005001916435242
1005003266279261
33051247020
32947463028
1005002397802452
1005001664392843
1005003387782027
1005003252635669
4000890484540
4001279058515
1005002497180182
1005002435797560
32836965732
701786901
1005002758814078
32981307049
4000927054375
4000062017203
1005001686019982
1005003035975421
1005002594347956
32974588873
1005002967952257
1005003370701863
1005001350542753
10000395934734
1005003131282686
1005001781054253
10000395825257
1005002551347978
1005003278621549
1005002597048833
32980001155
4000147068867
1005003141700000
1005002490638450
1005003002463594
1005003316576766
4000240498432
1005002682504823
1005003256993198
4000005742063
1005003285746009
1005003381126121
1005003001196874
1005003387222422
1005003072241601
1005003238007886
1005003274008026
1005003000690270
1005002707478720
4000527372048
32962020507
4000661072460
1005003183521751
1005003107109072
1005003250164389
1005002965262129
1005002538893369
1005003068156560
32864875612
32818929563
1005002674085642
1005003117598494
1005002345915241
1005003309441539
1005003332230359
1005001273198939
1005003138694672
1005002599963977
32836529419
1005001729982395
32935092534
1005002930685819
1005002297887397
1005001482073912
33020393302
1005003016058812
1005003147554541
4000537152045
1005003193202242
4000640045123
4000308688948
33046619594
1005001897238330
1005003375542810
32813790137
1005003095278459
1005001521021855
1005002983863115
1005001406740784
4000054124318
10000197528065
4000243269860
1005002815013214
4001107354999
1005002309822191
1005003273535806
4000034969830
32912429340
1005003021702602
1005002271441399
32313812895
1005003193191980
1005001457798474
1005003202267119
1005002971107981
1005003194825811
1005001758226879
1005003037120033
1005002613880718
32463856641
1005002641778288
4000853287168
1005003380746273
1005003208792671
1005002643098335
1005002869089281
1005002053716593
33007166683
4001179178817
1005001604906816
1005002398358939
1005002835390909
1005002290839999
1005003346893829
1005003270068143
4000892145046
1005002078679552
1005002880739839
1005002326610896
1005002328567273
1005002223531535
1005002789693141
1005001655619603
1005003327072617
4000268862629
1005002059259064
1005001645751568
4000108896795
32792780633
1005001551632981
4000789155292
1005001992906990
1005002760388783
1005003007983808
1005001439672413
1005003390568646
1005003276307144
1005001357819379
4001286838376
32801894808
1005003355799997
32963721366
1005003355867409
1005001711562767
32979317843
1005002973014507
32859443945
1005002989292258
4000245401763
1005002918060223
1005003026851540
1005003199104986
1005001913293742
1005002987977894
4001205274358
1005002836217528
1005002972985051
1005002841785619
33053651762
1005003182780600
1005003040760813
32852769416
1005001433330764
1005002742907704
1005003019899594
1005003119281652
4000945656670
1005002918236785
4000275480879
32953510507
1005001326291461
4000757112383
1005003091399488
33016334806
32891226878
1005002705073268
1005003251845748
4000665960237
1005002267764622
1005002272178037
1005003303151052
4001326747659
33043993663
1005001718887576
1005002259645708
32918435586
1005003209577013
4001076203800
4001355133378
32797939610
4001127494542
1005003138916982
1005002679513904
1005001425920639
1005002835583071
4000982465657
1005002358931419
1005002862791077
1005002970178957
1005001602765553
1005002878381888
1005003171234792
1005003031269912
1005003277705932
32921259830
1005002097601415
32885232418
1005002338687667
1005002554119855
1005002914105020
1005003136133043
1005003062118071
1005003183989776
4000023705718
4000385880312
32924797017
4000824068161
1005002985470234
32890493480
32891718787
33047677325
1005003383273394
1005002687535326
1005002052110182
1005002024838911
1005002974509662
1005001374829841
1005003334574756
4001199611861
1005002346780090
1005002342491163
4001105912366
1005001960439681
1005003330265734
4000186127495
32839793377
1005003252936130
1005002597131860
1005003089534681
1005002292546829
1005003368324414
1005003076594418
1005003002689513
1005002984498681
1005002275962661
1005002941753015
4001347186444
1005003356941114
4000480829345
1005002778011397
1005002789657381
1005002598396196
4000113020810
4000318396349
32957881006
1005002969490878
1005002425914846
4000302121937
32588306929
1005001604488516
1005003084834327
1005002758975908
1005003072321721
1005003354139820
1000008545228
1005003250665675
1005002914632777
1005002879272974
1005002704010387
1005001502579344
4001350798196
32888680078
1005002417971747
1005002341477618
1005003372706915
32671461437
1005002913004294
1005002594709151
10000242747120
4000226633444
1005001725884499
32901031497
1005002276244306
1005003033788208
1005002709360719
1005001814976981
1005002418673332
4000190908119
4000279835875
1005002483729624
1005002879455883
1005003337915803
32993156846
32947811488
1005003170107926
32926322815
4001192087397
1005002652966797
1005001896110955
32557465788
1005001697629840
32364389394
1005001860874349
32537935604
32698440902
32891151116
1005001526978849
1005003286769727
1005002594657682
1005002041050071
1005002071499429
32739844360
4000053173327
1005001666370899
1005002784921800
1005003141645019
4000574380779
32926438658
4000860290062
33003278915
32488948996
1005003098655312
1005001685797212
2049524147
1005002891107336
4000310436719
32906565545
1005002405708986
1005001280158554
4000434479782
4001212017197
1005002802429509
1005001923632318
1005003199302960
1005002411698924
1005003266153393
1005002143024921
1005003336761539
32961207552
1005002320469029
1005002829294742
1005001788939690
1005002289936455
1005002635438533
1005002941961188
4001275459645
1005002615103800
1005001750051121
32810642521
4001145777964
1005002990403810
1005002953177096
1005003387402213
1005003336248190
1005002740834422
1005001581181428
1005002717046804
1005002546806157
1005002722698771
32800652949
1005002999141745
4000016852939
1005003097370520
1005002443675384
1005003161416374
1005002652545932
1005003067673108
1005003112379355
1005002811044147
4001192583305
1005003134602736
1005003310430703
32877151287
1005002723390167
1005002854638080
1005001851825094
1005001770206267
1005002187967132
1005002443848132
32922156201
1005003327317328
1005003372148803
4001074691680
1005002509155542
1005003387394901
1005002462604071
4001149878038
1005003141269269
1005002902585964
4000606732737
4000214567412
1005003206959856
1005002990625749
1005003076342752
32905462406
1005002794381778
1005002975089694
32808630998
1005003228420259
1005003170178928
1005002738746221
1005003099883516
4000726091355
1005002603345657
1005003135294846
1005003052715710
32747564077
1005003101319310
1005001962686093
32816357032
1005002536467793
4000967025850
1005002258388883
1005001580069521
33050449847
1005003285523533
4001234485395
32970766824
1005002576027618
1005003223701191
1005001652413606
32999157824
32704262189
1005003217743313
1005002967739177