1005001612475358
32399763020
1005003172010283
4000239871606
33048489118
1005001588132391
1005001406387049
1005001555766559
1005003114113526
1005003164290238
1005002177838904
1005002849475063
1005002635543057
1005002930334188
4001013445727
1005003069530024
1005003122884393
1005003095535426
1005003191529558
1005002997354718
1005003209094882
1005003242093944
33015614476
1005003259123169
1005002738818713
1005003121524537
4000767791194
1005002798868272
1005002547964735
1005003293500040
1005003118691623
1005002708061388
1005003125261646
1005003092847481
4001107877424
1005002969597739
1005002564226543
1005001734975051
1005003298790983
32823039689
1005002871333582
1005003251904269
1005001720357682
1005001763353606
32286324063
1005003197279494
4000023086183
32910306666
1005002362321781
1005001705792279
1005002323610609
4001122042591
4000773756129
10000099730030
4001098989098
32913723599
1005003270339271
1005001825217918
1005002510124875
1005003337571880
1005002907520496
1005002655522822
4001049074986
4001095692784
1005002334082607
1005002258571151
1005002843122096
32870460530
1005001280890032
4000166259022
1005002441623014
1005003333987804
1005002425908850
1005001273401882
33019164254
4000628988447
4000764621015
1005003063869026
4000346789034
1005002307671404
1005003244431093
32841635374
1005003270252664
1005003000777831
32843672351
1005003212240123
4001021575326
32691709499
32724701449
32861660189
1015051254
1005001506402788
1005002869713248
4001065075037
1005002008063000
4000735098830
1005002235732053
1005003024368569
1005003064579320
1005002018916188
1005002633303714
32917960816
32900618746
1005002875048138
1005003276513181
1005003257093553
4001105149866
1005002837810220
1005001636499349
1005003320323279
1005002539179031
1005002533188772
1005002593674512
32287962668
1005002599841204
1005003112029476
1005002884164324
33037032219
4000579939035
1005002454027049
1005003006449480
1005002902018720
1005002673652703
1005001839828115
1005003101696587
1005003384969486
1005003307616907
1005001928393411
1005003065882363
1005003135171090
1005003384812503
1005003152287559
1005002253552475
1005002602571898
1005003279311660
4000857608170
1005001823070387
1005003299209558
1005003117416634
1005001462412646
1005002342048624
988593046
1005003370475017
1005003292279870
1005003195098213
4001355787302
1005003376415883
1005001268597736
1005001634750731
1005002645054532
33062307978
1005002116343172
1005001273606483
4000021469305
1005003332560316
1005003228460548
1005003036494267
1005002532227870
1005002705070341
1005001588201659
1005003001900733
4000990968252
32995904081
1005002983624694
4000879286725
4001227283997
1005003185477759
1005002483486797
1005003226448306
1005002380904712
4000944229065
32847761862
1005003031973310
1005002766530768
1005001567290469
32820125635
1005001997230241
33032969144
1005002400259339
1005003313845593
33019635687
1005003336918791
1005003264893676
10000395809651
32984650665
1005002969618028
1005002776714262
1005002652111194
1005002399201795
1005002611754205
1005003265922577
1005002263620597
1005002672423297
1005002685359927
1005001445630871
1005002851224412
1005002027201272
1005003269326146
32330069184
32801590169
1005002350886782
4001042571378
1005002864207422
1005003224701345
1005003290297595
4000389618671
1005002643304951
4001015350297
32909662811
4000942008178
1005003298619712
1005002608650325
1005002718320559
1005003256278206
1005002746573406
32920328096
4000580697287
4000271403327
1005001873098275
1005003147315856
32741273434
1005002543132696
33046953542
1005002745440160
1005002630724597
1005003365427973
1005003214420577
4000966408081
32835202778
1005001361467261
1005001650571072
4000133794302
1005002065531412
1005003262252941
1005002500098142
1005003104975741
1005003264557582
1005003271743693
1005003332406071
32825137416
1005002766810413
1005003235649359
32865434061
1005002353178275
1005003183558072
1005002334091476
1005002828093758
32815772118
4000741009864
1005001626373627
1005003101738513
4001162772079
4001148095625
1005002910555310
1005002262489309
1005003030773917
1005002686584258
1005002387110152
1005003374436078
1005002605522473
1005002913124957
1005002186124076
33040275631
1005002524069878
32969900314
1005002359797960
1005003363379719
1005002260678961
1005003086904401
32829920009
32728105454
1005003216058372
1005003136898129
4001198174738
1005003307991976
1005002172679785
1005002631369912
32970613659
1005002754110330
1005003262165296
1005002970644839
1005003275667813
1005002428633591
1005002284981578
1005001393061425
1005003268487134
1005002116292225
1005001580142777
1005002943300019
1005002049328991
1005002207431039
1005003056307985
1005003388473440
32859975884
32512708423
1005002366120772
1005002355847298
33020033257
1005002996414173
1005002364533875
32971956814
1005002669148167
32840497063
1005001435581303
1005003169882621
10000400045424
4001053590331
1005003248629277
32972677429
1005003142247333
32958860873
1005002632285551
32350691321
1005003080362796
1005002862733052
1005003128974934
32812270177
1005003258976144
1005003337682749
1005001963656059
4000756998579
1005001507022746
32838745103
1005002886322974
1005002638451009
32864606830
32906814546
1005002037797538
1005003112305530
1005003283611324
1005003061880914
1005002772173613
1005003048177328
4000046896070
1005002166079672
1005003134649330
1005002565895205
32963416892
4001247408466
1005003168539188
1005003019105679
1005003097000008
1005002969704463
1005002049718623
1005003356151714
1005002098658046
1005002803523699
1005003171153043
32991281461
1005003016606872
4000693486853
1005003365142580
1005003119042504
4000261522561
4000592393484
1005002513477505
1005002848553898
32833279015
920415148
1005002323527677
1005003115707700
1005002247501802
1005003322688918
1005002771074053
1005003227564042
1005001849235826
1005001557137716
1005002860152215
32973931141
4001263950245
1005002260667218
1005003318996009
32998176397
4000676907679
32952918386
1005003305678895
4000570465929
32686992369
1005001479900768
4000178734239
1005002746565591
1005002971286487
1005003194817588
1005003354921558
32852781798
4000453516847
1005002789026377
1005001279013055
1005002823078451
32696357733
1005003142036761
32994322762
1005002056722596
1005002911174551
1005003331706783
1930711595
1005002357349816
1005003348449170
1005003150617268
33057531070
32756723710
32913931889
32981230750
32966570600
1005002685327633
1005002993895193
33054528197
1005002619875611
4000774967186
1005003214455360
1005003280316681
1005002129946947
1005003183365538
1005002814145066
1005002991444076
1005003107486992
1005001953340914
1005002705165837
1005001441448356
1005003253414811
1005002368429642
1005003328096114
32423259407
1005002503433799
1005003285193683
1005003344353162
33058258900
1005003191061961
1005003339924403
1005001759739233
1005002314089084
1005002594311437
1005002828592744
4000624880481
1005003274978752
4000010391643
4001042452911
1005003188332602
678365345
1005002655369619
4000964344672
1005003159560281
1005002651902295
1005002252449614
1005002833708474
1005002745658043
33047771448
4001332791953
4000693241595
1005003200795936
32855167134
1005002990852634
1005002103675048
4000221895693
32890592776
32962050872
1005002557247981
1005002932687495
1005002505544110
1005002965900046
32835382346
1005003105123587
1005002960009745
1005002795453058
1005002259449606
32842486707
32795010796
1005001313668844
1005001657805692
1005002578355053
1005003041111050
1005001391677340
32990534970
1005003164914491
1005003310190651
1005002983357694
1005002763363017
1005001968806634
1005003092959112
1005003019298189
1005003091072746
33042858710
1005002002287496
4000182189685
32888852808
1005001446765846
1005002482870116
1005003146460052
1005003031220322
1005002907659489
1005002782138269
4001042452911
32970367482
1005002781206913
1005002511080470
4001337857750
1005001320907981
32803878189
1005003155740366
1005003094469876
1005002424921632
1005003259942240
1005002648830663
4001351657847
1005003356135268
1005002516804618
32922581936
1005001315296631
1005003247688291
1005003294340477
1005002794307263
33014630792
1005003197763761
1005001693820350
1005002897711418
1005002281681035
1005002339408267
32984286930
4000089620823
1005001724068844
1005002645823707
1005003299076053
1005002808280642
1005002265129097
4000453762481
1005002991473785
4000240890611
1005003193368677
4000278073071
4000372038830
32987184486
1005002281997324
1005001890072395
4000021938759
32854808211
4001136693060
1005001586919168
32967427165
33038073009
32472175195
1005002120737184
32826581724
1005002033199837
1005002831196389
4001152287678
1005002656862354
1005002016461053
32822711341
1005003116245591
1005001967014287
4000325618900
1005003015203625
1005003257514182
4000050354625
1005003223026909
1005003169941537
1005001273504441
1005003250728349
1005002225699454
1005003360902352
1005001879858544
1005003248518967
1005002052417925
1005003329439397
32830295058
1005003245290625
1005003095417872
1005003087746164
32785818420
1005002731233394
1005003347694876
1005002014789415
1005003159512497
4000118556048
1005002270297291
1005001831612047
1005002813006854
1005003368397754
32907733181
1005002920308603
1005002602182436
1005002497325952
4000807908574
4000517129487
33008683515
1005003228780350
1005002604420074
1005003144641086
1005002103912651
4001108995620
1005001577548814
1005003077298394
32648564990
4000148756375
1005003287643872
33056324258
1005001821916351
1005001705565816
1005003202661686
1005003001071952
1005001708694139
1005002589002457
1005002735949393
32931585270
32896439684
1005003278798044
1005001822066033
1005003143717023
1005002906181757
4000625644409
4000416294686
1005003270563686
32850771043
4001230312780
1005001369632409
1005002352827732
1005002730724005
1005003185933142
1005002084362230
1005003136161777
1005002996424966
4000384520031
1005001305543415
1005003063489321
4001240092370
32704947131
1005003182941387
33039941544
1005002380825276
1005003018095781
4000786432154
32863845902
32794529221
1005002316920814
1005002820475501
1005003106348543
1005002739154674
1005003314987940
1005002997784104
1005002096142567
1005002753431964
1005003032964335
1005003086205895
4001291620985
1005001511632113
1005003295045413
1005002771210232
1005003305153774
32972824610
4000006424336
1005002987879347
1005002962651812
4000029905018
1005002796126163
1005002647277348
1005003263349590
4000199139792
1005003345424952
1005001849149747
1005003177388000
1005003296943469
1005002559241942
33061994295
1005001634216807
1005001632282224
1005001975970219
1005002468153160
1005002612447232
1005003179963789
1005002732301735
1005003139632328
32886378463
4000726595377
1005001813587247
1005003342655845
1005003244482258
1005001882743189
1005003177977203
1005002830412758
1005001891832637
1005003098127356
1005002920979560
1005002642240604
32576968009
4001233870552
33007178420
4001062496684
4001063504242
33038878688
1005003188643363
1005003031051499
1005002866733197
1005002814234279
1716371715
4000311288471
1005002240761202
1005002821852406
1005002618808276
1005002253570741
1005002997421718
1005003065403377
1005002574822257
1005001810870007
1005002042689748
1005003112787689
4000077442884
4001041219674
1005001500870847
4000998780865
1005001948272415
1005002281015411
1005002688866527
4000934254128
32963362476
1005002758320121
33028394879
1005002081411602
1005003294631465
4000126582655
1005002619281590
1005003242513540
33048094615
4000610125102
1005002492067798
1005003150493912
32709275328
1005002707881403
643480914
1005002768052374
1005001648586735
4000683766529
1005002779905801
1005003003209096
1005002022201279
33051496452
1005003204086920
1005002660915221
4000398502648
4000362562698
1005001803401876
4000257013240
1005002220503715
1005002420213193
4000059204977
1005001811026623
1005001950778274
1005002883762071
1005003298874049
1005003087792797
1005002799630683
1005003387760832
1005001438847528
32915877613
1005001410159071
1005001605381636
10000343989018
1005001303165206
1005002624310462
32988491868
1005001419364926
10000126749490
33010282114
1005002995130680
1005003223254947
1005001659777853
1005002886242612
1005003004312058
1005003170512157
32766794368
1005002973741276
1005002679215675
4000756740527
1005001506447732
1005003020335165
33029448045
1005002819487891
1005003363499805
4000170493110
1005002824211813
1005002791996999
1005002648677713
1005002908937156
1005002115588859
33018328458
1005003186709938
1005003265342259
4000087952552
1005002616312041
1005003201983905
1005002662422865
32762645811
1005003380303369
4001060716627
32834171953
1005002045985769
1005002537824474
1005003099373979
32894305942
1005003387749946
1005001593634551
33047747865
1005001961931926
1005002863855249
32842303807
4000706200116
1005002367902471
1005003320642045
4000857170861
1005003238902172
1005002591363455
1005003032481112
1005003246678254
1005003122485809
32983393206
1005002755479309
1005003107301638
1005002604223654
1005003263984103
1005002682599898
1005002969357920
1005002813211562
1005001381176636
32975393711
1005003221269562
32940715487
1005003264305427
1005003181924865
1005002033735436
1005003167345849
1005001359481098
1005002333314985
32379544935
1005001299212167
32775369832
1005003109626605
32965513549
1005002836331482
4000267128325
1005003110103158
1005003080684961
4000100302912
4001265609060
1005003286440742
1005002979982342
1005002048751708
33063602577
33008405598
4000364425342
1005003001670805
1005003043812893
1005003386378033
1005002532806407
1005002489310919
1005003152189563
1005002959393281
1005003175229300
1005002649183346
33019880275
1005003381997901
4000786479971
1005003090379526
4001272104060
1005003193438030
32890084127
1005001715160235
1005003352596513
32903070030
1005003025449915
1005003228343377
32971951935
32901351400
1005003186964547
1005002633328557
1005003220356331
1005002283512751
1005003306691965
1005003092686012
1005002940276152
32895913314
1005003363984780
1005002775256389
1005002172065293
1005002608897927
4000546502894
1005003018923462
1005002663374947
1005003189092236
1005003264869970
1005002999994000
1005003178373253
1005001893139914
1005003140746156
32870211466
1005003009468007
1005001972699504
4000842517331
1005002594606939
1005002912528357
1005001614923620
1005002280929679
1005002669302845
1005003339142438
4000053873634
4000772373426
4001314624028
4000985932780
1005002746455973
4001203345781
32853375134
33028563041
1005003363987559
1005001775927325
1005003092310739
1005002120235491
1005003251316552
1000001759434
1005002388206837
1005002605746382
33009377227
32411292743
1005002320317961
4000589581617
1005003161658127
4000860046958
32819504270
32914721024
1005002089142978
1005001696245442
32579441723
4000191798482
1005003341469780
1005002857668733
1005002250458226
1005003120446000
1005002566784446
32950736621
1005001374770469
1005002443070751
1005003270700969
1005002493393284
32283515587
1005001882308636
1005003331165222
4000027496177
1005002198692903
4000630084500
1005002340343191
4001231083654
1005001279508096
1005001566452176
32860873323
1005003161452624
1005002338921382
1005002406866607
4000336670121
32990813514
32959750071
1005003163500636
1005001832409424
10000343898127
1005001286281827
1005003125611388
32997495897
32957881011
1005002235737167
1005001950479160
4000964974216
1005001633106765
1904464620
1005003095418334
1005003058023701
32983173858
1005003209353588
33043596190
1005002309783531
1005003230394532
32994937077
1005003015814841
4001237726603
1005001841353755
32992857696
1005002629808293
1005001705083849
1005003311550372
32875195455
1005003139978904
1005002525541949
1005002559657219
4000940534562
1005002991219489
33054120543
1005002220205061
4001260799927
1005002602384531
1005003048610681
1005002996858466
4000200528153
1005003133679538
32933418153
1005002594062568
4000253260122
1005003115310194
32612707963
32824500575
4000479265296
1005003146341863
1005002185872014
1005003176209499
1005002920837921
32827957552
32636916288
1005003291117281
1005002227682931
1005002675759057
1005001382760436
4000895190537
1005001704439760
1005003202629880
4000203130896
1005001907176200
1005002734950899
1005002229582252
1005002873079802
4000343854121
4001320372325
1005003287139729
1005002495582129
1005003173171048
1005002988011131
4000474438719
1000003602445
1005002771075014
1005001898676888
1005002021690889
1005001670852237
1005003277874320
1005003341988710
4000035124573
1005001356134432
32800283544
1005003130722288
32810130321
4000785260705
32808345913
4000283526082
1005003222537869
4000183214621
1005002180661956
1005002685542721
1005003069102116
4000834485944
1005002386927820
1005002614476394
1005003022516132
1005002312460999
1005003279909513
32958307843
1005002069741321
4000321975944
1005002894617522
4000928089967
33048534626
1005002877810941
1005002604713464
1005003087558582
1005001850276531
1005002595515635
1005001837127037
1005001698135340
1005002783951362
1005002950478580
32842002282
1005003135815391
1005003020839325
4001204555451
1005002940503547
1005001547147148
1005002963168736
1005002705236416
1005002007544605
1005002659083493
1005002313319379
1005002940970777
1005001439220076
1005002467582682
1005003319869389
32991059314
1005003206049040
1005002613340347
1005003344716925
1005002999079878
32967542711
1005001962107245
1005003335114156
1005003001286377
1005003183546627
1005002900579171
1005002219938275
1005002580147841
4000248997520
1005003380294510
1005001533671630
33005789130
1005002991328704
1005003219680507
1005003337628161
4001251059832
32880599108
1005002986125528
1005003162599830
4000771496654
1005002522960964
1005003336499998
1005002819789673
33018575064
1005002492147941
32819774915
1005002427483441
32932989271
1005003224154019
33003626400
1005002084873978
1005003247075013
4000926378723
1005003334183628
1005002114210937
1005003312513815
1005003151223002
1005003262847198
1005002974403468
1005002857152782
1005002912140501
1005003115770071
1005003275657211
4000028392018
1005002211872336
33011391897
1005003326460155
1005003334921394
1005002885888513
1005002061611857
32967934320
32809346604
4000592475942
1005002288920324
4000641334453
1005003337697239
1005003347588862
32996023048
32822901926
4000756983856
4000780128639
1005002614023258
1005002257747881
1005002317176034
1005002789491623
4000817825959
32810957936
4000377887007
1005001612964468
32844007949
1005003352780041
1005001498731686
1005001864611062
1005001439501658
1005003301307847
1005003090937147
33028737049
1005003308776638
1005002417780879
32857911857
1005002398161605
1005003006286775
33016858711
1005003081315880
1005001869182355
1005002787721776
1000008320299
4000894481987
4000107259103
1005002120446613
1005003262073955
1005003301191234
4000220262869
1005003095209878
1005003111829943
1005003066214060
1005002525192663
32577711122
1005003117032867
1005003092725250
1005002040256083
1005003353349457
1005002488007928
1005001598710474
4001124968160
1005002027066772
4000449120266
1005003094554670
1005002473960183
1005001485143117
1005002571720152
1005003343403228
32749468388
1005002248629888
4000516094225
32588822622
1005003130206342
32778902442
1005003337559874
1005001942561547
1005002715242162
1005002788665248
1005003076192380
1005001692665548
1005002503980544
1005002804401776
1005003325291725
1005002780292986
1005002111105674
1005002467822550
1005002837139218
1005001569656880
1005002458235386
1005002600052975
1005001393098920
1005002460658984
1005002617022773
1005003278455304
1005002775794706
1005002608936278
32972268783
32849489059
4000884726255
1005003294018934
1005003173362399
1005003102048317
1005002987898936
1005003058181247
1005002579344788
33043655419
4000429314829
1005003000566544
1005002682867510
1005001727983147
1005001875233846
1005003106187735
1005003328685853
1005002709456596
1005002710619870
1005002749876282
4000625968806
1005003146347546
1005002527664591
1005001626291124
4000224291937
1005003324133615
4000270358091
1005001726927099
1005002637718894
1005002290873616
1005001877669226
1005003305032187
1005002966683941
4000768406860
32844252339
1005002942033477
1005002348595384
1005002332365896
1005002759991353
1005001369705087
4001264873406
1005002350315893
4000698351655
1005002261496274
1005002320938272
1005002565612852
1005003041972794
1005003122636781
4001264179390
1005002291496337
1005003036967323
1005002343853163
33023396091
1005003214659068
32969309425
1005003218424625
1005003037683897
1005001517367759
32840262576
32837614426
33053548901
32991080954
1005002705020926
4000286901935
1005001966250645
1005003210527762
1005003050877576
1005002011736229
4000767718811
1005003187461844
1005003251348245
4001219121734
1005002290027093
32864680174
4000076891364
1005002801424106
32886014145
1005002745195874
33003771874
1005002755934192
32796274117
1005001914070537
1005002784765234
1005001505541634
1005002315747072
1005002414060452
1005001613434296
33053075958
4001339675871
1005003019876321
1005002918374258
1005003225095741
1005003218127884
32903610683
1005002830485689
4001072061010
32970332141
1005003141919328
33055469447
1005003157310504
1005003300012841
32838115230
4000186263302
1005002413130570
1005002882203439
1005002624335530
1005001301214073
1005001907717016
33026543238
1005003304418953
1005002283374437
32769216889
1005001813441531
1005003356481106
1005002389459153
1005001523614730
1005003340282488
1005003303295655
1005003089229433
4000808487177
1005001514718318
1005003210331452
32787195113
32835255685
1005002361556355
1005003170415074
32852929962
1005003134048987
1005003002261911
32960895971
1005002226030790
32550654134
1005003250882231
1005002835585104
1005001916620146
1005002997441785
32894780785
1005002570333944
1005003060715283
1005001593418292
1005003250755324
1005003338317689
1005002734928912
1005003127919812
4000401301874
32949344266
1005002034395877
1005001500979917
1005003203849237
1005001665293891
32950906688
1005003048276761
4000817917151
1005003274711901
1005003050658850
1005003133545711
1005002970907246
1005003041502539
32718010120
1005003130320949
1005002313833355
1005002795535844
1005002995684580
32952547696
1005001942104820
1005002376927771
4000469172467
1005002971040803
32911192690
1005003185476774
32958870892
1005003232005351
1005002313683593
1005001405588099
33006934109
1005002971280510
1005002265267310
32842420308
32916603700
4000663546483
1005003025659124
4000386300865
1005001826016467
1005001552776856
1005003230989019
1005002862130459
1005003041969624
4000130286971
1005003150724619
1005002212409323
1005001377817233
1005002629031583
1005003181866424
1005002964861676
1005001577556621
1005002003504600
4001041701135
32870237181
1005001469320418
1005002930394471
32835197387
1005003329500969
1005003007091874
4001031466236
4000662528651
1005002798355704
32959475739
1005003324907161
4000781040380
1005003345673696
1005002386781322
32982557395
1005002584826857
1005003227230279
1005002227870745
4000120488847
1005002710052367
33021218900
1005003299876379
1005002499443710
1005003109068767
1005002814944649
1005003255092050
32981719210
1005003294659463
32917316810
32398833827
1005003334779633
4001051823155
1005001419544396
1005002930348135
32773235641
1005002339998013
1005002328505215
4000538366550
1005003128704521
33040523368
1005002679213002
1005001667481474
4000996057859
1005003337026270
4001171504471
1005003380713090
1005003082740704
1005002339986174
4001118727872
1005001279600683
1005003387798363
4000349138535
4000241561032
32497490839
1005002753957706
4000047214139
1005003233587102
4001179835225
32848099944
32988440725
1005002394448684
1005001999193196
1005002652079050
1005002946711467
1005002003209629
1005003147660744
1005001616538409
1005001750465381
32975091569
1005002988221560
32919212514
1005001592903530
1005003301371148
1005002272458971
1005003083780919
1005002751590873
1005002971128852
1005002143174061
1005002867783347
1005002762066574
4001090267106
1005001401780649
1005002559622457
1005001436119304
1005001365250756
1005003328826994
1005003118144498
1005002258390088
1005002827209131
4000726883703
1005001567273714
32761377372
1005002219422497
1005003239873874
4000850631892
1005001632957248
1005003338189862
1005003154890121
1005003136524513
1005003308052370
1005002866684310
1005002192369420
1005001627404566
1005002718041683
1005002756044153
1005003193407502
1005003184405555
1005003000438898
1005002997901737
1005003327060968
1005002108574143
1005003038403988
1005002683203673
1005001888495320
1005001555587020
1005003041011807
1005002761864775
1005003209412021
32864598556
32753175267
4001009749554
1005003001176304
32818444801
4001280202538
1005003057009081
1005002040033433
1005003218509429
1005003367718740
32975085074
1005002978891451
1005002474322575
1005001599768582
4000910228609
1005002692705640
1005003106960089
4000761768119
1005002652485206
1005002903819622
1005001270030709
1005002940484846
1005002809849991
1005003135340685
1005003118124073
1005003352683399
1005002682332633
1005001495652998
1005002346598966
1005001439854258
1005002611313121
1005003387829289
1005001639244676
1005003305673939
1005002095639525
1005002965126795
32964263235
1005002749036375
1005002465860051
1005002434132023
1005001894575535
4001214640366
1005003009900576
1005002569359283
1005002396683137
1005002302680417
32350087905
4000595109797
1005003389769379
32964468712
1005003196726831
32875540646
1005002917543274
1005003227782308
4000911529910
1005001607333596
1005003350894775
1005003164920750
1005003205966545
1005001447263439
4000772956790
32866959573
32819363404
4000119073228
4001095700327
1005002636892573
4000459881653
1005003368106392
4000083946716
10000402434173
1005003087438469
1005001550963600
1005002205151669
1005003170576761
1005002600806639
1005002554003313
1005002370252446
1005003096475398
1005002635421359
1005001732257917
1005002981137790
33042368613
1005001525476181
1005002572911127
1005001868574714
32852967247
4001278826843
1005003141191110
1005003261974050
1005002610671486
1005003092713615
32829417887
4000930624725
1005003320604006
4001037913849
1005002703326490
1005001977498764
1005002953884167
1005002526608643
4001054209730
1005002978054051
32967292972
1005002461116841
4001119435837
4000410891688
1005002240927466
1005001464477869
4000882383632
1005002463308402
1005003339608855
1005003123507975
4000306457217
32821457422
32867668926
1005001280727012
33019094950
1005003312557021
4000837206842
1005002169961725
32673487688
1005003196745306
1005002267998339
4000888946738
1005001388136147
4001209743440
4000699681973
1005003247351075
1005002273469988
1005002815023326
1005003179897920
1005002559925218
1005003078321262
32977195157
1005002991357311
1005003281763414
1005002834426122
1005003029760926
32982936940
1005003087477562
1005003333369713
4001322145207
1005003390452378
1005003038931095
1005001987978324
1005003308731487
1005002245256941
1005003117690077
1005003259293180
32946805314
1005002827647948
1005001935096289
4000641762718
1005002485543715
10000168091936
1005002350895971
1005002983332642
1005003088317420
1005001841108060
1005002648995989
1005003369133333
1005002265427034
1005002227662838
4000074169197
1005003290678216
32957244390
1005003278772219
1005001401795501
33042188786
4000104680348
1005003290540059
1000007752787
1005003344436104
1005003312483568
32607560508
1005002535602748
1005003104198867
32817548773
4000193554255
1005003271250423
1005002254096119
1005002933251147
32950278676
32782630040
4001017581342
1005002124716907
1005003101044009
4001010478143
1005002477152281
32810007378
32981056757
1005002519570517
1005002508723697
1005002589025317
32851817270
33034274015
32611553245
1005002568782382
1005003050719574
4001281706287
1005001814737134
32812926205
1005001773723164
4000532314206
1005002976597794
32872691488
32870190334
1005003308513192
1005003359671962
32823402794
33012245392
1005003259076776
1005003349922791
1005001613163382
32830292542
1005003347670566
1881356679
1005003139210185
1005003164811670
1005003004188434
4001002832087
4001285879158
1005002960296941
1005002388313586
1005002603558680
1005002296854623
1005001927458629
1005002803578548
1005003150298128
32838498105
1005002868975613
4000159302267
1005001373534972
1005003009777434
4000469370841
1005002531499397
4000492644567
32916571472
1005002363644144
1005001288137794
1005002751666204
1005003059099997
1005001387304093
4000506187324
4000852052582
10000416200506
1005003214435018
4000295511166
4000084260720
4001017699702
1005003070254524
1005003312478022
32909953482
1005003300744967
1005002698483223
1005003029767883
32739864014
4000945952369
32860985266
32954522500
4001008366413
1005003303615864
10000209655782
1005002532190278
1005003025035620
32972232236
1005002992686365
32804864546
32838086056
1005003219584394
4000081516712
1005003269282826
4000445715372
1005003148299804
1005002304459331
1005003386434503
1005003303197181
1005002751883662
1005003316380402
1005002856822598
1005002906469832
1005003070872040
1005003292180609
1005002402727868
1005003197873842
1005003302262586
1005003133984014
1005002181903177
1005002055749196
32958428392
1005001875753226
1005003276477398
1005002431331572
1005003239603628
1005003307109636
1005002643592348
1005002213613463
1005003337637873
4000909670462
1005001285353668
1005001419575858
1005003383595050
1005001717973931
1005002789091897
4001071573181
1005002679196149
1005001281075031
32906129471
1005002020596545
4000049096091
1005002651320025
1005001967264300
1005003049961290
1005002331708031
4001030851740
1005002610737447
1005001474721504
1005002023828770
1005002394916741
1005002687914007
1005001607249911
1005003255482320
1005002647202999
1005002575868809
1005003204556229
1005003344151921
1005003100046876
4000380988532
1005003201743785
1005002253979391
1005002985365093
1005001896919116
1005002647187952
1005002083900415
1005003390679697
32760390988
4000445741463
1005003379865914
1005003386333310
1005003315131097
1005002525019032
4001315102342
1005003322262210
1005001797123634
1704128520
1005002840800986
1005002957427198
1005002113063048
1005002990730988
4000466607376
4000280298210
1005001287234386
1005001781503125
4000583776177
1005003160221538
1005002037347898
1005003097155688
1005003338017903
1005002662078670
32978683359
1005003064439383
1005001335811355
1005002985119139
33029988481
1005002568090689
1005003041802144
32896208399
4000626092407
32847018076
1005002779735187
1005002177568153
32889631163
1005002139770318
33021267014
32755303355
1005003020279433
1005002779962817
32986805365
32916230526
32836647761
4000053410081
4000283648319
32876247157
1005002983406336
1005003083940190
1005002449567943
1005002122414541
1005003135775735
32323968397
1005003196943383
1005002495217261
4000382347553
4001081351957
1005001475819113
1005002716186471
1005003191288381
1005002139995347
4000803305462
32986167738
1005002615043082
1005002687156197
1005003186830722
1005002252559350
1005003238253542
1005001370342170
1005002339623137
4001207323953
1005001284713384
32849770809
1005003000941753
1005003344081526
1005001350699607
4000003081105
1005003019226938
1005002869029989
1005002412482925
1005003167258552
1005001566932068
1005002297942356
32976060610
32918264443
1005002637037594
1005003081782758
1005002526331081
1005002967411679
33026015372
1005001871985460
1005001897431287
1005003194113338
4000826310299
1005002995823620
1005002829823088
1005003202603696
4000857288789
1005002480893120
32901148548
32862580221
4001234784644
33042691747
1005003299058270
1005002920888176
1005003362950021
4000104507381
1005002762279529
4000560902232
1005001694567761
32833405498
1005003135616981
1005002447460358
1005002647303147
4000029890216
1005002501918878
4000643159474
1005003068489997
1005003311432707