1005003032423814
4000453802134
1005002759656607
1005002753011200
32854377522
1005003096817868
4001189569769
1005002912109102
1005002383524677
4000414397489
1005002822163104
32995951877
1005002511059262
1005003310341727
32852047595
32668599038
1005003169094316
32981307049
1005002680234657
1005003340879542
1005003238951130
1005002809518169
1005002971714776
1005001639256087
1005003253597552
1005002485793355
32983422642
4001356230222
4000944988409
32760577407
4000843398735
1711908069
4000903719689
33049790371
1005003384249023
1005002394179111
1005003307450345
1005002525120110
1005003097064047
1005003283431001
1005002812956804
1005002907531788
1005002913822279
32594214915
1005001869213260
33003480816
1005002301368059
1005003366215111
4000731318366
4001256367723
32972682948
4001066869470
1005002871004364
1005003196422318
1005002023745538
1005002813310280
1005002926479667
33033294814
1005002018931499
1758568231
1005002317727608
1005003144489974
32813147932
1005003155874616
1005002970681320
1005002949390146
1005003013211965
1005002393177569
1005003324812983
1005003304469484
1005002918248106
1005002101386117
32953813277
1005002576973438
1005003177038808
1005001526832960
1005002836449060
1005002821435889
1005003378865357
1005002093699943
1005003160297623
1005003121980136
1005003222988606
4000314708916
1005002871294040
1005003372438715
33004915312
1005002864556569
4000812079074
1005003176180501
1005002672469266
1005002808861789
32970451761
1005002503247928
1005003279119854
4000151259382
32859023469
32970669847
1005002877163962
1005002788988035
1005003045258956
1005001929044601
32919876681
32838309156
32725474194
4000438068171
1005002497025954
32906962730
32631520799
1005001508072890
1005003030109773
1005002339346453
4000628897377
32876243535
1005003261806664
1005003340839232
1005003330339629
32881885967
33013689657
32853102882
4001062309336
1005002423423723
1005002905115251
1005001765179219
1005003178196137
32859218599
1005001710248482
1005002134640723
1005003330408565
1005002916909398
32963806649
1005003256850337
1005003162604296
33039385026
1005003249936008
1005001633820092
32854703370
4000130916090
1005002967547918
1000004004056
1005001872196310
1005002758880993
1005002328694228
32845620081
1005001324835031
1005003069190861
4001226801692
1005002537968110
1005003172662859
1005003298285068
33039027597
1005001364629598
32934527995
1005003206517293
604460360
1005002682999024
1005002943298394
1005001804486229
1005001587453338
4000830487024
1005001718785735
1005002659247828
1005002696160133
1005003349205874
32875768886
1005002053691682
1005002938049213
1005002340467400
1005003208403959
1005002559321059
1005002194101148
1005002957074101
1005001345628641
1005002989593658
4000269843092
1005001345405077
1005001590263579
32853153048
1005002849817099
1005002727546637
1005003161282300
1005001860447008
32575267523
1005003190243643
1005003065641320
4000726044791
4001214747631
1005001567276722
32804758119
1005002943917063
1005002701838560
1005002979725499
1005001727360161
1005002206438258
4000755957057
1005002228474355
4000313305401
1005003151797700
4000420312428
1005003291271825
1005001422929788
1005003374956492
1005001824994136
1005002623166907
1005001465411607
1005002731980039
4000379334244
1005002824151297
1005001908451094
1005002250562075
1005003214390477
1005002768123353
1005002754101837
1005003155754814
10000012350327
1005001985096568
1005003004283526
32945256459
32958323900
33010260339
1005003338804263
1005003387396779
10000002473236
1005003229294456
1005001437287560
1005002901169962
1005002866423170
33060890296
4000104916659
1005002594389723
1005002038012960
32817228942
1005001822714821
33059754090
4001156867922
1005002600767580
1005003161980046
1005003251692941
1005003134088311
10000002724871
32988483760
1005003152500644
1005003121595410
32993781684
1005003147339511
1005003138398483
32296481139
1005002876392668
4000116886404
1005003382058531
4000544905434
32588437016
1005002547133614
1005003273223217
4001196659057
1005001753483071
1005002941074438
1005001608490746
1005002937075964
32955670858
32842468247
1005003050972136
32718320103
1005001572124993
4001005203004
1005002604350489
1005001303835669
1005003335877847
1005002314376264
1005002379055818
32818634772
1005002288741211
1005002830534443
1005003097778087
1005001337858623
1005003218390205
1005001952499254
1005002376928762
32830755651
1005003075809913
4000186059462
1005002180985238
1005002868833435
1005001399047904
1005002260434881
32813842863
32810114166
4000144912150
1005002567862642
1005003199098980
1005001841382231
32864645408
4000380801325
1005002090196207
1005003167289044
1005003182061035
1005003033962291
1005002259501586
32879326747
1005002083676306
1005001592270556
32855946317
1005002565761987
1005001858275366
1005001665514781
1005003322709204
1005002457961296
1005002340590941
32817220476
32961942191
1005002069192813
1005003372019861
4000862574725
32857619429
1005003033507676
33005404774
33037167407
1005003223249014
1005001284540396
32651258748
1005003127891202
4001222646672
1005001268651421
1005003069470292
1005003215427552
1005003120949635
32809501677
33061187512
1005003021917706
1005003036843766
33049158011
1005001625734149
32802498424
1005003067050457
32806532239
1005003333121145
1005002589244114
1005002989670846
1005003266674229
1005001387970685
1005001468853594
1005003076183234
1005002946552541
1005003304035166
1005002709687908
4001105816361
1005002630827252
33032278402
1005002014785263
1005001768480530
1005003069294806
1005003047600191
1005003018207026
1005003136398403
4000176435025
1005003025020055
1005001756480378
1005002642504356
32881889147
1005002956162073
1005001989344183
1005002678629820
1005002465741195
32934355417
4000514896863
1005002869316815
1005003323732829
1005002674707718
4000119088543
1005003118348416
1005002612396966
4001273373203
1005003241714950
1005003304654672
1005001792419209
1005003316519282
1005002996172195
1005002939204191
1005002947973953
1005003391835524
1005002247598041
1005002870505747
32863984663
32990082510
2055526249
1005001266739343
1005003111334684
33043981225
1005003355650014
4000854257568
1005001882345428
1005002833674644
1005002799426970
1005003197075210
1005003082438306
1005003286246937
1005003208518490
1005002771341935
1005003264613841
4000662719247
32449950819
32832668527
4001261522614
1005002311086899
1005003131245209
1005003329543273
1005003255528370
32944369823
32854669702
1005002459043326
1005003006139588
4000207316678
1005001776603115
32997509441
32915489796
1005003004313420
1005001552614807
1005003178785526
33060943509
1005001597274555
4000921741176
10000144725896
1005002821993585
1005002794604370
1005003082970734
32937109485
1005001793193168
33056992829
10000343886805
1005003392529835
1005002599433869
1005002755965766
1005002069270617
1005002352667318
4001333732925
1005003112804421
1005003027211432
1005001808762219
1005002461000725
1005002763987057
4000267615397
1005001849289268
32922028413
1005002999430697
4001179629433
1005002717140227
32845669108
4001127396894
1005003149349891
32914373749
1005001901655680
1005002758726244
4000167543106
1005001526828901
4001186432499
1005002876109518
1005002524448221
1005003299057352
1005003133776848
1005002310482589
1005002635088414
1005001882381444
1005002506145010
1005002535098673
1005001770564953
1005003282035529
1005003112885345
1005003139930825
1005001930986805
1005002416538942
1005002666600241
1005001512979347
4000012079399
4001301638967
1005002596773897
1005002836214949
1005003138452976
4000028527626
4001205010215
1005003109819867
1005003109626845
1005002875141989
1005002517952156
33006678301
1005003080554289
1005002125677566
4000243338384
1005002885073330
4000071020001
1005002794842303
1005002073327352
1005002656496766
32878989725
1005001839332213
1005002565169329
32945304443
4000980307149
1005002435782175
1005002785046478
1184085623
1005003331700264
4001230665966
1005003352723756
1005001899372837
1005001737792905
1005003234860784
32885317193
1005001866648723
1005002726857577
1005002594633852
32862441652
1005001886430098
1005002083815751
1005001525460340
4001332182797
1005002443067797
1005002593220901
1005002059499487
1005001967818512
32950013129
1005002887727065
1005003367105015
1005003361455218
1005001893673040
1005003338922785
4000735288307
4000818088072
1005003246007523
1005002783280793
1005002264650037
1005001506206356
1005003241512729
1005002598620890
1005001907222338
1005002655739444
1005003305681866
1005003293767082
1005003343997936
1005002660221093
33023467990
32990183715
32888913010
1005001750923059
32953057506
1005001747815304
1005003118086055
1005001947787556
4001246068819
1005003248914772
1005003202158256
1005002394085887
1005003293871929
1005002568295164
1005002279786059
32281109427
1005003309742590
4000574373485
32957317666
1005002840284704
1005001657085864
1005002945939368
2036098191
32917544715
32763260939
1279008316
1005003215202230
1005002751957145
1005002123367408
1005002636788178
1005002834482590
1005003292721477
1005002653363202
1005002265230440
1005002032473352
33005866089
1005002305495125
4001208342543
1005003345442318
1005001608687012
32791744772
1005002965709009
1005003112480813
1005003004571176
32898749603
1005003149953322
32808722718
1005001482868365
1005003078906926
1005002686488279
1005002314186720
1005003098812291
1005001705893590
32961574017
4001051211969
33000541559
1005002898096871
32797115947
1005001387221702
1005002762366829
1005002028002833
32843345916
32844385940
1005001587451036
32885564112
1005002560853009
1005003344518099
1005002782741065
1005002386367666
1005003065347696
32857006504
1005001512076755
1005002494158846
1005001500585401
4001263910651
1005003050881170
1005001319983416
1005002317568779
1005003008040449
32955942842
1005002110611554
1005003214266794
1005003283361182
1005003330075913
4000719823561
1005001989011079
32866352668
4000751598300
1005002536835845
4001161737691
1005003250972750
4001105512462
1005002551747273
32881119877
1005002353383088
1005003086715253
32853074886
1005001754191432
1005003088648554
1005002709840443
1005002657393668
1005001495630145
1005003176528634
1005001849118317
32810068992
1005003107411294
1005003029231439
1005002869659558
1005001511178208
32897060447
4000238928222
1005001998080167
1005002721895694
32784940060
1005003186117918
1005002084700560
1005001898860633
1005002855223361
985264576
1005003338829759
1005003267892302
1005002503870311
1005003337355746
1005003229004105
4001160824177
1005002536548660
1005003243687620
1005003173816046
1005002320355647
1005002415901013
1005003320629921
1005002668124193
1005002398757789
1005001895378832
1005003385888000
1005002843366378
32853639978
1005002500738077
1005003257372337
32864253558
32840620089
1005002543235617
4001260811461
1005002545043218
1005003341746592
1005002342954255
1005001983842897
4000288732208
1005001988734858
1005002681240163
1005003239631596
32918167861
1005002186849424
1005002409277909
1005003360324621
1005003043689056
1005002919952909
1005002861161645
32848498961
1005002363989672
1005002207021420
1005001265363881
1005002748274829
1005002311003270
1005002776042102
4001120563845
1005002622269465
1005003384201962
1005001650716422
1005003350002645
1005001680502552
1005003009695620
1005003069879111
1005002806465443
1005003274385882
1005003090331585
1005002889822264
10000142397610
1005001393221188
1005003208508280
4000016950034
4000069011279
32890653074
1005003261852390
1005003280330869
32857084724
1005001450583371
1005002637479118
32789921898
1005003153349061
1005002727392482
1005003127517675
1005003081767079
1005001780348182
1005001493528922
1005002298246817
4000153096432
4000188824339
1005002813224585
32996506267
4001360188910
1005002677885286
1005001377116879
1005002906909288
1005001652821358
1005003147117437
4001248113664
10000021873625
1005003372113329
1005002925881944
1005003277443064
1005003205975381
4000712088815
4000445067552
1005002755224184
1005002773447701
1005002991287802
4001039432445
1005001883528670
1005003050771022
4000744358770
1005003129009213
32968350180
1005002076780467
32701307648
1005001798569470
1005001942145976
1005002949046427
1005002265050507
4000325187200
1005003361358163
4000661057641
1005002790672410
1005002133485288
4000926390176
1005003337684143
4001264923222
32827827383
1005003168548860
1005003076632150
33043550899
1005001592273788
1005002300846911
1005003154663328
1005001926670462
1005003040397409
1005001526066165
32779874045
1005001924609382
1005002119773167
1005003333352634
1005003192755747
1005002368021980
1005003178104279
1005002306693765
33003191803
1005002974084215
1005002485273080
1005002742827005
1005003205830502
33024603889
1005002398810817
1005001998614791
1005001313332519
1005002514972902
1005002837452200
1005003166400132
1005002440174097
1005002901905678
1005002402160224
4000538427019
1005003336465325
1005001319643244
32839749387
32957804837
4000281849426
1005001604253488
1005003049877027
1005002404303190
1005003250919104
1005003003692585
1005003351307376
1005001633468623
1005003274333091
1005002443677294
4000899700177
4000792682301
1005002443584791
1005003073561650
1005003016115165
1005002384546840
32970039868
1005001500605273
1005003254978678
1005002571596554
32774046562
1005002510295152
32659337566
1005003172249530
1005001500142294
1005003334430872
32953139310
1005003146021002
1005002281330564
4000207378634
1005002616235627
1005002586078934
1005003013673794
4000247262015
1005002833961090
1005001710492573
1005003051127213
32752271767
1005001940937587
1005002359346875
1005003302522123
1005003186512696
33003389149
1005001511705548
1005003311436420
1005002771679041
1005003326328922
1005001812681272
32778020956
32967934320
1005002069954872
1005003085358203
1005002967639275
4000045819662
1005002811082685
1005002183797068
1005001639389395
1005002601533371
1005003022880638
1005001541636249
1005001953352281
1005003208433841
1005003377517908
1005002625184964
1005002994790637
4001197387348
32582821447
1005002122413847
1005003143800396
32831551840
1005003372530776
4001084066863
33024552790
1005003270053249
1005001633656522
1005001639884022
32765677840
1005002336455838
1005002503644376
1005003081738448
1005003109876353
4001305161467
1005002593039034
1005003243508982
1005001961315476
32828097855
4000817996280
1005002314267996
714408543
1005003323931333
1005003317443266
1005003167584689
1005002766771464
1005002176671691
1005002781748914
1005002132514059
1005003088964837
1005003271420809
1005003294937815
1005002972153565
32888341494
4001333235592
1005001893520566
1005003086893450
1005002571504865
1005003164701953
1005001987050239
1005001934215902
1005002567245054
4000159588740
1005002512159766
1005002318244318
1005003388168985
1005002339897106
1005003331616574
1005001309858526
1005003221922381
1005003122569371
1005003353227959
4000066163484
1005001622346026
1005003337006450
1005002488076463
32580020657
4001227537062
1005002534848249
1005003307129463
1005001867405123
32826669272
1005002937419249
1005003077096125
4001104177052
1005001825089489
1005002483259344
32762033071
32991966184
1005001444333878
1005003209334135
32979302655
1005002061922367
1005002779864080
33001280372
1005002382140043
1005001733609225
1005003287224798
33005048929
4001256769282
1005002553925510
32890271777
32244967466
32945501191
1005003337453210
1005003209306285
1005003243636153
1005002651060814
1005002481693463
1005001920673555
1005001721680439
4001272335452
1005003091819516
1005002907629970
1005002247968749
1005002989566684
32891052978
4001300283722
32995957373
1005003113998021
1005003335311583
1005002551283835
1005003336133445
1005002926620010
32921893506
1005002248040219
1005003180740884
1005001345843582
1005003352700322
1005003051911500
4001231028240
1005001580771417
32962158880
1005002978455550
1005002227543069
1005003020486852
4000061722467
32891016176
10000397709961
1005002652123159
33017747749
1005003023575161
1005002552874253
1005003004347389
1005003292523533
1005002948804522
657139163
4000414309805
32958110426
32915306347
1005002282046887
1005001658932012
1005003028808536
33039715075
1005003304534273
1005001883825656
1005002730012116
1005002315825128
1005002459512910
1005002375471503
1005002065938809
4000984209786
4001197235092
32638972736
4001286481688
1005001605192624
1005003290322114
1005002517701874
33022090682
1005002393424083
1005002967466278
4000660967132
1005003200951516
1005002281101960
1005003338804263
32897982087
1005003357825373
1005002072462553
1005002981436648
4000149518864
1005002612945180
1005003337658098
1005002841544404
1005001523985588
1005002992786142
4001218960980
1005002963131180
1005003151748600
4001190161339
1005003079526880
4000394131064
1005002357820982
1005003272420715
1005003311093048
1005003228169184
4001120584542
1005002089233757
33050605420
1005002117404308
4001204167789
1005003192891481
32919270768
1005003380533154
1005002608922468
33035439856
1005002965563758
1005003367801433
1005003167017219
1005002604749430
1005003335706261
32860225019
1005002565709869
1005003009624625
1005003230268802
4001275113020
1005003002394699
4001264177275
1005003291866111
1005003371311592
1005003223655649
1005002710183786
1005003049539779
1005002662110258
1005002864372797
4000843003146
1005002652699123
1005003340310520
33060647573
1005001710088963
1005003021602674
1005002991102643
1005003307818096
33022704393
1005003267032190
1005002506633121
1005003321980463
1005002313141506
33047942951
1005002808641760
1005003380154772
1005003166558893
1005001860628226
1005001422049192
4001238683548
1005003220791762
1005003027498967
4000623176354
1005003014781540
1005003100669475
1005002193722612
1005002856475712
1005002735716778
4001126494233
4000232679427
4000392053707
1005002483647640
1005002564378144
4000506296532
1005001958701967
1005002864479941
32984746650
32689268617
1005002316587625
1005002234868961
1005002193165822
4001344516619
1005003152102297
1005001593697735
4001229671902
32978103117
32854072560
1005003128056341
1005002765400739
4000677791753
1005002089364004
1005002253210700
4001259144619
1005003169885363
1005002412355215
32908624711
1005002618980844
1005002270051330
32851331267
1005003307026339
33060579975
1005002739956287
32844723470
1005001307575579
1005003022205280
1005003023553816
1005003021641113
1005002264705954
1005002022142614
1005001940473002
1005001417220342
1005002991416983
1005002974720761
1005003236085807
1005003113568289
1005001575418519
1005003205329521
1005002768264826
4001290275099
4001283209401
1005002924167322
1005003337048975
1005003086878001
1005002939159343
1005001379306898
32616667233
33021852078
1005003029145749
1005002746735492
1005002329047393
1005003265604785
1005002861152080
1005003321190767
1005002099616966
32979177356
1005001969007112
1005003195390857
1005003163751736
32759642517
1005003294859799
32843874051
1005003288942270
32773743038
32843463859
4000382768777
4001130287527
1005002617252851
1005003388069078
32948415623
1005002785172609
1005002937368719
1005002481636169
1005003376573651
1005003159595588
1005002473929446
1005001269996068
1005003362759101
1005003310150918
4000200089273
4000081190900
4000807456240
1005003341419225
1005002449311400
32613238278
1005002946683698
1005003309937026
32617808585
32906286905
1005002573348656
1005003301708864
1005002894436492
1005003248996156
1005002877163054
1005003385016863
1005001296249062
32966852032
1005002611489363
32788408779
4000674565845
4000094562911
33025173887
1005001984295817
1005002316606896
1005002755993315
1005002251962662
1005002371710046
1005003229450904
1005002314291484
33044898367
32883988168
1005002863641569
32978768437
1975711644
1005001274515393
1005002990944841
32983338160
1005003339657744
1005003071857309
1005003196147259
1005003225764105
32963364843
1005002838143582
4000393642405
1005001750952098
32770104326
1005003297647423
1005002795772561
4000346173840
1005003276654222
1005003391263241
4000791497370
1005003342024979
1005002711167807
1005003273219620
1005002196554029
32863317682
1005001972220340
1005002313715614
32764145442
1005001411598201
4001096152817
1005003321037423
1005002622553842
1005002305419963
1005002355952002
1005002949250948
1005003166034887
1005003163139561
1005003086873327
1005003238851819
1005002074479874
1005002776081511
4000232282570
1005002973896724
1005001504528581
32797667415
1005003124029256
1005003086367180
4000220676620
1005003220082431
1005002056689499
1005003100487195
1005003080889613
1005001996222756
1005002391648706
1005002783237115
32966066747
1005002861708501
1005003321129475
1005001837025915
1005003166924366
1005002439814491
4001047859175
1000001565008
1005002888700301
1005002635639658
1005002991463827
1005001972964343
4001042566482
1005003256431227
32778391636
4001286010845
1005003391322234
1005003124007912
1005002996116586
1005003131409126
1005002940765045
1005003355660282
1005003163841746
1005001406503674
33045341870
1005001929972893
1005003101399155
1005001461054588
1005003336680451
1005002534277716
1005001758064788
1005002823989444
1005001404941285
1005003005738549
1005001439066761
1005003097876641
1005002482059252
1005003188149795
1005001666858072
1005002694016337
1005002672356554
4001306415696
1005001587027999
1005003252904934
1005002954023104
32965914978
1005002523870968
1005002351589719
32982864603
4000865412451
32947842508
1005003374782412
32872784505
1005002137301141
1005002501863069
1005003011853970
1005002898600338
4001365372424
4001082273824
4000387222369
4001186535857
1005003365994730
32708536223
4001029419164
1005003174890716
1005002735930063
4001204090596
1005002499405595
1005003209933876
1005003351641660
1005003125286260
4001030025428
1005002315345875
4000308722002
1005003258859863
4001112149648
1005001812564472
32675402159
1005003129188789
1005002517031260
1005003022363386
4000644848851
33032539286
32822304448
4000215346124
1005003239425113
4000231888953
1005001471927876
32967141868
32971798935
1005002034215426
1005003015237032
1005002954667092
32951293967
1005001495558086
1005003329408549
1005002561550445
1005002848681603
4000030972270
32840968995
4000764653062
32951742162
1005003197181151
1005003212458789
1005003387415913
32949113883
1005003382209220
4001206040099
1005001316634758
1005001709367597
1005002943455761
1005002910942432
1005001308452531
1005001916399749
1005003164354648
32954468571
1005001556802221
1005003165889624
1005003214268155
4001244794322
1005003338075157
1005003111279074
1005002486222877
1005001992665052
1005003379179849
1005003223086643
1005002643098190
32972803690
1005003160436677
1005002619889834
1005003351715188
1005002940118075
4000853152853
1005003329191764
4000525880261
1005003075699976
1005003279545407
1005002362654793
4000047969742
1005003163743822
1005002687574666
1005003098488564
1005001805086071
1005003243768562
1005003148125989
1005003344039441
1005002070106867
4000725906870
4000255486424
1005003353679101
4000669975021
33035889922
4001058256194
4000006865097
1005001966063699
1005002274670837
1005003091714618
32791938417
1005002828397839
4001240703300
1005002795309076
1005001586713372
1005002826917894
1005003201345556
1005002646795982
1005003332680622
1005003203508998
1005001835771849
1005002624986528
1005003098394303
1005002571812646
33011773463
1005002464476632
1005003147099594
4000436429613
1005002722727584
1005002912123523
928180393
1005003315363758
32847759774
1005002371948585
1005003143219672
1005001797430395
1005003309623906
1005003126042738
1005003096445283
4001051834485
1005003160412690
4000931959243
1005003298924528
1005001398963233
1005002973702865
1005003211518037
33023711270
1005003050026657
1005001851988282
1005003323547002
32868410811
1005002381140593
1005003330761014
1005002623965809
1005003330447172
4001264341035
1005002995454561
4001263345197
1000007695191
1005003081411650
1005002417509192
32803378415
1005001612572990
1005002300217702
1005002046462638
32953026297
4000544400563
1005003261547448
1005002952232312
1005001877355831
1005002810077307
1005002666108937
32945196905
1005002856440384
1005002647277653
1005003325808174
32396966087
1005003293326464
1005001320566610
1005001997775607
1005003098776390
1005002314123748
32797566278
1005001570367643
32650440629
1005002907502140
1005002811878739
32724179595
4000967011654
1005003361468036
1005003103018368
1005002696824075
1005003176607928
1005001891924213
32913893599
1005003014331877
1005003229287208
32971378533
1005001313841000
1005002517828735
1005003270793024
32870122007
1005002318028495
1005002640984388
1005003116118307
33036631331
32940620287
1005002918378675
4001072027889
1005001817832384
4000969689661
1005002478521403
1005003065023400
1005002693448524
1005001835165367
1005001658770036
4000133128134
4000627097771
1005001385921971
1005002656442532
1005003107599082
1005001702669980
1005002676544625
1005002073993568
1005002320509427
4001020110013
1005001881845207
4000877837426
1005003274728130
1005002806376265
1005003298291704
32787789408
1005001812397042
1005003201665508
1005003315825991
1005003238874558
1005003175772064
1005003066654521
1005001580501586
1005002768981890
1005003112473082
1005002657706092
4001171289188
4001168139018
1005002426566521
32997265427
1005003086605217
1005003264014397
1005002829484872
1005003292963696
1005003140983115
4000346329589
1005003292383099
1005003163572474
1005002138913595
1005002965170565
1005001763436527
1005003089729678
4001026553511
1005002756020424
1005001493441395
1005003342494755
4000652414462
4001040695584
1005003190650756
1005003342056132
33006168704
1005002873484739
32939461707
4000669783988
1005003192104775
1005002878500051
1005003238892054
1005002739324447
1005003089051899
32849244704
32996538109
4000614581060
1005003161386741
4000964034118
4000645331822
4000920937189
1005001370512342
32614726360
1005002768610596
32827669221
1005003280642162
1005003357014423
1005002220372423
1005002717925879
1005001552574170
1005003178392154
1005002313756251
1005002864702191
32889742334
32971513999
1005001431243244
1005003188283318
1005002039818762
1005002219847271
1005002645144480
1005003152182445
4000693237358
1005003024678047
33051645191
4000557821365
1005002865254146
1005002746949907
1005003330093734
1005002947288135
1005002350482512
1005003022270103
4001033850902
1005002934907804
1005003058497798
1005002035573567
1005002091304042
4001279004707
1005002679503936
1005002457268450
1005002760564015
1005001310833580
1005002602875715
1005003308845020
1005003383348621
32871638705
1005002048641433
1005002642253398
1005002603211311
1005003080360039
1005003009706435
1005003113598689
1005002122296866
4000359956803
1005002255911687
1005002307084952
1005002676475881
32703137002
1005002797054591
1005002871770934
32825791096
1005002880838156
1005003096092870
1005001277968095
32966449516
1005002637548217
32880729656
32820895555
1005002543171531
1005001930057407
1005003318675009
1005002871702861
33020727774
1005003105423898
32826536681
4001022454683
1005002862596382
1005003309564817
1005002422904006
1005003193476053
1005003342833616
4000342869355
1005002623541780
1005002359506168
1005001833488854
1005001594627494
1005003140818465
32836978827
1005003328452289
4001257861238
1005002336614194
1005002077898138
1005002941857851
1005003261650070
1005002071849145
1005002582236976
1005001315621705
1005002991532978
1005002749290884
1005002704582342
1005002921647443
4000209920309
1005003224507907
1005002710843460
1005002769044881
4001263475194
1005002946950510
1005001950371613
32807281807
1005003282711397
1005003278702702
32806367568
33012719996
1005002558075274
1005002734203099
4001295264605
32554996127
4000709166226
1005002879274422
1005003308713659
1005001870765668
1005002578243652
1005003387921112
1005002634993947
1005003087797973
1005003342773549
4001218097290
1005003229721345
4000780880207
1005001585100234
1005002502816173
1005002317681533
1005002282705319
1005003290215647
1005003259791108
1005001698916643
1005002408645977
4000864064861
1005002909046489
1005003346572023
32891196093
1005001419848680
32960650407
1005001633194283
1005003360186129
1005002944220096
32953121610
1005001345229131
32867430853
1005001949864065
4000242355904
1005002717175914
32851003113
4000176877035
4001066862746
1005002339358802
1005002549530431
1005002125255221
4000553473213
1005001430927047
1005003293770996
4001290205152
1005003118089054
1005003097833501
1005002317789057
1005002249499262
1005002563789548
32826041432
1005001608378800
32910279604
1005003144871279
32835859582
1005001393989358
32797187155
1005003227598791
32839079563
1005003095576445
32802382332
32998699749
1005003252457682
4001279226836
1005001408345564
1005002907157636
1005003022234785
4001270611844
1005002927040180
1005003193348301
1005001365483082
1005001458476247
4000143256025
1005003299988676
1005003082902132
1005003079270450
1005003021142078
32818740177
32957881011
32951909175
1005001756381598
1005002520163634
4000041018766
1005002969975934
1005002315808103
1005003037218366
4000549146771
1005001917639120
1005002038326049
1005002754269930
4000180027498
1005002984979687
1005002050942151
1005002744910613
1005003095221088
1005001899976969
1005003302767441
1005003138873476
32858217059
33010602469
32955268692
1005001632705834
1005002332910170
1005002910860621
1005002293559212
1005002882445922
1005003019162482
1005001644168583
1005003370871436
4001173849627
1005003191128721
1005001338829284
1005002446956007
1005003306638095
1005002523851655
1005002651997600
1005002885456527
1005001984860924
1005001566430307
32682184439
4000503087829
4000012120306
4000954532476
1005003124375263
1005003274505109
1005003209528584
1005002568126991
1005002678353704
1005003330514511
1005002029315428
1005002035255695
1005002739040232
32821695846
33032378170
1005002677917158
1005003048829753
4000175893015
4000029162934
1005003026992631
1005002522524927
32956240407
1005002594376393
1005001376121170
1005002984722882
1005002697581852
4000769738003
1005002823246665
32957077676
1005002649133191
1005003315014858
4000107521025
1005003386287492
1005003341987321
4001036648031
1005002883840438
10000351756553
1005003124509178
1005002473617828
1005003040889229
4000435312922
1005001975360492
32990049828
1005002324138308
1005003370692488
1005001611877918
32938890309
1005002754106678
32778902442
1005001906975014
1005002974137396
1005002769265296
1005002293398612
1005003092328218
4000549425778
4001021264816
1005001775019410
1005003122508836
1005002679943495
32964843572
32973300110
4000954967246
1005001525944136
32822863619
1005002622694113
32967975426
4001021668813
1005001758207098
1005003130117867
1005002938811520
1005003209127835
1005002897971379
32958872609
1005002318150185
1005001860108006
1005002074633956
1005003175093839
32992660363
1005002753254202
1005002111726811
4001115809429
1005002950314485
1005002668511620
1005001967629210
1005003371384885
32966478446
32785755504
1005003350881596
1005002952568490
1005001895978088
1005002760643146
1005002657700203
1005003207641330
1005002647300237
1005002789332547
1005001997962146
1005003337699692
32844660141
1005003385030612
1005001634625755
32352176410
1005003204617108
1005003363706845
1005002375823680
1005002982252990
4001143284941
32876309753
1005002289967280
1005002478932771
1005001406302102
1005002823584092
1005001611670686
1005003205651753
1005003213349905
1005001344293888
1005002993057559
1005001768433728
32828133438
1005002976223300
1005002658569397
1005001859687943
4000385504402
1005001521660813
1005002994491086
32555507005
32563347158
32921139353
1005003281068931
1005003367428123
1005002084176942
1005002884527349
1005003193265329
1005001737178233
1005003007957272
32845406056
4000050248460
1005003092753089
33007886292
4000203065204
32879172245
32904125957
1005002938106031
1005002964577752
32951299369
1005002865505594
1005001985548269