1005003375835504
1005003133136752
1005001498631482
1005002821965214
1005001354594439
4000917293868
1005001646160384
1005003109120970
1005002740184413
1005003371040590
1005003219707995
1005003134625145
1005002200533481
1005002877625284
1005001442969276
1005003391286711
32795802322
32853439679
4000349926440
1005002612850538
4001050995358
1005001661339993
1005001883918755
1005003291767602
1005002339830893
33005521393
1005003129434985
1005003344792284
4001343984986
4000742251732
1005002489520193
1005002321871743
1005003123957126
1005002511373672
4000196252054
1005002105996315
1005002375136553
1005003312291903
1005003129030362
1005002119711203
1005002402232388
1005002876893010
32849691436
32675740352
1005001381960543
1005002948200065
1930764773
1005003202246926
1005002886215901
33039624719
4000915726885
1005001606266351
1005002784647652
1005002253511567
1000007625084
1005002917398669
1005003028775929
1005003386310215
1005003341337721
1005001576374247
32564872153
4000918168052
1005001871927913
32868854627
4000250153183
32912550745
1005002394768773
1005003254314846
32869678747
1005001905543419
1005002176119930
32876410943
1005002370604794
1005003105805666
4001040911786
4001170772326
4000501364318
1005002886158958
1005003251127587
1005001275662202
1005001350976344
1005003298866058
4000684594042
1005001769913090
1005002941596957
1005003240638679
32963215625
1005002113299073
1005002835182387
1005003314877073
4001048370648
1005003088063395
33003528092
33009244445
1005003213663300
1005002842082982
1005002566101661
32487130084
1005002866670479
4000763540542
4001202738914
1005002821192688
1005003027241188
1005003371128910
4001032155670
1005002085822983
1005003002324887
1005002974039871
1005003202749438
1005003269634747
1005002985339446
32637390397
1005003293472665
1005003321127574
4001000819962
1005002345936535
4000926577933
4001211501455
4001110809913
1005003148097994
1005003200551138
4000117512377
1005003103875271
1005002728228108
4000125907146
32851802056
1005002281025335
1005002632172527
1005003143420811
1005001972229546
1005002668100308
1005002448427502
1005003312326529
32661267711
32910516167
1005003215392772
1005001334962899
1005002543583395
1005003216060582
1005001560910833
4001080710479
1005002541080919
1005002674948193
1005003187000700
1005003112648764
32867706592
4001131650393
1005002227793048
4000085994873
1005002601988497
1005003340391031
1005002316346133
33056485885
1005003044470101
1005002008209768
32819689514
1005002334440836
1005002752126934
1005002708046145
1005003200539893
1005003330851505
4000100000401
4001112556433
1005001602430827
1005002347640850
1005003337656885
1005002837922124
1005002491483891
1005003156528025
1005003078937027
1005003329758793
1005002079629697
1005003093757338
1005001559841640
4000929274011
1005003268090031
1005001381678097
4000944134232
1005001631987104
1005003349408332
1005002577200136
1005003385079163
32998056545
1005003242395537
1005003123325733
32841742428
1005002907384795
1005003083409119
32888818586
1005002218290795
1005003088746303
32837465418
1005003271631897
1005002388968758
32235813213
32966179610
32856119910
1005003219141579
4001268399621
1005003208516046
1005002311658234
1005003133823540
1005001838697437
1005003216915743
1005002859050032
1005002772196500
1005001277969814
4000849305042
1005003191295035
4000668039138
1005001606170572
32923312520
1005001397410853
32901898236
4001177666154
4000709441118
4001085965442
1005003114635782
1005002906192885
1005003277007919
1005001591125243
1005002957866596
32863014102
4001248311628
1005003129555256
4001304261949
1005002614460166
4001278850908
32982161035
1005001520871958
1005002692863988
1005002540937248
4000709666296
1005002634383270
4000836891607
1005003380266504
1005003136268433
1005002376880567
1005003299759792
1005003070662602
1005003351357733
4001320246193
32843878137
4001350972611
1005002493430561
4000384553154
1005003100193500
4000614445689
1005002316568743
1005002768190138
1005002912674040
32922080196
4000547007219
1005002389660049
32864446597
1005002344787338
1005002513215640
32825968224
1005002656272057
1382635576
1000001521826
1005003356684829
4000610833075
32849999034
1005001463778171
1005001930830628
4001142947537
1005002920911431
1005002423926532
1005001478163316
1005001386228599
1005002575940730
1005002547761074
4001042786860
1005003167566029
1005003213874401
1005003080085354
4001285114724
1005001921769741
1005002694662543
1005003196810273
32863175752
1005003210444204
32855726034
1005002390077599
33054551232
1005003072867788
1005003222195984
1005003183616966
32847552016
1005001319792166
4001217082579
1005002426350949
33046074151
4000038714519
1005001761856835
1005002623762688
1005003161805667
1005002989360968
1005002669361748
1005001361178044
1005003303314041
1005002856601910
1005001891274449
1005003245220629
32954832921
1005002645824845
33017759818
1005003299541503
32963215625
1005003268006858
4001164002142
1005003207958391
1005002997685576
1005003376078103
1005001519406476
1005002956125879
1005002412351234
4001223101752
1005002880744578
1005001976964086
1005001303898342
32616133830
1005002333791130
1005002288844731
32971531293
1005001707879439
32803905562
1005002273587017
1005001313869528
1005002595949781
1005002708167964
1005002313511538
1005002990074008
10000272421509
1005003016036105
1005002298192329
1005003005156310
1005003391601106
33013744286
1005003256081694
4000989029393
1005002868789739
1005002836248581
1005002947216967
32851055350
1005001975453617
1005002176506349
1005002524356648
33005916635
1005002755701532
1005003012093853
1005002116261928
4001277492308
1005002637097087
1005003364594207
1005002105315977
32811234699
32862293100
4000337893313
1005002879228643
1005001665557969
1005003012557082
1005003187130780
1005003108257797
1005003339368396
1005002686721103
32909941979
1005003206234865
32830565700
1005003210698813
1005002525005372
1005002649151188
4000207353936
1005002604903708
1005003312359326
1005003010318787
1005001855962442
32638624253
1005003092384004
33007674633
1005003379005915
1005002254077545
1005002220033949
1005002382305859
4001159539146
1005003387777444
1005001512681754
1005003081470380
1005003307873701
1005003144747397
1005002421544309
1005003307363350
1005003353445388
4000315185708
1005001644336404
1005003366081198
1005003065727660
4000709793924
1005003337288056
1005002397895332
4000123128436
1005001292544717
1005003356915894
32991526026
1005002483636263
1005001979260496
1005002467488878
32765269030
1005002139879047
4001036410354
1005003362170459
1005002911499906
33024595676
1005001929999431
4000879456413
10000404563569
33022222120
1005001961598463
32964728783
1005002570117212
1005002524588021
1005003359742735
1005002766081260
32634012785
1005001407533677
1005001834453248
1005001580082316
1005002842821973
1005003070762331
1005001873540905
4001159601907
1005001698434316
1005002753804169
32969804227
1005002870506356
1005001732970272
1005003385943691
1005003208472713
4000991273774
32863872178
1005003112088457
1005002911863100
1005002084548092
32792873114
1005002851163910
4000534822242
1005001893288403
1005002843168700
4000273171189
1005003303413411
1005003066182182
1005002518495481
4001129146777
1005002298767433
1005003330372611
1005003035227473
4000298334262
1005002861620142
1005003148513917
1005001941573992
1005003282653604
4000218317239
4000024359132
4001143628457
1005001710614231
1005003021489115
1005003211528041
1005003280953952
1005002439309205
1005002232551614
10000332710065
1005003026358726
1005002208206608
1005002495789580
1000008179725
1005001483539970
1005001597298660
32954451065
4000773893104
1005001950049306
32921347349
1005003035283557
4000843167318
4001174344467
1005002416404519
1005003255444443
1005003147425182
1005002799702925
4000955862806
32960389942
4001062126797
1005002321037305
1005002351550762
1005001389159550
1005002000601014
1005001402237178
4001243754744
1005002558419261
1005003218696229
1005002753565202
1005001904095524
1005003287437441
4001243814344
1005001666382980
1005002819897743
32971006610
32888842758
33019367840
4000585652564
32880702407
1005002636703994
4000769959752
1005003076513642
1005003129953022
1005003030421746
1005002871981009
4000084347659
1005002404192195
1005003167670440
1005002858785101
33037870135
1005002989190255
1005002850218073
1005002365003323
1005001412839989
32961408521
4000017872157
1005002893867752
4001043214797
1005003380655180
1005001978686720
1005003171373087
1005003266432901
1005003276826730
32827012417
1005001653455989
1005002506856279
1005001579313681
4000843927080
1005002886704147
4000041945555
4000202446569
32828138152
32828162271
32796740215
1005001639252277
10000012902383
1005002552870664
1005003323755399
1005002224759897
1005003178854864
1005002114855338
1005002674849251
1005003124862932
1005003290287787
1005002393349125
1005002186189136
1005003228041589
1005002512245653
32812553449
4000249771280
1005003305952709
1005003122990296
1005003017742931
1005003016476053
1005003283273229
32885151361
1005003314005262
1005002388413300
1005001941333929
1005002605643344
1005001383406709
1005003160334605
1005003254738146
1005003303562579
1005003383099338
1005002738326070
1005002281448442
4000893755045
1005003056523078
4001052739645
1005003173598415
1005002337345912
32835322476
1005003252020390
10000098983784
1005002808203624
4001227624643
4000337713121
1005003114344108
1005003386233937
1005002623257586
4000328458833
1005002677650541
1005003200708581
32923992143
1005001864255247
1005002880154228
32967038302
4001127694242
1005002238111634
4000711959516
1005003283221066
1005003379923582
1005002892140655
4001279233898
1005002647348220
1005003258890009
4000741472035
1005003332378566
1005003288665325
1005002949302793
1005003310837170
1005001348849917
1005001874146276
1005003113091197
1874945461
1005003072436334
1005002626300093
1005002462540174
1005003183615589
1005002599254028
4000903628964
4000011254936
1005002165796918
1005003142264735
1005001786038315
1005002933017136
32966183451
1005001494335512
4000798275364
1005002362793126
1005003223710412
32833276480
1005001566543161
1005002275857332
32921374639
32780824052
1005002324791237
4000168058056
1005003348280602
1005002789697606
1000001693385
4000448533566
1005003127805334
4000330952948
1005002988935033
4001165809017
1005001968250663
1005002054983786
32995054564
32968969582
4000558642156
1005001501084116
1005003334924835
1005003183557124
1005001393113122
1005002873511214
544978237
4001211205392
1005003263780101
1005003209024068
1005002546481109
1005001599190177
1005003021549459
1005003050685816
1005001379626135
1005002492359680
4000639128459
4000777939890
1005003146279146
1005003339679863
4001231310794
4001272169548
1005002797405124
1005002958089237
1005002557006003
4001231859842
1005002276291255
10000002717992
1005003014446431
1005003291471379
1005003021589188
1005003275604920
33002144305
1005001538591826
1005001954319822
1005002011828836
32902575280
1005002762928261
1005002541088013
32912349481
4000916718974
1005003032057738
1005002654326576
32778723561
1005001604457595
1005001388883676
4001113053241
32902194610
32360784573
4000358333047
33038694162
1005002971838440
1005003000048263
1005002344851630
1005001319504361
32777285079
1005003336269589
32824368295
32433017049
1005003288222167
1005002599004463
4000309956922
1005002703394419
1005003022186711
1005002291239165
1005001649563047
32872517436
32588593499
1005002037929597
1005002843290209
1005003118040406
1005003138028794
1005001620272907
1005003255533165
4001284041411
4000741735804
32955362521
4000824399264
1005002037487089
4000016908055
1005002819799626
32859496356
1005002771326825
1005001554944915
1005003026261747
32844103766
1005003124098223
32994499706
1005001965032192
33029125837
1005002292141638
1005003171961621
32743645016
1005003385623171
33018383612
4001160053782
1005003015737324
1005003227644571
1005003204633079
1005002813438293
4000997326803
1005003012446052
33015027180
1005003174688433
4001035994384
1005003335085179
1005002711907471
4000575893158
1005001518882967
4000303317617
1005002783667610
1005002579734583
32461182830
1005003208705011
1005003323492234
32958122957
4000715685746
4000101007668
32842509724
1005002921288148
1005003221675429
1005003286696840
1005001890883326
1005003308963420
1005003388388972
1005001422888690
1005002717213204
1005002964622522
1005003280912368
1005002735838529
4001139520378
4000575465904
32816722607
32727527848
1005003263409284
32959684544
1005002133962634
1005003191962347
1005003337659914
1005002487992933
32971219555
1005003195797641
1005002197944606
4000857190725
1005003146197721
1005003328006034
32870319139
1005003338043300
1005002996933237
4000717112279
1005001543507927
1005002537368752
1005002857355563
1005002755645457
1005003073937064
1005002842898016
4000398502648
1005002459240892
10000402384922
1005002315074534
1005002399933887
1005003079339501
1005002348390610
1005002275434930
1005003000534772
1005002985470234
1005002566997968
1005003086945035
1005002415359258
1005002727139975
1005003031863940
1005002903345158
4001003111303
1005002951092184
1005003341958227
1005003326853683
1005002907472314
4001275681872
1005003212843492
1005002666730044
33009353146
1005002674698215
1005002746877323
1005003372323631
33056163887
1005002962415040
1005003096402464
1005002864134482
32962956762
4001275123598
1005002477479361
32972237822
1005002888241620
1005003339724004
1005002734991466
1005001374606253
1005001851453673
1005002863515540
1005003381964379
4000203326858
1005003265256417
32693279646
1005002963700621
1005002656363033
1005003270167134
32859933527
1005002065025847
1005001627798896
33012327429
32959924647
1005001494930600
4000592232821
1005002652801618
1005003203263489
1005003341247316
1005003350542080
1005003367830433
1005003324238426
4000262082509
1005003093000416
1005003006395806
32827220686
1005003194358390
4000306067758
1005002890222524
4000665064613
1005003063434731
1005001817719571
4000645002899
1005003340997122
1005002260049462
1005002260884004
1005002683294613
1005003363514492
1005002681015783
1005001992329749
1005003342494651
1005003148302570
1005002530234655
1005002103772252
32992660363
1005003165734377
10000139972804
1005002731820353
1005002196727050
1005001475731811
1005002946644995
32813667689
32997478964
1005001321016865
1005002492384013
1005002900306325
32981162141
1005002983640961
1005003163382834
1005003051272790
1005001611492228
33003389149
1005003069405563
1005002986495493
1005003297738406
1005002953851047
1005002039320800
1005002930092191
1005003027375290
1005003369789645
1005003020636366
1005002614321384
32485125655
1005003292692764
1005003281905381
1005003285881751
32917043210
1005003175940692
1005003149041426
1005002826914085
4001108418794
1005001695610963
1005001451365971
1005002636208453
1005002582862271
1005003337686718
1005002670849037
1005003301878264
1005003200977356
4000278261017
1005003146563666
1005002379261703
1005001823618011
1005003107382466
4001202267364
1005002708292950
1005002745254510
1005002617761347
32991050319
33027777456
1005001631187602
1005003272228849
1005003212002940
1005002252104244
1005002650699936
1005001381808555
1005001582125777
1005003286055292
32968500740
1005003189335732
1005002105178664
1005002813280307
1005002857295163
1005001582005306
4001127945382
1005002059382290
4000529846447
1005002695812283
1005003238272369
1005003311087369
1005002899049432
32889277091
1005002994276206
1005002579883707
1005001401724939
1005003112791582
1005002727312747
1005003055685509
32822442704
1005001576292783
1005003336132838
4001364520272
1005002070012368
32993160600
1005002253028128
1005003343315354
1005001620068534
1005002386361101
1005002397445556
1005002908048884
32987494253
1005003272330107
1005002965162830
1005002636513096
1005002651472889
1005002082212732
1005003155883026
1005002927045722
32915298312
10000369080250
33027278174
1005002878475266
1005003022758021
1005003193971650
4000381430212
32589950998
4001366043009
1005002962306848
1005003072067875
1005001688266089
32975677823
32881812493
1005002868380599
1005003077895411
1005003241801821
1005002467941326
1005001885012167
1005002305016889
1005001776813234
4001283302046
32920703788
1005003276602423
1005001430463521
1005002984041153
1005003144557077
1005003339177496
4000970162220
1005002027856206
1005003319043572
1005003200817859
32957871478
32969341677
1005001780719604
1005001999154606
4000529366050
1005003298684545
4000012333006
1005003151614215
4000022144784
4001289405778
4001115299940
1005002461969643
1005003270357440
1005001512118084
1005003372924327
1005003122011703
4001305630669
4000464786635
1005003221903286
1005002409094530
1005002345556254
1005002551679209
32841311534
4000785126660
1005003216368469
1005002972054485
1005002755725489
1005002663677550
1005002672327659
32984072337
1005003169875460
1005002674027206
1005002221615080
33038847344
4001080628976
4001022540226
32818234489
1005001889999191
1005002495800541
1005002810288886
1005002690219846
1005003035183397
1005002722358790
33055470944
1005002600735213
32840136353
32817704806
1005003167088651
1005001393751515
1005003236339162
1005003221051221
1005003348453841
1005003259129221
32885038207
1005003332083684
4001039439796
1005002664023599
1005001398470007
4001322592500
1005003279470530
4000022462625
1005002583567819
1005001913114089
1005003359505665
32691313804
1005002536551096
32841547367
32873059837
1005003048494600
1005001278490351
1005002313661328
32886386700
1005003351498698
1005002884053188
1005003304643780
1005002752873223
1005001726691897
1005002985100541
32847603246
1005003316319502
1005003234889924
4001310264503
1005003328091165
1005003115691265
32916751223
4000512834230
32967366167
1005002912429571
1005003347735787
1005003334979206
1005003208932638
1005003303214387
1005002827374510
1005002279064290
1005002589558851
1005003032950771
1005003279330092
1005001901197635
1005003135225091
1005003162788389
33021031443
1005003342504592
1005001976385699
1005001793131062
1005003383754138
1005002658537865
1005003266929842
32902676298
1005003003679735
1005003339981206
1005003117138616
32967146720
4001344958296
1005003317783845
4000196121812
4001070275695
32956337841
4001212638650
1005003094949574
1005003015936097
32806106142
1005002925644577
32864919876
4000064420897
1005002705305797
1005003155242449
33020790299
1005003314553970
1005002375272557
1005002983624896
1005003187296474
1005003352465512
32658795674
1005001899397899
32860795653
1005003202566497
1005001699746104
1005002633492097
1005001421552658
1005002953574286
32303139434
32997064158
1005001768283871
1005002042369253
1005002281690943
1005001900659627
1005003228082027
1005003346132213
32905504075
1005003168215217
32804353633
1005002991099210
1005002982764246
1005003385913647
1005003123459879
1005003219653855
1005002666458852
32833404621
32852409546
4001163391660
1005002828281015
1005001389065746
4001256670362
1005002583989984
32908073737
1005003167540801
1005003097220772
4000808877974
1005003019514158
1005001861904773
1005002860843402
1005003094125172
1005003225052646
1005001866917973
1005003140327394
1005002233775761
4001265230145
1005003364976924
1005002421533201
1005003105598878
1005002363758727
1005003300021066
1005002240477372
1005001762029124
1005003033069511
4000917100303
1005002457702271
1005002777118783
33015293607
32857137291
1005002306041966
1005003013835872
32994938967
32845792199
1005003062042700
4001149011523
1005002311210374
1005002953079018
1005002232941201
1005002745017378
4001248242071
1005001370223977
32806126459
1005003167431970
1005003324484211
1005002843146991
4000205828596
1005003330439575
32861595329
1005002666972581
10000220005117
1005002682808980
32915591692
1005002977927054
1005002512217223
4000817407420
1005003134150519
1005002944736469
1005003112201918
1005003383814483
32877610780
4001128288989
4000036828343
32900395825
32606471225
1005002307149463
4001005933290
1005003197536916
1005002685348702
1005002970196696
1005003058220409
33013523465
1005001882272460
1005003365527554
32953827533
1005001792981837
1005002926758016
4000805282509
32898130516
1005003329133213
1005003129849617
1005002826797503
1005003361650900
1005002919094459
1005002364500586
32879787932
32858218749
32772950244
1005003168292786
1005003329535820
4001115520095
32822812347
32907715824
4000336952158
32820584235
1005003124866946
1005001972620681
32957183581
1005003127246066
4000504888805
1005002994910264
1005003299046497
1005002752787101
1005003031280615
1005003131282430
1005001482239227
1005002462545052
4001172183693
1005002032174500
1005003380272789
1005003180440571
4000218184579
1005002357821856
32958590377
1005003343710727
4001092185840
1005002991367728
1005002810307406
1005002636772692
4001195964010
1005002099217749
32916046305
32853471491
32974963053
1005001415074443
1005002329250401
1005003173012855
1005002817243815
32834499654
1005002937888829
1005002940122880
1005003072894562
1005003139338440
1005002441590961
1005002786885981
4000219611674
1005003054302005
32885326644
1005003261888359
1005002770521359
1005002368589322
1005002641485834
1005001757641030
1005001340251484
1005001525373685
1005002503142480
1005003151141947
32791712391
1005001630637560
1005001644924481
1005003290216690
1005002752024850
1005003370766410
1005002374734298
1005003300857037
1005001661367258
1005003259787474
1005002387484999
1005001350629338
32963009429
32805064917
1005003345769678
1005002666426876
4000405222650
1005001847566083
1005003350540272
1005002450501974
1005003091809483
32793706368
1005003187037741
32835545884
4001119208620
1005002333300904
1005001498755458
32848381107
33021488443
1005002375138579
1005002117023094
1005001469142837
1005002301123257
1005002076758466
4001288797908
1005001280557782
4000709566582
1005002061429343
1005003299796434
1005002932406790
1005002755804946
1005001418681945
1005002950734951
1005001991662007
1005003304636920
1005002611705192
1005003160484413
1005002330489677
1005002549609665
32975890880
1005001566484795
4000832367532
4001187821958
1005001703990914
1005003183440463
1005002988801830
4000525551744
4000738225301
1005003153160624
1005003141314882
32892819243
1005003365351064
1005002680362244
1005001639852630
1005001353494456
1005002952505958
32381038515
33042185021
1005001447390175
1005002714805958
1005002624998616
1005001884960294
1005002882870660
1005003285299350
32690273850
1005003056404624
1005003371441421
1005001939989471
1005002928626410
1005002373164193
1005002533480911
32896850204
1005003123707672
1005003384050906
4001315321141
1005001944357071
1005001556231009
1005003182144644
1005002082455846
4001149184903
1005001441422399
1005001890169504
1005002986477524
1005001941609649
4000547916827
1005002976498543
1005003369075526
1005002570841649
33007319821
1005003123493656
4000017761762
4000979833518
1005002967465059
1005003157479308
1005003349865658
1005001540643565
1005002738670306
4001023509922
4001289905211
1005002950420879
1005002835483380
1005003087444362
1005002647225052
1005002813090217
4000791362892
1005002593104796
33026874374
1005001393154065
32950828754
32602560893
4000342699379
1005002906172958
1005003020583967
32883754858
4000161031542
1005003214377654
1005002197352396
1005002901982238
1005002917225787
1005002889859572
1005003236086351
1005002492220557
1005001430525070
1005002932788065
1005002323347191
1005001536995004
32914159949
1005003012612130
1005003019206627
1005002851409855
32658435380
4001251928543
1005003062031558
1005002004175356
1005003246455754
1005002978799265
32979159223
1005002595523145
1005003155294242
1005002889014472
1005002766392771
32974554870
1005002794879783
4001261377059
1005003334373476
4000384221491
1005001274941707
1005003258796915
1005001917875714
4000028101988
1005003015312356
1005003327683703
33049677528
32796685803
4001228659690
1005003278516612
32918125617
1005003290235676
1005003100972565
1005002224067628
32863982217
32955900197
1005003332482345
1005001538391058
1005002789222899
1005003288167638
4001287854243
1005002473858420
1005002174729448
1005002065743332
32960455406
33042541823
4000236582464
1005002693237678
33041277664
1005003327397195
1005001976762291
1005002944025330
1005002745208376
1005002095770910
1005002722740494
32919510188
1005002357916404
1005003245385283
1005003039366383
1005003292211712
1005002940568360
1005002830042804
32422028591
1005002240416507
4000945159798
1005003350356634
33002901229
1005003295740301
1005002856372624
32467976407
32875262455
10000351288164
1005003325745652
1005002711196919
1005003344668985
1005003387211604
33018476125
4001040571803
1005001835491091
4001172192797
33030754369
1005003307277768
10000157062138
1005001406497588
1005001787643813
1005002962960041
1005002580181944
1005002770879854
1005003015553926
32684378192
1005001282249291
1005002573535105
1005003069352374
1005002913477690
1005002760140899
1005003263843679
1005003072501376
1005002567650184
1005002685905548
1005003020562298
1005003095259424
1005003217604657
1005002516057716
1005003133891015
4001114680073
1005003291208437
1005003241917997
1005001394085314
1005001839939370
32882077149
1005002650901854
1005003133892606
32794010981
1005002844128231
32834209745
1005002821738465
1005001845548598
4000398486069
4000390477865
1005003372607260
1005002994880521
1005002540830961
1005002075058214
1005003283378896
4000784365414
1005001768587208
1005002642843300
1005003219484126
1005003064340467
1005003342118364
10000395846050
32910111415
33030009737
1005002965129380
32997031912
1005003274289721
32864819701
1005002977169428
1005001500109393
1005001320273238
1005003126107102
1005001424997171
1005003136567131
1005003223533800
1005002581965628
32975990155
1005001682509086
32845177958
1005003032199993
4000136829875
33046460347
1005002630724597
1005002985285919
32960273006
32965675864
1005002564417907
1005003278360574
1005001414526407
1005003350378035
33015148885
1005002898932738
4000855781117
4000265491813
1005002489836320
1005002133826854
32751890446
1005002645937392
1005003234165889
1005003070114265
4000042401735
1005003022374075
32850452542
4000172636212
4001290249302
1005002814956674
1005003330937081
1005003024786044
1005002190945315
1005003116862787
1005002453736892
1005003305733616
1005003365662124
1005003293041416
1005002810138929
1005003159956046
1005002921184337
1005003344065094
4000886230300
1005001803325814
1005002229927684
1005002397774721
32738012169
1005003299704434
32985253559
4001068164385
4000267155710
1005003027270853
1005002496978681
1005002761296547
1005003193432375
1005003264781628
1005002795878388
1005003163809826
1005002656356937
1005003361817084
32850133068
1005002846739049
1005002261719123
1005002373273822
1005003104617606
1005001997630788
32881355875
32886880963
32958192501
1005001452493337
1005001913453888
32880549065
33012378729
1005002705087525
4000003342490
32951292757
4000040810516
1005003229497713
1005003331690197
32844045635
33002347151
1005003356085928
4001333901812
1005001493628642
1005002518039949
1005003192642552
1005001497678556
1005002652558707
1005003310989842
1005003372041758
1005003128655822
1005003339293545
4001114531008
1005003178754556
4000537217924
32798639691
1005003387380933
1005003141737331
1005003307525429
32863871945
1005002865372011
1005002239992161
4001100534197
1005002443070811
4001359827201
1005003108269597
1005002552604957
1005001387012897
1005003296540517
4000298322079
1005001571397270
1005002524903365
4000009835850
1005001649540015
1005002289831733
1005003387872389
1005003386227929
1005002596525338
4000976640601
32850314053
1005002822578788
1005001968209576
1005001957788779
1005003280828298
1005002998376919
1005003368155811
1005001767889811
1005001670969051
1005002413904194
1005002682501476
1005003066007018
1005001444741305
4001048933159
1005001319103116
1005001638840004
32891085077
1005002390475709
4000655673106
1005003259741455
1005002710359016
1005001877925903
1005002527054517
1005001780089244
1005003275940096
1005001501476197
1005003136266511
4001092125000
33035209908
1005002506854768
1005001952651156
1005003294076490
1005002666808436
1005002941475010
1005003318364810
32899453880
1005002306641837
32237155529
4001036796223
1005002849805556
1005002356151906
1005002004595052
1005002769196100
1005001802585219
1005003324848017
32811920895
1005002428416405
1005002627316283
32953416404
1005001560614492
1005002802266395
1005002849822022
4001123836008
1005001789564743
32329057202
1005003385546514
1005002655983363
1005001437074415
1005003193212259
1005002363752198
4001237742046
1005002367948615
1005002991061094
1005002801390709
1005003379300060
4001039356069
1005001932826512
1005002767614193
10000054035847
1005001495316571
1005003133832225
2053893691
1005001319816564
4000182670466
1005002598319884
1005003308982704
1005001736710584
1005003352360828
1005003161653491
1005001947956752
1005001622725634
32854824423
1005003272009335
1005002851242427
1005002820595066
4001270879352
32852990513
1005002613851135
1005002982018882
4001290646110
32653559281
32907537123
1005001616244878
1005003304578415
33010404384
1005001590734786
1005003014406928
4000039529544
1005003194496386
4001350162266
32978812575
1005002193794944
1005002787743007
32833092774
32811271314
1005003321924951
1005002727344680
32837648424
10000287540171
1005002943256801
1005001808531628
4001253000724
1005002231391527
1005001671016323
1005003108254634
1005002889128142
4000544060759
1005003335316152
1005003010847143
1005003123382167
1005001405680477
1005002483274368
4000378213544
1005002651777758
1005003088043620
32807806986
1005003213563948
1005001834213953
4000053633463
4000893692608
1005002344938772
4000892686560
1005003160386412
1005002633693125
33043946046
1005002281109896
1005001741668043
1005002811865575
1005001762072333
1005003104325722
1005002305073814
4000945651089
2006678769
1005003353260999
4000040220995
1005003348984366
1005003172739102
1005002731559277
1005002524746051
1005003019414344
32770123506
4001200618883
1005003146160448
1005003041786797
4000162825166
32899530864
32973632811
1005003043755535
1005002959235894
32815458199
4001042538212
1005002033728742
1005002056155517
1005002567864027
32789273005
1005002953541065
32924322693
1005001625200711
1005002065582817
1005002112101021
1005002220232463
1005002380820470
1005002246989518
1005003380712815
1005003251779231
1005001414317368
1005003174254741
1005001657627664
1005003150076906
1005002359030649
4000944664927
1005002510193695
1005002223872467
1005002643056180
1005003055099734
32410291785
4001211776306
1005002318100044
1005002715446459
1005003209021599
32811344493
1005002629255894
1005002942501161
33031215009
1005001344001323
1005002258687245
1005003256979959
4000546755812
1005002655384928
1005002864494190
1005003289320176
32867027377
1005002332831152
1005003263975271
1005003306115165
1005002500744596
1005003120024722
1005001820098829
1005003167021574
1005002367929458
4000176998077
1005001439068830
1005003359321720
1005002966701049
1005003047694859
1005002920892119
4000717391447
1005003385013455
1005002907045515
1005003321306022
1005003230696251
1005003109125915
1005001840647894
4000804283937
1005002607796358
4000232531281
1005001997619167
1005003195377048
1005003267288509
1005003219968513
1005002974217342
1005002320982353
10000395857748
32860325120
32894539014
32846932803
1005003336464601
1005002307735666
4001344081235
1005003170635187
1005003280191267
1005003352723280
4001211030546
1005003162514191
1005002086087177
1005003385448669
1005002761691250
4000329872925
1005002475468402
32949460561
32975151497
32954450366
1005001499936225
32680615062
32881680687
1005002355959918
1005003178692367
1005002834830656
32840959537
1005001620742857
32861456675
1005003163479930
1005002223388282
1005002212583082