1005003222474220
1005003304305569
1005001530295255
1005003327990773
1005002446992915
1005001811058415
1005001952582454
1005003333209736
1005002512983831
1005003031758753
4001258978655
1005001942194077
1005001908394324
32986176372
1005003330312436
1005003208524399
1005002508661152
32921137397
1005002978983494
1005002413580953
1005003053358506
1005003316136849
4000749685454
1005001878976258
32688748610
32889080539
32969764910
32844110007
10000404561644
1005003109601878
1005002358108269
4001267397582
32817444220
1005002068020947
1005002990620844
1005001447013494
1005003112017285
1005002840148650
1005002818621624
1005003072264666
4001264366019
32368438343
1005002730486646
32680923954
1005002597351461
1005002651791290
32964158856
1005002287283382
1005003141339080
1005002949139195
1005002499060916
1005002515365822
1005003233756941
1005003275307319
1005001664530190
4001199668433
1005003068257278
1005002460947622
1005002848184514
1005002742921307
4000136972113
4001229231755
1005003208723810
32916457198
1005003165145936
1005003273270271
1005003023155856
1005002413625986
1005003142010813
1005002390854009
1005001290575571
1005002139770318
1005002735431296
1005002548383557
4000598596191
1005002362104427
33040629982
1005003096309995
4001076383450
1005003126893274
1005001380737494
1005001683907497
32949802117
1005002022011774
1005002589281995
4001230387370
1005001833882896
1005002266172400
1005002656166222
1005002329212621
33023602724
1005001991776749
4000981797561
1005003336576264
1000001838384
4000261482959
1005003086898762
1005003129220494
4000108055636
1005001285146311
32857751764
4001356684736
1005002255949626
1005002569379795
1005003332148135
1005003334639799
1005001482606933
1005001844959273
1005002247659508
10000339379018
1005003245020916
1005003116534698
4000149338390
1005003337786533
33033203292
32920737149
1005003170318561
1005001793003755
1005002786657828
32856350140
4001264777339
32980146717
1005002246158189
4000493177289
1005002510986008
32894374973
1005003019145752
32972794658
1005002372283281
4000834181453
4001084480538
1005001504885506
1005002967008811
4001265013391
32983230605
1005003311730949
1005003299236522
1005003098220153
33021937920
1005002170737691
1005001723958743
1005003143726998
32646825730
1005002167325541
1005001948322992
1005001692752777
4000996847783
1005001682075856
1005002923014982
1005003114386554
4000149185290
1005003246410735
1005003193236050
1005002303933314
1005002897202240
1005003233074395
1005002460781551
1005002500141494
1005003161713914
1005003262765634
32716774999
1005003205667428
33056079624
1005002972069905
4001144896632
4000313811160
33024325654
33018371933
32750377090
4000726644949
1005002313042620
32737970750
1005002558883532
1005003130192222
1005001639915107
1005003185781407
4000903594761
1005003278990187
4001346677713
1005002218161041
32954033320
1005002599338788
1005001531863961
1005003178381122
4000561469158
32659176258
1005003327924340
4000967403256
1005003303541044
32878562851
1005002207137283
4000054932983
32973812583
1005002801962324
4000421289435
1005002703701506
1005002856348062
1005003001414983
33006914333
1005003016707556
1005001466382859
1005003288034446
1005003043799352
1005003281175412
1005003206758216
32705267586
1005001630404099
1005002724826165
33016993427
4001159126026
33015613150
4001300246990
1005002547668141
1005003069771736
1005002431093590
32790758887
1005003130107731
1005003107305759
1005003312821088
1005002038318661
1005002598907772
1005002737078783
1005001698819751
1005003363764329
1005003359378656
1005003234425377
1005003052374455
1005003375570295
32821521260
1005002397719703
4000640983132
4000362237993
4000704314339
32882091111
1005003277482096
1005002964332901
1005003211972339
1005003150918405
4000955562539
4000900560601
1005003343112113
32955957994
4001149840207
33022844536
1005002572177417
4000955310000
1005002651488160
32824286426
1005002141357919
32639014660
1005003164672647
32877915970
1005003094404854
32850289224
32847269173
1005003336060610
32854924760
1005003094573292
1005002734736980
1005003198116386
1005003129531877
1005001850963629
32973681834
1005002991271227
4000627814854
1005003218743453
32923282518
1005001962380834
1005003283872378
1005002586476023
1005002866150487
4001321124140
1005002749686415
1005003277363165
1005002531229591
1005003062821940
4001316039644
1005003375051542
33009554903
32709236942
4001119133465
1005002452579674
1005002889626515
1005002754864062
32933049254
1005003148124723
1005002996715572
32951762728
4000369148784
1005003214088333
4000828878144
1005002617895810
1005001755902831
1005002760624076
1005002192498633
4001146036527
32980011597
32541313877
1005002524404512
1005003184075438
4000573960327
1005002696424255
1005001441285226
1005002220659341
32989543016
1005003031146206
32986235989
1005001429014350
1005003065304207
1005002857110038
4000026405405
32995521395
1005003279615867
4000799937020
4000086677301
1005001511872379
33061131620
1005003207685072
4000778945946
1005002977422318
4000202633709
1005001844826295
1005001494861813
1005002656884245
1005002667481657
1005001379518456
1005002752460936
1005002616188223
1005001860819455
1005002635438533
4000478775871
1005003147122391
1005003262314637
1005003228219102
1005001555410079
4000679561482
1005002822832204
32382336205
1005002566239135
1005003219936679
1005001348871344
1005002441288172
1005003081757131
1005002313412764
1005002879156179
1005002283374437
1005002836930980
32793032947
4001042010747
4000990218625
32863120919
1005002003878888
1005002984005245
1005002775341913
1005003303209446
1005003385847669
1005002015621169
1005002394133446
1005003332635151
1005002636927126
4000152702262
33026831427
1005003330993554
1005001588268721
1005002727183533
1005002268553265
32806058465
1005002995431011
1005002357133770
1005001561038907
1005003133967225
1005001730931557
1005003086965557
4000986801100
1005001389836720
1005002806378005
1005003391214953
4001211272125
1005002446956007
1005002753697257
1005003330333287
1005002146989687
33000952060
1005003181992990
1005002002178031
32875141875
1005002080943079
33019058120
1005002811194662
1005002702546345
32796230121
1005003291861370
1005003341205560
1005002397762836
1005002610860023
1005002894875075
1005003116517105
4000333168039
4000865413438
1005001991001479
1005003171371708
10000142847483
1005003032603009
1005002758712698
1005003038096875
32963785119
32484029724
33009063201
1005003285688113
1005003217753180
32889499765
1005002341849493
1005003036145807
32963619974
1005002458007294
1005001608241643
1005002629294376
1005001753392859
1005002954467084
32863864575
1005003378301069
1005003308906821
1005003357534048
1005003237684928
1005002703779771
4000440781111
1005003083510440
1005002938575794
4001171157728
1005003171075883
1005002911597978
32800898889
1005003368187044
1005003300428582
1005003016502870
1005003330557139
1005003006183140
1005002703612634
1005002561859777
4001174504478
1005001987757065
4001338503972
1005003324220411
1005003367762481
1005002876142208
1005002416298137
1005003236705086
1005003364377764
1005003263206366
1005002260006677
1005003145789263
4001100556868
4000155884225
1005003020197147
1000006066482
1005003107683644
1005003243979115
32829433126
1005002983423412
1005001968354091
32829086800
1005003179400410
1005002506213551
1005001987094448
1005001530927489
1005003304856817
1005002868539965
4001064841334
1005003285981537
4000640876552
1005002806444430
1005002844212823
1005003272556042
10000306822203
1005002577841753
1005002377110210
1005002823385670
1005002533141285
1005003338017903
1005001362734763
1005003326502007
1005003175256638
33030466301
4000559410828
1005001572331571
1005002663329794
1005002753238887
1005002347624216
1005002210134870
32800145819
1005003250755519
1005002052279006
1005002709644949
1005003086547114
32812773907
1005002459512910
4000139292934
1005003302809835
1005002989644977
1005002760889959
1005002751875211
1005003367679178
4001086719857
1005002649707647
1005002913607113
1005002795141976
1005002974043758
1005001933480620
4000985768414
1005001949753883
32917920123
1005003355051373
1005002518055168
1005003156108927
1005001407370891
32880234791
1005002680034446
1005003364463828
32874566540
1005001458276087
33040997757
1005002056663948
1005002095907361
1005002481445195
1005001813697601
1005003059905733
1005001700021385
1005002949569063
4000778830398
1005003062071752
1005002286469445
1005002527127695
1005003199815426
1005002856259951
1005003326251519
1005002389687751
1005002205794538
1005003309759821
1005002282769021
1005002787189500
1005002433755503
4001068315839
1005003156040765
4001339886146
1005002292353216
1005002369656553
1005003290230784
1005002773770503
1005003269860393
32907291564
1005002322196040
1005003087803155
1005003151051049
1005002624815202
1005003002047492
1005001653275035
1005001405886054
1005001825401240
1005001488594725
1005002600601060
4000954270885
1005003001494351
856703412
32789967194
1005002473070507
1005003118563726
1005003277446858
1005002553447239
1005003067847819
4000856736461
1005003322136932
4001043539867
1005003241506940
1005002295371303
4001248471535
1005003174749526
1005003325457647
1005003198971616
1005001802554552
1005003286625901
1005002350266168
1005003140875031
32901609269
1005002220254407
1005003305452457
1005001835279342
1005003069877339
10000395808612
1005003083155389
4000446020972
1005001877132347
4001089230600
4001024908828
1005003016241861
32312839576
1005003198776776
1005003052618061
1005003282828619
1005002721938568
1005003298619862
1005003184384888
1005002877653467
4000907353846
1005001878573622
1005002767557375
1005003036278195
1005002061851998
1005001984377409
1005003380525051
32958382057
1005002028003644
1005002917509972
33004720175
1005002984777447
1005001340009220
1005003332783656
4001037002526
32866364665
1005002453352125
1005002969451132
1005001636467655
1005002712719947
1005002495703777
1005002626671055
1005003348334482
4000853152360
1005002264625010
1005001966992735
32872031401
4001115076382
1005002587480474
1005001705274931
1005001951933571
1005002907054064
1005001665830928
1005002921874387
1005002816737085
1005003101268066
4001153188569
1005002794144939
4001333208685
1005003200719959
1005003021281233
1005002056837178
1005003386380671
32702024152
1005003058170423
1005001843944575
1005002558046519
1005003316402283
32957037095
4000528468638
1005002001789963
1005003287389833
1005001268233971
1005003269547853
4001137762510
1005002971630381
1005002595623354
1005003262478125
1005001991801526
1005002803847304
1005002341835037
32974834471
1005003172272063
32960943509
32793847266
4000800235482
1005003124511346
1005003299352370
1005003285720012
1005001899337776
1005001811783951
1005002485285957
1005003202160071
1005001270322998
1005002314428660
32860590825
1005002960013078
4000551693806
1005002566359521
1005002642774563
1005003146046674
1005002207389184
4000044925647
4000988924319
1005002973761758
1005003101366105
1005002588350992
1005003360145344
1005002797412901
32526831502
33012566592
1005001441140861
1005003123404814
1005002363091147
32888097552
32983161081
1005001975525319
1005003258119231
1000001705697
1005003181629101
1005002416356094
1005002194247486
1005003107818082
1005003337913180
1005002378836995
32999769979
1005003104520347
32847247494
1005002810549042
1005003197051629
1005002732186821
1005003380199327
32827465502
32990984862
1005003211759819
4000700125450
10000343270492
1005001445244409
1005001933426853
1005003236161868
1005001553536242
1005001640818039
4000708833647
32914522751
1005002482125263
1005003246119979
1005001462826867
4001127398276
1005001830366781
4001293988391
4000725525989
1005002983108547
1005003089663012
1005002794318175
1005002797137627
1005002259310145
1005003225553240
1005003041362499
1005003038206991
1005003161612110
1005002253459104
1005002491518599
1005003070897246
4000960204400
32608230032
1005003241410831
1005002629844524
1005003323777526
33014499226
33028155164
1005002761141236
1005002944506187
1005003035802891
10000054278518
1005002949270740
4001032102556
4000735732116
1005003213080208
32868652234
1005003066015845
4000430212052
1005001700839727
1005003358253991
4001030189603
1005003283405944
4001233668226
1005002741034945
1005003178342421
1005003002080713
4000026442545
32926366608
1005001812892796
1005003341760154
1005001381540905
1005002949463942
1005002317790095
4000709821936
1005002413478018
32882849204
1005002783195686
1005002965712511
32823549358
1005002598821284
4001068395350
1005002746062492
1005003382017957
32914442033
32881736851
1005002865347811
1005002116415944
1005002477903001
1005001346007884
4000008045001
1005002372106726
1005002814368639
33014196816
4001105949722
1005002238439806
1005002105478271
32981036092
1005002895646209
1005003194556529
32918765481
32719960417
4000726403063
4000411155113
1005003292053993
1005003205016790
1005003190604538
4001355132044
1005002863785736
1005003291918758
32856913186
32693082919
1005002777149413
1005001826022374
1005003319480100
1005003242373158
1005003280233603
32952783906
1005003160478798
1005003369038155
32907374144
4001262603851
1005003263476212
1005001987022421
32858271606
1005001351622328
1005002879225953
33039787765
1005002356577188
4000665886428
1005001511495529
1005003129269835
4001244946504
1005003395924978
1005003190808300
1005002398611397
32717178497
1005003275939163
4001283084662
4001278833741
4001148888099
4000760399951
1005002969696685
1005002369982189
1005003065093666
4000620359755
1005001630490863
1005002381305701
1005002657735351
1005001429075841
1005003366119421
4000074842680
1005001593240055
1005002566083006
1005002703548520
33046193002
1005002340595388
4000506270867
4000287686930
4000716879449
1005003240994965
1005003334413977
32868991519
1005001593726615
4000770030409
1005003369002135
1005002046023690
1005003018344838
1005002857539260
1005001953294260
4001153343185
1005003389475898
4001212417097
1005002701419778
1005002876631683
1005002742404569
4000936661069
33008455294
10000022114429
1005003310026128
32924434551
1005002350833218
1005003151937375
1005002939934545
4000089837995
1005002966188581
1005002568055901
1005002949765066
32894087095
32990483619
1005002966024339
1005003368503303
1005001975392405
1005003280561427
1005002847139117
4001225403323
1005002962847337
1005002656086050
1005002085232059
4001291127989
1005002919438574
32999132575
33040221051
1005002512019879
1005003300958780
1005002989942988
4001123243745
1005003323634743
33050629832
1005002984926429
32797599194
1005002697102580
32238199434
1005002792323700
4001241020002
1005001365393593
4001021307556
1005002129411589
4000120251851
1005002641458720
10000344009514
32717373720
1005002663808517
1005003008080321
4001206804370
1005003366274289
32698938836
4001140975684
1005002424325186
4000780458349
1005002382144865
1005001809761170
1005002254468056
1005002910403125
1005001807550874
1005002494098970
32832203391
1005003258460273
1005002930397937
1005003370054999
1005002753385772
1005002814558886
4001179992026
1005001948149041
1005003103064579
1005002034947289
33023010548
1005003375698805
4001297848214
1005003328803078
1005003294809575
1005002277485841
1005001803678819
1005002426733384
32795772422
1005003363822449
1005002829974715
1005002635145763
1005002758392821
1005001458147715
1005002936064239
1005003271915072
4000562695011
1005003381369342
1005003330801220
1005003173362399
1005003004940956
32807014033
1005002755740418
1005001997154869
1005001858646592
1005001626063500
4001061379216
1005002525548575
1005003220832855
4001308759443
1005002728056822
1005002669367395
1005002246187725
1005002314209849
1005003031239493
1005001932803596
4000979929269
1005002745940960
4000935458665
1005003235726855
4001159779960
1005002622867424
1005001484567159
1005001780745311
1005001688099390
4001273906583
32982992441
1005003104792587
1005001642571976
1005002888902468
1005002315719052
1005001421565998
1005002752935901
1005002277644408
32964075813
32716765287
4001139615023
1005003097188931
1005002790579130
1005002233331861
32887916625
1005001688758040
1005003202066223
1005003227384843
1005002219278301
1005001990539396
1005002661915952
1005002394136129
4001137726931
1005002570537505
1005003122527623
1005002779839824
1005003206215075
4000382044668
1005003329887265
1005002617253797
1005003066291674
1005001976876291
1005003228961648
33052760610
32891825268
1005002006165878
1005003313711104
1005003366162145
4000893057108
1005002674639326
1005002967809380
32816588825
1005003352615322
1005002754937595
1005002649576945
4000799970077
1005002013165463
1005003063240897
1005002704767202
32888962666
4001053826884
1005002406505496
4001154391446
4000054334329
1005002594958562
1005002089335386
1005002398831562
4000138139659
1005002616411139
1005002673498322
32944124170
32840008742
1005001736272135
1005003283226887
1005002440894113
4000050987434
1005002623930828
1005002642163379
1005003091750064
4000791508325
1005003119114178
1005003209614310
4001041631289
4000592610271
1005001355749297
4000382403042
4000544238379
4001264527298
1005003090251511
4000799782523
4001175719249
1005003275329548
1005001950290303
1005002537862792
1005003019292645
1005002054913918
1005003235484766
1005002895241514
1005001598678314
1005003338926675
1005003213847626
1005003296263954
32881457790
1005003183234836
1005003362189110
1005002837922124
1005003104088468
1005002755721618
1005002288324196
4001026582023
4000723287208
1005001798786968
1005001666444838
32991842234
4001307280227
1005002996908054
1005002125701493
1005003229459788
1005003345782480
1005001699215005
1005003365453629
4000040232601
1005002913477535
1005002967959401
1005002728240860
4000126786951
1005002278316036
1005001456442192
32808982134
1005002746967630
1005002928350285
1005002508751219
1005002841944848
1005003299045380
1005003309931638
4001278608641
1005002033701982
1005002663653650
1005003297228464
1005001694585922
10000002724888
1005003126188118
1005003066773433
1005002681567101
1005002653143756
1005003110105364
1005002586562507
4001109198272
32846274326
1005003061018151
4001089796559
4000959636987
32916175123
1005002885972179
1005003167823759
4000588252928
32947477625
1005003303555913
32970176403
1005002676096126
1005001872160462
4000836188966
1005002990762283
1005001346144213
1005002787129074
1005003183284357
1005002543285960
4001039388120
1005001804003074
1005003003618278
32803273684
1070457997
1005003136744788
32692549471
1005003343913691
32819195750
1005002891875412
1005001305089662
1005002568211364
33047173031
4000832367532
1005003272780676
1005003257255427
1005001875792496
33013676218
4000519309780
1005003275155645
1005003120386210
1005003018472048
1005001947154268
1005003211933157
1005002450726125
32954474303
1005003111638897
1005002553744863
1005001639732911
1005003318975748
1005002332981817
1005003149507332
4001355640231
33045136975
1005001509413948
1005002698275303
32420800286
1005002361896185
1005002673095255
1005003331626639
1005002821173590
4000132394731
1005001789924877
1005003351093199
4000954976715
1005003240985990
32844285584
1005003334800456
1005003251055935
1005002989073322
1005003344794625
32920888459
1005002301046375
1005002298173624
1005003117767352
1005002780737153
4000883814114
1005001278559373
32963096630
1005003077964677
32696878553
32977675846
32867064459
1005002428054533
1005003019212716
1005002361675264
1005003280377561
4000689715708
4000810903046
1005003342182110
4001235922057
1005003098719844
1005003288778978
4000053525396
1005002696498450
33038896069
1005003001966361
1005002054110591
32852102960
1005003135519608
33000507075
1005002247999970
1005003191013320
1005002983066007
32813066521
1005003189481819
1005002796615510
4001191940113
1005001596414436
1005002815004428
1005002264762110
1005002910332453
1005001506013308
1005002050241670
4001278873744
1005002491512554
1005003029777191
1005001444724521
1005002953447156
1005002901279098
32811660981
4000016713350
1005001795262795
1005002611581621
1005001406507954
4001115616195
32947597256
1005002856718835
1005002841491208
1005003186104139
1005001526054570
1005003058064843
1005001708225364
1005001587739724
1005002996917446
1005003224443261
1005002834812674
4000447772596
32638596187
4001127498301
1005002835190806
33009352714
4001070750607
1005002129603686
32704945745
1005003390445476
33000887518
1005002866676409
32955145645
1005002397767528
1005002732597640
1005002964824403
1005003327753222
1005003140720012
4000842665909
1005002810797417
1005003346167372
1005003021055146
1005003283921535
1005003071347058
1005002833923818
1005003032306521
1005001557434661
4001213778759
1005001361328694
1005002405634238
1005003363377175
1005001821312613
1005002492291517
1005003151973487
1005001942187907
1005003380500659
1005001726831806
1005003074943417
1005002647293676
1005002453119190
1005001520446322
33049700035
1005003188322584
1005002848501412
32962819314
1005003337647824
33003151571
1005003000787272
1005002334045782
32356437956
1005002211182967
1005002298085599
1005002782825245
1005002316609889
1005003088196038
1005003257627451
1005001419663091
4000703715762
1005002567406383
1005002458137037
1005003381156845
1005001867421254
1005003050118052
4000098139251
33000781801
1005002624262451
4000410420932
4001230570757
1005002348445830
1005002182427142
1005003316550698
1005002418387105
32933151017
1005001287441858
1005002593185323
1005003274868519
4000020069488
32856123902
1005002410850729
4000898468981
1005003330588496
1005002567703923
1005002963857487
32876318226
1005002027240718
1005003259659235
1005003293768839
32903833130
1005001557906105
1005003022651827
1005003057256054
32894678979
1005002996481162
1005003150874274
1005002338832810
4001293427905
10000004738915
4000124157932
1005002239135477
1005001913102295
1005003215347222
1005003311955014
1005002563070041
1005003359098100
1005001441870524
32946308394
32420798591
1005002481191111
1005001427522776
32908754759
1005003193503252
1005003131332687
1005001410597785
1005001280826178
4001247582051
1005002359606892
1005002044725130
1005003214027465
4000270957947
1005003108895831
4000822253452
1005001895629421
32953977194
4001055382768
1005003254014754
1005002852397895
32888698128
1005001900036115
1005003227924532
32986620358
4001001300326
1005003339082944
32913695578
32763034743
4000960681013
1005003309040188
1005002749089149
1005001420393548
4000332939882
1005003305125060
1005002465355746
1005002412046956
1005002711113999
1005003122586950
1005003244600183
1005003318109003
1005002320946514
1005003006258856
1005002686596320
1005003001176615
1005002995885039
1005002776414046
1005003334704967
1005003305509287
1005003228570682
1005003207487980
1005003306410371
1005003197828842
1005002722556155
1005003281747890
1005002875599412
1005002321386487
1005003298442064
33005097603
1005003367100353
1005002830764617
1005002846556483
1005002554246774
1005001348281811
1005003142203008
1005003376086216
4001223388508
1005002288761427
1005003082739615
1005003118927976
1005003366198367
1005003319915235
1005001890806347
1005003287431306
32892736707
4001120096191
32911112568
4000140678126
1005003149992955
1005003133724726
32999762246
1005003093352659
1005003104725936
1005003068661599
1005003024775415
4000061300251
4000023127608
32859418708
1005002595488823
32828040565
1005002196043599
1005002370428708
1005003002068491
1005003198457815
1005002288176854
1005002599060115
1005002864236723
1005003162395844
1005001882487113
1005003359974797
1005003041656614
1005003171319706
1005002589955651
1005003282208518
1005001939825274
32884315394
1005002440370979
1005001633352191
1005003015846064
1005002738172912
1005001598627232
1005002953440468
4001223280413
4001114952064
1005002837950456
1005001641098879
4000084675342
1005003226615119
1005003266898380
1005002402340852
1005003275329252
32820564102
1005002698506484
32983423216
32716889021
33008705777
32891754737
1005003144950198
1005002655491784
1005002241660866
1005003280330869
1005001376394195
32876568505
32965088575
1005003086131285
1005002625360366
1005003047461466
1005002945247229
1005002961510159
1005002693558212
32964805631
1005002771169239
1005002583220678
1005002869109508
4000743272515
4001230440012
1005003287514051
4001013589562
32971820726
32773854608
1005003096715766
32849463341
1005002657935858
1005003343711461
1005001269564150
4000007113867
1005002589288657
1005001942879856
1005003299047489
32455358772
1005003374763476
1005001365913086
1005002190505058
1005002100978777
1005003097113680
1005003176980345
1005003103669990
1005003277337671
1005002175640020
1005001356321974
1005003176188230
1005002233907224
1005002829311310
1005002406167134
1005001893078888
1005002766735885
33027187459
1005003382034300
1005003381631782
1005001302366547
1005003097484803
32721416233
1005001511395791
1005003067646063
1005002546818195
4000503134138
1005003187036940
1005001985683454
1005002655061127
1005003342264823
1005003008965738
1005001789594547
4001053770268
1005002272186687
4000772389772
4000121020056
33001814574
1005003244742802
1005002755691706
1005002795750157
1005002334568227
1005003266675959
1005002328104816
1005003148726329
33056136444
1005003147936649
1005002693708161
1005003365643180
1005002941936626
1005002766827107
1005002194324471
1005002761063300
1005001441353463
1005003101882947
1005002947150533
1005002777318379
1005002126548020
1005003090723556
1005003065253483
1005003293325342
1005003308761514
1005002432157200
10000395858542
1005003337624358
1005003262487719
4000509578118
1005001267093674
1005002462616938
1005002890983550
1005001441423568
1005002201902590
4001208006241
1005002689867307
1005002657522168
1005003009082948
1005003152490442
1005001446566289
4000544531107
32905940653
4000562337508
1005002797623489
1005003021939893
1005003201341638
1005003160175299
1005001676499882
1005002889513389
1005001765771167
1005003083897172
1005002043066346
4001291141788
1005003269529009
32709110041
4000944709255
32588036603
1005003059444459
4000601042196
32838654757
1005001405801088
1005003032067781
1005003276408884
1005002717278213
4001299614427
1005003219709721
1005003122268139
1005003292203717
32822995726
33033834848
4000040003123
1005002513562697
1005002502111514
1005002192476735
4001146018123
1448273041
1005003269162216
4000813679774
4000194266720
1005002797925096
32881226249
1005003311046319
1005003218004300
1005001832007897
1005002770530363
1005002979807013
1005003262311855
32908620354
1005003249010299
1005002563067177
1005001798338720
1005001611257877
1005002836546007
1005001604412904
1005002964440878
1005002084504079
1005002466130864
1005003327940515
32908741810
1005002171778353
1005002352600067
32884900613
1005003298200256
1005001953352281
4000286782287
33038219587
1005003331057363
1005003289261866
4001220538353
4000961008462
1005001631386748
1005003108296783
1005003309663150
32305449382
1005002353333132
1005002797381078
1005003134202925
1005001556727324
1005003158608062
4000921288951
1005003228439352
1005003222919137
32837336255
1005002631594033
1005002651861907
4000903506820
1005002571907215
4000121888516
1005002514736893
32369814701
1005001797854834
32814020787
4001270366230
4000033218623
1005001666105178
32931902022
1005002313031921
1005002949740805
1005002577753830
1005003233121512
4000277996988
4000543981735
1005002822106994
1005001920769714
4001284971162
1005002590116712
32782525314
1005003188964261
1005003301345115
32957604330
1005003276806786
1005003330832079
1005001500956147
1005003009069906
1005003292350909
1005003102549250
1005002933122994
1005002352838285
4000827198587
1005003304480050
1005003364980584
1005002412549034
1005001655015811
32816985410
1005003080798941
1005001458973220
4001261009737
1005002799099352
32785078377
4000201869921
1005002666243798
1005002832314074
4001244677013
33036356658
4001045616352
32812819458
32769647442
1005002424064855
1005003038137984
1005002314253119
4000747503363
1005003323795935
1005003288076321
1005002587792555
1005002347739055
1005002710327878
4000855452525
1005002954781126
1005002426913226
1005003151856238
4001009374321
1005003095818042
10000007996571
32947312344
4000900280170
10000003511063
33024719252
1005003360305976
1005003043977577
4000296444114
4001226617541
1005003033118202
1005002425759870
32972909728
4001181021800
1005001678206679
1005002064312905
1005002487999136
1005002821854205
32828803861
1005002947358034
32679111875
32981593103
1005003285414036
32961544303
1005002298349084
1005002626317607
32955498870
4000895935709
4000137621164
1005001976079801
1005003130058730
1005002783850723
1005002808577265
1005003137079041
1005003383296839
1005003084120046
33061206575
1005003121913740
1005003253503624
4000854487481
4000193002475
4000431456749
1005003328979927
1005002790795862
1005002964426209
1005001487857080
4000971916428
1005001764506178
1005003115616827
1005003206446373
4000751851361
1005003278451893
1005003373204623
32688687264
32976345312
1005003026245328
32958174019
1005003038172853
1005002350521520
1005002674956427
4001208383312
1005003338379161
1005002990797739
1005001888747569
4000081392102
1005003086747789
1005003329105794
4000308042119
1875585191
1005003297959259
1005001288017665
1005001921097386
1005003212456686
1005003388599141
1005002206111359
1005002502146989
4000984568873
4000532768502
1005003311881804
4000682914396
4001300396365
1005002973974897
1005001313774893
1005003085470500
1005003107238205
1005003167864948
1005002783674044
1005003327785624
1005002891522485
33010049677
4000895238696
32911389884
1005002959399561
1005002167973147
1005003037508029
4000586308292
1005003117567696
1005003337711915
1005003307486169
1005002718184635
33019367100
1005001933538816
32658826611
1005002441033709
4001346195854
1005002080347752
1005002900347268
1005002954027819
32944009481
1005003277279740
1005002977769673
32969431349
1005001507045181
32544425750
1005002063763053
1005003007476053
1005002698261216
1005001703814068
1005001732809268
1005003177082704
32817296227
4001028107115
1005003015308327
1005001578659720
1005002523123157
1005003202369812
1005002327018403
1005003037231664
32887558849
1005001825271201
32835565065
32951355563
4000221569258
1005002608978775
1005002315991070
1005002340129159
32904547723
1005003157173999
1005003183246046
1005002433312354
1005003157612403
10000411920105
32793391011
1005002575995586
1005002739292802
1005003219412474
4000956054274
32841548047
1005002394968920
4000944984062
1005003132088208
4001208303808
1005003340174979
1005003391525627
1005002015279127
4001297437267
32838526151
1005001839826093
32958232885
4000812515440
32970200861
1005002904749168
4000057288480
32996836224
4001220505528
1005003337671556
32948611396
4001065031591
1005003027499249
4000148767600
1005002488122467
1005003063734456
1005003269796307
1005001328145913
1005003068940919
1005003226536250
32713303197
1005003358082743
32933127745
1005003072902445
1005002950482940
1005003291677302
1005002700589134
1005002941362494
1005003209353126
4000207892710
1005003137122107
1005002350435582
1005003291066764
1005001290996843
1005001549230459
32673487688
1005003329269361
32964454777
1005001516937330
1005001579456776
4000843811280
1005001437547069
1005003004695404
32845131943
32904126351
32978238933
1005001921049618
1005002663241576
1005002191555844
1005003152659826
1005003204785939
1005002957858183
1005001361156185
1005002383392384
1005001322463276
1005002738980963
4000209991743
1005003248670608
4001122841771
4001084975854
33049631886
1005001867201823
1005002836083550
1005003016471046
4000197444881
1005003325063250
1005003309639062
1005002794887331
1005001436139855
1005003309358292
1005002412402124
1005003208632841
1005003363669402
32999490311
1005003359721952
1005003094614028
1005001474126465
4001066825695
1005002139204567
1005003376108165
1005002316145210
4000175079526