1005003363039177
1005003304064031
1005002571466900
1005002921887166
1005001587175403
1005002332579679
4000199820956
1005003202038079
1005002599546457
1005002408217313
1005002350780309
32978168467
1005001380005685
1005002569854834
1005002484093479
1005003122815643
1005003306135401
1005003047821450
4001290483160
1005003056627642
32831549703
1005002297573693
4000956057248
1005002923347775
1005003194383639
1005002525450623
32501599384
32911160119
1005003106369951
32961673469
10000343875935
4001270412953
1005003227084625
1005003227994145
1005002754825008
1005002435725655
1005002993967513
1005003304399641
1005003171160436
1005003106914186
1005003019379003
1005002002309374
1005002350752121
32991605854
4001230052884
1005002760471706
1005002448846608
1005003126165342
1005001708500821
32969532533
1005002848279608
1005003354535259
1005002448823723
1005002275353367
1005002986210474
1005002976691173
1005002642265467
1005002869537118
1005003251876071
1005003071961094
1000001764495
4000837620660
4000729861512
32964235575
1005002439403692
1005002583371180
1005001705091980
1005002712141205
33014078497
1005003311001066
1005003036199160
4000933018914
1005002721108483
1005002905398013
1005003368486837
4000985000664
1005003269420009
1005003335300750
1005003021423592
1005001631258354
1005003380310859
32853723610
4001147879112
1005001425283841
32818620269
1005001609817723
32990585707
1005002235591581
1005002437819696
32857725728
32851927254
1005002421425060
32360355626
4001241894850
1005002532230877
1005001890058535
1005003388555011
1005001770967058
32867029356
1005003337879239
1005002655442598
1005003126804376
1005001793021440
1005002673674588
1005003214334972
1005001501715545
1005001577589334
1005002473826900
4000767425263
1005003038421666
32952343920
1005001997022474
1005003124689075
1005002130088899
1005003260268675
1005002877364006
1005003105495544
32844984336
1005003107453489
1005003328158179
4000509298905
32882566942
1005002859169532
32814915643
1005001346647812
33020113364
4000473446692
1005001489912604
1005002637780288
4001156262341
4000927963259
1005002224620842
32912163545
1005003145970511
1005002647211967
1005002606155771
4000469136585
4001199248916
1005003259148091
1005003163408317
32918544285
32929737593
4000903356902
1005003390019056
1005003195573622
1005001903262345
4000890552722
32941700129
1005002212847669
1005003169993310
1005002765181639
1005001571883835
33044571283
1005003121656044
1005002271791478
32947761383
1005002848265217
1005003376025473
4000764976541
4000445753907
1005002185698131
1005002333478730
4001069823118
33061367476
1005002140096863
1005002686030133
1005001350090459
32560673296
4000357488649
4001257112122
1005003091974678
1005003016842460
1005003336840154
1005003244916001
4000773204906
1005003189240431
1005001392062630
1005003344018736
1005002448857735
1005002548490514
1005003298751211
1005003183465392
1005003223303243
1005002974638463
1005003042250726
1005003198891726
33032824852
1005002614171377
4000329469136
1005001349707425
1005003351000464
1005002716547640
4001274273471
1005002606064074
1005002941088810
1005001732294780
4001129046488
4000837560442
1005003049978610
4001068388409
1005003387869079
1005003377018279
32809642504
1005002647092044
4000542357221
1005001284488786
4000297110707
32873039299
32994857768
1005003060336592
33058104119
1005003392156307
32972337285
1005003176006365
32815664612
1005002328284852
1005003202409894
1005001851015047
1005001484567159
1005002205328668
1005003134531153
1000008146904
4000915620118
1005001841878722
1005002966247914
32647154146
1005001368975378
32665989854
1005002282356950
32740063241
32898972421
33053808755
1005003291058903
4000681596378
1005003076232349
1005002919758022
4000295835575
1005001285965767
1005002814923802
32948409653
4000662511166
4001293658323
1005002928877200
1005003042156637
1005003117225997
1005003069109840
1005002191480530
4000206501410
1005002869709310
4001235682404
1005003008380636
1005003012281894
32617681267
1005002124274655
1005003298319062
4000994298788
4000781814065
1005002938720849
1005003104895949
1005003337102644
4000642028884
32921221003
1005003133988388
4000546580040
1005001660061398
1005003285397749
4000738106004
1005003242417504
1005003112536323
32897925720
1005003202689672
4000522855027
1005001359808809
1005002038189810
1005002292914789
4000236953110
1005002667415502
1005003320034808
1005001359679266
4001213966845
32994220174
4000394377660
4000751847881
1005003388322155
32955680298
1005003345201003
1005003388327478
4001240147639
1005001840022787
1005003268395239
1005003191942027
1005002718324370
1005001695346956
1005003085819453
1005003371394380
1005002884435536
1005002387211295
4000314922218
1005002661340139
1005001929407788
4001309278467
1005002960402329
1005002977835250
32973537900
1005002735716986
1005001603778767
1005002871360555
4001320745055
1005003146918331
1005002586780335
1005002931164901
1005001814082039
1005001940424184
1005003142389644
1005002647160016
1005001882597707
1005002049692597
32481661966
1005002912617290
1005002656812889
1005003002296478
4000045937650
1005003346299011
33052494121
32777856404
4000960483750
4000054453009
1005002314402580
1005003155540669
1005003055043237
4000668245219
1005003310748025
33014722961
1005001664334174
1005001478152992
33016914879
1005003345324372
1005002613357489
1005001885553944
1005003296600077
1005003357552495
32826911814
1005002990321460
1005003283294211
1005002392182359
1005002732972588
1005001732749353
1005002788971869
4001138527585
32817748345
1005002012210715
4001298770101
1005002417271571
1005003304356507
1005001855490836
1005001275839807
33044892359
1005002789583979
4000626079038
1005001610009547
1005003134028213
1005001859289978
1005002866408485
1005003033464299
32851604322
1005002037666212
1005002053921274
4001135922585
1005002109895270
1005002832504555
1005003015246332
4000075324914
1005002485172560
32719384108
1005003278431370
1005003199989422
33026802035
1005003093619861
4000319201285
1005003360251647
1005002717208616
33018371753
1005003151339656
1005002137172183
4000244221305
1005002683433492
1005003172582134
1005003391258731
1005001280426518
1005003280281643
1005002888626967
1005002912159815
4000058035904
32991650151
1005003032409389
1005003287301362
1005003222068778
1005001524235046
1005002273593763
1005002898090839
1005002966100814
1005003000850836
1005002805850747
1005002353278802
1005003094090583
1005002565219671
4000233943258
33043278706
1005002905774481
1005002927159614
1005003309574984
1005002313137462
4000250652521
4000144040567
1005001397338861
1005001847248070
4001305628955
1005003047172125
1005002890863920
32975890305
1005003198929627
1005003014827404
32819147510
1005003294158411
4000126224002
1005002413820741
32873195011
1005003214407116
1005002628532908
1005002603750790
1005003319425876
4001278975005
1005002891561758
1005003342000000
1005003352161775
32959209759
1005003310032125
32974071801
1005002928622308
32558419917
32948754397
1005003219666413
1005003384868382
1005003276476487
1005003292086626
1005003108076292
1005002596913226
1005001808663099
4000687491615
1005001921732558
1005002226147500
1005003190980171
1005002992647791
1005002794095778
1005002953974401
32315445890
1005001524023377
1005003307327068
1005003248627086
1005002282703416
1005002247900810
1005003166997480
1005001985565203
1005002447018105
4001003598525
1005002982346073
32969296334
1005003318892843
1005001775043256
1005002617328421
1005003333574161
1005001502494081
32820170176
1005003387825303
1005002861927302
1005001418480969
1005002836809817
32970617422
1005003284946775
1005002792075565
1005002058364291
1005002889397115
1005003343239311
1005002315937965
1005002974082645
1005003208429837
1005003333914562
1005003112743793
32857343752
1005003189110789
1005002667468293
1005003161196952
1005003057144067
1005002585161672
1005001808288350
1005002281392285
1005003356100713
1005002426557340
1005002970311450
1005002856852488
1005003069587440
32985477457
1005002400957431
1005003304736412
1005002176797415
4001120606281
32982284964
4000894351834
1005003013034788
4001014571740
1005002783763952
1005003346679990
4001224503567
1005003354118039
4000360507210
1005003302429706
1005002398900380
1005003200127213
1005002910564427
1005003287534988
32742703491
1005002303521619
1005003158991160
1005003149685286
1005003262318385
1005002742678265
1005001376208018
1005003222835611
1005002608945173
1005003190438913
1005003058536480
1005003320223229
1005001406623019
1000001549817
1005003188893217
1005002723633478
32834476057
1005001481980621
1005003001896923
1005002775059967
1005001785511967
1005003055722930
1005002375975040
1005003222314490
32893195428
4001230275925
1005001667893033
1005003308153436
1005002541851471
1005002864189653
1005002809042924
1005003188666869
32577569652
1005003037335235
4001253642582
1005002441285220
1005003298931343
1005001658293670
1005002981706220
1005003139738413
1005002488565784
1005003257865899
32794989310
1005002616247444
1005001496203242
1005001882233895
4001060615886
1005002438559604
33019987239
1005003229819937
32918934239
1005002132394309
1005002340338731
32798369129
32676282480
1005003205259141
4001148033559
1005001705278972
1005002317655124
1005003303910419
1005002920764737
1005002380395068
1005003284658052
1005002374857112
32978289294
4000558407102
32847020137
4000299858851
32786233872
1005002124034555
1005003328211092
1005002341748609
1005003080952693
1005002710138909
4000074675066
1000007996696
4000281764834
1005001763660504
32918697271
33016003075
1005002600777353
1005002854726812
1005003087245662
1005003093732673
1005003040945970
1005003037839978
1005003156164598
4000767882686
4001205951067
1005001458357662
1005003239105795
1005002332953076
1005003106709238
1005003012195125
4000419193583
32852172699
1005002622120945
32373497853
32840943966
1005002460374465
1005003172621243
32899505046
33000466084
1005002339655819
4000019843009
4000974347996
1005002861697289
32916864941
1005002220123134
1005003311237273
1005002806284455
33046564127
1005002978598537
32824280939
4000289664484
1005001682267477
32846005026
1005003356764557
1005002944064358
1005003340336297
1005002244750720
4001117887472
1005003384562052
1005002868418518
1005002525267231
1005003114010985
32801583215
4000392253192
1005003059495990
1005001860880974
1005001452842310
1005002863140881
1005002901859398
1005002682261800
1005003334721723
1005002358597438
4000185300355
1005003384347562
1005003366160807
1005001401749819
1005002950513717
4001365464305
1005003249368273
32823997471
4000308128917
1005002306075016
1005002821467914
1005003304836790
1005002971665517
32888337332
1005002864236097
1005003065078775
4001270783295
1005002018250542
1005003281781583
1005002322003372
1005003013248257
1005003122259257
1005002379051725
32863884383
1005002810188958
4000377528562
32877299278
1005002748684458
1005003092789092
10000336447011
1005002246740331
1005002387868429
4000881785388
4000118165908
1005001442313875
4000893418320
1005003330362280
4000614857697
1005002530687558
4001206801821
1005001594667410
1005003380479110
1005002854851672
1005002990604972
32824855881
4000492596235
32912746129
4000599076528
1005003306638095
1005003026089083
1005003333415300
1005002996900063
1005002875498720
4001025696498
1005003008023621
1005002164958561
1005001872318885
33036045242
1005002255318912
1005002809687600
1005002485301250
1005002895642486
1005001576749971
32882547148
1005001319901006
1005002071128217
1005001865469051
1005002559272978
1005002712405096
1005002783727714
1005003219704026
1005002724056370
1005003002132186
1005002086480579
4000782022247
4000484963588
4000993216475
1005003004614581
1005003053416130
1005001970511163
1005003354051127
1005003018063933
1005002541091479
1005003069619492
32801204596
32967761315
1005003281404022
1005001623135256
1005001538593085
1005003292965887
1005001587158557
1005002306246280
10000415789612
1005003041867608
1005002837784556
32829292144
32987697269
1005002715844802
4000193828780
1005002340886356
1005003293021902
374992006
32713441816
1005002546249630
32806428562
1005003069871687
32326917890
1005002618534451
1005003361248037
1005002115294743
1005002701667687
1005003385019243
4001230282912
32858792973
1005002647322428
1005002706919339
4000301986400
1005003270480327
4001270790192
4000313603320
4000558793437
1005003363209099
1005001769772987
1005001879700896
1005003160223182
4000238392288
1005002553781890
1569510894
1005003031232259
1005003219582338
32700992672
1005002652288288
1005002583585755
4000926407612
1005002140103702
1005003200702425
1005002502811627
32767114124
32956944045
1005003136260362
1005003248569505
1005003325028023
1005003385238130
2051910179
1005003277570261
1005002929284106
1005002774174841
1005002689437291
1005003333896154
10000002722836
1005001650700308
1005002375085510
4000173786966
1005002657820189
1005001975662728
1005002864048399
4001155701979
1005003297944290
4000592411005
1005002766924464
1005002652006753
1005001403654719
1005003222012358
1005002717236232
1005003377066009
32965403036
33039191167
1005002823921942
1005001814647845
4001000489534
32802880007
1005003137090437
1005002547608453
1005001896092867
32966510507
1005003335104427
1005003171330451
1005001609780273
4001235224896
1005002433738288
1005003118457257
1005001792660839
4000045709457
1005003020552445
1005002454222880
4000518031956
1005003357862793
4000974757087
1005002264727006
1005003115241774
1005003148172083
32812397971
4001034524062
1005002790278143
1005003069550709
1005001281910346
1005003228997568
4000123066929
1005001799181613
1005001579486988
1005002129215405
1005001580257566
1005003247505896
1005002670075691
4000028249943
1005002731334187
1005003170901064
1005003244011959
1005002688317320
33007708711
4001163985022
1005001405722865
1005003337821160
4000466133277
1005002755697351
1005002568219704
32973127107
1005002807861679
32961767103
32902216777
1005002480836761
4000261249981
1005002447280978
1005002966401381
1005002648249204
1005002116824504
4001085352881
1005003361545834
1005003260253648
1826147103
1005003001969583
1005002125134558
32970720987
1005003266784521
1005002443432390
4000281722221
1005002939432646
1005003152991316
1005003157938675
1005002267571233
1005003216925315
1005001699158748
4000182770432
1005002710446248
32707281113
4001097422949
1005002494640227
1005003261587966
1005002140139029
1005002557948810
1005003183956886
1005002376141691
4001135977027
4000477562144
4000456924467
1005003174722697
1005003158922676
32597358039
1005003144290335
1005002324411717
32820823909
1005001586287711
1005001292789839
4001322201508
1005003006399301
1005002801541687
1005001300091513
32932220404
1005003337702567
33000662624
1005001391715537
1005003305764487
32495525834
1005003147327069
1005002177157582
1005001631119925
1005002901017516
4001150574310
1005003384101944
32596126045
1005003222639131
1005003008601575
1005002277693817
1005002489902139
1005001412054391
1005003099368718
32922621753
1005002988909503
1005003070296850
1005003102307586
33051178317
1005003235669569
1005003127330176
32726193914
4001083714087
1005003105749738
1005003181983400
32827941012
32845111998
1005003311140539
1005002212290134
1005002889503620
1005002291317677
4001100994724
1005002489966473
1005002122365654
32859161399
4001239330473
1005002773631344
1005001882246934
4000206759684
1005002963950232
4000567594225
32858732585
1005002774243242
1005002698353095
1005003350906409
1005003300808424
1005002522860447
1005001995003760
32697821113
1005003317863328
1005001623210096
1005003335775995
4000013503965
1005003152357072
1005001928215660
1005002133580148
1005002889324597
32718398899
1005003258197381
1005003232966992
1005003003851840
32884381876
4001359873710
1005003104640385
32851696799
1005002739309637
1005003134151308
4000071415577
1005002889698979
1005001392824783
4000234321107
32972104958
1005001634023712
1005003375361823
1005003244940333
32462246326
1005003389802106
1005002842307603
1005002650487222
4000053360916
4000986453952
1005001894783726
1005002920434399
4001233796434
1005003330001168
1005003159067200
1005001357489661
1005003391262623
1005002688383614
4000336917985
1005002879269851
1005002764140003
1005003292084706
1005003136034190
33012966671
32819052058
32977633076
1005002554864695
4000021909496
1005002729602078
1005002770511759
1005003014114373
1005002410828911
1005001652823730
1005003244828610
32904401258
1005003028064700
1005002348748170
1005003227948245
1005003176340809
1005002877895441
1005003365321564
4000385860171
1005002426111136
32887378300
1005002049530698
1005002399082478
1005003008269670
32966875356
32728732989
1005003023351398
1005003015400635
1005003014051171
1005002298740046
1005002611842267
32813683351
1005001424876348
32969282702
1005002066838792
1005002039446247
1005003097474692
1005003292711105
1005001620077658
1005003370817055
4001211766932
1005002633171767
1005003099339302
4001275749585
33031201743
4000544753070
4001249794067
4001233835685
1005002947607410
1005003251095371
1005003199646462
1005002296813462
1005003342226425
1005003155858611
1005002127380034
1005002618768457
1005003345428328
1005003087831678
33017887122
1005003308688352
1005002810168495
2020179439
1005001501098847
32874448268
1005003308574518
1005003336939347
1005002642263158
1005003336372552
32869967447
1005003318161715
32843761907
1005002637003827
1005002056300316
1005003372837612
1005002393500042
1005001786896520
1005001346291878
1005001867262731
1005003208428816
1005003019893383
1005002911834960
33039111716
32892390842
1005002873260431
1005003253039590
1005003385048123
1005003225561537
1005002052171398
1005003322702104
1005002126612152
1005003152328641
1005002776655465
32862874644
4000713736489
32973404573
1005003292588383
32830334886
1005003014140574
32829734274
32997955770
1005002885821791
1005002656710025
1005003188317342
4000559149379
1005002133570012
1005003185359701
1005001599214888
1005003341888439
1005002767436417
1005003347396092
1005002342611218
1005002936032419
1005003271844792
1005003268887500
1005002967312520
32811888815
1005002773670231
33015990586
1005002964374751
1005003299850723
32680651778
32891335044
32898712295
1005002384663402
1005002929038170
1005002341663831
1005003121535127
4000242199919
1005001620986610
1005003064576003
1005002122103024
1005001367635626
1005003282940748
32893443358
1005002351173641
32898724130
1005003250575781
1005003349665297
1005003085795339
1005003124108355
4001338651813
1005002313344125
1005002722664966
1005002006436365
1005001658512822
1005002766745706
32863046129
1005003136471178
1005003065733545
32977919179
4000092260404
32795826572
1005002640834232
1005001441326505
1005002918985917
33044677332
1005002227760380
1005003392837521
32768907685
1005003244691527
1005002338107052
32605914349
1005002253420794
1005003233544396
1005002023726580
1005003010032438
1005003233086369
4000807499340
1005001795803831
1005002207560973
1005002879220307
4000828923605
1005002907614578
4000623714481
4000133128134
1005002324924902
1005001389184130
1005002905599870
1005001580405201
1005003044411595
1005003013604932
1005002670729420
1005001386165156
1005002793715513
1005003208682252
1005003043832370
1005003192137132
4000124399187
1005003365110142
1005003136138241
1005003156096188
1005003302030303
1005003113592405
1005003128906907
4000086603456
1005002004011554
1005002949530340
1005002363287242
1005003264864723
1005001387668968
4000774677882
32949908475
4000075507368
1005002824323612
1005002724316889
1005003160001368
1005001321727706
1005001819239543
32948176306
4000377426742
32810751146
1005002723321797
1005003062281878
4000373500457
1005002608899526
4000843528493
4000449898502
4001158484281
1005003371353871
1005001499085407
1005002933406859
32821085224
1005001935294626
1005002395676533
1005001525905204
1005003030459752
32647235157
1005003028188818
1005002711282465
1005003083705815
32358001646
1005001469931761
1005002450576064
1005003146857918
4000972417223
32899790378
1005003297332693
1005002802336449
1005002495359972
1005002913544311
4000118662128
4000188819665
1005002129969720
4001011080414
1005003344655933
32918140712
1005003142838386
1005003211749691
1005003000849382
1005001424361691
1005002423445429
1005003064848425
1005002776368492
1005003371135579
1005002708032824
32831328804
32865238230
1005001844507552
4001160363526
1005002351769603
32898765701
1005003336731535
1005002390328565
1005002805614019
1005003361895571
1005002577402155
1005003148017851
1005002626346084
1005002919970808
1005001431012670
1005001793241116
1005003114145702
1005002979987285
1005002602770424
4000023537980
4000747231601
1005003361665203
1005002889324597
4001114967192
1005001634172431
32842852439
4001214097276
32966273133
1005002682296051
32955551553
1005001547649476
1005002321254905
1005003196005796
1005001472478001
33028223515
32880333554
32922756364
4000859846550
1005003278860300
1005003382981390
1005003194363527
1005002245299036
1005003372012923
32853824884
32506607793
1005003355275791
1005002400242205
1005002101624909
1005003038042991
1005001625352449
1005002826978907
1005003018216192
4000771244356
4000473655013
1005002377949910
1005002382260917
1005003211500279
1005001625863600
1005001941179131
1005001689340822
4001285775073
1005001787392272
1005003036715254
1005002012974030
32942045088
33046566288
33031828936
4000160749181
1005001613357778
1005003178335077
1005003141353831
1005002101649925
1005001893603550
1005003275351245
1005003257558879
1005002848532369
32958467904
1005001985071166
1005003387528650
4000675064935
32909748833
1005002855980000
1005003293076628
1005002647335324
1005002623872967
1005003037574631
1005003197669379
1005002959209585
1005003292579318
32838565161
1005002044564091
33035715264
1005002959267373
1005002524210038
32992521841
1005002726051713
1005002954149727
32885125585
1005003308093445
1005003325254984
1005002459048998
1005003002608159
32842485011
1005003299016617
4000800363058
1005002291626318
1005002798016329
1005003269478863
1005002345573772
1005003202019075
1005002917528189
1005003074597042
1005001863566673
4000974367453
1005003073945475
1005002727521798
32735368775
1005003123161334
1005002065400149
1005002344648991
1005002271549436
4001015960906
1005002908655578
1005002282940340
1005003163433285
1005002291985150
1005002728731964
1005001406162271
1005003301543927
1005002673374905
1005003052456589
4000301806214
1005003259286242
32574766341
1005001708794000
1005002828582717
1005002871523043
1005002461025904
32888689481
4000452620341
1005002945899881
4000023357219
1005002321458261
32438027924
1005003036431147
1005002625774512
1005002662123860
10000339380417
1005003025059627
1005003172063274
4001320640363
1005003041166758
32907482712
1005002741166255
1005003371342585
1005002254462255
32973290051
1005002939642300
32862586799
1005002060116516
1005002942163562
4000205987670
1005003282925599
1005002111360466
1005003193098825
32920477354
1005002573019934
1005003194200038
1005001882505991
32822722662
1005003146182325
33010888073
1005002766202833
1005003116608028
1005003150028369
4000511659659
1005002318859205
1005002938034808
1005003153326390
1005003099246784
1005003281468442
1005003082083627
1005002193845612
1005002594557224
4000043007108
1005003145533540
1005002758112419
1005003317696788
4001293893001
1005002674538879
1005002649149077
4001272421357
1005001640266245
32848130111
1005002709433442
1005002612766468
32920456464
1005003182884331
1005003219489710
1005003248182227
1005003095361489
1005002238137536
1005002033496005
1005002899627580
1005003082743439
1005002973009080
1005001621016445
1005002164566173
4001039327201
1005003281227972
1005002876680412
1005003380075052
4000439290755
32859790223
1005001620436362
1005002731768001
4001009152469
1005002492380006
1005003121710281
1005001303927333
1005003203897550
33017548531
1005003163127575
4000898947697
1005001950204000
1005003042136846
1005002598741761
1005003387371977
4000207324976
4000385727919
1005002638014069
1005003224917367
1005002954221300
4000838311403
32862646480
1005001483409372
4001320862063
1005001955090886
1005003218322396
1005002820458714
1005003265474976
1005003005067813
4000240990226
1005002584275382
1005002319233079
1005002533118436
4000855717146
4001133130296
1005002388083982
4001221861829
1005003065033030
1005002793766850
1005003387607393
1005003118019692
32871046408
4001350845500
32954520815
1005003382785155
32981309984
1005003032071440
32728356315
1005002814622864
1005001789779301
32836027415
1005002951998412
1005001657666074
1005001875855591
1005001387006362
1005003072030735
1005003074007797
1005001388519155
1005002204494485
1005003258162787
1005003143147364
1005002468033686
1005002583108318
32845431530
1005002478358310
1005002888759883
1005003200115653
4001147769674
1005002333598671
1005003256109553
1005003277797879
33042744952
1005003332719908
1005003095225235
32973691115
1005001856868895
32597601922
1005001744129828
1005003219444437
32951231178
1005002252738411
1005002459969859
1005002926651943
1005001905415591
1005001401869001
1005002335202834
1005002963964727
1005003197979190
1005002176761361
1005002857932432
1005003267654010
1005003375946421
1005002050548435
1005002007415139
32348795163
1005003162640423
1005003078331098
1005003033985412
1005003261867885
4000816388955
1005002052543615
1005002912301923
1005001816928742
1005002584065429
1005002100715659
10000121348425
1005003039360206
1005001387390001
4000966910669
1005001355459472
32961488931
1005003383730108
1005003129436744
1005002492274354
1005001303402071
1005001465790406
4000579168231
1005002159631384
1005001405054416
616338380
1005002570322341
1005001488504441
1005002624852153
32919307747
1005003005211507
1005002398163730
1005003294219616
1005002244739543
1005002813285313
1005003181775199
4001278838954
1005002277360677
33005352580
1005002755980473
1005003022153787
33051055444
1005002950505729
4000418901824
32970380415
1005001822987941
1005003327339266
1005002469118667
32874417095
4000941334376
4000746016735
1005002932146627
32432575079
1005003381586084
4001033996383
4001156280327
1005003091436218
1005002241390088
1005003208893287
1005003322901090
1005002674167903
32860538553
1005003210763937
1005003388442677
32726076949
1005002749489370
1005002600291355
4000020109868
4000853682948
1005003033311959
4000042294301
1005003157528938
1005003012929012
1005002347066323
10000260060490
1005002908812752
1005002966839360
1005002549506150
1005003118375031
4000930716264
1005002748015633
1005002020242735
4000812123328
1005002908148103
1005001441395698
1005003303556025
1005001683226999
1005001481318119
1005002523537787
32991442987
4000163449801
33014264019
1005002382605402
1005003259544202
1005003287150337
1005001436343494
32894489685
4001214196332
1005002589472020
1005003123561011
1005002537834964
32822678555
1005002401142847
1005001658114013
1005003199500872
4000282476378
1005003192636493
1005002983745330
1005003368351177
1005002400707052
1005003253523989
1005002605671151
1005002931298383
1005001912898904
1005002003232350
1005001889892037
1005003330300216
1005002927966250
1005003109472617
1005002995182339
1005002869537118
1005003143254062
1005003031099556
1005002567245054
4000756559858
33035802737
1005003341713771
2005186072
1005001531791269
32892898483
1005003283164940
1005003327317215
1005002513249735
32972473806
1005003210653807
1005002545103287
1005002687543512
1005002737901903
1005003143962096
1005003262640110
1005002566139552
1005003085964811
1005002947640985
1005001690309445
4000986769049
32797655293
1005002990292114
1005003156346483
4001288781461
33031393774
4000562616722
1005002583092868
1005003286423899
10000400046512
1005002732766006
32951103017
1005002204427944
1005003299364312
4000223720337
1005003258904995
1005002982754260
32707209156
1005003016147068
1005003228776832
4001187110785
4001281339988
32852404731
1005003387441954
1005003275191368
1005001997816038
1005002205441744
1005003164059055
1005003277390189
1005003371678080
32876399303
1005001823006298
1005002489940460
1005003291095995
32364149319
1005003256391699
1005003087012443
1005001439082646
1005003342733791
1005002882924217
1005002572363427
1005002085503629
1005002656460778
4001256217182
33040680053
1005001827158714
4000381870895
1005003107087841
1005002341460658
1005002775211885
4000221596977
1005001768224576
1005001430884001
32807034522
4000190647212
1005002345193137
32299214696
1005002229640187
4000970966132
1005001813895860
32885016345
1005002382961288
1005002064829695
4000589462412
4000237572854
1005003134079971
32921056714
1005002857826539
32834700070
1005003263609586
1005003069846053
1005003256704402
32889956800
1005003193537287
1005003083364981
32843989492
4001069613477
1005003293222907
1005002752054998
4000585688352
1005002273754308
1005002801995274
1005003063762630
4000996709721
32817391633
1005003038168688
1005002992669586
32847922771
1005002034936873
1005002557916727
4000280174894
32970367482
1005002343896732
32828743522
33014343003
1005002253631125
1005003083010868
1005003044326078
1005002224368449
1005003075461604
4000558040596
1005001657426600
1005003020847647
1005003199821396
1005002674112633
1005001272899598
1005001565593166
1005003292600113
1005002021860986
1005003336350572
4000884564948
33012462926
1005002225266963
4001062469305
32972182932
32813435275
1005003238858559
1005003110168434
1005003009614993
32379249452
1005002561090937
32842484767
1005002949425223
1005002568230207
1005003158596575
1005003066812403
1005002549917731
1005002392956946
1998066128
1005003315076400
1005003096437272
1005002789157966
1005002270584992
1005001718105614
32919025945
4000842317402
32812879956
1005003165053409
1005003276360652
33028319010
4000749246721
1005002593089233
1005002703181661
32950866228
1005003047892239
1005002277156181
1005003230623893
1005001722208992
1005002011687744
1005003060944117
32885069487
1005002564971273
1005002344979564
1005002652025602
4000557163657
1005003340210637
1005002940978980
1005001992466733
4001058611200
32902919866
1005002399712387
4000630496355
33024316571
1005003297035672
33049955032
4000276859919
1005002692931353
1005002263929713
1005002418899955
1005002604244129
1005003255494030
1005002949586196
4000505872707
1005002794908873
1005003097815410
1005003235562090
1005002652904667
1005003223567242
1005003032782770
1005003072405590
1005002284357718
4000943584866
4001349753915
1005003367674794
1005003259757713
33003024061
1005002806269696
1005003284809723
1005003341232374
1005003090494419
1005003019225909
1005003292597506
1005003024931008
1005002884844696
1005002422114164
1005002696492492
1005003157976275
1005001463776004
1005002399450726
4000043069836
1005002386409617
1005002060754895
4000163204647
1005003174826514
1005002797794426
1005001304639366
1005002575472402
1005003196378057
1005002996358474
4000309869774
32850907966
4001059043579
1005003152459425
1005001600709990
1005001884272185
33026714278
1005002244492273
1005003178373192
1005002260546788
1005003123280456
4001061227894
1005003130983065
1005002602604374
1005002586655448
1005002070012368
32804494348
33028506944
1005003366022103
32252868935
1005003303659072
1000008347975
1005002310826958
1005003051529672
4001326481270
1005002624256384
33045180391
32783050361
1005002985336404
4000004747196
4000696067149
1005001548334798
1005002241604109
1005002762806796
1005003109302800
4001013562141
32898898446
1005002880920115
1005003229492391
32966137743
32914399991
1005003331259568
4000971448012
1005002617077012
1005003264173380
1005003216848939
1005003229346570
1005003021201798
1005003100577316
1005003246855868
1005001270574767
1005002255609554
1005003359842869
1005002473811079
1005002319066689
1005002846006618
1005003061063484
1005002928962488
1005003185474570
1005002857834254
1005002212179401
4000463423436
1005002774051383