1005003311096197
1005002397792526
1005001713483692
4000361351685
33020864322
10000344105856
1005001429076990
1005002027753614
1005003156888367
4000756688763
1005003008019735
32833157333
1005002382128364
1005002081524253
1005002322352014
1005002337941372
1005002735043289
1005002616778307
1005001921294107
1005003107168913
1005002289972140
1005001418579803
1005003369113159
1005002076206198
1005002133615401
1005002194195912
1005002291098648
33007968625
1005002656405887
33050747667
32776479137
4001317496445
1005003309168488
1000001735015
33032920661
33040222021
1005001305054137
1005002813196264
1005003383342946
33043548440
1005002234419986
1005001882256875
1005002474248785
4001105885016
1005003263241949
1005002314301315
32964781952
1005002730335334
32981573455
1005003120063218
1005002316153989
32830225660
32727019507
1005001709347098
1005002846597332
32964911309
1005001514913477
1005002297733719
1005002286562395
1005003351942752
4000225198543
1005001597322397
1005003277292578
1005003145551339
1005002994900507
1005001922971138
1005003380971027
1005002419855781
1005001515768335
1005001548446575
1005003270315510
1005003261346760
32814403909
1005002803242106
1005001848310319
32894500865
1005003009130250
1005001500428792
1005003298548807
1005003234204469
1005003124212480
1005003020306381
1005002616205715
4000384659579
33025126248
1005002717488214
4000945256362
1005002341121478
1005002959574447
1005003175117010
1005003176162120
1005001706233503
4000680947080
1005003303225833
1005002320917806
1005001664780496
1005003328439592
1005002774088305
4000640929873
1005003330077245
1005002988812815
1005003368873351
1005002901151073
4001274953982
32909400221
33007089163
1005003033236340
1005003152130818
1005003380334280
1005001775206248
4000954401945
1005002611497287
1005003366997855
1005002953194252
32934871341
32928830089
4001331086220
1005001381163984
1005002777955925
1005002998136473
1005003134708026
1005002396242459
32851865306
1005002364647457
1005003194261040
1005001970398704
1005003005256771
1005003321225334
1005003217095972
1005003096594707
1005002915301312
32852206706
1005003102532653
1005002413767612
4000944933441
1005002968207015
1005002110001512
1005002347778111
32992787027
4000287130937
1005002787105179
32822880593
32629304891
1005003305926330
4001221917394
1005001742996474
1005002852813789
1005001922574858
1005001780607767
1005003016627067
1005002389995132
32752708219
32756759561
33024455179
32979984879
1005002739118402
4001361506514
1005002304988270
4001359577126
1005002008258397
1005002471183702
1005002408101305
4000868424474
1005002341634865
1005002781206913
1005003033227032
4000320420991
1005002423592305
32831352568
1005003385363260
1005003250204614
1005001619872784
32811469651
1005002631927489
33025529431
1005001764552835
32967459092
1005002473149797
1005001882407384
1005002118675873
1005002451180424
1005002701208097
4000624790576
32781633198
1005001797432927
1005002344963784
1005002274598457
1005002253233661
1005002821502115
4001199767309
1005003331060197
4001140405470
1005001954935378
1005002856978333
1005003157250803
1005002467031050
32893624911
1005002878535138
1005003023612829
1005003129463797
32970434869
4001131669443
1005002771432791
4001052891652
1005002913995174
4000777180258
1005001743600613
1005001895178542
1005002989625816
33053480709
32858672157
1005002775873032
1005002063336866
1005002110732795
32803184374
1005002401176291
1005002922342973
1005003019966772
32913532132
1005003134040551
4000894189693
1005003118844524
1005003322172406
1005001892542112
4001298208398
1005002389225869
1005002287950968
32982461197
4001084236821
1005002364587332
1005002740719434
1005002778252562
33044446987
1005003293593079
1005002682135030
1005002275730913
33009159164
4000682782747
32722871158
1005001641074882
1005003330778895
33033543874
33005260801
1005003129984585
4000220590824
1005002597856411
4000001687439
1005001779564429
1005003388559020
1005003304114645
1005002869697355
32966591445
32840609659
1005002564856876
1005002865270327
1005002320026395
1005003201202227
1005002248058091
1005003166330369
1005002228167806
32462539453
1005001704185470
1005003291628323
32959732428
1005003153455025
1005002770557307
4001017611753
1005002901754832
1005003300441682
1005001381804622
1005003279782788
4001108867835
4000306752630
1005003140345261
1005002803001311
1005001943003228
1005003013894223
1005003144134589
1005003334014631
1005002829427279
1005003337056662
32875178504
1005002294394196
1005003124545804
1005003367820829
1005001396253529
1005003353198159
1130910090
32836234852
1005003309765272
32441332396
1005002537286089
1005002880533116
1005003228310852
32808315092
1005003150129228
4000683065252
1005002917220260
1005001430310376
1005002490193541
32922780516
1005003183310394
1005003328733562
32833117596
1005001882466441
1005003382449339
1005002373434823
1005003102048463
1005001621791404
1005003110035822
33030752828
4000808340620
1005003228419758
1005002524180409
1005002459894924
1005002378767578
1005001759687095
1005002901921423
1005002003513873
32924803567
1005002074426466
1005003183185022
32862906098
1005002252857008
1005002551602242
1005003194984137
32920238952
1005003196041034
1005003095627684
4000556785553
32523430408
1005002275662462
1005001412908390
1005003304137154
33034597821
1005003328721995
32868930523
1005002293230232
1005002802195271
10000343998378
32528060609
1005001438054435
4000410466501
1005003008024603
1005002420100230
1005002490131370
4000396387968
1005002862687133
4000506241475
4000981777216
1005001600610955
1005001506646203
1005003306034426
1005002597798057
1005003136509550
1005001946335673
1005003360171034
1005003091582286
4001056855585
1005002597373739
1005003068739593
1005001855285700
1005001293455972
1005002273323870
1005003188221383
1005002511281944
32881988620
1005001680112982
1005002647257520
1005002483498315
33000184418
1005003361082724
1005002136976763
4001332979521
1005003085067541
4001253325865
1005003107736186
1005002728380205
1005001594838484
32957853546
33033846736
1005001556366995
1005002608862916
1005002299537380
1005002978608062
1005003206147445
1005002710881218
1005001346299022
32572458241
4000376999719
1005003278431624
1005003113660884
1005003199533265
1005001748829817
1005003218451300
32797156291
1005003090844349
1005003205594791
1569522569
32448942010
4001358546060
4001345723854
1005002604077412
1005001444025447
1005003372105365
1005002907313831
1005002095044475
33001361450
4000054892817
32947814596
1005002650309400
32822263449
1005001895263625
1005002842710634
1005003337800405
1005003377427299
4000419832766
32921080106
32835493814
1005002663467004
32804477918
1005002397742762
1005002662843195
4001313386057
4000110096787
1005002982293441
1005001682020647
32956591395
1005003004383483
1005003286384076
4001157209801
1005003129807779
1005001959669719
32815540125
1005001908092255
1005002926865484
1005003017447962
32998549978
32649055219
2036610781
1005003261295893
4000119109263
32857657753
1005001355627556
1005002768692200
1005003140773064
1005003330420567
1005003298535190
33029091615
1005002749558434
4000387958653
33041844371
1005002314318649
1005002452840384
1005003285218438
1005002922350298
1005003313372223
1005002717527685
1005002850021368
1005002708672228
1005002376152488
1005003370858651
4001171030165
4000142393294
32976844683
1005003156775719
1005002925686622
1005003126098058
1005003159540717
1005003069253980
32439550745
1005003336997810
1005002663277142
32716174343
1005003364094090
1005002241566040
1005002997273515
4001065036539
1005002751073817
1005001899598037
1005003374859480
1005003030045759
32995867684
1005002836293931
1005002990883696
32522490751
33042684401
4001237980735
32773929407
4000876743883
33036686139
1005002101896235
1005003368238826
32998724574
1005002074731092
1005001881231299
32278884524
1005003325415927
10000397727672
32972879624
1005003166974328
1005003145102730
1005003371154876
4000813382189
4000365107601
32513603749
1005002413091387
1005003171810249
1005001554877121
32946224940
1005003222545277
1005003311392561
1005002540880966
1005001882232922
1005003133781976
1005002960925173
1005002387743694
1005002927629338
1005003117397561
1005002950293277
1005001860351188
32899276848
1005002866579591
33049433152
32810732836
1005002824151297
1005002673017222
1005002960994073
1005002638300114
1005003269489140
1005002790631661
1005003278048382
1005002510470514
1005003241744795
1005002517401223
4001272686627
1005002019044322
1005003368535639
1005002964038440
4001121594138
1005001869971735
1005003334591991
1005003233519933
1005002897475097
1005002316964112
1005003288294571
1005001344612542
32927152225
1005002666583296
1005002277940932
4000247529950
1005002157132412
1005003273221592
32898178200
1005002313104075
1005002925750757
1005003093088118
1005002221002074
32951749550
1005003116673216
1005003082055223
1005002399159037
4000339979107
1005001882723233
32666659764
1005002873485612
1005002984358663
1005002302573276
1005002662703203
1005001344927505
4001171039531
1005002796856971
1005002972031379
1005001848259932
1005003251711505
1005003263001639
1005003059375180
1005003188620600
33012334399
1005002794490142
32959060957
1005003029879743
32851553076
1005002022615616
1005002872954197
1005003001766169
4001094571923
4000677367521
1005002496265172
1005002973166818
1005001887503929
1005001375679491
4001294436669
1005001492007955
4000424302572
1005003308270841
1005003386327414
32989041113
1005002541811077
1005003069039164
1005002236260144
32879398017
1005002795027921
1005002000114606
4000648944256
32944208469
1005003033029949
4000548186726
1005003291734283
4000782148814
1005001614779755
1005002776209836
32821002607
1005003156469011
1005003375969967
1005001889864556
4001059525411
1005003180625707
1005002836453490
32917053990
4000935539165
4001007185233
1005002809415606
1005003023752560
1005002324057364
1005002924423795
1005003374829032
1005003073699766
1005002315701407
33028642678
1005002217874628
4000224478049
4000345719122
1005002806555077
32868037368
1005002932845023
1005001477892679
1005002658406532
1005003214398859
1005002291589722
1005003306744679
1005002731458548
32241003970
1005003273638818
1005002511106936
1005003218394808
1005002668674326
1005002847585378
1005002984151144
1005002747496796
1005001723784654
1005003317545566
32987546650
1005003356738424
4001019055959
1005002401087983
1005003192162526
4000321875065
1005001621924895
1005003086649048
4000080756846
32918137717
4000560830596
32623082851
1005002555436033
32969174521
32893621811
32873958934
1005003213240566
1005003112394617
1005001432510887
1005003192188974
1005003367715104
4000803373811
1005001849093605
4000023720687
33029107912
1005002224032211
1005002683328977
1005002715764037
4001217592641
4001000661224
1005002264611021
1005002919088345
32873399897
1005002604332320
1005003249124866
33038010703
4000171686459
4000231226539
1005001459099899
1005002156979007
1005002907249945
1005003259093569
1005003155137482
4000449179686
1005002789482620
1005003209368345
1005003225906341
33055068378
32872973279
1005003317028818
4001086644414
1005003280835158
1005002981157759
1005003104783541
1005003227472929
1005003317007056
1005002322161881
1005003045341246
1005002905818036
1005003372326879
32891443325
1005001422901307
1005003062619828
4000900149068
1005002789522505
1005002406062562
1005002095422123
1005003057924683
32806687407
4000813001882
32767291875
1005002726930878
32916065947
1005003146094903
1005003383177783
1005001540029990
1005003110972686
32965655010
4000982514144
1005003002101385
1005003117602162
4001264646859
32988889947
1005002324852154
1005003041549927
1005003299004897
1005003019737224
1005003213418337
1005003356241056
1005001611467084
1005002109731123
1005002753719196
4000093857520
1005002612102892
1005003371524800
33053504988
1005001295647054
32965340944
1005002543194510
1005002218158809
4000890949478
1005003125860197
1005003376862194
1005003316459336
1005001893884756
32949792761
1005003281044965
1005003049806163
4001207916263
1005002523435703
1005003122103435
32997736591
32991729892
1005002607305082
4000277707682
1005002755973473
1000008557113
1005003265203728
32787501826
4000166188660
32819254218
32814517553
1005002613532461
1005002599753978
1005001829739298
1005002647303467
1005002194202048
1005003009385997
1005003006750917
1005003063425779
1005003315876803
32827240683
4001207659176
1005003288987450
4001143080526
1005002465875352
4000832382107
1005002975889864
1005001690331955
4000864363244
1005003275175941
1005003030662633
32867357811
1005003255213949
1005002925616417
1005003205052022
1005002523048090
1005002872305000
32922251378
1005003118067056
32914434337
1005003135946309
1005003248963130
1005002688190427
10000340020891
1005002049961086
1005002764049031
1005002282730074
1005002116191226
4000039848511
1005002622398005
1005001481754703
1005003118818550
1005003337429477
4001278476652
4000142946420
32946374394
32691582655
1005003170186198
309320035
1005003213133582
1005002345118590
32904519091
32887697852
1005002730919869
1005001670184143
1005003063595577
1005003340346166
1005002898054684
1005003353171818
32974784230
4001117197317
1005003318622557
1005002567685623
1005002276342534
32857960002
1005003071171540
1005003303509721
1005002567626913
1005002498740296
32952590734
1005002844631500
4001173214908
1005001888644046
33016210520
1005003360992472
1005003171689786
1005002931743782
4000114536289
1005003299421143
1005002509424347
1005003341798482
1005003005072935
1005003383184917
1005001438789737
1005001659153355
1005002638802958
1005002363413625
1005002205491708
33030161053
1005003340257564
1005003343799193
1005003022065894
1005001582918675
1005002802119094
1005003064460265
4000222398247
1005003198737678
1005003276156957
1005003156657679
4001346091359
4000136002824
32984045451
1005003351234638
1005002605725534
1005003205983374
1005003331885785
1005002686061364
1005003258711099
4000252279299
1005003375039950
1005003019698700
32588213185
1005002695871308
1005002161265233
32997579501
1005002208155585
4001245863234
1005002878687625
4000781857222
1005002886669301
1005002053564961
1005002628627989
33020298681
1005003053404717
1005002345010256
1005002490879327
32904229011
1005002756536784
1005003223028231
1005002734374479
32810811138
1005002449666441
1005002664886504
1005003148319185
4000755365715
1005001861583334
1005002765799856
1005002789791521
1005002991099080
32934319906
4001285262291
1005002483799132
1005001952610032
1005002258586562
1005002777461637
1005003030992230
1005002504142249
4001032677271
1005001830363276
1005002960861071
32795957928
1005002625829777
1005002545321642
1005001705462808
4000386460118
1005002541573184
1005001456251148
1005002015643134
4000554342205
1005002963602182
1005003340391031
32858283706
1005002164351622
4000562082566
1005003058271124
4000265364176
1005002964190781
1005003346150963
1005002898198690
1005003332962663
33059049061
1005002680867804
4000923211977
1005003254618435
1005003146987014
1005002525500477
1005002997379116
32838185614
1005002394125392
4001018174548
32990189799
32977547393
1005002717198905
1005002897369963
1005001921275145
1005003002633288
1005003308952780
33055001436
1005003357434157
1005002073038896
1005003293783539
1005003348286616
1005002964449617
1005002728454893
1005002288898937
1005002954402899
1005002751945447
1005003259709857
1005002275458832
1005003193248003
32850059002
1000008508341
1005002093800281
1005003275250931
4000958959756
1005001441722425
1005003386345828
1005002594198742
1005003388403930
1005002314030749
1005002387577861
1005003324430846
4001143393270
1005002351402282
4000628082278
32884529233
1005003123692143
1005002900262791
1005002910875134
1005001632383834
32880344521
1005001557259516
1005002985548381
1005002600207586
33014410451
1005003380558949
1005003144040348
4000402998422
1005002273157493
1005003386230603
1005002809285523
4000084587658
1005001722399527
1005002815064084
1005003341628560
1005001768482128
1005002787350575
32995580460
4001100218076
1005003311458915
32808589529
1005003202085073
1005002347915924
1005001978718644
1005003258044119
32688623584
1005002642740410
1005002317342028
1005001822924535
1005002054110591
1005002942058592
1005003013890768
1005003223740661
1005003309949970
1005002857591135
1005002875238988
1005003234512641
4001316111233
1005001864325464
4001139214683
32648324628
1005001374794944
1005002795412891
32967335872
1005003091577755
1005003055313163
1005001423282145
1005003340033222
1005002899203978
4000500092091
1005002286377374
1005002702317328
1005003345103705
1005003118452284
1005002994896250
1005003333289787
1005002545091953
4001134576644
1005001441425392
33009587184
1005002647212840
1005003305155489
4000157832536
1005002963430341
1005002858085068
1005002324568390
32957904422
1005003226118226
33044126954
1005001381153856
1005002796011361
1005001291647652
1005003249874804
32840352200
1005002613376060
1005002648737602
1005003290248357
1005002271706623
1005002692791409
1005001593283737
33042878039
1005002996392518
1005001950476631
32914454367
1005003197157424
1005001421577220
1005002513278409
1005002615818317
1005003337506173
4000124260040
1005002441595166
1005002522657295
4001242799704
1005002966043094
33024740603
1005003335055522
1005002309777048
1005002487302911
33004202497
1005003113627485
32962511871
10000343992676
1005002085155178
1005001331049596
32750228315
1005002964032401
1005003356955690
32702144574
1005003083934291
1005003342504764
4001026644081
1005002625931985
1005002172200594
1005002907875767
1005002942024126
32997876786
1005003339934414
1005002973891522
1005003123069600
1005001592104843
1005003106232656
1005002861893574
1005003224595398
1005003213554280
1005001985883820
1005002465271122
4000231325096
1005003365438729
4001128044020
4001022085781
1005002823126856
32831195458
1005003380025034
4001366060522
1005002862026666
1005001873040099
1005003087510494
1005002011116074
1005002515801457
1005002970020148
4001272147208
32966638202
1005003263550017
1005003197128378
4000156020961
1000001338508
1005002454319564
4000874309328
32837018377
4001298832659
4000636516849
1005002575535085
1005003184013815
32602598975
1005003214325978
1005003311040474
1005002790132039
1005003283795349
1005002619660505
1005003281114262
1005001893591202
1005003110500924
1005002612975383
1005003078640598
1005002586717946
1005001555018502
1005001598665655
1005001585361398
4000014801097
1005003228214334
32859923891
1005001452727285
1005002331083008
1005002905954697
1005001458223075
4000206718842
32848232006
1005002037426373
1005003093702295
1005002353814617
1005003351223958
32978229273
1005002193225276
4001278733906
1005003252118609
32792107881
4000561787015
1005001502747898
1005003256619361
1005002570152317
1005003150612045
1005003168857023
32794315481
1005003092167319
1005002593167585
32813041324
1005002260659407
1005003235576753
1005001280931765
32695360947
1005002297862873
1005002971364041
32802351488
1005002424064855
1005003261061322
10000401544087
1005003040657363
1005003149477570
4000314860508
32893715738
1005003148052075
32916559489
1005002540450262
1005002675301972
4000292883064
1005001500789287
1005003070176244
1005002334970485
33027390655
1005001431091238
1005002706176874
4001060897393
4001279313327
4001131264455
1005002919675387
1005003251306886
1005002635278155
4000320372574
1005002567713356
4000197910307
32793227049
1005003228307179
1005002063547912
1005003160075868
1005003065069310
4000178246902
1005001820288050
1005002649095539
1005002734922753
1005002926509751
1005003340033222
32810148181
1005003139778003
32841105988
1005002529750561
1005003176996459
4000272923165
1005003295736729
1005003135756372
1005003083685668
1005003331703241
4000827234951
1005002910642966
1005002101071097
1005002985045130
1005002499726225
1005002787792079
1005002615223013
1005003076723613
1005003022796522
4000598939126
1005002977928206
32616818401
1005003350956285
1005002469359309
1005001777299136
1005002012205581
1005002232729301
1005002763828085
1005003091810373
1005003343256722
1005002379100224
4000198782799
32747812983
10000397722084
1005001946625023
4001020975369
4001193232796
1005002171481208
1005003176854555
1005003306542426
1005001352618219
1005002765802489
32791333385
1005002958254947
32915553107
1005002372542009
1005001715478868
1005002790000532
1005003095086311
4000586222168
1005002529927767
4001020389496
1005003299798299
1005002510837526
1005001682154630
1005003197921180
1005001438881268
1005003104369014
1005002868896839
1005001899724093
2027602153
1005003328696988
1005002666905119
1005002511088269
1005003006368518
1005002047723037
1005002342974780
1005002514646367
4000983463268
1005003008079164
4000789124686
1005002393879847
1005002973871547
1005003301632361
1005002998749557
4000917867814
1005002794959579
1005001793571204
4000990725427
4001000319486
1005002797693883
1005002333551287
32945285764
32809781250
4001106187050
4001190979473
1005002872593549
32982310101
1000001067374
4000139262627
32845127793
1005002133661482
1005003347232519
1005002514740473
1005003108432022
32793015480
32854802257
4001001008364
4000060059387
4001139840445
32854706703
4000764388727
1005002357785962
4000982583336
32823831128
33040708429
32773613717
1005002118889491
1005002190622832
1005002615610993
1005003345561651
1005002232544862
1005003291941580
4000986627668
1005002677703205
1005002523059434
4000155549921
1005002935471887
1005002205140905
1005003338952343
1005003064853641
1005003356272488
33005714895
32992290463
4001135396963
1005001966368906
4000069332007
1005001441816731
1005002838522510
4001207554997
1005001631759263
32908604471
1005003382562096
1005001446321402
1005003340810768
4000496693661
1005001625553424
1005002368438397
1005001822200784
1005001374144363
1005002175571507
4000097838453
1005001856735532
1005001586386359
4000712136981
1005002738753948
1005002667523319
1005002860405741
32831800393
33039201246
1005003098796262
1005003189689799
4001012463659
1005003122052695
33003066666
1005002968212282
1005002959619807
4000859159554
4001227162614
4001066066264
1005002766089780
32645394718
1005001285122614
1005002345573772
4001179627349
1005002102010599
1005002304301203
1005001338092026
1005002053994021
1005003181537542
1005001958506458
1005002441473111
1005003391357111
32462387879
32975725192
32789294258
1005002939977623
1005003359573786
1005002534850793
1005003275555462
1005002964472901
1005001644256021
1005002337857639
1005002267894609
4000902273325
1005001979880427
1005001536693899
1005001406179184
1005003020223957
1005003337684143
4001157418404
1005001360676010
1005003375121323
1005003173952524
1005003121315090
1005003208726919
32923934681
1005002615673528
1005002861121698
32913628183
1005001687646072
1005001861012309
4000933788217
4001065959951
1005003169051653
1005003322407453
32887506984
4001226813362
1005002613194537
1005001510257306
1005003213315386
1005002761915461
1005003320919747
32613270634
1005003094197640
1005002288579184
33021315697
1005003034335759
4000955408096
4001154150359
1005003280541053
1005001688207141
1005002669306480
4000065345292
32840324890
1005003212075383
1005002772403590
32646586779
1005002641501101
1005003153079511
4001039271679
1005002109936547
32825156685
32908105593
4001021616052
1005002476977553
4000843803284
1005003135791901
1005002934996441
33035221718
1005002329426819
1005003304282153
1005001411717546
1005003295699813
1005002198950911
1005001872916984
4000939828240
32716245979
1005002076238036
1005002941178144
1005002617800689
32535748805
32398146196
1005001337462995
1005003275575026
4001221159635
32875135556
33029017626
1005003260213928
4000785309153
1005002635888982
4000111786139
1005002344964731
1005002885954229
4000007746326
1005002329674790
4001154519634
1005002818004117
1005002317431247
1005002313743676
1005003215119168
4000250545766
1005001484041792
1005001718654222
32837229765
4000052052842
1005003354024288
1005003379269363
1005002989552272
1005001963810450
32987884925
1005001839332213
4001224671379
1005003300439292
1005002828858128
32643213341
1005001314285733
1005003148307859
1005003196263713
1005003190882683
32959971528
1005001827516308
1005003321068526
1005003236008433
1005001625405196
32485565340
1005002659989274
1005001605317901
1005002369630018
1005002758117901
1005002399325007
4000838701671
32812620219
1005003266375485
4000181192712
1005003382222399
1005002014036823
33057630074
1005003197919885
1005001343061245
32844240247
1005002931881764
1005002932863964
1005001889695018
1005003076785260
1005003176589991
1005002907031117
1005002524690374
1005002315711844
32950386153
1005003315316727
1005003291941580
1005002910808458
4001119603943
1005003356776625
1005001441518054
32861451060
32974958254
1005003374274915
1005002978849096
4000203799088
1005002847526822
1005003154124577
1005003334973192
1005003239994702
1005002298531735
1005003134235770
1005002495666703
1005001487587276
1005003014515239
4000537997597
1005003033072249
1005003066611972
1005003372054647
32994760604
1005002666699118
4000368649222
32691787391
1005001356097803
1005002961452230
1005002546768237
1005002615297115
1005003337665798
1005001750771448
32878847236
1005001351868580
1005003204200255
4000902725703
1005002052514543
1005002383641104
1005003227615408
1005002837697953
4000784337359
32954066463
4001283926687
1005003099222397
1005002086596888
4001145805594
33061207832
32917089219
1005002021773310
1005002099151433
1005003202673183
1005002291097972
4000182539896
1005003146463037
1005002935919456
1005002678801191
1005002336150856
32968973512
1005002287503172
1005003276939029
1005002001558679
1005002230194237
1005001863757351
32860169552
33008038556
32396643381
1005002220685765
32992208596
1005003253397358
1005003167385982
1005001842869026
1005002359733139
4000546509827
1005002617509374
1005003182396136
1005001644651367
1005003100173210
1005003342758764
32883735727
1005003078376291
1005003202555894
1005003098074059
1005003192788734
1005002831624140
1005001937596422
1005002754636996
32953961444
4000202245394
4000781650408
32812097936
1005003117027852
4001156522176
1005003040474676
1005003316231663
1005003313234165
32668718591
32983743710
32910597724
1005002813670129
32949973654
1005002394110559
1005002432893508
4000481133966
4000001660604
4000068399049
1005003036664853
4001185934620
1005001520594959
1005003150050107
1005003276656799
4000144634109
33040349704
1005002552950035
1005002537748419
1005001971208498
1005001591614251
1005002080830796
1005002502841924
4000127291076
1005002644733245
4001170260063
4001252526333
1005001997599750
4001230380438
1005002492701159
32912199842
4000356156796
4000300716001
4000256530515
4001294361354
1005002894464546
1005002212567097
32855891845
1005003333975567
1005002206568933
1005003314247942
32875731876
4000996498525
1005003271827711
1005002711966809
1005002624561382
1005002913104151
1005002988181331
1005001707973930
1005001882522865
33050346265
1005003219680507
4001112238487
4001094662000
1005002997543228
1005001457559433
1005001927052847
4000219147379
1005003316603163
32862925918
32664735282
1005002622834258
32878157082
1005002950920637
4001194449087
1005001884470342
1005002826964842
1005002890137576
4000039929913
4001194360600
1005002466997373
1005002271280520
1005002831143707
1005003313212397
1005001944603814
4000926538640
1005003165090306
1005002919016249
1005003002518117
32901225125
1005002695248860
32958992097
4000834412026
1005003253397358
1005001572570229
1005002320367132
1005001458682190
32975731698
32859522319
32973497648
32821494610
1005003203034554
1005002990817692
1005002570000938
1005003008073137
32801914323
1005003161728364
32821586396
1005003099288974
1005001829862268
4000459553867
1005003259554473
1005002146950512
1005003384730853
1005003133768951
4000423860147
1005002814762218
1005003338862561
33029862946
1005002259731012
1005003037058211
32886202005
1005002553984021
1005002235080615
1005001686001460
1005003354812468
32815049520
1005002630290513
1005002369195215
4000181166284
1005003095430116
1005002288730857
1005003136327136
4000042295389
1005003372127242
1005003217800882
1005003361845522
1005003280273816
10000002650295
1005002582079069
1005001761054804
1005002448431953
1005001285998666
1005003030542270
32887940848
1005003058405008
1005003344000771
1005002828078269
1005002002095981
1005003226957858
1005002855996851
32521981379
33021782215
1005003358042197
32884489967
1005003137551563
4001230970001
1005003295962066
1005003163446684
1005001657221664
1005002655066837
33058797899
1005002935604170
1005002705065928
1005003017623137
1005002994900507
4000069616183
1005002051056848
32854581990
1005002926410640
32905801069
1005002614210796
1005002055970809
1005002994525373
32736013335
1005002694912580
1005002413471042
4000499929109
1005003124150714
1005001908290998
4001163299754
33000686295
32780199617
1005003387802508
1005003383052301
1005002951217668
1005001441409477
1005002804009967
1005003129480665
1005002315696537
4001276479070
1005002668569813
4000867108670
1005002313555214
1005002134447480
1005002111076003
1005002312758705
1005003387684933
1005002256402907
1005001506250082
1005002868819262
1005002932285373
1005003085137597
1005003278662685
33044227562
1005003395794961
32784253437
1005001639240786
33022872331
33005212803
32798362974
1005002926155590
32699217748
1005003000492533
1005002245942865
1005002710166475
33040002310
1005003290173923
1005002184841896
1005001509405573
1005002754551230
4001194148836
1005003019734710
1005001867319458
32883073930
4000263951365
1005002431486638
1005002782542050
32948812066
32855694533
1005001694335443
1005002836507424
4000706412437
1005003181846002
4001293590406
1005003235788163
1005002978788052
1005003037622777
33006702218
1005002680318803
1005002161742883
1005002037736737
1005003369787010
4000164296155
1005003337076517
4000473546693
1005002696887560
1005002809107459
1005003390599321
1005001898804420
1005002905808864
1005003218757063
1005002950900839
1005003128525565
1005002814971567
1005002064861611
1005003295808843
1005003150272373
1005002785528090
4000973514061
1005003265046409
1005003148746263
1005003342009777
1005001300422587
32887987621
1005002971851549
1005002350989728
4000470450770
4000200964260
1005003037242446
1005002766815654
1005003295852572
4000812525089
1005002822977978
32987398875
32886184774
1005001646590770
1005003225879135
4001142264667
32992390103
1005002129898861
1005002559758998
1005003005380047
4001293161558
32850053845
1005002310759334
4000633003602
1005001652810405
1005001946628391
1005002286800878
1005003008037779
32723471907
1005002795453058
1005001670400989
1005003164052207
1005002974118275
1005003146587651
1005002495877486
1005002381455271
1005002264722193
1005002348433399
1005001604513065
1005003041804724
1005003263946736
4000169880393
32744034727
1005001526054570
32755771822
1005001452493337
1005003257147755
1005002251609961
1005003276343472
1005002212659491
4000224456581
1005002337769389
1005001822188975
32830555340
1005001850599567
1005002359531127
4001049341421
1005002564332973
1005002595279620
1005002329366853
1005002449252073
32953369266
1005003037203212
32885738289
1005002547259716
32994024034
4000548724418
1005002658729921
1005002839510818
4001346987321
1005003309368356
32808452085
1005001652528757
4001139411348
1005002938963292
1005003092573058
32861512737
1005003309179026
1005002802372285
1005003116325263
1005003182888966
32988142777
1005002958474878
1005002727571917
4000816666979
32409486266
1005002350779239
32833285407
1005003257080316
1005003033786076
1005002717915372
1005002513379023
1005001297611476
1005002890966539
1005002292680304
1005003290229669