4000177440180
4001064811531
1005003222896114
1005002282294125
1005003371401042
1005003167991439
1005002979605967
1005002467745656
4001245982390
32889822523
1005003217303424
1005003334672668
1005002985719887
32920355072
1005001412527860
1005003330453519
1005002853247563
4000203216694
1005003097201803
33005529542
1005002863413676
1005003365397834
4000283366086
1005002580065390
1005002883338690
4001279058515
10000345018171
1005001913889517
1005002822906042
1005003274995298
1005003145670759
1005003315806276
1005003118739679
1005002977997914
4001114311105
33000799077
1005002924151843
1005001780934288
1005002613023196
4000033101828
1005003375596337
10000055566390
1005002761527184
4000301289054
1005002871762897
1005003218122124
1005003151130255
1005001997637468
1005002982080103
1005003277764929
1005001771677271
1005002320071049
33047637292
1005002613843202
1005002431983801
4001293715205
1005003337159094
1005003108692477
4000825072756
4001120645289
1005003093580438
1005002973896726
1005003238286930
1005002816659101
32862906694
32951149258
1005002965208912
1005002376358853
33036904806
32862410360
1005003236057464
1005001423585944
33051071324
4000038796880
1005003118439720
4001291764503
4001230333772
32718826078
4001316789219
32276006494
1005003020845308
1005002323160032
1005001987874437
1005003011624229
4000321416805
4000874743855
1005001380343010
1005002302221272
4000177995368
10000209260583
4001270878553
1005003213138270
1005002778715103
1005002950909084
4000068542874
4000662571824
1005003386386210
1005003219925667
1005003212276635
1005003331690229
1005003195636866
1005002959614588
1005003107452098
1005003228460852
32944325804
1005003274572604
1005001525610306
1005002443851223
1005001780500322
1005003113752139
629857474
1005001339238400
1005002848297997
4000986455845
32904261829
1005002426578329
4000543388298
1005002062156078
32974390404
33003181790
1005003266330202
1005003048474152
1005003149620220
1000001285492
32848634311
1005003001389406
1005003146351489
1005002571322955
32907969300
1005003146400102
1005002408546828
32844740550
4001125558110
32297948867
4000248875939
4001089785056
1005003128730952
1005001478526970
1005002369114538
1005001936946676
1005002110006506
1005003351719219
1005003201759886
1005001705611679
1005003103353505
1005002673884497
1005003041504275
32963479715
1005002946798282
1005002991763807
4000484704772
32951618197
1005002831736737
1005001905534822
1005002600601060
32897029258
1005001392603375
1005002420080928
1005003329601630
1005002877261559
1005002223587652
1005003229252980
33048143897
1005001709095194
1005001504678021
1005002361317607
4000874677657
33005667567
32819923529
4000927417079
1005002286800064
1005002176962289
1005002517220606
1005002727086957
1005003037474994
1005003083980632
1005003345798416
1005002213270321
1005003299491219
1005002816590194
1005003122510885
1005002288790482
1005003004425075
1005003265394066
4000936136252
1005001823560558
1005002642746241
1005002885351013
1005002611069621
4000090512193
1005003366105272
1005002608948179
1005002234904049
1005003136404841
1005003337222350
1005002186779286
1005003002140000
1005001596707815
1005002912777398
1005003228594857
1005003007977441
4001235282553
4001044412199
1005002902439029
32982684105
1005002283411040
1005003251221780
32303000256
1005001889748873
4001036650266
1005003391257855
1005003149441625
1005003133439639
1005003194705064
1005003158561546
1005002008666065
4001189437834
33059049879
1005002789964991
1005001479584079
32916026681
32855389878
1005003364264917
1005002490503224
4000130444094
32315250228
1005001411257449
1005001880691971
32812958168
1005002722764336
1005003166379411
33042158421
32858768482
1005003049804190
1005001770237262
1005003307139787
1005003219085620
1005003270282647
1005003026201276
1005003361824710
4001084214069
1005003066189314
4000314142644
33004823393
1005002951971335
1005002425212163
912695825
4001118097775
1005001548048871
1005003001007783
1005002768199240
32824111085
1005002241155099
32962549951
1005002068227571
1005002705392811
1005002374939665
1005003329255880
1005002287666545
4001211386137
32827952894
32835410201
4000912957336
32873119605
4000960403373
1005003308704680
4001140646854
1005003111070073
32972181275
32805206607
1005002393040538
32921212964
4000278938231
1005003330067481
1005001610297879
4000528631269
1005001585896994
4000166188660
1005001586105621
1005002900965086
1005002533057594
32837111719
32821637086
4000971583515
1005002551336576
1005002823283152
32952602321
4001037828030
1005001337807485
1005003161388874
1005003135751135
1005002235231208
1005002198933715
1005003191642670
1005002871502041
1005001927787753
4000680361302
32573736446
4000121999639
1005003143093982
1005003097924820
1005003155024926
1005003350199158
1005003355330878
4000114721905
1005002058801663
1005001418419716
1005002849067953
1005003178399168
32667006635
1005003332252511
1005003334938764
1005002532796728
1005002765769810
4000852194763
32351467369
1005001835198100
1005003158287632
1005002193416261
1005003251672287
1005003244006463
4001050642147
1005002982194508
1005002662183706
1005003111443638
4000170313147
1005002752920504
4000210268962
774788081
1005002795880379
33020240213
1005002945859039
4000832645770
1005001356288220
4000917105014
32849377952
32959079371
1005003154147738
32869771885
32985042395
1005002990220867
4000972356971
32700986874
1005003221003688
32997054055
1005003016644179
4001139133155
4000101916951
4000061861905
1005002590157948
1005002486224877
1005001650919090
1005003370754105
4001236366574
1005002004032033
1005001356264846
1005001972251508
1005003261425412
4000084801869
1005001581797012
1005003135929464
1005001406833597
1005002608837940
1005003365064814
1005003385126172
1005003174732674
1005002991462037
1005003193278365
1005002734701007
1005001437979222
1005003209651891
1005003075838091
32958272776
1005002999402206
32947698190
1005002730574187
1005002865188680
32991945513
1005001616592394
32897894926
4000993831411
32989582201
32900895104
1005002114813357
1005003333812266
1005002520393504
1005001846463594
32970859888
1005002380506590
1005002424893061
4000891990211
1005003309150911
1005002970238901
4001042523959
1005001667954851
1005002035199546
1005003032310949
32852963747
1005001914060597
33047361073
4000816803044
1005001984865501
1005003263224810
32969086711
1005002920673265
1005003231914909
1005003361776402
1005003343228012
1005003359022614
1005003257608860
1005002025135370
1005002615471305
1005003129476603
32618350029
1005001516392548
1005003207413358
33052553816
4000111088439
1005003183394664
1005003017485943
32840367284
1005003302875939
1005003163545821
1005001450424663
1005003016774861
1005002346934810
32963450106
1005001267055937
1005003025353273
1005002535232933
4001128166517
1005001571925966
1005002181265846
1005002280702028
1005003056639113
1005002270834927
4001220119389
1005001829507831
1005003162761527
4001268537963
4000693490861
1005003060514199
32948870970
1005002891287907
32950528258
1005002311047008
1005002064992172
4000384349639
4000390043825
1005002466957817
1005002642100396
4001245225053
1005003057151253
1005003028500376
4000672656872
1005003157255677
1005001484269951
1005003377537623
1005003103289862
1005002820378056
32882419999
1005002277128843
1005002398838071
1005003374154826
1005002546698892
32997181436
32948677675
1005002961174253
1005003018176699
32915845255
4001133056346
1005002787947648
1005003281559697
32833664454
1005001429952898
1005002906545475
32999893679
1005002136035666
32998129871
1005003329945533
1005002999131007
1005003386267682
32831509457
1005003004079255
1005002321311546
1005001487879178
4001361410822
4001113130476
1005001425046464
32875138416
4000939141541
4001031637319
1005002932711387
32953049538
1005002833577280
32741307429
33002852686
32994238339
1005003323507672
1005002074951413
1005002608735614
1005003383533064
10000011700589
1005002564364629
1005003113693605
1005001548476840
1005003264779554
1005003267221548
1005002793714635
4000750479345
4000689139836
1000007381255
1005002804659355
1005003062217666
1005003267610188
32777394786
32720951680
1005003206460741
1005003336920303
1005002935390598
1005003286536454
1005002199953675
1005002511073507
1005002038565673
1005002122288876
1005002571240006
1005003341604896
33028951842
1005001723811748
1005003318971070
4001199134036
32367659415
1005002319049416
1005003284999137
1005003051906059
1005002310917884
1005003130183962
32829316822
1005003208374477
4000546611332
1005003300608453
32889946567
1005002629395199
4001041670642
32662837593
1005003315041670
1005003362643761
1005002636589869
1005002537108058
32725097612
32396627396
1005001422481351
1005001609785347
1005002919356061
32917497175
32991124852
32998471506
4001111670384
1005003074453263
1005003122043773
1005001362705000
1005002070280143
1005001605282906
32861359620
33002444539
1005001580737639
1005003346449414
1005002260925796
1005002952700838
1005001699224853
4001148100655
4000430518566
1005003003923019
1005001587579427
33021979361
1005003379232577
32919207026
33037328677
4001350343690
1005003002818198
1005003035323787
1005003339690618
1005003084001392
1005003167166608
32449322761
1005001822239721
1005001429693395
32968483374
1005002860796854
1005002897942562
1005003352248931
1005003281607737
1005003055388824
4000917413769
32965072304
1005003168934847
4000197483791
1005002618436728
32955624203
1005003009938225
1005001418715913
1005003391158258
1005003210844498
1005002229732163
33023238786
1339349709
1005002966312260
4000434484036
1005001704015206
1005002107269489
1005001998175547
32965413514
4000915143720
1005003279365132
1005003209570493
32321079509
1005003133832225
1005003125806968
1005002813019277
4000245981210
1005003234736355
1005002841141858
1005003306516718
4000050333758
1005003026864807
1005003158011097
1005003120098285
1005001397222404
1005001836182018
1005002561040475
1005002663114519
4000200713737
1005001269872601
1005002829762920
4000916545633
1005002540871818
1005002559080228
1005002448855468
33009422389
1005002332217469
1005002829858715
1005003019449526
4000250379240
1005003184522027
1005003377368664
1005002545398120
1005002663316333
4000351778699
1005003085838187
4001251564796
4000839027523
1005003205420513
1005002776121635
1005002317649549
4001176068982
4000903361840
1005002489712812
1005002335181891
1005002649416534
4001118174705
4001162729388
1005002610510008
1005003149871994
32967315591
1005002733349137
1005003104851893
4000308406606
1005002662444951
1005001514367781
1005002079094426
4001031974733
1005002467765990
1005002081813016
1005003208770805
1005002159516515
1005003388445649
4001076662263
1005003225064209
1005003133169332
1005001965624935
1005001884474987
1005002835372595
1005002885851142
1005002270740360
1005003111331888
1000001723296
32979139373
1005003031017417
1005003160854991
32873492551
1005002345013177
4000890661213
4001027639081
32785477813
4001081523882
1005002594699615
1005002784561732
1005002105136694
1005002471543910
1005003387861126
4000533249204
32831799601
32863642836
4000160438022
4000272540941
33048161223
1005002327639617
1005001736782341
1005002717078926
1005001386436084
4001069335348
32971345891
1005003198519977
33040175561
1005001494534934
1005003346246945
1005002995165311
4000406472237
1005001373920602
32981540939
1005002194325481
4001163255767
1005003329945185
1005003025835964
1005001379688244
1005002676380343
4000160646390
1005003091145933
4000628783275
1005002784279758
32893996389
4000968018484
1005003099131002
1005001686108486
1005002856066463
32853937077
32895461463
1005003261444842
1005003262097076
1005002059657284
4000172768421
1005002487616331
1005002003849025
4000764131831
1005003347813465
1005003077041145
1005002252268651
4001244420021
1005001592439376
705567476
1005003072887592
1005001444741939
1005001402729639
1005003129667034
32949861366
1005002947920286
1005002974831039
1005001330882920
4000298895247
32978143846
4001212639016
32846109621
1005003005311096
1005003172332582
1005003186266942
4001133990485
32761370783
1005002728628135
32900160190
4001054687214
1005003252151545
1005003170512453
1005002405894273
1005003042818895
1005002990378696
1005002752165274
4000735262475
4001003720179
1005002912200233
1005003307681747
1005003341359659
1005003144376918
1005003287908225
4001318027021
1005001821732676
1005002927200330
1005002689699759
1005003030092366
4000818159587
1005002753949938
1005002042751755
32846100899
1005003015854396
1005001311682858
1005003380229320
1005003238852634
1005002783538804
1005002950943397
1005001893129893
1005003007980169
1005001694359316
1005002613138636
1005003096866009
32882592937
4000922685714
1005002208187090
1005003236380213
4000324975439
1005003037879511
32824072897
4000558218434
1005001302281152
1005001392942506
1005003339830320
1005003200385908
1005002624144375
4001238524979
32723417642
1005002643313447
1005001681222917
10000027897689
32957368209
1005002081039127
32868791849
32954021754
1005002797198000
1005003311081643
1005002207941604
1005003297012841
1005001506063907
1005002644893295
1005001961899834
32721400451
32975728713
4001260555969
1005003305502560
1005003301998696
1005003307112036
1005003119244974
1005003315017017
1005002755708443
1005002661814854
1005001678126845
1005003264252990
1005003035448267
1005002766467928
32946545456
1005003036447459
4000102027770
1005002124677377
1005002037440432
32812977605
1005002400826758
1005002642370208
1005002553797917
1005002405852418
1005003368564471
1005003095436138
32818945427
1005003363014057
4000533327079
1005001458299008
32853064392
1005003383324540
1005003278230140
1005002260904078
1005003123649508
1005001922050674
1005003285215971
1005002895856218
1005003378990624
1005002696417487
1005001977338560
4000231938096
1005002679118785
32853835873
1005001841860033
32933011151
4001290923125
4000807652888
1005002988965378
1005003386258734
1005002682853058
1005001441215928
1005003265719600
1005001962205709
1005002206264683
32846140101
1005001286574666
1005001892294483
1005003328958250
32995879271
1005002870767876
1005002779846775
1005002083820978
1005003314584826
4000449913332
4000012391184
1005003101688924
32992439293
10000319979419
1005003178186170
1005003155587257
1005003103192568
1005003369116286
1005003214384976
4001293949550
1005002314140159
10000381387993
1005002021285962
1005002739516926
1005003296198023
1005002831625562
1005001411617603
4001313497447
1005001694028921
1005002604580221
1005003293945001
1005001471564099
1005003158269429
32953222354
1005001631903816
1005002989562997
1005003090401463
1005003015851167
1005003378770268
4000817606218
1005003325822420
1005001963717345
4000023627483
1005003171590217
1005002866684433
33030362903
1005001885734963
1005003220708652
32959392772
1005002636049304
1005001912494487
1005002271716735
1005003195531059
1005003136190208
32919645764
1005003384790428
32999465500
1005002907595837
1005001441466167
1005002978944536
1005003278110477
1005003205643053
4000681549397
1005002696928446
1005003390076529
1005002753464125
1005003223698833
1005002799254424
32883814253
4001365597721
4001286678515
4001048778291
1005002776414859
1005002022192310
1005002798293886
1005002655166565
1005002919706342
1005001999172897
1005002509309274
33030144187
1005002949563276
4000169412476
1005002877188062
1005003020207458
1005002376307003
1005001688340694
1005001884048382
1005003268949426
1005003094225858
4000630359440
1005002715114491
32859824232
1005002856943258
1005003387161865
4000075387517
1005001851898068
1005003333783378
32990190198
32919629446
1005003009655268
1005003253490984
4000158254225
1005003109540887
1005002316951280
1005002641916067
1005003369091176
1005003129624839
4001264332676
32811303792
1005003186398240
1005003135483143
898506335
32795843165
10000144055060
1005002350206141
1005002296232509
1005003094196677
1005003306838733
1005003264727489
1005003298460509
4000672601154
32806409941
1005001495022342
1005003190762377
1005003102747951
4001122989647
4000865552837
32973031428
1005003014216953
1005002496147964
1005003385942042
1005003105697992
1005001689011567
1005002942095692
1005003295939376
1005003321306022
1005002912875176
1005002826832821
1005001966207073
1005003264889743
1005002133321591
1005002994215100
4000434624690
1005003074311474
1005003392465146
1005002512002432
1005002597844666
4001017375136
1005001897100853
1005001855824141
4000492789904
4001114117767
1005002307421970
32830885291
33041405387
32655824471
1005002093806677
1005003090347444
4001163088685
1005003187784389
1005002980129863
1005002377932079
1005001416879825
1005003333500022
4000048847987
33003772882
1005003160876773
1005001947201121
1005002471168241
4000842624217
4001170283820
1005002422804378
1005003161941385
1005003239877912
1005002978039094
1005002339985361
32957474947
1005003328843173
1005002063219203
33001559844
1005003151134766
32905425392
32289529786
4000280313259
1005002453382512
1005002598406773
1005002540869654
1005001978780436
33000216426
1005002774399711
1005002248182642
1005001380138048
1005002314089084
1005003000645435
1005002405073842
1005003287710229
32835424198
1005003287045420
32853247514
1005003322407974
1005003371265405
1005002229778196
1005001830724573
32816847335
1005003102389446
1005003153504032
1005002140546706
1005003149909762
1005002346883476
1005001709259319
1005001756104806
1005002702633041
32954713594
32837355892
1005001769381384
32999942750
1005003267490972
4001141690073
1005003242176547
1005003157547190
33054085193
1005003030318905
1005003083187474
1005001463998443
1005002843201282
4000258744641
1005001831010395
1005001977611832
1005003222367516
1005002801966198
32767017116
1005001429141037
1005003097663549
1005002790187501
32462483870
1005002114528162
1005002995147125
1005002462560555
1005002512281916
1005002936157197
1005001782861546
1005002648475596
1005002840112643
1005002926683009
4001070603287
1005002998915360
1005003281977069
1005002960367197
10000000657774
1005001948783833
1005001419359728
1005003179478978
33019348718
1005002814946263
1005002433572822
32721092233
1005003181184481
32880965543
4000057677512
32318873102
1005001921924961
1005002884954877
1005003303968068
4000704339188
1005002012172990
1005002291153145
1005002931567168
1005002009602545
1005002722709024
32910573188
1005002594529589
1005001812569592
1005001921036115
1005003321148881
33023243342
4001344267591
1005003345638673
4000169008204
33039187840
1005001688891743
1005002185884285
1005003281352898
33025874679
1005001383597519
1005003283929048
1005003130700233
1005002703117249
4000986054211
32903140087
1005003195584148
1005002859744031
1005002260820233
1005003197984158
1005003365050295
1005003222480072
1005002278308173
1005002490254189
32970224733
1005002338481294
4001106014102
1005002709748825
4000918433659
4000301909448
4001023615323
1005002927038412
4000185852702
4001214062325
1005002917361960
1005003277750680
32951186817
1005002966034121
1005003006200496
4001033828972
1005003338302193
32642707525
1005003384736718
1005002466303040
1005002346166723
1005002594504747
4001287724343
1005001345464616
4000127692034
1005003147361644
1005001429705021
1005002253959349
1005001561915601
4001037719993
1005002837508048
1005003170923537
1005002264437734
1005003387495203
32759431959
4001006792672
32882592584
1005003324861527
32821738796
1005003168213144
1005003356640562
1005002181095496
1005003349488803
1005002615796005
4000826317413
1005002375484117
1005003341477968
1005001775662384
1005003230471844
1005002046587685
1005002970018129
1005002011209038
1005003221984062
33018457947
1005003316374518
1005002828194352
1005001780781380
1005002608459214
4000790140011
1005002943954587
1005003012784656
1005002296885016
32965174920
1005002616147623
4000826620388
1005002807827332
4001365716198
1005003276335768
1005002097046393
4000888774774
4000079858823
4001123300579
1005003156052022
1005002836696332
1005003156911076
1005003307596442
1005003245728691
1005002823450135
1005001621633891
1005003129151200
1005002239084874
1005002598924137
4000466167855
32871898068
1005003280962727
32804546558
1005002763399674
4000938099723
1005003124134617
1005003172128025
1005003152542130
32964689885
4000514078152
1005002636947229
1005003129487575
1005003247613641
32826827458
1005003165784700
1005003116986836
1005001551150274
1005002112888097
4000461188879
1005003179397210
1005002038431356
1005001488656354
1005003333529423
1005002782164785
1005002956440322
1005002282382147
1005002968073016
32830617084
1005001574990518
1005002938209190
1005003388463482
32848054466
1005002592787407
1005001423526046
1005003305035830
1005002011064529
1005003333442973
4000961008462
1005003258146571
4000459866038
1005001891038204
32973144529
4000531791425
32876935473
4000289496248
1005003010732189
32938432708
1005002554241113
1005002956942149
4000744364940
1005002287900296
1005002240015963
1005002363754636
33045282395
1005001561523000
1005003194817588
1005003299730329
1005003369778571
4000483745901
1005002258639375
1005003349596919
1005001460236555
1005002085976511
32311242210
1005001390568970
1005003385132845
1005002136807990
1005002618717008
1005002313368913
1005003245086817
10000259659755
1005002277398821
1005003330373938
1005003163964527
1005002049866330
1005001917900253
4001115230407
1005003005231025
1005002722329162
1005002793398473
1005003343361554
4001218979073
32517994680
1005003223327371
1005003002250310
1005001973520566
32951055249
4001064697662
1005001575215931
1005002519207149
1005003343117359
1005002716647472
1005003224145055
32885713786
32904699379
1005002761491533
4000685964715
1005002988045746
1005002446558588
32757638710
1005003342692957
1005002620065976
1005001669249000
1005003336952743
32489535550
32885043865
1005003020114810
4001257651318
1005002619337253
1005002612276469
32957459098
1005002358797300
1005001986036443
4000670601162
1005001876843769
32897332119
1005003141943034
1005002856855875
32956043581
1005002945417645
1005003155183107
4001112072826
1005002891109056
1005002312737663
1005002313805020
32839103746
1005002755960678
33049883756
10000090202694
4000757518599
1005002552264199
1005003207490666
1005002198239863
1005002193815637
1005002332221456
1005003374640021
1005002894643345
1005003354683106
1005003303095549
1005003236758542
1005001933976000
1005002114769462
1005002110723355
33013222410
4000058390366
1005003299328481
1005003128039254
4001157934097
1005001277990256
1005003192430519
1005002493599396
1005003180789413
1005003246115457
4000618497617
1005001500951784
4001345345040
1005003258743566
1005003109258573
1005002730092903
1005003018187325
1005003030750004
1005003144979864
1005002389181400
1005002309655186
1005003361408476
4000975987481
1005002722772190
33001233572
1005003178498318
1005001375025628
1005001948068574
1005003208773130
1005003382840658
32820118534
1005001829289987
4001079305653
32960126938
4000760477881
1005003050784816
4000703380600
1005001510705377
32802641365
4001076211975
1005002806406877
32948334144
1005002695516910
4000097943934
1005001841398759
1005002573183006
1005003129222819
1005003336345122
33046241258
32953603406
33024896013
32979201216
1005003224153261
33035733212
1005002502531070
1005002633310050
1005003293229067
1005003087222761
32580800919
32965704214
32916091801
1005002971709186
1005001594245893
1005003026851540
1005001887792701
1005002931907044
32998233977
32251718833
32820883246
1005003160483435
1005002220552844
4001220089186
1005003359828818
1005003022853736
1005003053240512
1005002862044028
1005003270205376
1005002852996267
4000790377121
1005003072358369
1005003255127527
1005002739422934
1005001802422231
1005002046485582
1005002960379291
1005001724166485
4001156885977
32913058160
4000050616664
1005002909368050
1005003022157905
4001025385575
1005002345760135
1005002742492960
1005002831692702
1005001921951667
1005003225455205
1005003140955310
1005001672508489
4000228161539
32888657928
4000024753196
1005002298021660
4000172409495
1005003147410451
32887026704
1005002311423653
4001072066912
4001310569344
1005002655400977
1005001620051750
1005001908015904
1005002096040273
1005003307872457
32901343473
1005003120877921
1005003152507193
1005003133987411
1005002613354942
1005002740462866
1005002577181245
1005002086294941
1005003041957832
33000924026
1005002827224358
32857291075
4000045693702
1005001997492666
32658012109
1005002723746044
1005002749468901
1005003359287664
1005002369121536
1005003119150518
1005001824124786
4001037418869
4001021610181
1005003391044265
1005003004310737
1005003193045488
4000576888272
1005002489141742
1005003093259171
1005003367795681
1005001993776516
1005002413669748
1005001885014199
1005002384007920
32950867839
1005001304569820
1005001551115368
1005003276419332
1005002233702990
1005002776860123
1005003312129751
4001242610852
1005003201259746
1005003156859301
32856352705
32828268114
1005003013804579
4000534385777
4000322107041
1005002176495075
1005002489842315
4000863537494
33014516105
1005003004157847
1005003312111604
1005001336905844
1005002935514711
1005002655437557
1005003238945511
1005002710214803
4000614682767
1005002223218803
1005002152858433
32996682529
4001220691859
1005002814995317
1005003096834623
1005003292746108
1005003356726217
4000778956207
32835152187
4001282432969
1005002261452707
1005001678794038
1005002907680265
1005003003343895
1005003141980780
1005002651787094
1005002960892319
1005001874990694
1005001593128874
1005003367707619
1005003367864246
1005002787095567
32819099413
1005003025944699
1005003275425684
4001066639564
4000609965984
1005003140482581
1005003377437263
1005002345008152
1005003212806598
1005001525916812
32897885664
1005002315303028
1005001380912010
1005003066106981
1005002055163038
1005002886641043
1005003010318101
1005001605155076
1005003148447015
1005002932798017
4000809885419
1000005740592
1005003113764367
1005002098842125
32800261093
1005003162615764
4000378067213
32783595860
1000008621040
1005002802547670
1005002570585137
32885216256
1005001681323890
1005003092933259
1005003247451452
1005001894535743
1005002515679064
1005001894935266
1005001736740563
1005003227042164
4000191309697
1005002624048823
4001203366690
32966098706
1005003334770679
32962751474
1005002254348935
1005003337618547
1005001567623160
32705462072
1005001700143752
33038409238
32882610560
1005003221742229
33026511483
33028225881
1005003315491361
4001219331199
542846571
4001359825281
1005002244748123
32955032699
1005002252662029
1005002943144978
1005003304127149
1005003248581816
1005002305436448
33004709383
1005003288595087
1005002586507226
1005003329922801
4000546583465
1005003223957332
1005001475361322
32922545517
32852464153
32846437855
32844874497
32972723492
32889352550
4000138112558
1005002823228341
4000764709760
1005003094939111
1005003286101665
1005003229798586
33005813368
1005003344810648
1005001620990956
4000086081470
4000645884414
1005002150862444
1005003341187987
32894180811
4000637046373
4000120167371
1005002564750347
1005002104200209
1005002622871944
1005001350491376
1005002851955083
4001235370249
4000179206300
1005002038359241
1005002551647773
1005001485414625
1005001696092474
1005003169044271
1005003152553316
1005002509600327
32976058599
1005003345102322
32972219870
1005003114936256
10000402391685
1005001793256078
4000521613607
32660638498
1005002643424795
1005002337302534
1005002869361168
1005001390018526
32970913189
1005003206343515
32853328764
33047090363
1005003212061378
1005002597316836
1005003358088578
1005003153096589
1005002982109979
1005003020916425
1005001972997226
1005003175809629
1005001500273380
32890983772
32974454242
33004616387
1005003385923656
1005002674835567
1005003219807919
1005003264119524
4000014434902
1005003301870835
1005003170401302
4000972356389
1005002313794020
1005002160062596
1005003152500644
1005003156307039
1005001570842394
1005001974938952
1005003375042552
1005002460423752
1005001726973161
4001052969405
1005002667745279
32836209072
1005002753934666
33047068124
1005003081199548
4000161863904
32859869048
1005002775821964
1005001808086185
32581207095
32825545997
32945412613
1005001961987826
4001044326580
1005003375886690
4000986943363
1005002107973009
4001149342903
4000687176373
1005003364468485
32308331686
32657589407
1005003004991269
1005002237614203
1005001560035893
1005003217664545
1005002540627028
1005002666576006
1005002797140153
1005003032139290
1005002065650021
1005003021817978
32970246912
1005002224306131
32962418796
1005003083292963
4000223993470
1005003021974912
1005002659518203
1005002828702196
1005001741560817
1005003276310744
1005001642422973
1005001307878599
1005002655365740
4000553870054
32954267971
1005003326852662
1005003265762026
4001067560346
1005003103163326
4000967345767
1005002018511342
1005002712202388
33044710289
1005003072504251
32888837745
1005003246580882
1005002635297745
1005002916913391
1005002571438134
1005002231127889
1005003312280920
1005003016293626
4000966919210
1005001356171096
1005003221017087
1005001380672220
1005002567947062
1005002515566985
33003597467
1005003089850970
1005002122457677
1005002131543884
1005003335164791
1005003134046619
1005003333914562
1005002842857626
32965661868
1005003015155897
4000045630388
32909492512
32995591595
32955307255
32889459764
32824334732
1005001825534851
1005002334538482
4000081570860
1005002979615918
32645329278
1005001456784829
4000468851198
4000268222644
1005002641109687
1005003244372648
4000473522642
4001173204727
4000410081909
1005003307602801
1005002857312472
33026937622
1005003197903549
1005002848376364
1005002696355452
1005002890069095
1005002465180799
1005002857041884
32530110934
1005003346515686
1005003332203006
1005003143773356
1005003123055221
1005003226386738
4000952301306
1005003372038814
1005003251099194
1005003387306192
1005001552869574
1005003325427337
1005001859249805
4001148900214
1005002116181472
1005002856445715
1005003032048425
32880844064
10000364666606
32878171989
1005003308004607
4001340799412
1005001694682628
1005003374653992
1005003121207850
1005001309494901
1005002835413719
1005001567496169
4001196474383
1005003031036557
1005001504715924
1005003284428384
32994090775
1005001757270399
1005003112884129
4000141125569
1005002376022382
1005001982205639
1005003096905343
1005002722359872
1005001703946630
1005002597915349
4000628974961
1005003127725360
1005002293436953
1005001493456112
1005001499860366
1005002886281950
1005002935410833
1005001999125802
33032593222
1005002605747493
4000934616022
1005002675080779
33040483558
10000343963804
32598007754
33005048407
1005002932967095
1005002344629516
1005002649839485
1005002082543242
1005003236531124
4001358517429
32868341177
1005003216000922
1005002952296374
1005002630835747
1005003385285232
4000544531278
1005003359647786
1005003059435230
1005001838245733
32904210253
4000865412229
32936596941
32798581639
1005003313819748
1005002958525990
1005002693274808
1005003360231700
33040688151
4001218791701
1005003377149273
1005002241060080
4000006884261
1005002951055087
4000836480381
1005003014668885
1005003299023136
32958038987
4001278339979
1005001833440098
1005003366880038
4000222507344
32875488545
1005002681906134
1005003221819304
1005002754739745
1005002488949692
33012630578
4000931249023
32789378663
1005002543303297
32651598591
1005002028349618
1005003015239067
4000453090365
4001220441314
1005002515577141
1005001810976509
33051669597
1005002767673634
1005003235215634
1005003108042173
1005001970217862
33038796912
1005003025251655
1005002351407709
4001297056336
1005003277810472
4001061815639
1005003209306260
32992393008
4001224742208
1005002363654563
1005001940244413
1005002673285924