33014961566
1005003066831028
1005001267486648
1005002783731904
1005002248668689
1005003123692419
1005002555477188
1005002660749205
4000170996458
1005002015182082
1005002228470788
1005002730441709
1005003064066542
32906996426
4000167157901
1005002468737546
1005002953511527
32860866969
32892322247
1005002083860552
1005003102872239
1005002912053827
1005002309481004
1005003008051888
1005003028165382
1005003068460807
32863787896
1005002399966248
1005002619397661
4000926791476
1005002368377323
32805806709
1005001991030311
1005002398570789
1005003018357067
1005002847192358
4000891288139
1005003274822630
1005003080564983
4001233806169
1005002919323582
32833624475
1005001562799339
1005001682421038
1005003242349648
1005003187691725
1005003244607460
4000544599075
32833866820
1005002970372623
1005002021801736
1005003156748861
1005003078062563
1005002327378967
1005002076380430
32859596867
4001223541144
32601050395
4001235284877
32694524835
1005002621528243
1005002315952826
1005003133986139
32964201186
1005002053755363
1005002306571992
32909155401
33063322993
1005003307352840
1005003305735649
4000678652013
1005003382115708
1005003006353669
1005002956078314
1005003082007209
4001217193489
1005001761841395
1005003307542457
1005003304577295
1005002298350952
1005002524099047
32565808536
1005002932897906
4001223601319
1005002142410825
1005002987955484
835030522
33059352728
1005002765027847
1005003367783210
1005002605707826
4000849989462
4000187057854
4001275068557
1005003133690702
1005002842266908
1005001555968757
1005002755703686
1005001922140707
32987290514
32840947579
1005002745365073
4000932240669
32344013627
32885657298
1005003379574015
1005003130138238
1005002951130250
1005003282754968
32901146362
32980931979
1005002390161760
4001205683326
32903610683
33023460181
4000834117918
1005001364819939
4001157310768
1005001288865389
1005001435787564
4001208450958
1005002225755408
1005003372821637
1005002849336859
1005002855756255
1005001978901038
4000088844515
32828691969
1005002651081862
4000812406426
1005003211407209
4000168134842
1005003061018151
1005002648774397
4000466162369
1005002918857389
1005002912681067
1005002039006410
1005003078181729
1005003179342785
1005001948951854
32361845129
1005002747657025
1005001862711690
1005003136742180
1005001855318369
1005002288569853
1005003193883681
1005002795058263
1005003197899570
1005003145091770
1005003184432478
32818261726
4001201367803
32692037106
4000842545232
4001156454224
1005002755348839
1005003376277556
1005002466926745
32965568636
32865263911
4001186389700
1005002746372238
1005003219674978
1005003261224024
4000614308267
1005002963132640
33018938579
1005002597795259
4000640976458
1005002715479572
1005001646410788
1005001868635107
1005001561534401
1005002462636151
4001196818197
1005003075101384
1005002208514945
33051870142
1005001370450095
1005002813613560
4000223558827
1005003268665712
1005003326566118
1005002940820994
32811728849
1005002313293676
1005002996942015
1005002746094808
1005002466516490
1005002643539907
1005002884779026
1005003297662064
1005002276734471
32912660458
1005003206491917
1005002938012055
32250491033
1005002947216190
1005002133316596
1005002377436828
33049039867
1005003348327327
1005003213499257
1005001278417366
1005001627556742
1005002787649846
32798342329
1005001330951393
1005002034143956
1005003134215270
1005002018989365
1005002665074817
1005002425814932
4000799140638
1005003252260584
1005001960240465
1005002234000397
32886030266
32890184879
4000489787783
1005003216268644
1005002975925909
1005001659799139
1005002583222975
1005003277825636
32953761361
1005003382904802
1005003095075584
1005002225826096
1005001546527150
32878605063
1005001592212513
1005003298022259
4000091681297
1005001780065165
1005002363722461
1005003317734341
1005001867584365
1005002901795532
1005002004034683
1005002465760880
1005002765278688
1005002598868743
32812241760
4000904286622
1005003308145637
4001331270470
1005003088935252
1005003377751995
32797550396
1005002551635412
1005003379971738
1005003364585438
1005003361169895
4001272000831
32874904837
32962836658
1005003225911102
4001130449068
4000866811613
1005001388247643
1005001748024751
1005003064439383
1005002912762072
4000779038136
1005002642751637
1005003342764418
1005002316439960
32741015358
1005003212981174
1005002969887233
1005003066045240
4000392781702
1005003213313242
33014836392
1005002663457834
1005002520104883
1005002836248581
32887463799
1005002991829925
1005003350055462
1005002924685232
1005001894776478
32357983227
1005001658188430
1005001999855693
1005003372074570
1005003323798443
32976826100
1005003257865899
32816199934
1005001382513715
4001037990130
1005003259289265
1005001552658034
1005003058420022
32616669154
32930158695
4000176797706
32719112154
4000176491623
1005002538223899
1005002015628164
1005001467578380
4000772198609
1005002588932935
1005002427914584
1005002481643504
33055057024
1005002522273841
1005002950633414
32619817076
1005002387181375
1005003287122077
1005002777597597
1005003101775800
4000017868762
32912611721
1005002418760031
1005003063590451
1005002182599208
1005003201210277
1005002375321584
1005002954896957
1005001977950687
1005003066332077
32843520607
1005002796988143
1005001464709926
32829425819
1005001357055821
1005002259699613
1005002953538796
1005003069170061
1005002361714383
1005003151294305
1779148035
4000588502742
1005003214312654
1005002394749675
1005002940566412
1005001393659096
1005001835466175
4000670690881
32825631005
4000435218608
1005003234193701
4000066785061
1005002857162000
4000036852220
4001139727256
1005002301191446
1005003193075526
1005002851831152
1005002516546641
4001176357841
10000295087871
1005002600120409
10000022101312
1005002789296390
1005003232959915
1005001599555884
4000337929568
1005002731982422
1005002679172305
1005002947461385
1005003288209697
32510287554
1005001462114934
1005003237529637
1005003383523907
1005003388535182
1005002837570978
4000987168730
4000903762004
1005002711412930
1005001971842369
1005003302647383
32962416345
1005002859825047
1005003190868169
32994979324
1005001680207798
1005003379802404
1005001854389954
1005002913781955
1005001622796665
1005001840357105
4001035011421
32902156048
32891741627
1005002073880871
4000695415975
32963575700
4000720587266
1005002101897665
1005002884160768
33052659790
1005003248313482
1005003009047190
33005500173
1005003315902608
1005002488156634
1005002093804989
4000155768970
1005003283428428
1005002988485888
4000818288393
1005003050842581
32825014075
1005001960422539
1005002489273130
1005001830545271
1005003224249279
1005002746595121
4000022375525
1005001418541679
32849637687
1005003340686774
32932388646
1005001439063983
1005002983535224
1005003185921256
1005003359565437
1005002996035971
4001197468156
1005003387540330
1005001859870913
1005001549291120
1005003044966058
1005002817123996
1005002958017110
1005001405594850
1005003108260943
4000264669052
1005002823924732
4000252354525
1005003202859189
32501091292
1005003146818550
4001305646576
1005003137582435
4001140345654
1005003188333307
1005003245879115
1005001948178794
1005002917349533
32854966249
1005002964324414
1005001985883837
1005001303228994
1005001407055609
1005003197763321
32971123651
1005001733232239
32936601616
4000193043899
450810954
1005002855953568
32845757660
33013012646
1005003117665861
1005003120918516
4001227380812
1005002705208715
1005003380924419
1005002026827317
1005003026672973
1005002763411929
1005002966422811
4000279762845
1005002879234784
1005001575377450
1005003305056263
1005001267124075
1005002179166930
1005002259520255
32877138298
1005002551765185
33042996877
32775986624
1005003208544780
4001143373532
1005002049689874
4001293715426
1005002378797506
1005002481422499
1005002124190416
1005003230161282
10000294584383
1005003057186251
1005002261919936
1005002866273698
1005003221222731
4001284630735
32901358095
32811660981
1005002671942464
4000817347398
1005003136158238
1005003240391932
4000802773120
1005002461009293
1005003221508365
1005002624271804
4000827324961
1005002123904857
32413813153
1005003042870172
4001068356886
1005002225031876
1005002424962705
4001022696151
1005003109285499
1005002616180514
1005001876963016
32763033333
1005003081462778
1005003082244713
1005002329850776
1005002193960537
1005002869913675
4000373252901
32760482733
1005003051289585
32873220837
1005001999021688
1005002428733464
32950430822
1005001514542179
1005003168992484
1005002454466276
32906759734
1005002629615708
1005003000724138
1005003278507562
32622639965
1005003035050038
4000927192854
32876141398
1005002039907230
1000008232101
33048265753
32894635528
1005003230471844
32901129059
4000122271759
1005002879134496
1005003323994076
32637482680
33010761545
1005003293462006
1005002688801300
1005001838377808
1005002807938309
32807632339
1005002911495900
1005003229918141
1005001540817227
1005002991315366
4000052355871
1005001448180141
1005001529318475
1005002713303472
32969142061
1005003332746836
1005003253216617
1005003258843710
32883968083
1005003265625539
1005002418586732
1005002732974801
1005003380093362
1005002941758030
1005001804112118
1005002608171372
1005001520823724
1005002994851303
1005002789714300
1005002073034967
1005002865254146
4000266309948
1005001500638318
1005003330482887
1005003050795394
1005003262135430
1005002290077159
32700275385
1005002548425964
1005002965465445
4001139191623
1005003296710426
32969601785
1005002462874001
33017496272
1005003036990949
1005003234007249
1005003082762652
1005001339463965
1005003285184011
4001186022925
1005002946637396
1005002012317556
1005001834371931
32953790424
1005001459337260
1005001617885244
32885292030
1005002314985876
1005003013763723
1005003297217167
1005001882353499
1005001501558402
1005001446681613
1005002831489520
1005001706335156
1005002545902195
1005002728136582
1005003323651592
32941732752
1005003038503711
4000772926725
4000316959096
1005002608887842
33011564376
1005003057258097
1005002986849320
1005003152649169
1005003190790172
32437919140
1005002731399092
1005002538046666
1005002316596983
4001018102943
1005003269350986
10000032998853
4000051009501
1005003014062853
32531691827
1005003220639785
1005001813429358
1005002552892955
32963253539
1005003010392094
1005003210499283
32481970066
1005003257493187
1005003215798887
1005002879454465
1005001703537195
1005002377456810
1005002847805784
1005003158083460
1005001315563485
1005002954885945
32854683713
1005003048392046
1005001840352795
1005002368857251
1005001623973267
1005003181168106
1005001377312451
1005003214283220
1005002007184357
1005002624251950
4001025540338
1005002177001916
1005003347745153
1005002695143435
1005002965007816
1005002208447016
1005003185866314
1005003299450794
1005003344430014
1005003176452478
1005001895042571
1005002031885880
1005002118765387
4001286744261
1005003005113559
32737933661
4001007946077
4001320364339
4001112627245
1005002758956875
1005002709690371
1005001915884635
1005002095711677
1005002050138064
32786233872
1005001860561467
1005002920734681
1005003278742650
1005002114642325
1005003255288642
4000481676559
32842224889
32824235727
1005003298935866
1005003001291393
1005002777226918
1005003129907737
1005001738051346
1005002205128340
1005003331181828
1005003063503789
1005001798350257
1005001961392839
1005002272894729
4001058714509
1005002798908200
1005003385123368
1005003333894141
1005002870689654
32992831703
1005003342483486
4000226977082
4000936695748
1005003135696209
33034785094
4000073610214
33004060719
4000324668605
32961562886
1005002593886686
1005001953833579
1005002290982468
1005002252877230
1005003123597340
1005002030164292
32858667199
1005002504580858
1005001408527964
1005002682711647
1005002974120245
4001333500132
1005002833312453
1005003158925934
1005003290725614
1005003084261979
1005002610184624
1005003365011638
1005002982862873
1005001979763375
1005003208611183
1005002866440387
1005003140303982
33030312768
32890586430
1005002440061091
32754755588
1005002960194906
32446935141
1005003308399742
4000706426246
1005002938805856
1005002651934464
1005002611672294
1005003377673021
4000180406039
32916932409
33025142149
1005003352035461
1005002224316302
1005003009082948
1005002125189790
1005003300395408
1005002314924480
1005003350359141
4001220721331
32902451959
1005003036168037
1005002841296221
1005001907639254
4000775092291
1005003325441901
1005002656287007
1005001463335796
1005001402500426
1005002458363298
1005003331718176
1005002899573399
1005001506967259
4000610048105
32692166063
1005001351910987
1005003203383687
1005002785893370
32978172046
1005002238685449
10000042215287
1005003328110243
1005003135938982
33003154984
1005003095252975
1005002083852796
4001207654252
1005003162664306
1005003021769116
1005002014100600
1005002467792282
1005002509443061
4000465205220
1005002977780741
1005001572840743
1005003270429514
1005002467147657
1005003363141990
1005003291702480
1005002468397506
1005003298865855
1005001329012391
1005003263261515
4000867239208
1005002695645622
32977557818
33042965844
32697785145
4000518191863
4001085301402
1005003187757859
1005003031146668
1005002576463574
1005003177350225
33048752730
1005002749217374
1005002890613746
1005003305023099
1005003214051575
1005003198410928
1005002357607205
10000001318248
4000586565233
1005002301230719
32832997078
1005002247018145
1005003345771999
1005003023486369
1005002314207080
1005001500454340
1005003331421081
1005003239943066
1005002687079928
1005002590052405
1005002399259886
1005003261956712
1005002309169003
32707165383
1005002158855134
1005003101735682
1005003078218145
1005002249283308
1005002028526120
1005003375797421
1005002061854574
1005002640278937
1005002363647894
1005003085722999
1005002292148101
4000067879612
1005003385287259
1005002976419360
1005002573348656
1005002651384404
4001236974185
4001139943694
32567155703
32353060258
1005001942095806
4000354457098
1005003046870042
1005002275187321
4000449855438
1005002949247908
1005002808758483
1005003298838759
1005003297162693
32750554090
1005002033364965
1005003038207291
32959500555
1005002357364707
32905774941
1005003327785713
1005002893265128
32964427808
4001345951810
1005003390687030
32821108759
32913244996
32961817192
1005002982545054
1005001741619524
1005003309869626
1005003154951695
1005001682501952
33011386665
1005003063483846
4000061605664
1005003170461480
1005003202493348
32962886890
1005002696600705
1005002669477877
1005003146868481
1005003283359837
1005001755351189
32849828479
1005002864377225
1005001438094153
32922159291
1005002432767512
1005003077361238
1005003229403842
1005003002562978
32817970967
1005001897044631
32799074135
4000983775947
1005003371893371
1005002952761287
1564138170
1005002948433364
4000484647846
1005001524961775
1005002007360719
32724981985
1005002326663418
1005001789853086
1005002179644718
1005003187897077
1005001524602274
1005002325460615
4000877834029
1005003060297824
1005002866632592
1005003001071952
1005002134877829
1005002622114176
4000469218771
1005003273832976
1005003379398471
1005002915565402
1005002145049801
1005002453304824
1005003029892674
1005002717180703
4000205237411
4000322707723
33013917185
1005001626812896
1005002497630045
1005002552390563
4000133220738
1005001794398811
1005001797057221
1005001659214438
32830426992
1005002317206309
1005001756331405
32859660708
1005003327978593
1005003079881409
1005003058424724
10000002743064
4001264691961
1005002272143758
32585662276
1005003315139033
1005003275221108
4000467012227
1005002548893313
1005002833807291
32971052134
1005003386072190
1005003211033848
1005002852128589
1005002055023370
1005002785113038
4000826767556
1005001525470196
2004281927
1005002696166791
1005002650284018
1005003120319309
1005003284405977
1005001785307265
1005003175958766
1005003332667765
1005002753510700
1005003022110314
1005002262220071
4001345759360
1005003117597836
4001223218381
4000632631938
1005002711205630
4000124495180
1005002315357527
1005002415950944
1005003236342461
1005001431742353
1005002618784274
32975876111
1005002731067949
1005002589059735
1005001884078784
1005003141408289
1005002611884837
1005002716854260
1005002090901351
1005003337784387
1005003170418533
4000661110550
1005001812765715
1005001845651341
1005001984942741
1000008705159
1005002562643095
1005003304356507
4000532978524
32914425915
32635232927
1005003311213488
32892765333
1005003171315235
32827960392
1005003160040103
1005003233616903
1005001348998881
1005001279991170
1005001464178163
1005001563511055
1005002918037949
1005003324561239
4000677539214
1005002912456296
1005002713074342
1005002703804983
32958609086
32807036906
32949902023
1005003267691083
1005002836507424
1005002392069913
1005002928478051
1005003175320617
1005003345933640
32811367357
1005003330414092
1005003278333485
1005003198096280
1005002894925549
1005003332390443
1005003069957691
1005002382003529
1005002875684572
1005003141944096
1005002063180503
4001270490764
1005003083491964
1005002657806931
4000166221372
1005001867531890
1005002201857744
1005003152663809
616366004
32991446971
1005002039456798
1005002064637913
1005001656884955
1005003316586877
1005002994215726
4001162035558
1005003313506206
4000437820987
4000748498263
1005002920688564
1005002618691024
4000777738893
10000344943134
1005003223364320
1005001320138768
4000204073833
32998022570
32720461314
1005003083214399
1005003311767897
1005001914701017
1005002761652510
1005002945296479
1005002702415660
1005002934029147
1005003326954300
1005001476225302
4000838827848
1005003184412643
1005003173174862
33004712501
1005003139419071
1005002747537429
4001007051500
1005002995926502
1005002549533031
1005003099535841
1005003276605617
1005002314015870
1005003104761816
1005003276414963
33008468642
1005003110653872
1005002081339646
1005002498192182
1005003146355198
4001072239369
1005002737107825
1005003169079790
1005002718125788
1005001886062152
1005002968004617
1005002383507844
32909302114
1005002221090349
32690130346
1005002970110600
1005002784165999
1005003016534459
1005003156857478
1005003087014551
1005002948281202
1005003278789178
1005001994045279
1005003097297406
1005003104580726
1005003114707150
1005001802913106
1005003363468465
1005003194157399
1005002630332230
32867339430
1005003042197690
4000731796469
4000504113749
1005002914388906
1005002600525623
4001248129850
4000234827101
32673250988
1005001943487489
1005002457066219
32819838599
1005002718991793
4000309646489
1005003337771197
1005003065980625
1005002808297815
1005001946339380
1005003252060307
1005003160100888
1005002835931576
1005002706729914
1005003076961368
32895043823
1005001375530906
1005002960970392
1005001867237836
1005002826247006
32986805368
1005001910652203
1005001914004660
1005002314298197
1005003171296705
1005003372372658
1005003182079801
1005002878387761
1005003209462476
1005001379945858
1005001989920125
1005002651105126
32889050274
4000221406767
1005001287342705
1005001451670717
1005002894386848
1005003197254529
1005001889757479
1005002320902551
1005002603794602
1005001565480211
1005001804264536
1005002716337142
1005002668413387
1005001521278094
1005003172159870
1005003305119237
1005003311195932
4000387044302
1005003147619480
1005002876425029
4001099136451
4000045820788
1005003063796303
32958222918
1005003383989338
1005002702225776
1005002925860435
1005002726609771
1005003337887610
1005003124858377
1005002994511897
1005003145881994
1005002948642271
1005003162539690
32956963088
4001269839455
1005002641666496
1005002032553303
4000610002677
1005001868767241
1005003073744764
1005003320493249
1005001877188044
4000175667852
32965846587
1005001307802255
1005001588841816
1005003214447307
1005003321482900
1005002730727177
1005003284416794
1005002985708289
1005002613306219
1005002232088957
1005001884745820
1005002775060630
1005002906922535
32823925036
1005003320814054
1005001486129182
1005001644864256
1005003092552935
1005002367686668
1005001701305739
4001038200705
1005002988659032
32989123106
32870734266
4000767441512
1005002385108619
1005002253173825
32957122109
1005002994084708
32821298039
1005003318154769
1005002345387283
32620977905
1005001293082760
4001217050657
1005003146730156
1005003183327192
1005001549453001
1005001947015792
1005002375294711
4000113279584
32823829316
1005002760085241
4000688734326
1005001604366640
1005002707527727
1005002907623559
4001335293780
33023052421
1005001878214437
1005001559828305
1005002283277298
1005002570902493
32847538595
4000204175392
1005003019806206
32895430595
1005002633111711
1005002880960676
1005003125876781
32852250982
4000257106974
1005003087591719
1005003337728354
32873095467
32862619027
32984027916
1005002952250044
1005003172541671
1005001339289084
1005003085527345
1005001572827911
33041280450
1005001715129303
4001140521568
1005002811343322
4000244872700
1005003321997759
1005003151841198
1005002090336049
1005002411225317
1005002031919396
1005002189443956
1005002696867106
1005002642707036
33035027443
1005001829559942
1005001983607259
1005003290376327
1005003332361538
4001235764675
1005002193715986
1005002504584381
1005002645813593
32840574274
1005002598118156
1005001452781704
1005002175627404
1005003053215579
4001349584222
1005003222481583
1005002696057634
1005003269893003
1005003142854516
1005002476726907
32792007838
4000556976607
32718300797
1005003337280951
1005003206293934
1005003122398701
4000996386681
1005003325792094
32951038341
32391498963
1005003323054748
32886678507
4000665983226
1005003299043640
1005003124844778
1005001562672475
4000459926163
32979125569
32959183561
1005003303690778
33009235617
4000538356683
1005002682451602
1005001581681706
32711818163
1005002352708122
1005003214749288
1005002566563949
1005001561242241
1005003176922190
32978592941
1005003237722003
1005003341392967
1005003171975234
1005002744783870
33040013306
4001201354133
32588986258
1005001482825162
32998270039
1005003384118600
1005003270258051
1005002336991393
1005002950894123
4001186701224
32767766908
1005002362949228
1005001846546241
32954288229
1005001636416064
33028754670
1005003003144127
1005002353174147
4000729157965
1005003098777311
1005003227549580
1005002614000378
850199832
1005003140567734
1005002205957483
1005003093016871
32313301924
1005002213562266
1005002035188128
1005002689274258
1005003201224934
4000007746326
1005001281564967
1005003270358145
1005003164169148
1005002770198203
1005002991301039
1000006427037
1005002428524390
1005003385044361
1005002028766083
4001301842880
4001306015999
1005003248951202
32992342057
1005001664298694
1005003014388062
4001062491686
1005002128425586
1005003285453007
1005003368451735
1005003196359170
1005002475802270
32921310040
1005002674759701
32341340554
1005002648239349
32707802334
1005002683030446
32809411933
1005003239847221
1005001502048053
1005003271024810
1005002871779649
32904696941
1005001373474193
32818168347
1005003120550414
1005002390928966
32878767896
1005003193546268
1005003309679476
32555238758
4001236142008
1005002711392594
1005003239871400
1005002077187219
1005002465727977
1005001429872206
1005002034128956
1005002595488823
1005002019906195
4000817943910
1005002358586234
4000206010574
1005002424732607
1005003329994602
1005003050277473
1005002940611192
1005002585116960
877604424
1005002802803219
4001232245520
1005003208543125
1005003184525575
1005003224128029
1005002420876308
1005002545676444
1005002047102107
33001509842
1005001819006217
4000776485519
1005002898078348
1005002650649072
1005001538112724
1005001423003590
32913163074
1005002358053857
1005002394333413
4000531986503
1005002936084880
1005002212376994
1005002704191984
1005002873010159
4000028571854
1005002492158757
1005002893391567
1005003015637225
4000380982676
32717358856
1005002341355202
1005003010547101
1005003103580464
1000001548401
1005002107893735
1005003167754012
1005003179505879
1005002386905620
4000416697395
32822315356
1005002302449308
32896989429
1005001392395690
1005003142898127
4001227675543
1005003311184340
33004070525
1005002271005756
1005003268316635
1005001571340234
1005003391218780
4000828527607
1005002038368548
1005002945664481
1005003122961176
32787420579
1005002578163537
4000883501560
32835007069
32900871150
4000885936950
32965137478
4001011587382
1005002669624328
1005003303699905
1005003383388796
1005002249265773
1005003178926485
1005003246036566
1005003308215572
1005003296438258
1005002412854401
1005003189357637
1005003088153692
1005003124959348
1005002995777712
1005002877947746
1005002271852224
1005002567754637
1005002781386428
4001122570996
4000709684789
1005002481126416
4000170916899
4001235412982
1005002118847213
33017855898
1005003319875291
1005001628288199
1005001387427849
1005003312307247
4001245261367
1005002755974602
4000119115548
1005002545533692
4000927338260
1005001916456507
4001240341134
1005001418051174
1005002587698841
32979610620
1005001469540613
32975296646
1005002410766881
1005002018719834
1005001868486970
1005001954139119
1005002114447535
1005002622776157
1005003139044087
1005002292490267
32882941360
1005002762942466
1005003145900539
1005002411837749
1005002718041683
4000240312772
1005002642365451
1005002388349917
32973474242
1005003058262778
1005002565291865
32859587651
4000262208405
32974008167
1005001884420512
1005002609135390
4001061913527
4000863993098
1005003139823256
1005003313663653
1005003392674429
32975766548
1005001621722501
1005001388165996
1005002604481909
4000112381275
1005003137958249
1005003150146048
4000926107521
32929797151
10000395931656
1005002272037560
32866467056
1005003140404615
4000986705915
1005002971063732
1005003329439534
4000460741398
32948113618
1005002987413790
32957536793
1005003195952379
1005002451136175
1005002995827532
1005002824321549
1005003064959625
32833587445
1005002942076577
1005003146318803
4000250551643
1005001954523718
33042932454
4001233710628
1005002717175576
4001055492209
1005003275989520
1005003014300352
1005001275842563
1005002636089293
1005002984237217
1005003131656527
32813965743
1005001781162129
1005002513303932
1005003037272383
1005003169041215
4001031854006
1005003193882192
32721400600
1005002347856849
4000985196460
32838152331
33061786355
33040910483
1005001660120593
32822275933
1005003129490392
1005001287175980
1005003152344598
1005003007941653
1005002649004909
1005001741430742
1005001290422892
1005002276978471
1005002703831543
32969703871
1005001921437914
1005002540603633
1005003135098484
1005002952682256
4001038566931
1005002275641039
1005002885535769
1005003361949010
32698990556
4000830668292
1005002710124926
1005002080919335
1005003089882662
1005002910447660
4000081504586
1005003325589780
1005003062651497
1005001718141299
1005003237178995
1005003279873443
1005003229808845
1005003151322997
32781709919
10000395896612
1005003067292135
1005001880694919
1005003213379724
32821027454
1005002862758470
1005003352229849
1005002663194557
1005002095326654
32883239241
1005002962479818
1005002505193125
1005002781781594
1005001631716405
1005003356517892
1005003202261700
1005003186797457
1005003086481035
1005001803362515
1005003306878932
2046254336
1005001617041498
1005003197278113
4000077307061
33038836015
1005002559115454
1005001798044592
1005001868568045
32869018259
1005003138846211
4000966994886
10000251865250
1005003258489141
1005003025799170
1005002476556584
1005002495611298
4001141527866
4000682728484
1005002777092905
4000300957942
33004189651
1005002861172738
32972692658
1005002756030295
32857719230
4000662457840
1005003095684475
1005001369720858
1005003086910200
1005002555802239
1005001890047686
1005003251386214
1005003032288120
1005003150980212
32838546195
1005003250998357
4001072277641
1005003146590635
32918008402
32955299049
1005002265497238
32890266373
1005003176295378
1005002487388776
1005003021025424
32813591638
32995617159
1005002622342990
4000038531797
1005003114869926
1005003262488130
33035845616
32807981326
1005002608360981
32909152779
1005003266013401
1005003020842298
1005002920814226
32854590212
32865622660
4000322273092
1005002357737204
1005003082140422
32829629515
4001224487636
1005002844493009
1005001360212581
1005002898027511
1005002937508676
1005003310664969
1005003337907403
1005001511479562
1005002708021090
4000721999491
32601255417
32962854518
1005003080069701
1005002891917332
1005002313440801
4001296804352
1005002260706798
1005003312704389
1005003035342363
1005002780839650
1005003065991504
4000808517678
1005002700103068
4000718669142
1005002940887081
1005002940380200
1005003086523135
33044319087
1005002926342062
32650659456
1005002912681067
4000626538707
1005002961921707
4000793813700
32908622317
1005001688857075
1005002059934429
1005002787617826
32833161356
32627532151
1005003201826319
1005003325604958
1005003183492537
4001338613174
1005002027339347
1005003156500071
1005003209497780
32516550459
1005003356142335
4001279105838
4000599027980
1005002453539565
1005003297992702
1005001511635271
1005001598491405
1005003370511482
1005002577171796
1005002615793612
32915903094
32993258975
1005002362481692
1005001959926876
1005002345042144
4000160693207
1005002484944039
1005002503923519
1005003113599136
32807919206
1005002590309295
1005003136620969
32896401557
1005002315777176
32846202824
4000076585889
4001274934651
1005002503350641
4000558342022
32716380719
4001293996061
1005003337673859
1005003085620072
32930463176
1005002624295652
1005001648436814
4000990665599
4001098028203
4000781935488
1005003111071321
1005002232384906
1005003020736357
1005003065283639
1005002134430684
1005001541324917
4000691036745
1005001631531434
1005003327491247
1005002988162525
1005002618699727
1005003377677410
1005003376809607
1005002532999638
32918345177
1005003231614205
1005002716529395
1005003119940782
1005002611851190
1005003379342028
4000799970077
4000643860624
1005002023910985
1005001471114527
1005003103538871
4001063473511
1005003195721384
4001350859438
32932918834
1005003071672544
1005002826340710
1005002314245863
4000127946791
1005003277994058
1005002915906660
1005003350984748
1005002870511199
32972767820
1005002661768056
1005002558698199
1005002211818605
4001185255343
1005003254337815
1005003270283547
1005002944066343
1005003383345302
1005002970370467
4000764888692
1005002686157376
1005003014643204
1005003279311660
32962012498
1005003385191965
1005002646972632
1005002913013993
1005001474342352
1005003122071393
1005003229537240
1005002069153984
1005003079504614
1005002842998273
4000927194010
33005081100
32958977680
1005002051893617
1005002930656344
4000715236339
1005003016855818
1005003304434531
1005001929261816
1005002221439561
10000106873658
1005002538726660
32770154491
1005002276824871
1005002499416014
32885012553
1005002668324213
1005001982381100
1005002576853633
1005002613594055
1005001939611310
1005003157192335
4000290611162
4000241386237
1005003095264773
33049677218
1005001627343434
1005002863632523
4001047269149
32858337377
1005003136058908
1005002529307514
10000061979453
1005003069058172
1005001677130636
1005002070291266
32222414556
1005003090894271
4000269254614
1005003199095446
1005001315157657
1005003303888571
1005002710498594
1005001907289222
1005003253009653
32900174941
32873395987
1005003216637963
4001278833741
1005002689093932
1005001688492798
1005001448877157
1005002767352230
1005003097847431
2028268157
33038744150
1005001928766545
33016115213
1005001839266445
33015476669
1005002802633383
1005003303306350
1005002825089652
4001272919925
1005003113654854
1005001501558400
1005002829635180
4000484287029
1005003185119638
1005002953243421
32970766823
4000782966253
1005003036154777
1005003180463366
1005002645228199
32972166231
1005002826057823
1005001280071270
32947765249
10000395860822
1005002347082274
1005002568702847
1005002052509572
1005003325931160
1005003184398787
1005002959781494
1005001598613055
1005001742698160
1005002703412349
1005002081806695
1005002722083321
1005002983858574
4000313727682