1005003243163666
4000206495038
1005002060129651
1005001462135465
1005002774453952
33015281137
1005002675480070
1005002650820722
1005002868921021
1005003125288128
1005003345254047
4000071478087
33001653416
1005003269039283
1005003197289183
1005002086207506
32893729539
1005003105181335
1005002884960620
4000552296127
4000128990552
1005003052918577
1005002740834422
1005001679530783
1005002836537804
33004283586
1005003238288971
1005002430632902
1005002912893763
4001054594010
1005002997401751
32374080110
1005003015284615
1005001921955496
4000145118256
1005003263481688
1005002885713673
1005003160288758
32370798037
1005002731704859
1433001719
32944904170
1005002405427630
2045291379
1005003190593066
32810949206
1005003150040628
1005002399605782
32369223566
1005002983684019
1005002580689806
1005003157152601
1005002026532794
1005003229326443
1005002400861639
1005002605756267
1005003298715148
1005003099012592
1005001895628588
1005003379580499
1005002234284164
32905951780
1005002872964749
1005003351291268
4001362350514
1005003130801348
1005003336195857
4000266328879
1005002696910199
1005003066395472
1005003146383307
32642699658
1005002922342547
1005001469058782
1005003334775196
1005002849990151
1005003324893143
4000104105678
4000227100259
1005002231642910
1005003144206121
32890455852
4001272718784
1005001775093035
1005002567812282
4000051371916
1005002697180891
4001143078081
1005002766746689
1005002532387737
1005003050853801
1005003012431573
1005002604561183
32968608822
32961604378
4000162812764
1005003161308894
1005003151013717
1005001270120610
1005003021680625
4000813382189
1005002802537462
32958713001
1005002177985353
1005001957740213
1005001906495638
1005002970788625
1005002605329991
1005002363107647
1005002906537720
33002311207
1005002534651424
1005003041716061
1005003195865993
1005002812967469
1005002997963789
4000719528542
33049914670
32825094829
1005002393710851
1005003060001675
1005002782394397
1005002106722338
1005002098641318
32949599533
33030620763
1005003198924130
32901976527
32852209345
1005001612897329
1005002675234291
1005002906152370
32982627845
1005002219397262
1005003221862740
4001265256952
1005002745187583
4000037191355
32902769663
1005003161714805
1005001863104958
1005003158778745
1005003066100921
4000865398268
1005002774523382
1005003157466511
1005003217342576
1005003162389088
32811634851
1005002622776302
4000112569315
1005003197647135
4000816511162
1005003324277505
1005003171921591
1005002210745460
1005002470300348
4000609990930
1005003137646083
4000035553920
1005001821870615
1005003096382545
1005002808150885
1005003006290823
1005003025766710
1005003328442234
1005002604928957
1005001926888134
1005002190750836
32836580179
1005003367348111
1005003027056265
32858189390
1005003272117540
1005003107754336
1005002320797578
1005002293545998
32988967278
1005002761821427
1005002724710268
1005002517704070
32863929282
1005003223059755
32917058548
1005002347113534
4000129499428
1005002329485240
1005001812825231
1005001431421994
1005003290488576
1005003277817019
1005001947841642
4000934561938
1005001362465415
1005003100512248
1005002213780521
1005003283196764
1005003205248168
1005002790146516
4000534574764
1005001430567475
32806068196
1005003119519637
1005002789205858
32591898074
1005003135446463
1005002530800825
4000139731230
1005003241110788
32889780235
1005002272183003
1005001548637541
1005003293689535
1005003114568503
1005003248739161
4000932674241
1005003330454533
1005003292831205
4000185755052
32953911644
1005001930273685
1005001457465862
1005002799672029
1005003312365960
32957513423
1005002856214696
1005001491600464
1005002871210059
1005002921445056
1005003078057344
1005002904289059
1005002126908717
10000397738059
1005003099879527
33011190306
1005003062005298
1005002776602737
1005001381894286
1005003154710507
1005002616232623
1005003222706324
32946994062
1005002974036700
32958438950
1005003220507136
32973507352
1005002829035290
1005002666672840
1005003032854966
4001133272022
10000404582372
1005003364068207
1005003313073510
1005003066141904
4001070225789
1005003166173090
1005002486477651
33014105849
1005002984777046
4000769624723
1005002555172463
1005003000882580
1005003092686003
33014041755
1005002940938881
32950378137
1005003098026452
1005003101440609
1005002435984200
4000037173556
1005003330867857
4000916962697
1005002274281505
1005003342214237
1005002477963057
1005003154623224
1005002920433682
1005002260220218
1005003130940204
1005001896455315
1005001695354756
33041302245
1005003362883966
1005002591378159
1005002368821030
1005001546745468
1005002473902033
1005001924250771
1005002287186545
1005002868694081
1005003168435276
4000062984012
1005002330318940
4001262860429
1005001736497061
1005002541386366
1005003232250104
4001080581113
1005002583629605
1005003337308624
1005002735874353
32371685733
32775819958
32880940185
4001163072945
1005002754937863
1005001600496185
1005002920350224
4000720989551
1005003357407017
4001096130921
1005002794232285
1005002711204301
1005002489343865
1005002557021859
1005002645159797
1005001433564260
32967548381
4000988975469
1005001941530550
1005001716716449
4001220089186
1005002363702000
1005003055024239
4000850653751
1005003268117106
1005002902437360
1005002459359319
1005002842217438
1005001645670047
1005003277568709
1005002719735752
1957054268
1005001445959598
4000299020679
1005003337769651
4001360754284
32862134947
1005003340432470
1005002318862669
1005003124388099
1005003090399468
1005003128138185
1005003309697219
4001308942395
1005002851230473
1005001752210514
1005002483649510
1005003250117969
32979149572
4000817758257
1005002327800954
1005002085372173
1005003362711358
1000008067628
4000976223607
1005001337806870
1005002866434942
32329181872
1005002307692445
4000986767563
1005002982978206
1005003308903521
1005001895905280
1005002289607699
1005003272320665
1005003382204817
1005003290130023
4000575758202
1005002817256392
4001254768907
1005003024841551
4001159726852
1005002781805530
1005002770630148
1005001812441910
4000084023975
1005003191852432
1005002492485012
1005002313905123
1749608549
1005003223286836
1005002508995161
1005003388148630
1005003128769628
4000256001774
1005002602954369
1005002432612713
1005002342424572
1005003371383627
4000079482877
1005002309091598
32803034862
1005003391292380
1005001868128246
1005002666489463
32971316362
4000191709226
32984618988
1005002632394099
32729174376
1005002252343511
1005003369150098
1005002836140395
1005003128316913
1005003326837754
4001048030309
1005002007820277
1005001942223509
4001010772595
1005003221139344
4001247884087
4000547662652
1005002450650840
1005003329044787
1005001329781590
1005003021836988
1005003209399186
1005003234568173
1005003151301613
1005001776650374
1005003072777013
1005003215963663
1005003299799430
4001054194715
1005003325074020
1005002055447489
33012466917
32900341988
4000062398673
1005002139725008
4001353055093
1005003333156349
1005001695613002
32856782897
1005002487456569
1005003205645432
32853704433
1005002616730938
4000796572162
4001208367986
32988713651
1005003301452286
33043928560
32897822465
1005001917858526
4001286932929
1005002934712047
1005003096763993
1005003058581818
33041568382
1005003118178852
1005003136294700
1005002379421839
1005001284540396
1005003227392037
1005003060041198
32831157034
1005001269948996
1005003221777938
1005003207276096
1005002882503030
1005003188300090
1005003064882529
1005003001555774
1005003069988623
1005001665162047
1005002918835368
1005001593199614
32885878793
33006077497
1005003109109467
1005002813844415
1005003308504332
1005003179354024
1005003136153934
1005002432354438
4000802327537
4000543125704
1005002422655711
10000012741520
1005001413230381
1005003123539296
1005001888432942
1005003331644471
4000774926322
32819485294
4001280303394
32741731415
1005002022260126
1005003094818629
1005002959045500
1005003330434112
1005003331217191
1005003109262612
4000911705768
1005002705311844
1005001300386094
1005002554489974
4001023822537
1005003325085039
1005002761041788
32725896390
4001344964110
1005002871630362
1005003236412620
4000303417191
1005003340924536
1005002583649064
4000802815049
32754753016
1005003158989426
33039293760
4001113220533
1005002969708993
1005002498679127
1005002533580437
1005003367845060
1005003171269074
1005002373511403
1005003223024546
32850279224
1005003135851895
33032293258
1005003367508472
1005003253270596
1005003135906331
1005003229490369
1005003147817608
4000445199244
1005002159129816
4000838257161
1005002350800405
32857478014
1005001281022074
1005003067771655
1005003122182709
32841291931
1005002616978047
1005003187967529
1005003279693327
1005002329287454
1005002286848544
1005003065991504
1005001495778838
32980208623
32699369462
4000104102473
1005003245582830
32977550819
1005002650967070
1005003278284536
1005003135719645
1005001639470880
1005002679729440
1005002237360863
1005003361030825
1005003129716163
1005002933099236
1005003334289034
1005003008403467
1005002776594862
1005002622652432
32907047095
1000001363254
1005003236329579
1005001652723862
32839915227
1005003316328097
1005002966768681
4000429950641
1005003062072485
1005002816576786
1005003375332999
4001221798525
1005002651110478
1005002646257693
1000007438923
1005001597764126
1005003280316681
32967392478
32959002534
1005003070822623
1005002689597209
1005003195044165
4000735545061
1005003112214753
32792244189
1005002947228208
33014351591
32314220651
1005002721543037
33037530794
1005002141009355
1005002608416330
1005003140697426
1005003050180148
1005002966392415
1005003178525954
4001365610804
4000285530562
1005002571422324
1005002779098299
1005002991266021
1005002393040538
1005002856853025
1005002506292150
1005002831432267
1005002823802473
1005001391850843
1005003002000720
4000217325765
1005003019599104
1005002778152346
1005001990942391
33031865612
1005002520169021
1005001588836523
1005002124692535
1005001615472406
1005002461438549
1005003140730013
1005002050589022
1005002602213452
32953914167
1005001495374170
32974161939
1005002280966448
1005003282613165
1005003036244669
4000144706638
1005002820631977
32804438888
4001257848601
1005002935539600
1005001269774936
32795382157
32894216322
1005002880469650
1005001330121573
1005002990358727
1005002771146577
1005002920566092
1005001586947698
1005002891183519
1005002356091078
1005002937130471
1005002034447331
1005001795144393
1005003253666316
1005003197364720
1005002702831676
1005003103731499
1005002912459019
4001273250119
1005003250694651
4000133152108
32898136397
1005002093691761
1005001345290372
1005003316296317
1005002540779185
1005001364322137
32934455721
1005003282437955
32999291503
4000626257080
33000142076
1005002309869410
32969979686
1005002751573171
1005003266214096
4001220188015
1005001961081386
32753370742
4000702119292
4000433333202
1005002919641676
1005002395728645
1005002754215212
1005003365640105
1005003229555609
1005003341119933
4001216434030
4001039225874
32818000262
1005001672082263
1005002982037779
4000226664239
4000802444653
4001130427202
1005001426201520
1005002965571639
4000642760323
1005001393222135
32362382545
4000158182808
32824209136
4001120536134
1005002073329708
1005003282658824
1005002319744681
1005003177046488
32848567058
1005001848899071
1005003384262031
4000023313456
1005002777276848
32934655315
33023921119
1005002348381815
32988220242
1005001671182686
4000667959531
1005003344730585
4001254765901
32961889397
1005002647264817
1005003248695718
33010043536
1005002893632185
1005002447353767
1005002642294915
1946618870
32957028853
1005001599307494
4001084490516
1005002931023388
1005002669745509
32967970818
1005003320678348
1005002768614764
1005001793087774
32861217376
1005002580815237
4000287305199
1005002952135758
1005001893967170
1005001736598941
1005003019855700
1005003274421491
32891417130
1005003134394664
1005001617648838
1005002312640778
1005003368494194
1005002103189192
1005003342237731
4000214966729
1005002492483960
1005003316831126
1005003360254411
1005002694035762
1005003338839450
4000960189063
1005003098911068
1005002848768296
1005002319265195
1005002560943655
1005002090569959
1005003163760775
33039150874
1005003312070483
32916428603
1005003256348437
1005002350023553
1005003241791292
1005003305873958
4000005657964
1005002695218133
1005002694963322
1005002232923684
1005002852558277
1005002604504427
1005003298056499
4000333461941
32639835759
1005003387647700
4000820786490
10000397729303
32961047493
1005003023319034
32834193840
1005002872577967
1005003267556564
1319828143
4000138139659
1005003176332516
1005002959364704
32853421396
1005003208714179
1005002325147315
1005002314138934
1000008268047
1005002786859935
32966865834
1005002863657076
1005002827591617
1005003162233310
1005003266769049
4001176140757
4000204706044
1005003040363200
1005003385860945
1005002050464355
1005001515328086
1005003336483660
32923899384
1005002908330486
1005003303389217
4001340016556
1005001882466441
1005002467466424
1005003166420362
1005001458420368
1005001391540728
1005001848513834
32849562887
1005001764609449
1005003131850052
1005001858379859
1005003287089617
1005003131950329
1005001275968012
1005003096793511
10000352436222
4001296793704
4001155587283
1005001803199995
1005001813962405
4000015278486
4000889357990
1005003090407006
33012334540
1005002577593031
4001026407689
4001131257481
1005003230545191
32822835601
1005001457840140
1005002911652746
32965710150
4000642236928
4001197684376
1005002809451694
1005003121457991
1005003087109856
1005002020019308
1539314123
4000122697135
1005003223032968
1005003175219089
1005003318887870
1005002652481588
1005001448592795
4001086115330
1005002483230519
1005002841211089
1005001883928186
1005003092657398
32948120804
1005001853577635
1005003365525956
1005002670383740
1005002730457785
1005003208551691
1005001612389530
1005002703153610
1005002291236022
32962227704
1005002255163915
1005001664561364
1005003338830765
4000420627282
1005002821245352
4000537139588
1005001626144272
32917477097
32966833550
1005003310193547
1005002139175956
1005002982619662
1005001864254472
1005003166661429
1005003253775812
1005003269669791
1005002064960109
33018837375
33023874716
1005003177869842
32888611361
4001192614298
1005003151747404
1005002806296955
1005001398688789
4000616167511
1005002567811898
1005002605084192
1005003330516850
1005002685006840
1005003148374101
1005002617486716
1005003275991588
32997392242
1005001793196251
1005003296681983
32721402479
1005003218457080
1005003268182940
1005003326232895
32918271996
1005003089699089
1005003062118071
1005003327164126
4001229755127
1005003328285755
1005003094061291
1005002288866217
1005002424057536
4000338378374
32899348459
1005001487831364
1005001493287871
1005002945576177
1005003158021015
1005002546070409
1005003005437730
1005002905751656
1005001861385538
1005001687640759
1005002040750152
1005003335278871
1005002557317992
32867303902
4000115640779
1005002133373668
33048980139
4000817565170
32958672365
1005002228153374
1005001596172463
1005002459332424
1005003277868663
4001227634348
1005002900215936
1005002636540974
1005003229764843
1005002819756598
1005002238260196
1005002389556985
4001001084685
1005002997075704
1005003218173286
1005003384091838
4000641049406
1005003091765351
1005002994846874
1005001787806071
1005003334766894
1005001736432059
1005003038057510
1005001916364827
1005003228037694
1005002310982692
1005003150041799
32408275195
1005003168154622
1005002992982581
1005003109414761
32958055891
1005002014665849
1005001498676718
1005002928821481
33010923398
1005002735949944
1005003380403224
4001179241621
1005003019265997
32825336073
4000403120717
1005003196411104
1005002200453349
4000341663437
1005002061695807
1005001547325867
1005002524072689
1005002480752307
1005003305722774
1005002761117310
1005003224294967
4001138472228
1005003344431898
1005002354420801
1005003338151969
1005001518734668
4001237722329
1005003275870052
1005001908405052
1005002439961526
1005001992095232
1005003310886176
32890989937
1005002037709469
4000292059646
32931109009
32909950515
1005002541796973
1005003000414945
1005002836249627
1005003157353003
4000774967186
1005003000678666
4001114175239
1005002315666928
32871638705
1005002993326453
1005002327248888
4000828225814
1005003293094632
1005003169848360
1005002616812344
1005003118552103
1005003170458318
1005002484521152
1005002662280085
1005002660333230
1005003367993747
1005002499714597
1005003009529301
1005001874440773
4001136072341
1005002426114700
32986663110
4000843398735
1005003012783890
1925409713
1005003332587039
1005002906667206
1005002313772391
1005002450565720
32893511976
1005002517603422
32801504156
1005003122668990
4000922429953
1005001592069054
1005002803434166
1005002321945263
1005001741659479
32932942585
32972680730
1005003120078820
1005003050543130
1005001920696833
4001122828294
1005003328907771
1005003372176371
32953054343
1005001868165150
1005003278220863
1005001626518040
4000411764745
1005002770671287
1005002395292569
32854085375
33046690348
1005002318869756
1005001427255510
4000632688439
4001207988317
1005002369588950
32902328831
32812346612
1005002953812739
1005002738686477
32802073748
1005001598575613
1005002305110797
1005002064447745
1005002517312231
1005001999888978
1005002063733303
4001027593508
1005002312101810
1005003170558704
1005001430626497
4001279068119
1005003384059133
1005003301832599
32889418177
1005003077256070
1005002746578697
32988417686
32993232976
1005002784504252
1005002068481113
1005003386323290
1005002258740645
1005001999399956
32852890388
1005001495859697
33032482695
1005002927126398
1005001510733649
4000090286453
4001028396229
1005002666272357
4000074558197
4000891211222
1005003062821940
1005003274300145
1005002723781688
1005001789216771
1005002567600565
1005003369744500
1005002910054896
1005002253666091
1005001322359890
32907605805
1005002363051470
10000296870038
32847083346
1005003031829708
32952949866
4001039372235
4001079355587
1005002877044296
1005001568910063
4000723108129
1005003092588292
1005002597083476
32861197041
1005003214450296
1005002690419529
4000833582280
1005002541319924
1005002324887302
1005003363616649
1005003298493258
32895165836
32961277964
4001359719891
1005003147149122
1005003345017647
1005003310493583
1005001571268368
32750546373
1005003146728177
32975191326
1005003134106175
1005002587026662
1005003129463707
1005001706409830
1005002680230440
4001348114268
1005002195975416
1005003077674729
1005002997558262
1005002958570658
4001189178985
33030513056
1005003318364810
1005003279713297
1005002797235115
1005001442335317
1000008473286
1005001999201810
1005002462153491
1005002864841085
1005003172379270
1005003344700792
1005002330326125
1005002589229592
1005001878758465
4000081852718
4000207209958
1005001714772921
4000994705958
1005002389707347
1005001962214207
32315923945
1005003348213974
1005002340591932
1005001967113256
1005003024909953
1005002288105378
4000489300655
1005003386291627
1005002522237606
4001198157949
1005003087488001
4001080415714
1005003018016811
1005002879291762
1005001611751118
1005003380816807
32921311799
1005001429808997
1005002937662790
4001072344327
4001028646758
1005003259957549
1005002787844870
4000448813235
1005002551265590
32953069205
1005002727275047
1005002410854697
1005003184909766
33008962799
1005002519817772
32749913656
1005003015485157
1005003371387816
1005002813264310
1005002336533193
1005003389297721
32692112091
4000246034468
1005003232673896
32914501142
4000872582745
1005002120172366
4000031647190
1005003196533707
1005003108779501
1005003240452221
1005002900379933
1005001394285593
1005003178362186
1005003380293677
1005001277938957
4000884272955
1005001465067506
1005001877184052
1005002910124931
1005001873105781
1005002136827730
1005002638109691
4001248319070
4000423860268
1005002349875830
1005002340177053
1005003031605552
4001112774724
1005001479111618
10000026362550
1005003217684139
1005003259867158
1005003113731658
4001218791701
1005002960751399
33054088531
1005003311041391
1005002218256749
1005002359525106
1005001406688367
1005002396599366
1005001651737616
1005003351685854
1005003311766770
32999620079
4000101216307
1005002773587331
1005003157117143
1005003093320233
33007878802
1005002518589277
4001254947563
1005002314293247
1005003364907477
4001271581568
1005003001720387
4001170687703
1005002761198321
1005002919236856
4001064992161
1005001317644827
1005002694659180
1005003109621680
1005002526175597
33054968437
4000336012841
1005002641152108
1005003140937922
4000172004774
1005003207506925
1005003205710049
32950122736
1005002706969524
1005002605580964
32871810566
1005003223068221
1005003080609729
1005003342596830
1005001843032453
1005003358425812
1005003370486623
4001224734857
1005003095306400
4000114185635
1005002954798899
4000972073785
1005002625522651
1005003197127895
1005002891216571
1005002911040192
32660694927
1005003209350391
1005002960198957
1005001610373206
1986272229
1005002772425160
1005002924979448
33012390654
1005003015713524
1005003157179561
4000100613421
1005003387620548
1005003009509860
32954817770
1005003380099026
1005003139801788
1005002104899942
1005002358310693
4000922584328
1005001810495068
1005003250393229
1005003346673239
32533305513
32861390858
1005003348000117
1005002604236330
1005002988200708
1005003324205261
1005001433463501
1005002949306674
4000216208695
1005002978761547
1005003391473882
1005003121514121
32777856404
1005001721954688
32847842524
32994989934
1005002530192515
1005002359791329
1005002042327404
1005001463878237
1005002715118148
4001272757746
1005002345307439
32755655306
32575647034
1005003091633095
1005001961101786
1005002527307355
1005003224914205
1005003337891421
1005002794671988
1005003095596217
1005002799051392
1005003035458349
4001186132780
1005002960552388
4000874181092
1005002726307587
1005002901936398
1005002076062910
4000471835813
4001126205811
1005001439561291
1005002099029166
1005002381958809
641293819
1005002843122096
1005003223580186
32852422627
1005003293565395
4000260503533
32858209487
1005002698310957
4001323869248
32684645324
33004217163
1005003263975972
4000465994639
1005001639698388
1005001531002588
1005003264985749
1005003281760482
33003016777
33046360883
1005002393220411
1005003282638114
4001163476169
1005002904210603
4000911818292
1005003318241400
1005002945317071
32845041340
1005003228076416
4000785805981
1005002611909790
1005003258296265
1005003022330561
1005002553412604
4000701782890
1005001332488443
1005003191528916
1005001619961476
1005003028765505
4000589309437
1005002949289761
32889804140
1005002490716872
32903588462
32730679826
1005003258564390
32644492266
4000918592001
1005002387063646
4000800844563
4000490087397
4000768131187
1005001905898396
1005003353778408
1005003158075607
1005003311266735
4001280690887
4000086210077
1005003211728209
1005003335421046
4000287956065
1005002676424565
1005003309564817
1005001510702199
32854240845
1005002875698436
1005003092935532
1005003368122932
32945192701
1005001615336639
1005003110115344
32721189447
1005002548171108
1005002984008298
1005001873437322
1005002631528167
4001192004462
1005002365892467
1005002946534579
1005001383377841
1005001814451255
32515464087
1005002115682091
4001146116417
1005003387802525
4001006491356
4000928263735
1005003094195219
1005003128086073
1005001750421191
1005003248616243
32913053296
1005002494296215
32968639684
1005001471809700
1005003006759960
1005002943347065
1005003270484228
4001241806742
1005003050918455
1005002873392507
1005002645742708
1005002406908898
1005003201339007
1005003277469174
1005003183011587
1005002555345132
4000800800904
1005003219246578
1005003343993503
1005003127939229
4000047874442
1005001479479877
1005003110520566
1005002821641870
1005003147010259
32561472966
1005001359142583
1005001757920240
1005002510601104
1005001869454479
32850030056
33000558684
1005002977520462
2022919261
1005001383435867
1005002937734825
1005003328402819
1005003146033882
1005001365880441
1005002717214788
32591199015
32923463797
1005003233744701
1005002941390023
1005002316871332
33047125287
1005003078587887
32822090841
1005002158346367
1005003248864592
1005001731272075
32955142442
1005002218415149
32812499133
1005002889461733
1005002642228970
1005001604614691
1005001754222058
1005003277884376
1005002591673730
1005002864986155
1005002838356158
1005001714573257
1005001780861445
1005002513017623
1005003329480154
1005001429824132
1005002396322986
32882133622
1005002851251597
1005002816983235
1005003192946147
1005003064778765
1005001460396100
1005002851498285
1005002959275165
1005003032276814
32926330233
4001278799924
32981916567
1005003250289732
32981343206
1005001860220294
33024983487
1005002086289565
32838440248
1005003260316328
1005002176230491
1005002094419518
4001117377030
1005002597871696
32819416836
32861476964
10000343757300
1005003150519307
1005002179678868
32973857215
1005003129410667
32837595433
4001051314579
33032461164
4001051593461
1005003202894573
4001188466519
32914624062
1005001997047584
1005002921901647
33035444539
32981262374
1005002604793478
32417022722
33010958721
32980828995
32963645867
1005002495273360
1005002914395714
1005003021787887
4001003747957
32800185990
1005001736795145
1005002737548402
1005002790718740
1005001989500767
1005003266239659
4000614119733
1005003275238835
32962339011
33031871727
1005001422899083
1005001617863742
1005003369135021
1005002754534508
1005003316347649
1005003123518866
4000737864499
1005003377176015
1005003159363616
1005002731915175
1005003391203474
1005002264190795
4000194506584
4000061427885
32817992813
1005002864013435
4000399466441
1005002789434435
1005003116562896
1005002504870543
32785830861
1005002787916283
1005001906844328
1005001976446615
4001163050019
1005002252681786
32847570795
1005003300583664
1005002199518155
1005002416227337
1005002225750415
1005003318654465
1005003047835532
4001036590818
1005003195313148
1005003205134909
4001244782336
4000459633050
33032353515
4000910612166
4000120511096
1005003098858273
1005003333176644
4000049221206
32792788220
1005002122459673
1005001912446625
1005001860797572
1005003328722196
4001083661112
1005002681115093
1005003276035596
4000610052059
1005003097297589
1005002824061730
1005001852030252
1005003051675417
4000313409468
4001136508635
1005002327921318
1005001638885388
4000127815379
1005003308976303
32948123431
1005001594859949
1005002992177782
4000890817868
1005002200925665
1005001587699814
1005002863474542
1005003114693012
4001209207863
1005003185542698
32967573100
10000343908567
1005002967429723
4001103741197
4001054417537
1005001697370744
1005003193888208
1005003304737354
1005003341723923
1005002579086959
1005003207892560
1005003321283174
1005003297762304
33023696004
1005001527481947
1005001483223878
4000234763201
32962284949
1005003281550986
1005002994232055
1005003351108241
1005002711624924
1005003014499868
1005002281856922
1005002783698839
4001090418562
4001150838237
32999499222
1005003313083499
1005001474231493
32962841437
1005002310825555
1005003239888520
1005003317685505
1005001739282231
32650160898
33004375691
1005002136833091
1005003312658536
1005003336077831
1005002030280244
1005003328075496
1005001872618944
1005003156362915
1005002535870463
32838237585
4000106694575
1005003352079503
1005003069619492
1005002820697829
1005002868306864
4001282536994
1005003282305712
1005003322843740
1005003308881225
1005001633767556
4000299895639
1005001982674515
1005003381735530
1005003249955831
1005002000570207
1005002878151139
32959678731
1005003124441612
1005003244324989
1005003323153727
32354387254
4000896319626
32804324604
32999413875
32327900033
1005003218343481
1005003279542644
1005002590078129
33056264773
4001148463442
33027831529
1005003148481258
1005001823736174
1005001649276925
32835753731
32893229260
1005002965347180
4000286770457
1005003109193035
1005001992617277
4001090596749
1005002276775529
1005002998585296
1005001743192396
4000014425016
1005002416452444
1005002852029819
1005002715167503
32459606581
1005002032606338
1005003197639324
1005002996055929
1005003017096089
1005003093831538
1005002261223968
1005002369191322
4000140576510
1005003165426776
1005002634820501
4000448323349
1005001626814737
32878225506
32808135336
32857327436
1005002387819694
1005003349450007
1005002503856121
1005003314554814
1005003202999719
4000968224175
32958349179
4001178763765
1005001433817020
4000056428449
1005002831823046
1005002671519277
32854135648
1005003241106778
1005001776590948
1005001813295576
1005003338013577
4000043077095
1005002081373121
32790877848
4000645737069
1005003000490678
4001021594102
1005003305391962
1005003386675485
4001265129428
32805565480
1005002288627586
1005002841868458
4001131322842
1005003092314247
1005002286488312
33008034188
1005003005123459
1005002957107494
1005002979453928
1005003208743827
1005002009624778
1005003104807437
1005001437954367
32926331773
1005003247784401
1005002668644648
1005002907122224
1005002897542562
1005003022141971
1005003310621313
4000167242287
32721376872
1005003310462849
32899676758
32411208132
1005003152718100
32957371692
1005002800903564
4001010178714
1005003391251794
1005002824165720
1005003042694444
4001155842215
1005001587210898
32326619390
1005002461362865
33050180711
1005002912297970
1005002780060494
32830991501
1005002002623305
1005003283334777
1005002820931054
32595997460
1005002332067000
4000119098431
1005001408092372
1005003291981679
4001282484115
1005002012460504
1005003191989497
32869762123
1005002854790281
1005003134088503
1005002081577024
1005002568410009
4000712827281
1005001627150312
1005002623174928
1005002691456558
1005002776666328
1005001504785982
1005001649042322
1005003234410244
4001138641610
4001254754888
1005001942668018
1005002652895953
1005003159040212
4001098229821
1005002656643283
1005001765149332
1005002314885743
1005002953540353
32993641546
1005001284792308
1005003136022375
1005003340218285
4001159966606
32968781306
1005002607626185
4000404936695
1000005514529
1005002722720603
1005002964903068
1005002553699921
1005002751691348
1005003181735851
1005001623862207
1005002186303019
32829367577
32847157109
1005002283839852
10000270178264
1005003159388791
1005001732380264
32873640235
33025400349
32826209042
32860704064
32856060607
1005002696266161
32921530488
1005002478718857
1005002983958009
1005002806787055
1005002949536449
4001119209810
1005002751410108
4001156652505
1005003279071696
1005003140599481
4000926973131
4000537959859
1005002119398862
32911737695
32907449442
1005002869065650
1005003087891266
1005001786870978
1005002662025999
32996153908
4000687710140
1005003302278477
1005001509900900
1005002773933703
1005002321920632
1005003357242160
1005002686762625
32926047975
1005003392342540
1005002202041136
1005002776903720
1005001354158214
1005002592813796
1005003200966106
1005002931722990
1005003326221822
32868178952
1005003284589633
1005003266048064
1005003101648541
1005003228854010
1005003314124914
1005002352831311
32995060098
1000005059098
10000420211568
1005002121761909
1005003218175984
4000135478087
1005002918351606
32951228199
1005001999046410
4000373359772
1005003143188634
32968811202
1005001470225786
1005002386831659
1005003355824577
33012522917
1005002425054372
1005003205483312
1005003168007901
1005002912179867
32901423993
1005002055569831
4001237386172
1005003041648160
1005003280693744
1005002775314803
1005002588053704
1005002745012530
1005001596688481
1005003025474473
32964882894
1005003015573551
1005002252538338
1005002506944823
1005003385179003
1005003344530971
1005001869337278
1005002767249545
1005003331811177
1005002811502624
4001226731106
1005003000666199
1005002986264942
1005002923862929
1005003363168714
1005003056464314
1005003365271538
1005001596772241
1005002439581087
1005003187575467
1005003336463477
4001160265163
1005002591425801