1005002657043879
32678604390
1005002809687280
4000849848079
10000120562632
1005001942118107
1005001855470225
32973152370
1005002793399333
32957005003
1005001645107636
1005002101167070
1005002281272031
1005003145138444
1005002523998158
1005002997211244
4001274053520
33022345182
1005002886791437
1005002956452808
1005002832803362
32773942459
1005003377876744
1005003337893128
4000808421042
1005002286864637
1005002886199948
32999115953
4000466563655
1005002503086684
1005002598784261
1005003083802944
1005003325631799
1005003037744631
32906931865
1005002505152125
32861309386
1005003030650281
1005002649021903
1005003274313651
1005002682130234
4000271065008
1005002662119891
1005003262506323
33027258912
1005003039487140
1005001417400437
32845942673
1005003202401983
4001228868794
1005002548449093
4000927195451
10000395863937
1005003347980268
1005002252228827
4000247036780
1005003132992787
4001226635306
1005002467228990
1005002910560619
4000303307015
1005002442316861
1005003329660140
1005002307260980
1005002484684511
1005001953093310
1005001861450503
1005001769389524
1005002139347100
1005002865766009
4000955055105
1005002002225903
1005003310119028
1005002989942118
1005003268431729
1005002947974389
4000299732542
32718550566
1005002573580903
1005001633086604
1005002937818699
4000278502878
1005003014682186
4000623845747
1005002739606578
32678139921
32973782586
1005001666785172
1005002237562413
1005003179133783
1005003069791793
1005002490318220
1005002373432898
4001050764633
32984178351
4000134767249
32884123765
1005001968316090
1005003076675035
1005003088209606
1005003003172653
1005002840611442
1005003152481768
1005003299969095
1005002597351461
1005003337561378
1005001922661153
1005001706967086
1005003212599954
1005003097925174
1005002938963292
1005001866375436
1005002109887888
1005002700079876
33008324662
1005002527526675
1005002380848263
4001150555331
32981887608
1005003323767523
1005003357397292
4000434591655
4000838502403
32607559208
32994333766
32797550396
1005002474255352
1005002110187661
4000561563901
4000404839267
1005002459034016
4000682588601
32919809546
1005002413277466
1005002387780776
32925655290
1005001664499350
33055886383
4001214356405
1005002489387712
4000459495972
1005003087591340
1005002732257163
1005002287914892
1005002952387381
32790603775
1005002545741930
32796544021
1005003012670782
32972840877
1005003039964483
1005002930119876
32850186780
1005002885450577
1005002450551237
1005001343118684
1005003382225951
32991149124
32893177969
1005003086108022
4001068834718
1005002958130135
32839311921
1005001448712396
4000535032099
1005002097493985
1005003304101373
4000786960640
32854151251
32928219226
32966283261
1005001845398331
1005002906305418
1005003352660192
1005001619605004
1005002315423010
1005002618084223
32816909198
1005002612957722
1005003121735097
4000050386954
1005001588146760
1005002509043090
1005002155583702
4000108664966
1005002920797923
1005003224170035
1005003208452709
1005001695566066
1005002272729969
1005002232009228
1005001915541473
1005002048526298
1005002062071420
4001248364538
1005002966260817
1005002207252750
1005003290183979
1005002654881473
10000025591225
1005002717272042
1005003377795534
1005003134683042
1005002877493937
1005003319212103
1005002974404677
1005003169241914
1005003197974377
33023264904
4000010250998
1005003372118340
1005003303918473
1005003317591809
33051548784
4000638581551
1005002536541512
1005003019030419
1005002249709109
1005002776483625
1005003256020089
1005003111884264
1005002854346801
1005003335092129
1005001863086354
33054822797
1005002612950958
1005003074597042
1005001841092652
1005003387754657
1005001488983696
32813385645
1005002913710523
1005002726905132
1005003286519424
1005002468021248
4000863545470
4000725222864
1005001624132702
4001047508899
33059535960
10000402354636
1005002963715442
1005002907504577
4000500162458
1005002343122456
1005003347571021
1005003377820474
1005002346716303
1005002312143338
1005002038531081
10000395856349
1005002481027374
32967973848
1005003341721947
1005002949499742
1005002609133539
1005002079320212
1005003364783266
1005002382951836
32995462953
1005003216908457
4000998323319
1005001920752655
1005003035513949
1005003081602716
1005003114887498
32734548067
1005003081042506
1005002919475752
1005003308617374
1005003336092047
1005002702109151
1005003184457846
1005002855199015
1005002863252446
1005002675505594
1005002435693839
1005002888894049
1005003059983726
1005002431332881
1005001565840862
1005003091779847
2033196203
1005001937940796
4000310412115
1005003147597196
2030229536
1005003079541987
1005003334921868
1005002117712564
1005002551868066
1005003343360142
4000797864559
1005003388259756
1005003188053071
1005002732214080
1005001332620508
32406490464
1005002582832342
1005003223586504
1005003332693493
1005003285307989
1005002789205858
1005002266397568
1005002574672407
1005003013837043
1005002801567419
1005003221819214
1005002408110264
1005003031989055
4000158581282
1005001631410445
1005003095750865
4001366368036
1005003269456911
1005002224327521
1005002231150901
4000929655326
32960387169
1005002346745151
1005002362298673
32974769124
32809792580
1005002312906846
4000493198024
32797931883
4000910975428
1005002090582419
1005003278994199
1005002667394936
1005002084106259
32973252415
32954397274
1005003306030190
4001108787131
1005002524180166
1005001393127657
32993761105
1005001418427456
32952738757
1005003112700710
1005003351714946
1005002685532331
1005003112766225
1005002492437972
1005002780487698
32820346396
1005003199611874
1005002234045174
1005003178255727
32982341811
1005002454427307
1005002156177260
1005002781088329
32880819786
1005003323420206
1005002875892120
1005002076206198
32975191774
1005002344151636
1005001700651666
1005003312107854
1005003288901178
1005002219978086
32848513317
1005003341253413
1005002359082420
1005002307794818
32956421188
1005003290402191
1005003064964077
1005003003250756
1005003271875720
33008362516
1005001858304548
33042014731
1005003117363256
1005003318631429
1005002924397936
1005003196622999
1005003155477243
1005002478713528
32799482118
1005001894622669
1005003171390950
1005002747058837
1005001997551021
1005001813263906
1005003115250243
1005002613945123
1005001723916749
1005001479751953
1005002863083593
1005002966448176
1005002336524432
32803217654
4000248231582
1005002726084558
1005002212652234
1005003271899267
1005001513791129
1402324862
1005003135275560
32919975842
1005001760049039
1005001833936609
1005003299679390
1005002306548788
1005003286248637
32732996310
1005003347394772
1005002460862885
4001230298764
1005003349316569
1005002788973574
1005001658272543
4000266241295
1005003090333223
4001278029963
1005002552536527
1005002970445101
1005001625386553
1005001394330349
1005002117619987
4000112203254
1005001667124815
1005001816796672
1005001788956118
1005002904216462
4000483612055
4000041185601
4001203026356
1005002974801431
1005002235755832
1005002523346426
1005001540816909
4000268923914
1005002006335108
32988586677
1005003148906786
33053631701
32669099976
1005002945172547
1005003367090447
32939388485
32930584907
32959217175
1005003264750406
1005002744776942
1005002747441083
1005002611639281
1005003147117082
1005002325198237
4000941294420
32715226067
1005002509066325
1005003168192962
4000986857236
1005002275901463
32865219131
1005002862574946
1005002293779921
4001186467423
32966573330
1005002877852919
1005001677712628
33059083979
1005001968075144
4001156862997
1005003118214251
1005002457084121
4001158789086
1005002658975373
4000800761750
32679481079
1814239570
4000113648437
32917814866
4001267857442
4001321919666
1005001398219175
1005002721663349
10000395896629
1005002696620115
32833930889
4001138748145
1005003210483802
4001219963179
1005001646022375
4001286798379
1005002119055315
1005001349682228
33038151614
1005002786720552
1005003009330145
1005002132853976
1005003271827447
4001069341353
32818756552
1005001423359606
33002373797
1005001655626495
1005002977096957
1005002476565142
4001233192445
1005002641828772
1005002875755007
4000741965969
32987104510
1005002963828034
4000299381495
1005002662991328
1005003388477433
4000789310214
4000054185250
1005002511502862
1005001890385940
1005003213037041
1005003066337332
1005002241093102
1005003211591291
1005003267082157
32905940653
1005003291891364
1005003327094691
4000803523317
32858307086
1005002974345889
32828040335
32704682238
4000627475555
1005002676921658
1005002959288183
1005002541020558
1005001770287760
1005003371271235
4000519247730
1005002649178273
1005001952218925
4001252548363
4001030882089
4000405049313
1005003348532036
1005003116473209
1005002939629867
4000437269642
32956446384
1005002623902248
1005001648791645
33008556079
1005002468089885
1005002346433341
1005003216980122
32851111329
1005003055065476
4000318057356
4000943490012
32805870578
1005003333871039
10000089162802
1005001849322323
1005003115166903
1005003271137101
1005003034042023
1005002788869918
1005003263201299
32864189711
32375319364
4000432941972
1005001884968002
4000497657570
1005002971719263
32263058651
1005002918855559
1005002931884280
1005002053447757
10000395951263
4000280461964
1005003096350273
4000703745050
33041097638
4001035990403
1005003332634002
1005003141944096
1005003347871588
4001049293383
32409374178
1005002492051580
32833206506
1005003063809215
32997494125
1005001757603778
1005003345884355
1005001931311126
1005002685933230
1005001430411411
1005003341720281
32919485372
1005001601179152
32337631415
1005003160969229
1005003297366110
1005003017549412
4000464146798
1005003023470654
33024736679
1005002631617757
1005003239563405
1005002760498837
4000132406495
1005001381155831
1005003237688862
1005003087743635
4000986702851
1005003193838713
1005003108407749
32797935670
10000395944163
1005001865532216
1005002788747051
1005003365685505
1005003227910791
1005003103145875
1005001901429380
1005002994578512
1005003026875528
1005001900719688
4000190803145
1005002944399897
1005003288297947
1005003323752579
1005002955000643
32725775499
1005003339707054
1000008304358
1005001780968873
1005001652934135
1005002345096808
1005003261695077
1005003340604963
1005002737594859
1005003036404005
1005002392695988
1005003343245481
1005002113076155
1005003363061228
1005001846435179
1005001929034222
1005003250880947
32886276594
4000589931232
1005002736832412
1005002988781690
1005003125476499
1005002353333595
1005001839074333
33062542057
1005002776429698
4000755955113
32951391559
1005003090911414
32670577320
1005003146021102
1005003191834068
4001331089800
1005002667978459
32836359865
1005003229853522
1005003081959166
32467391610
4001214303811
1005003303437047
1005002480240277
1005001864644827
4000706689626
4001346191007
1005003198305586
4000183981395
4000004366246
1005002826498562
1005003316314448
1005003328724381
1005003278556159
1005003251570060
1005003051243392
1005003368007218
1005002679942377
1005003386437346
1005002240939503
1005001981553792
1005003158955874
1005002930248639
1005002387017561
33004947246
33042620524
4001147799491
4000396653646
33019223631
1252259971
1005002230211479
32976670592
32894527319
1005002810334627
4000717367469
32954993836
1005002191950148
33040112930
32982120613
1005001540500771
1005002827440003
1005001789632412
4001184094287
32903220849
1005002553566338
1005002441597369
1005003329158479
32972865015
32925891221
1005003200743620
4000957541830
32919759866
1005003335170226
4000084604924
1005002722786084
1005001983162105
1005002997992587
32955663731
32869902829
32870152244
1005002533164950
1005001758620017
4001305951031
1005001487399236
4000296856759
1005003339080720
1005002994703975
1005003149478062
1005002955209501
4000106471752
32972759774
1005001998614791
1005003076427827
1005001516487501
1005003391342147
33009458151
4000569133215
1005002133907318
4000317390482
4000224193161
1005003283308637
1005002240268321
1005003293785119
1005002963875598
1005002628791431
1005003093665629
1005002995653288
4000270073476
1005002767569039
1005003063760674
1005002636503206
1005002271579509
32949238537
1005003380752025
1005003131188565
1005002856866914
1005003011355865
1005002305755575
1005003282971879
1005003157680029
1005002089137085
1005002728648298
1005001286123852
1005001698366113
1005002920111915
1005003274964482
1005002337622907
32836625826
1005001671045146
1005002682558090
33030674427
32857953638
1005003371846411
32993529454
1005003239650972
4001170186387
1005002605704682
1005001441418615
1005002575791145
32761159650
1005001934077880
4001061553665
32692041902
1005002835190806
1005002672547493
1005002824138273
1005002467530583
4000544376073
1005002889764904
1005002503026131
1005002932895198
1005002217604621
1005002053646314
1005003234937732
1005003098592629
1005001861613931
1005003130474028
1822809156
1005003384027108
1005003182196838
1005002925477224
1005002307384828
32422470580
1005002758643376
1005003045914912
1005002889593473
4000253792799
1005001319226081
1005002084664919
1005001782692743
1005002749692115
1005003307472308
32888565948
1005001804024136
1005002597519301
4001003098478
1005002926624675
1005001685671511
1005003016019855
1005001308605332
1005003267975006
32968655019
10000032382078
1005001813242651
1005003100761961
1005003345942871
1005002864098182
1005001984466397
1005001327202771
1005001773207908
32767177994
1005002134532805
1005003192500733
1005001438848326
32462533208
1005003270605450
32885425372
32887454493
4001238744874
32859225300
1005003350511822
1005002941852063
4000598596191
4001094731655
1005003377099297
1005003027275364
32676210336
4000538026463
1005003269043062
1005002980405350
4001104775127
1005002820633554
1005003101796853
1005001682145808
1005001698036971
1005003154561884
4001051097958
4000885148835
1005003176693886
32851969115
1005002240801426
4001360338263
32953439478
1005003208614045
1005003226052482
1005002502794760
1005003365383331
1005001488684070
1005002327473629
32295618771
32885468076
1005001265379965
1005001464922226
1005002264996259
1005002564431626
1005001621297874
1005003253511729
32817276153
1005003310692947
1005001704564747
32923656843
1005003387154980
1005003257316958
4000764677078
32814509747
32818820186
1005003173804664
1005002959124106
1005002478810786
4000039600828
1005003001750226
1005003131232416
1005003017549089
32750280226
32261589164
1005002631047322
4000411516913
1005001959557026
4000059942768
4000800949922
1005002556830839
4000219437653
1005002778114465
1005003201120563
1005003224909173
32863663695
1005003368985427
1005003086790337
1005001585392324
4001345946877
1005003032040403
1005002652409712
1005001506420826
4000927859945
1005001464501855
1005002945867662
1005001320630200
1005002705562841
1005003299070062
10000154601692
1005002314204700
1005001822517159
1005003183015931
32809598909
1005003344516085
1005003245197796
4001197074418
1005003199753992
1005002321018057
1005003357003468
1005002413513206
1005003299402921
32889084571
1005001782866803
1005001793225147
1005003009893064
1005003356068103
1005003047291392
1005001451496054
1005002790161970
1005002953690629
1005002270479580
1005002489964469
1005001682989998
1005003172500300
1005001632401895
1005002194262523
1005001405728992
1005001937670668
1005002563574061
32973432396
32710974443
1005001989003018
1005003016168372
10000397730574
1005002475520131
1005001422679853
1005002467275564
1005003223014331
1005002991141601
1005001598661048
1005001597604250
4000382299238
32959368708
1005003127341640
4001243522541
1005002027690687
1005001921916469
33008385498
1005001572557888
4000014215518
1005001961281672
1005002246294504
32887311843
1005002003969918
1005003122510885
1005002907510728
32821735002
1005002388111280
1005003019332570
4000052638605
1005002875686022
1005003232291848
1005001388965073
1005002869931318
33004240109
1005001779488788
1005003041169747
1005002835878926
1005002672111076
1005002861790453
1005002989612186
1005002246330149
32374323942
4001221703299
1005003010059577
4001051430897
4000434342263
1005002989665202
1005001375518950
1005003210833448
1000008156668
4000115583794
1005002330289455
1005003249790235
32710923609
1005002662801475
1005002955128886
1005002689185848
1142087652
4000807384063
1005003290209863
33040021339
4001222893492
1005002283061681
1005002886721557
1005003244978548
1005003237523216
32978684413
1005002525311134
4000129863963
1005001960237854
1005003189718640
32642528339
1005003035922264
1005001568066654
1005002462090410
1005002675544172
1005002829999700
4000990946887
1005001864012411
1005002084885290
1005002966715843
1005003232335356
1005003106491577
4001052731846
1005003368312595
32921267696
1005002512003035
1005002785041956
1005002350988264
1005003157341027
4001189809847
1005003351828895
32982996388
33017496272
1005002261056732
1005001387820394
4001242900136
32996530623
1005003209816060
1005002852262474
1005002774215956
1005002094693929
1005002885358643
1005003208399991
1005003194757907
1005003264215749
32787237466
1005002177313900
32837046731
642433242
4001200242248
1005002278685481
1005003015183875
1005002945588397
4001234275759
4000249130067
32703270475
32264089030
4001106888317
1005003199619652
32883352310
1005002959523296
1005002671748068
1005002875631977
1005002876116604
1005001629843632
1005003174202723
1005002628606704
1005003001500112
1005003116569498
4001174938606
1005003347261848
1005002224630748
4000160444229
1005002712306387
1005003136502388
1005003135423394
4000654956126
4001161809726
32569928422
1005003319214913
32832550200
1005001502462060
1005003001141939
32677674247
4001234064076
1005003258991861
4001327077448
1005003083895724
1005003381854053
1005002314368381
1005003195534180
4000223925442
1005002275630295
1005002617342536
4000300495812
1005002811874525
4000424869689
1005003221370735
1005003036059274
1005002672669149
1005003143170500
1005003245228455
1005003030544330
1005003153444791
4001021616052
1005002894874282
1000001726024
1005003219738500
32808702834
1005002335089634
1005002552390008
1005002784934369
1005002017101098
1005003109644902
1005003197765087
1005001960443637
1005001435964538
33028923424
4001235507011
1005001412664995
1005002991303504
4001172923160
1005002282468848
4000854907706
32858531568
4001230821697
1005001373721954
1005001756132744
1005002180220339
1005002949696056
1005001665332203
1005002120015791
32727819844
1005003172591848
1005003193144484
32855696223
1005002226269886
32990052783
1005002617465814
1005003025142464
1005003053801425
1005003226545220
32787878183
1005002279335200
1005002519197978
4001138851796
1005002412770737
4000460266984
1005003339936816
1005003342760807
1005001804168429
4001284276895
1005002605835138
1005002247704011
1005002766548803
1005002830576230
1005003299107775
33043577188
4000953226518
32804354750
1316962157
1005002354391601
1005003365957186
1005003293184817
32980912812
1005003083125496
1005003269930276
32820183681
1005003309044871
33005766063
1005002991389952
1005002647264487
4001178369108
4001149264724
32908643174
32871975583
1005002984701542
1005003090921343
1005003331622967
1005003201773931
1005002976680746
1005002791304531
1005003365080300
1005002038286516
1005003205707840
32890424021
1005003308093284
1005002653041501
32848650329
1005003143182873
1005001493358804
4001076435741
1005002931919984
32892506669
1005003113084307
1005003365166320
1005001800962595
1005002532557616
1005003336298979
4001238809028
1005002944323312
1005001732263554
1005002199493105
32848816541
1005001541456456
1005003344021290
1005002990859513
1005002738055064
32959567144
4001082915302
1005001839922141
1005002488584586
1005001823993688
1005003211806446
1005001699306685
1005003176785806
1005002064556772
1005001561530275
4000084777072
1005003142886480
1005003101385570
1005002940257197
32943737292
1005002857837907
1005003391863590
1005002986232246
1005002732518267
1005002310571901
1005001354362678
1005002193936375
1005003336093612
1005002982038543
33020173096
1005003355232013
1005002840148276
32920777176
1005001737663331
1005003058730917
4001193469016
1005002293143874
33005004496
1005001615810394
1005002214654123
1005002621254922
1005002527236490
1005001792060066
1005003297616123
1005001821003554
1005002556238696
1005002322024086
1005003283852322
4000894714784
1005002376850665
1005001490679135
32990902957
1005002421096902
1623039825
32803184374
1005002749718231
1005001478899071
1005001835093628
1005001872537526
1005002687338415
1005002467425300
1005002240198683
1005003044328150
1005003306779919
1005002955204564
1005003183548385
1005001493960825
1005003045330240
32872999145
32353913728
1005002656905760
1005002213254798
1005003163721904
1005003010010573
1005003276080543
1005003062928276
1005002559360188
1005002989308173
1005003278773457
4000610050824
1005003333330985
4001179198350
1005003319740539
32956108633
32983883254
10000004750672
32847584162
1005002027957170
4000859691820
1005003265292109
32847906213
1005001477054296
1005002720113105
1005001604115575
1005002554414749
1005002347952076
4001236791480
1005002511059262
1005002827790442
1005002292553179
10000071216479
1005001819431228
1005002711205302
1005002311498600
1005002562264630
32762270429
1005001385781079
1005003234699672
1005002388675724
1005001988962944
1005002125490192
1005003145426125
33011314077
4000982908728
1005002597327897
1005003343006089
1005001880578029
4001112068592
1005003101267267
32529769543
1005003379887129
1005003016307492
4001157087383
1005001397624993
1005003207786271
32956969765
1005003174923759
4000192958686
1005002272762161
1005002323914029
4000467577330
33024463038
1005003236566424
1005001296821680
1005002957208803
1005003001647099
33054328713
1005001947078650
1005003336172989
4000033760990
1005003026528416
1005002552558812
1005003073823238
1005001399020475
1005003385622426
1005002719406456
1005001591428038
1005002901172998
1005002878812473
1005002688467862
4001214587852
1005002950860869
32531224139
1005002558738388
32305297501
4000043554562
1005002754126503
1005001915363075
1005002958741138
1005002669726385
4000329130583
4001217939432
1005003120969150
1005003329931088
4001041990950
1005002513016636
1005003375732576
1005001727576807
1005002647214505
1005003032944162
32829661953
4000903673259
1005003161533353
4000344484890
1005001413543468
1005001779331182
1005003135255243
32969917381
1005003347693539
32756829972
1005002826046810
4000828269450
1005003119781319
1005003310341727
1005003133202007
4001094309326
32954633356
1005002481052485
1005001314687496
1005003367223362
4000263588976
1005002578276473
4000002979782
1005003146325455
1005002959207348
32931209856
4000609991576
4001177751743
1005001599173699
1000007969336
4001236562802
1005003300207081
1005003093081702
1005001834195602
1005001703709874
1005003103883851
1005003140408944
1005002039197712
32922877690
4000105245601
1005003022188162
32329675593
1005002853091752
1005003380004543
1005002842607472
1635549075
1005003016587211
1005002945407266
1005001798931443
4001110849604
1005002387070025
4001280851188
32949639105
1005001894946245
1005002944250430
1005001882685361
4000105349187
1005001741550592
1005003088938580
1005002954290334
4001053996679
1005002205904605
4001010864750
1005002537977054
1005001973504597
1005003137581217
1005002743028808
4000211305378
1005002122472001
1005003259509893
1005002734276987
1005002717380647
1005003086945316
1005001990658932
4000784794130
32995956111
1005001750923507
1005003109332044
1005003156424971
1005003263214388
32922252798
1005002228248162
1005003040111576
1005001817235427
4000196632083
1005003336076920
4000346309044
1005002304796972
1005002762161341
1005002487270831
1005003279883172
1005003381522222
1005003263790129
1005002649063523
32675702120
1005002246924006
1005003186898527
1005002997389344
1005002680045076
1005003096692047
1005003082700868
32950632984
1005003351485354
1005002387487628
1005003040971810
1005003386767790
1005002206017892
1005002579998667
1005002613741753
1005001499070918
32838703516
4000981557873
1005002901954027
1005002401066247
32723656690
1005003050054061
1005002424888953
1005003338584720
32384619893
1005001605509918
1005003157829733
1005003064919723
10000399964178
1005003244179494
32721205521
1005002678843613
33052597358
1005001296000359
1005002339829136
1005002932328928
1005002337592788
1005001808431550
4001114617820
1005001817501697
32890608250
1005003033397989
4000238735756
1005001794355153
1005002206176272
1005002482960421
32996366041
1005002461420750
33027178678
1005002656411453
1005003065621803
1005003298262530
1005003116423397
1005003030615713
1005002638029893
1005003266175024
1005002292598585
1005003391256817
1005003217851229
1005001717922434
4001220119389
1005002921861918
1005001839478519
4000570301892
1005003333717068
1005002931133235
1000006767244
1005003350461749
4000393872176
1005001753006411
1005003329650724
4000320780724
1005002662876031
1005002363485206
1005003141190519
4001175889671
1005003333340563
1005002939851971
1005002854504656
1005002869124218
1005002937852236
1005003384950879
1005001379801435
1005001717382673
1005003037750343
1005002663589550
32771333220
1957446738
4000785651273
1005003069993081
1005003027675168
1005002281897704
32966716752
1005002916894620
4001224582910
1005002890810701
32955743947
32896023830
4001098505132
1005002899872897
1005003277320410
32852834351
32957556359
4000340998172
1005002097766295
33029806738
33018854020
1005003156989078
32960280115
1005003311404764
32475194176
1005002542794752
1005001600401269
1005003276593187
1005003042850383
1005001818628939
4000709468318
32661313327
1005003128706200
33047198573
1005002253268833
1005003088248647
1005002358196095
32810106600
1005003375936790
32804411874
32971236990
1005003065405934
1005002553300188
1005001383404133
1005001987925291
1005002390051520
1005002913148810
33025377714
1005002133792725
1005001864846304
1005003114339769
1005001501295215
4001191263694
1005002965231824
1005001326527371
1005001437501724
10000089305125
32976272245
1005003264566685
1005003230677066
1005002473693365
4000280159157
1005003283957015
1005003263624951
4001175820881
32848234631
1005003038092886
4000582921685
4001038788157
1005001572361273
1005002277315403
1005002340934368
1005003057998237
4000600440404
1005003265881969
4000852239319
1005002705155253
1005001441341423
1005002748277175
1005003163698475
1005002907051311
1005003276890329
1005002500278256
1005001506510072
1005003075965316
4001196278888
1005002405392650
1005002707424645
1005003150701281
32880440661
1005002616440770
4001181471212
1005002839845716
4001321124140
32860791057
1005002467800130
1005003115101124
4001076848687
1005002649354419
1005003161747411
1005002553932536
1005003375432946
1005003098951315
32991511003
1005003227353344
4001135678585
1005002827237045
4001171368848
1005003347597929
1005001708840901
1005002478031025
1005003010026153
1005003074335803
1005002235202924
1005002566897625
1005001478103762
1005002539500172
1005001997191481
1005001636266400
1005001621204271
1005003227877746
32854996385
1005002842046800
1005001840273829
1005003381449738
1005001965632769
1005003294836789
1005002769130611
1005001840884467
1005002441533133
4001360433685
32798931338
1005001657948928
1005003260828746
1005003315841297
33048228031
4000092623238
1005002307896498
1005003145566570
1005002617299394
1005001871234076
1005002959322508
1005003109941480
32954606042
1005001749713934
1005003362233899
1005002763407671
1005002497502653
1005001468003013
1005002689803684
1005002485668606
1005001472086471
4001267320782
1005001418075332
1005003319154251
1005002661936405
1005002968317812
33029400685
32913629213
1005002278193681
1005003021423776
1005003304920215
1005001823106247
1005002452996761
1005003371016658
1005003319590136
1005003004988590
1005002378756569
1005003387811275
1005003364941953
4000756642960
4000715890704
1005002907176791
1005003199597125
4000954295558
1005002432676929
32303860938
1005002898873632
1005002504756941
32856234197
1005001437402816
32891323286
1005003263671098
1005003092433297
32814458622
4000016497010
1005003172860495
1005002977068012
1005003387941367
1005002911656814
32990347988
4000510108169
1005002235817806
1005002573934572
1005002919524592
1005003269473302
1005003056261683
32888506849
1005002582278160
10000395832036
1005001475627241
32976859404
2045459012
4000920428894
33054963596
1005002214764561
4001282497315
1005003115675934
1005002966048212
1005001872172258
1005003081361676
1005003107191603
1005003348447172
1005002663766136
4001270447733
4001199926454
4001211720263
1005001876696902
32935092560
1005002357648987
1005002287261816
1005003052019257
4000741834874
32928372598
1005003328615789
1005001605238330
1005003223780490
32789077134
1005002516543640
32864461123
1005002260698594
1005003169019222
1005001575539018
1005001557703985
33041186628
1005001436239725
1005003388464459
1005003115143119
1005003137619889
1005002991467867
4001245054798
1005002585136994
1432882255
1005003151114146
32822409043
1005003150769653
1005003350199158
1005002306216645
32913244283
1005002781657961
1005002069341542
1005002539054963
4000463356063
32890027300
2023534668
1005003288263588
4000788990781
1005003237222696
32718136492
32809374236
1005001994785469
4000570755425
1005003350009357
1005003085951337
1005002605133661
1005003333325607
1005002108074580
1005002226329788
33011580314
1005003168019012
1005003323893836
32815468735
1005003050902591
1005002424647253
1005003233956852
1005002115821651
4000955046197
32857293524
1005001739377834
32806636308
1005003378129263
4000777630572
4000862286243
1005003089182998
1005001731046949
1005002381045182
1005002056281089
1005003353667825
1005003379465792
1000008130026
4001031315653
1005003300495401
1005002782663645
32880573386
1005003211997937
1005003382152503
1005003021996527
33002264529
1005001854522061
1005002517057143
10000138715031
1005001282481152
1005003129030204
1005002810302376
4000849392132
32962025508
1005003106137610
4000833135131
4000857158560
32698352534
4001049476575
1005002302817995
1005003081324118
1005003105810257
1005002981853730
1005002960123967
32974262794
1005003042995937
32991267062
1005002522280406
1005001958580215
1005002212034724
1005003063456686
1005003065801586
1005003265214715
32845149528
1005002808520914
1005001697845318
4000174273296
1005002679196147
1005003145445878
1005002544266828
1005001854279824
1005001381623665
1005002683690282
1005002074123856
1005002848384571
1005003337037481
1005003304881673
32875149982
4000709112506
1005003254559584
1005003156959354
1005002952603003
1005003375048993
1005001608972378
1005003318856232
1005003290817319
32991487021
1005002802697821
32953056339
1005001393167621
1005002828632509
1005002965170638
32816413323
1005001489295187
1005001838985352
1005002954373399
1005003258883065
1746718391
1005001645132891
1005002969838562
1005002696024665
1005002741321817
32997509441
1005003330589462
1005001493924400
32733564030
4001230842792
32783951513
1005002207892631
1005003309085166
1005001871021120
4000894916543
1005003191852432
33037071836
32716187768
32704054845
32965029503
1005002313366753
1005002990865381
1005001954213914
1005002913104088
1005003290769838
33062638283
4001233617547
1005002321960469
1005003028140475
1005001817483283
1005001762986528
1005003379683767
1005002710055560
1005002418360800
1005003086660292
1005002754993575
1005003295821348
1005003129350248
1735802270
1005003068298509
4001238792155
1005001854581536
4000770129014
4001244315141
4001018555743
1005003112642225
1005003141178156
4000588104523
32868916621
4000155977538
1005002428538434
1005002334989121
4000955000774
1005001962385818
1005003186876396
1005002531787737
1005001305072217
4000771226767
32805710104
1005002000011050
32857223432
32961142635
1005003129294332
1005002851882912
1005002117943038
1005002733056551