32964373235
4001268602950
4001034097631
1005003253219792
1005003387464737
33006882450
1005002877493812
32772768371
1005002952990412
32870037541
1005003219589602
1005002886193971
1005003336426742
1005003101942689
1005001854845035
1005001571517564
1005002833516541
1005002631734666
1005003158629581
1005001768219208
32797115947
1005003277090983
4001017590608
1005003341056166
1005002869402106
4001244115454
1005001823824987
4000833979017
4001314233614
1005002870888199
1005001326430759
1005003118125786
1005003301988400
1005001574953902
32670989689
1005003317498230
1005002083956840
1005003323225821
4001149475292
32789086250
1005003219771094
1005002236242031
1407785814
33023354022
1005003303545280
1005002281531430
1005001556780697
1005001838519133
1005003265837356
32966453432
4000868741710
1005003355509507
1005001379965060
1005002780586599
1005002313451841
1005002674842739
1005002724411113
4000076043985
1005003303541044
1005002847409596
32859607899
1005002804432762
4000865442712
1005002461830383
1005001868834585
32859008701
1005002321104010
33048740310
1005001893335180
1005002960256590
32850293643
32828884225
1005002757881806
1005003209044459
1005002314292363
1005001797678312
1005002403926320
4000715004279
1005002063403986
1005002320836232
1005002398685657
1005003223642602
1005002756012275
1005002456717536
1005002715089867
32854468618
1005003336448300
1005003092174401
32933461127
1005002642637486
4001018929236
32978413689
1005001500373697
1005002449542720
1005001633104221
1005002952148914
4000447257334
1005002323504134
32807043850
1005002932468726
1005003050385003
32978676793
1005002567825008
1005002958605060
1005003222512854
1005003218390148
1005001373779435
4000087286378
32960428097
1005003391571277
1005002982556966
33018095824
1005003014462983
4000011453096
4001147978038
1005003154933336
1005002582838932
1005002315474902
1005002862641899
4001140573314
4001156427893
1005003282458944
32584460830
1005002926859154
1005003012846457
1005003312968635
1005001876622159
1005002608881795
4000015573699
1005003227581986
1005003267668771
1005002286288913
1005003043013363
4001186669285
33041320958
1005002541774793
1005003350061261
1005001541005088
1005003024318738
1005003224072967
4001143701641
32983508713
1005002830469445
4000784366316
1005002583197754
1005002423695450
32868057416
4000576233110
1005002317086486
4000311893086
1005002579951996
1005002203516379
32885269602
1005002977692917
1005002252591950
1005002339310254
32858805885
1005003129035120
1005002511575777
1005001651907473
1005002662041880
32796126973
1005002240515166
4001227123148
4000194289570
1005001814077863
4001153194857
1005002314417762
1005003184424859
1005002646220702
1005002247032562
1005002775055893
1005002307619108
1005002373565406
1005002001735133
1000001427781
1005003374048155
1005002033502645
1005003037933646
1005002381277180
1005003176864478
32250096659
1005003351388859
1005003090947698
32871202448
1005001616184197
1005002297213444
4000921470555
1005003183456673
1005003273135683
1005001419770360
32987785009
1005001991008438
1005001779924180
1005002203342851
33027729937
1005003097473265
1005002136880175
1005002439106255
1005002643827358
32650543860
1005002585253003
1005002610396548
1005002413829347
1005002799778380
1005002931703424
1005003058713575
1005003113053555
1005001812431135
1005003171206770
4001242828625
1005002588966009
1005002861766971
1005002951060318
32956762571
986400533
4001016456750
1005002615335831
1005002467823254
1005002564448423
1005003023467819
1005003072421155
4000966243020
33055385008
1005002830508332
4000922578722
1005003265262412
1005003390962436
1005003019335371
1005002307031504
1005002389809829
1005003243464441
4001122658353
1005002502473972
1005002967740706
4000288000665
4001276297490
4000926695976
1005003286965054
1005002753702974
4001360127174
1005003310672095
1005002148244595
1005002883937835
33051127448
1005002551576271
1005003310728464
1005001817996959
1005001965265485
1005001873309957
4000483420500
1005003278644860
1005002139622339
1005002814896973
1005003031309784
1005002226404427
4001168083430
1005002979626202
4000984010714
1005003269517660
1005001370457572
1005002977475621
1005001831732964
1005003114302962
4000252070761
1005001511342386
1005002977657536
1005002696273965
4000561538209
4001115282553
1005003086657478
32952937764
1005003257511599
1005002605663987
1005002274432870
32811709386
32850652321
4001271534384
1005001758616586
1005001572396376
1005002118753846
1005003013932121
1005003123899577
1005002345158761
32802984601
32954393921
32810192986
1005002661216742
1005002577933423
1005003169855548
1005003000408725
1005001651263875
1005002587472666
1005001325947131
4000291187219
4000194313296
33042071403
1005002872511356
1005001386807297
1005002273588168
1005002566386048
1005002669343356
4000418596741
1005003030993064
32888173176
32681988889
1005001579241610
1005002352007687
1005003311614788
1005003302112542
1005003298230817
1005002982912583
1005003045385599
1005002839817636
32677975580
1005002513675958
1005003309983819
1005002879316988
1005001604032378
1005002012178731
1005001470401859
1005002880009511
1005001983529841
1005002129800909
1005003086926439
1005003135007558
1005001855033903
32870147038
1005002251783305
32911652293
1005001637506962
1005003371272646
1005001872636270
1005002347668196
1005002345026296
1005001834857661
1005002194001493
1005003055578848
1005001614992042
4000080341514
32846147130
4000546521882
1005002189718752
1005002451598275
1005002287527902
32995663107
1005003322555731
1005002328878147
1005003193272390
4001103349601
32986044472
1005002873701336
32805015131
1005003129713188
4001163484455
4001158477748
4001065182939
1005001968874627
1005002493949931
1005001692467331
32978808361
1005002980188593
1005003219332918
1005001714530761
1005002663544509
1005001910195130
4001062591730
1005002868847358
1005003136646618
32622616223
33042137397
1005001567564649
1005002926285610
1005002559091360
32891300217
1005002749822443
1005002185416713
1005003197026723
1005003153944045
1005001957715812
1005001829706630
32952997417
1005001458946647
1005001530227620
1005003295746969
33037477349
1005001435664334
1005003298463169
1005003299294798
33047571026
1005002517945888
1005001948282622
4000956378728
1005003064480973
1005003029066150
1005003268199781
1005001418108164
1005003271134272
1005002313611926
1005001493300460
1005002935342711
32989123448
32387372517
32919755948
4001042113116
1005001957933314
4000551267799
33040696840
1005003038007266
4000204997660
1005002869983159
4000807783883
1005002777531759
1005002711557133
32974528949
32890570748
4000835215795
1005002582600066
1005003160117004
32673213147
4000040794384
1005001870687757
33015415928
1005002710322032
32928388412
1005003206574704
32973457349
1005002584109170
1005003175278199
1005002759306205
1005003224738381
4001233514828
1005003123298669
32961645054
33061199529
4000614487937
1005001882578735
4000649265474
4001171586277
4000734172465
1005002298477948
1005003304657558
32963367360
1005002548244055
1005002350842198
32763894111
32808827020
1005002053362396
1005003196376577
1005002620596421
1005002232049729
10000002732757
32923095764
1005003006372967
1005003001750415
1005002565666546
1005002949256470
1005003107898281
4001071817012
1005001316880202
1005002738433808
4000589480910
1005001868393916
1005002408140459
1005003291345521
1005002907605030
1005001914303868
1005002700936813
1005003014110972
33028853955
1005002412514081
33033562218
1005002936077393
4000322737120
1005003172950377
1005003175630845
1005002607570792
1005001605385212
1005002750883793
1005003166876830
1005002077476612
1005003208459928
1005001917772791
4001239342714
1005003371726102
1005002356323476
1005002590585974
4000305144231
1005002336589857
1005002218791479
1005002134656823
1005002006996423
32773491680
1005003304314036
1005002702815987
1005003239269983
1005002945957034
1005002726575196
1005003155081000
1005002953419515
1005002798189623
4001072289881
4001350501259
1005001855145585
1005002260864545
1005003134834873
1005002589115008
1005003091694584
32692854922
4000089560717
1005002630253518
32838086056
1005002424484740
1005002741315000
1005003017364040
1005003175689177
4001030261578
33001101503
1005003129443202
1005002989549634
32757706887
1005003028555257
1005003119658333
1005003385174205
1005001590664174
1005003181318243
32712342357
1005002316170549
1005002983076042
32810659336
1005003018230216
1005003136234592
32841206059
4001192900988
1005001792738714
1005002858348430
4000955023468
4000640956926
1005003140695591
1005001540677947
32864910220
1005003009045482
1005001563058567
1005003365130485
1005002794743939
33061766545
1005003098416301
1005002697739480
1005003353602435
1005003341718997
1005002291095653
1005002565880170
1005002477605442
4000959062609
32930364594
1005002431331572
1005003298667691
4000364362766
1005002510709128
1005003070787073
1005003366112136
1005002254676953
32958333105
1005003115453533
1005002858824555
4000394377660
4000808790008
1005002689242338
1005001679161825
1005003264240522
1005001946083863
1005002739903667
1005001798950191
1005003209206314
4001078175089
4000033529629
4000856505188
1005001482365429
32650971707
32983177962
1005003136756068
4000533765165
1005003167240120
1005002107560263
4001297285036
4001223029253
4001235286907
1005002839803923
1005002140422170
32998121773
4001309014311
1005003111136204
32971822684
1005003377202246
1005003305992411
1005001737842858
1005002144076772
4001107852141
1005003388489341
1005002564299464
32801112918
1005003257430822
1005003165126889
32941522125
4001131554796
32790768530
1005002710420739
1005002721613039
1005002272225161
1005002842813203
32659706771
32990268608
32788989637
1005002891774008
1005003311619138
1005001599478152
1005002239610539
1005002977457278
1005001998740158
4000287548976
1005003059543031
1005003311097611
32946976626
1005003249291646
1005002974120491
1005002731322587
1005001482969958
1005002687281955
32949630293
1005002702473940
4000485710657
32957504989
4001115075407
1005002210873788
1005002919328877
1005002839433118
4000823316672
1005002974120515
1005001274273209
1005001909989578
1005003283165909
1005003284926097
1005002622476238
32872747024
1005002122297840
1005003124761611
1005003051890060
1005002997871909
1005001939990433
33019630731
1005002039167925
10000402432287
1005003358216943
1005003085505390
32885823527
1005002403665544
1005003151133275
1005002645975001
1005002847633800
1000001921583
1005003135088814
1005003130042789
32916033729
32913297545
1005002717725683
4001234159003
4001264889491
1005002695090560
884653782
4000609990764
1005002661828251
1005001995541132
1005002960077236
4000396405881
1005002670500447
1005002317676919
1005003320466550
1005002246844742
1005003141842667
1005003246323494
1005003172559392
1005003283982271
1005003232577644
1005003325641299
1005002329324137
1005003127710804
32739700298
1005003388543077
1005001695471614
4001257309936
1005003365996562
4001199694254
1005002957868599
1005002633408342
10000172196145
32813170485
1005002389102663
1005001906290576
10000056970240
33047719017
1005001627188712
1005002775516768
1005001393162192
1005001833743936
32919912281
1005002990748620
1005002047181693
1005003101866171
1005003226350086
32267915723
1005002040970261
32463868462
1005003040514210
1005002637458062
32999966694
1005002537471665
1005003095570213
1005003280450209
1005002019246289
1005003327649768
1005003376934664
1005003014852974
32817363832
4000039194982
1005002744815195
1005001988428233
1005001725229894
1005003197757851
1005002182501133
1005002995859044
1005001852106482
4000895452087
4000699092951
32332177796
1005003067113150
1005003222306367
1005002791096781
1005003349621102
33037884274
1005003167468084
1005002573071810
1005002651778605
1005001851389864
32996198810
1005003284897023
1005002666885322
1005002321349642
1005002434280619
1005002428028656
1005001626990028
4001036645548
1005001987808498
4000098315252
1005003321351127
32920782197
4000788671334
1005003357153234
1005003386220810
1005003152146965
1005002597872042
32813746134
1005002730668300
32921054842
1005003033206482
1005002608142524
4001273147112
32848382782
1005002935264877
1005002780243964
1005001498539390
1005003293172794
1005001596866922
1005003135519108
1005003335056852
1005002704251634
1005002623799139
1005002612661358
32824926855
1005002894557207
1005003199878691
10000189945011
32972535631
1005003089650123
1005003221914064
1005002949162538
4000939423678
32972683290
32793532314
1005003158609324
1005001746693103
1005002747501801
4000397151099
1005002085865879
1005002250230295
33033227169
1005003040436345
1005001856222189
1005002878300996
33053186008
32889269901
1005002982384371
1005003140614037
1005001948849621
32826970456
1005003326469322
1005002291917590
1005002974112656
1005003386226669
1005002990403607
1005002341233157
1005002495740612
32980373673
32752819571
1005002695374038
1005002035416600
33003331239
1005003303455537
1005002879215961
1005003382204205
1005002758255747
1005003095189951
1005001798251835
32960293208
1005001586832960
1005003082983898
32950572881
32829388935
1005002803100244
32865739086
4000609965878
1005002337592476
1005002646774951
1005003344848090
4000786092200
1005003377940710
1005003241271937
1005002991434884
1005003008021461
32990978357
1005002730312426
4001248846064
1005002546502537
1005001561247254
1005002866698115
1005002032239064
1005002259539349
4000529091636
1005003184365124
1005003267686025
1005002631918802
1005001531704989
4000174874520
1005003335127422
1005001302413490
1005001483365535
1005002945462808
32234058539
1005001519246535
1005002278388456
1005002099336512
1005002531880620
1005003175579022
1005001448899633
1005003014111223
1005001389038360
1005002853755340
1005002605200163
1005003204538642
1005003278216873
1005003258819647
1005002907032805
32901524553
33002736649
1005002964770591
33059313739
1005001269919488
1005001890972108
1005002473647259
1005002271800530
1005003293264711
1005003173951753
4000454999109
1005003327579037
4000468843505
1005003088719478
1005003382097910
4000967119312
1005002308992166
1005002766728590
4001254436425
4001358999966
1005002235790059
1776401732
4001238818910
1005003309451941
1005003233801734
1005003201058173
1005002068343431
1005002905486811
32980014750
1005003148874850
1005003030258120
1005001514562898
1005001620828872
1005001820947442
4001249501334
1005002889006714
1005001789585317
1005003276681162
1005001588125243
4000474713420
4000626261640
1005002638249885
4001042581274
32587257843
4000173925891
1005002346119524
4001179577935
1005002754554862
1005001418334253
1005003325695501
32975746373
1005002560682148
1005003210569559
1005001821301969
4000253412166
1005003255247242
1005002601861557
32827776379
32966538180
1005003221723797
1005001802468920
1005003198593243
1005002955013406
1005003035072084
1005001658315282
32914803442
1005002993967513
1005001713596002
1005002315836172
32982737338
1005003098847260
1005003357812851
32950828793
1005003086340705
1005002707426627
32344603629
1005003146382673
4000688664332
1005003168938986
4001257656013
32924331357
1005002953617790
1005002443143164
4000019540621
1005003379827323
1005002740030488
1005002272904620
1005002288353058
32692820501
1005002717312625
1005001966035192
1005003295872351
1005002150338332
1005003330713568
1005003140776269
1005003072174301
1005003164691207
1005003341248349
1005003033480945
4001253674983
2027248253
4001257147412
1005001678083793
4000921604154
1005003139671749
1005002475906154
1005002341337572
1005001664939341
1005003205361049
4000299323341
1005002628881004
1005003221837973
1005002413578163
32937756752
4000893549046
1005003383974480
1005003084525097
1005002965601392
1005003373787847
1005002554608398
1005003126662850
1005003336716549
1005002577953575
4001297794403
1005002672437039
1005003012800546
4000689051837
1005002755163719
1390878730
1005001989893419
1005003127880382
32867960506
1005002032701192
1005002966453442
1005001350289116
1005003101814324
1005003061973626
1005001888644046
1005002944356271
1005003232296446
1005002121133154
1005002882670530
1005002618828679
1005003330518138
1005002591858633
1005002417643481
4001007848842
1005003043588206
4001126915280
1005002984871976
4000468742663
32748292733
32615994161
1005001867759511
4001174139295
1005001711441097
1005003020909300
1005002846858052
4001260015714
4000571114230
4001178705253
1005002570251348
1005003223052264
1005002059117240
1005002556049702
1005003020483702
32318437704
1005002835647475
4000287017218
1005002038038009
32407132094
1005003343076519
1005002766697776
1005002611420835
1005003282317287
1005002302698663
4000770031943
1005002124977188
1005002778072013
1005002204795222
1005002672498927
4000783803457
1005001541005061
1005002739986709
4001214771051
1005002344145468
1005001982616322
4000790113068
4000232752256
1005002898826438
4000334115324
33054609538
1005003364686975
1005003305281544
4000041715120
1005002724721146
1005001644595042
1005001874756116
1005001722548821
1005003071265995
1005002363645426
4000058335225
4000159562623
1005003041045226
32223268216
1005002853179127
1005002989470626
4000522601458
1005003332855929
4000222426145
1005003142838264
1005002649272173
1005002973302264
1005003042143282
1005002789711095
32999469016
1005003120434735
1005001993627164
1005003132989714
4001146989773
1005002717343936
4001223799560
1005002336701301
1005003002958437
1005003171651335
1005002095886008
1005002672523619
32974400883
1005002346306339
1005003294909320
4000493075698
1005002565713650
1005002776312386
1005002352801778
1005002951305858
1005002301338489
4000458206975
1005003239085731
1005003001728562
4001274896978
1005001887616908
1005001898840320
4001103362501
32914240935
4001241688418
1005001385896748
32705660094
1005002225832066
1005003250688330
4001157473642
32828771568
33039951543
1005001990451744
4000828196921
1005003309888947
1005001908820401
32955925965
1005002085067398
1005002347017668
1005002896574501
1005003316603155
1005002842941155
1005003344765218
1005003241471181
1005002865753252
33045789691
1005002974141249
1005003297971159
1005003317176498
1005002239348465
4000742227877
1005001866648723
1005002708319554
1005002524201534
1005002781574845
1005002669483395
1005002630896187
1005002967681552
1005002868235025
1005002883646002
1005003356354660
1005002945133773
1005002670996724
4000386303164
1005002418640441
1005003062556986
1005002604996277
32837383994
1005003109646712
32728105454
1005001455966655
1005003308690558
32353611307
4000941876731
4001176784833
1005002935491470
1005002466129371
1005003030029373
1005003113967333
32964371726
1005002843773177
1005002876282931
1005003292478475
1005001291848926
1005002313543838
1005002913617957
32543720241
1005003204902372
1005002931116637
10000402406810
1005002688833714
33026206782
1005002912252463
1005002413621543
4000529311541
1005002666688293
1005002608573765
1005002920862788
1005002927881423
4000214738116
1005002389467808
1005003384911954
1005003207189175
1005002994516948
1005002480391775
32890067047
1005002804365935
33005237233
1005002076451624
4000844557789
4000368564462
1005003259111441
4001046365293
1835983850
1005001623347836
1005003016357407
1005002546295516
1005003257348202
4000837859883
32811784432
1005003052454558
32948356392
1005002957764908
1005003365410734
1005002028415699
32878600653
4000978964795
1005001695597091
1005001473768070
1005002990601650
562327291
1005002902016742
1005002995322839
1005001310447110
1005003368351228
1005002875480102
10000277399348
1005003375153452
1005003157462445
1005002611766106
4001014917851
32881230132
1005003385237453
1005002889311815
4000843811812
1005003326843504
4000152591618
10000343971501
1005001727680999
33004631810
1005002388250291
1005002395270796
4000314891523
1005003350907710
32807112302
2039071061
1005003096859369
1005001970086737
1005003122453956
1005002452832748
4001249746921
1005002680253706
4001191236798
1005001814907804
1005003150499771
1005002952318135
4000912495827
32960697934
1005001693838530
4000243541820
1005002267924365
4000289339068
33004410035
4001149716828
32917635544
1005003117577151
1005003041557195
1005002731081284
1005001380467159
1005001669305550
1005002977885200
1005002675067858
1005001543139298
1005003322121150
1005001556690107
1005003223506762
1005003065696329
10000343889061
1005003377882706
1005003130632601
1005003147756384
1005002750917639
4001067896446
1005002618536583
1005003157700513
1005003017836343
32750296241
1005003363583991
1005003066541886
1005002622763632
1005003111565006
1005002610828584
4000098836677
4000465935338
1005002786468767
1005002715328964
1005003157581498
1005002783687475
1005003083940190
1005003387696398
32955922926
1005003079059297
4001324058177
1005003355812046
32828669138
1005001349986494
1005002122502505
1005002967597708
32911314219
1005002711272851
1005002914412484
1005002448566052
1005003058799146
1005003304193396
4001304652696
1005003081306422
4000603129675
4000084568485
1005002905592557
4000240380939
1005003302100902
4000064727641
32953530235
1005003129358377
33063655048
4000211674741
1005001397633144
1005002852850306
1005002356905545
4000079934763
1005002548961451
1005003254312894
1005002109906743
1005003236531940
32909159393
1005002412559341
1005001553133283
1005003015191614
1005002353323522
1005002307777540
1005001351160606
32912373098
1005003379611971
1005003390354902
4000852103647
4000293012660
1005002667154392
1005003272423077
1005002648823011
1005002347518089
1005002523330234
1005002315939114
1005001314772104
1005003169383932
1005001592408520
4000363857311
1005002947245065
32918765481
1005001633825029
1005002035021562
1005003153381847
1005003325937960
1005003384254307
1005003133022020
1005002494088755
1005001439096502
1005002960092526
1005002746081547
4000442081577
4000130487477
1005003186495092
1005003107322592
1005002624192373
1005003251142742
1005003339066681
1005002539600684
1005001678945344
33040313387
4000182180419
1005002109653932
33007152083
1005002809687280
4001050059767
32671686653
33021030050
1339778832
1005001525249991
32908452970
1005003002636454
4000132526567
1005002516903549
32964425449
32889003767
1005002212387776
1005003276446773
1005002542734574
1005002397714785
4000547678554
4000625800268
32910485967
1005003313838438
1005002635167854
1005003146346352
1005003381401509
1005001983636228
1005002957978436
1005002527160908
4000777837639
1005002837549399
4000207387196
1005001818062759
1005003114909466
4000849294186
1005002017256239
1005001458088117
4000287379384
4000136109724
1005002941294784
4000007245642
1005001961973583
1005002046650980
33020836963
1005001929150202
1005003307068037
1005001658676040
1005001570795296
1005002048961324
1005002467733865
1005001689853549
1005003284445315
1005003178373691
32924002158
1005001271363564
4000040046221
4000306408320
1005003307090860
4000007602735
1005003208596954
1005001543865269
32571434381
32868877390
4001203623058
1005001560591321
1005002965297629
1005003325393806
1005002466975952
1005002376171323
1005001940235270
32811336901
1005003311418750
1005002357613571
1005002172051217
1005002541383934
1005001506104944
1005003243918009
1005003311067735
1005001768176643
32660083521
1005001768284901
1005002511969200
32526376529
1005002109812535
4001118142611
1005001960544821
1005001658829965
1005002928909902
32988068655
1005002397079325
32835194250
1005001986456257
4000028897968
32889888621
1005003240455223
1005003118080957
1005002747705164
32950278676
4000608549848
4000799975400
1005003391259911
1005003312331430
1005002946861520
4000849200508
1005003386011031
1005003077664259
32915694583
1005002950835359
1005002949587289
1005001889959450
1005001346407266
1005002526971523
2049020585
1005002566154195
1005003258778874
1005001603913800
1005003161597444
1005003119549188
4000725289010
1005003229496013
1005003120659325
1005003005374513
4001117123106
1005001987197478
1005002822008513
32947128601
1005002276294957
32511669667
1005002161666295
1005003334135513
1005002881655730
4001170464096
1005001466682811
1005003344766658
1005002558570035
32322923505
1005001604350783
1005002110062214
1005003035935526
1005002450551600
1005003101735489
1005002064306396
1005001683008123
1005001940992798
1005002579196101
32722775328
1005003002396617
1005002997780939
1005001543770785
1005002384366705
1005002738418177
4001027672660
1005003019852839
4001082566776
32830395864
32809241092
32511838966
1005003229041091
4001346682269
1005002755917871
32972723973
4001078677186
1005002956193394
1005003031471550
10000207745462
1005001996978791
32982569575
4001287209645
1005002947311674
1005002251808203
4000100877859
1357805248
1005002737154780
1005003239395771
1005002806399929
1005002879998932
1005002948372737
4001195453815
32997713877
1005002866966812
33024719252
32750294832
1005002879385370
1005002863496645
1005002600666954
1005002824363037
1005002616732948
4000119094435
1005002559068560
1005003291784585
4000712943102
1005003014220551
1005003088571601
1005002305731772
4000187576712
1005003173533228
1005001928096441
1005002022459195
33009412690
1005002963967852
1005002828356726
1005001406734523
1005002651813887
1005002986181761
1005002996041804
1005002027591243
1005003074764221
1005003099912580
1005002482996855
32915591787
1005002101363703
1005001912840847
1005003375059900
1005001401773824
1005001417625453
1005003190974653
1005003367165881
1005003386593005
32998894303
1005003027296203
1005003017295005
1005003136057002
1005002393627696
4000933245795
32883257842
1005003096106387
1005003100543457
1005002485290244
1005003252328680
1005002931159885
1005003195098213
32891847918
32961684711
1005001693517145
1005002755348976
1005001483754291
4000960624596
32918606726
1005001793015033
4000982156175
1005003240431296
1005001308509995
1005002718454780
1005003265470470
1005003152689641
1005001411945982
1005003212467524
1005003032872058
1005002755944796
1005002440079491
32989043590
1005001268834177
1005003033346478
1005001914611784
1005002014421718
1005002919267685
1005003161544943
1005003368296521
1005001845644511
1005003210269385
1005001797807675
1005002780060494
1005002450784249
1005002180803984
32991464041
32767148340
4000151218950
2012132301
1005002698273144
1005002735046153
1005002392242773
32800015864
4000129823951
1005001988582889
4001185173777
1005003165643674
4000488698796
1005002079977647
32900495972
1005003382191270
1005002461116841
1005002904317960
1005003341059781
1005003269249648
1005002937325469
1005001994226344
32913400059
1005003324132806
1005001616399957
1005001903028016
4000049634282
32955623228
32959919100
1005002362858852
4001294782262
4000221551271
1005002686812390
4000274467396
1005001961790702
1005003369928058
1005002365454459
1005002385203554
1005003216516218
32856909975
1005001972153849
1005003120606065
4000299805155
1005002236016830
1005002960812528
1005001441405719
1005002777412466
1005001865707057
1005002345094026
4001287061990
1005002129586517
1005002906936681
1005003305732678
4001079144444
1005002297902617
1005003128135214
33034807669
4000287054198
1005002224514148
1005003016826252
1005003088254625
1005003147067504
32807427612
1005003386360297
1005002787165403
1005001693467336
4000956261268
1005002746603031
1005003008012596
1005002439121323
1005002000310045
1005003283793634
4001127368612
32601846836
4000211333100
1005003276458856
1005003380549274
1005002281610515
4001186241067
1005002347290651
4000197253507
1005002007107132
1005001321501564
1005002751920467
1005003021549459
4001246315199
4000739831634
1005003105913253
1005003333262901
1005002600888048
32882183080
1005001959641813
1005002663832071
1005003263577566
1005002368267333
1005002831423817
4001036641213
1005001800744727
4000118451333
1005002176392958
1005003214765047
1005003281563291
32835807155
1005001457481112
1005001525410813
32980509965
1005001566940115
1005003341678906
1005001631865294
1005003304245020
1005002765775953
1005001339710226
1005002709985005
1005002428218783
1005003109954002
4000387044302
1005003109618105
1005003291450497
1005002194176921
1005002101310645
32982660231
1005003104040881
1005002520364018
32392751711
1005003298339688
32809423109
1005002304829977
4000761544908
1005002675077947
1005003343104276
1005002348273004
1005001754077773
1005002569811596
32976280711
32858284398
1005003042363542
1005002794818005
1005003325173377
1005001708762785
1005002733012123
1005001802998773
10000395928016
1005001556459394
1005002780283982
4000210538515
1005003306999285
1005003196090741
1005002939433736
1005002684870152
1005002476399754
1005002456561497
1005002584053703
1005003301641665
1005001338797515
32821447646
32695660865
4001041880295
32862313523
4001089863048
32934703559
1664869951
32957043089
1005002240258510
1005002081203713
1005003160964377
1005003273356430
1122725146
32880529378
1005002855790342
1005003240326937
1005001419001740
1005001862857938
33052597358
1005002970769856
1005003123797048
1005002774089055
1005002970482406
33053995491
32884946691
1005003343909974
32360746226
1005002742248835
1005003063509197
4001115328664
1005002565615784
1005002515929547
1005002002535027
1005003282886539
1005002049799017
1005001769611897
1005001518596838
1005002605224371
1005003191086624
32947302149
1005002321036266
1005003269407523
1005002322349476
4000107323627
4000371951370
1005003227251494
1005001770223074
1005001843472110
1005003310615506
4000726186252
1005002048873049
1005002819780562
4000529368541
32697251018
1005003019172840
1005001457538413
4000384768966
1005003187442509
1005003386386062
32887697505
1005002018416340
1005001998085293
1005002753924872
32979598496
1005003302930512
1005003256929698
4000405311537
1005002580819055
32956564921
1005002966156202
32859862573
1005002461095617
1005003257598003
1005001615284495
1005002439838161
1005003348339283
1005003157291824
1820000623
4000276782295
1005003139373056
4000866554441
1005001298963220
4001241629216
1005002547439417
1005002894359638
1005003224683121
1005003235334105
1005003286420170
1005002949484817
1005002679119848
33033959075
1005003160575435
1005002083938578
1005003162556163
32984119869
32964985437
1005002481788905
1005001364941368
1005001997147819
1005003243178720
1005002513288501
1005003288182818
32839077718
1005002193857713
1005002318163583
1005002458143078
1005001339533846
1005001552784208
1005003379294994
32982084594
4000177386017
1005003342411345
1005003017910999
1005002774450743
4000926647084
33003674428
1005003164698233
1005003275089606
1005003327896214
1005003081944709
4001316272685
1005003364201987
1005002633512901
32818573579
1005002193252014
1005003321276035
4001021399407
1005003164165705
4001041958867
1005003252937128
1005002985352020
33009565669
1005003251904269
33039172906
4001053025313
1005003127446018
1005003227479352
1005002643283876
1005002513183747
1005002568201606
1005003060450239
1005002948412908
1005003292616582
32856800297
1005002779785566
1005002061053600
1005003311692421
4000498597693
1005001441546899
1005002729949881
32887158344
32810941211
1005003087885319
1005003202267599
1005003238653959
1005003061893372
1005003193274274
1005002311196709
1005003205169236
32929647427
32957034984
1005003141385797
1005002995098809
1005002864246827
1005002683614195
1005002741978231
1005003324201117
1005003352042811
32839976889
1005002150458362
1005001416850702
32743898357
32904734085
4001358780824
1005002393827801
1005002927710627
32949036377
1005003212016690
32952232809
1005003098825154
1005002517644043
1005002990792294
32957426316
1005002470267128
1005003234855647
1005001652849468
1005003384991949
1005003140581706
1005003333465131
1005001682938913
1005003025535211
32859750338
4000794102734
1005002641496979
1005001989850596
1005003144023231
1005002949265187
1005002499485785
1005001744490833
1005002029341209
32868053884
1005002288493602
1005003379886415