1005003067832262
32964757657
1005003192760962
1005002949977779
33051991315
1005001645731472
4001237390384
1005003179131057
4000252443508
1005003251166511
1005003080028693
1005003178657497
1005002843097678
1005002297776096
4000140338631
1005002926131052
1005002172129574
1005003156222255
4001207816860
1005003001560085
1005001889797787
1005003156291070
1005002827266690
1005003106613448
1005002681160031
32840098703
1005001952315134
4000759717017
32898673666
1005002513231861
1005002520113426
1005003253000757
1005002400406161
1005002711328250
1005002311473424
1005003019254107
1005001554606914
32992592738
1005001461938902
4000850892536
1005003292297214
1005002350350776
32333335244
1005002983210314
1005002780620363
1005003117971382
32946290847
32996979773
32905158827
1005002224717497
1005001629588925
1005003180855789
1005001860017078
1005002620180524
1005002334999730
1005003211453239
4000941608562
32620090061
1005002371981234
1005002315907927
1005003300641807
1005003095531251
4000853080049
1005003330272731
4000211612720
1005002122403210
32951171812
1005002560042827
32964849837
1005002285946764
4000382382485
1005003198588853
1005003319965200
1005002174501394
4000710088899
1005002908312533
4001121939554
1005002650865273
1005002968149592
4000960556481
4000116984898
4000699864603
1005001812968621
1983456612
1005002270617214
1005003270208330
1005002747837945
1005001429612517
1005002777024954
1005001833768716
1005003015870729
1005003092577239
1005003085584455
4001324242935
1005003141095390
1005002927151390
1005002503412548
1005002682657763
1005002834886741
1005001405837366
1005003219176624
1005002148244876
1005002824261490
1005003224168755
10000395919660
1005002345430677
1005002281126772
1005001597732286
1005003162494048
1005002053739260
32598247124
4001197120731
1005003259091608
1005002874785810
4000019014936
1005002462022422
1005003109530956
1005002851248261
4001229524911
1005003328908627
33000861367
4000711594897
1005002475992010
1005003275507127
32849142231
1005003315499722
1005002549541513
1005003036801648
1005002737067492
1005001487591698
32666262277
32627637861
32832307334
1005002862150121
10000062820557
1005002612379461
1005001354002727
1005002097026857
32821250836
1005003357388114
33019338546
1000001845513
1005002039627814
1005002788579426
1005002591741316
32983148870
1005002683045786
1005003327532197
1005002364871686
1005001971730452
1005003370994191
1005003219666091
1005001493158270
1005001828895614
1005003051100857
1005002747079553
1005002452994561
1005003171624924
4000434297984
10000395841505
32931551925
1005002520181637
1005002605684193
1005003305025037
1005003014514626
1005003116473256
4001312794731
32977657668
4001043145678
1005001838957842
1005002358913253
4000711793730
1005003101810729
32966557708
1005001525799533
1005002593709134
1005003252662274
1005001846278896
1005002478646017
1005002313803575
32932776332
4000081541030
4001234129467
1005001797807675
1005002606255368
1005003157247801
1005003072124940
1005003090715102
1005003332059767
1005002973678044
1005002333448135
1005002668876605
4001172585251
1005003250602689
1005002751828387
33028804236
1005003208859744
1005003197968934
1005003326436104
32799120813
1005002425121000
1005003091008143
4001286508704
1005003035571624
1005003053515233
1005003307471791
1005002319007803
1005002224040177
1005003259274309
4001348260178
1005002063514980
32911672901
1005002701579863
1005003380155393
1005002020557387
1005003181973147
4001273705971
1005001376264599
32915874304
33012754951
1005003270033854
4000473685789
1005003122314270
4000394225596
1005001636239661
1005002426034397
1005003131523172
32667320620
1005002810705433
32995692106
1005003358182531
1005003022747920
1005002647221679
1005002786250686
1005003351651330
1005002873415398
1005002567918786
1005003106713666
1005003303305359
1005003118089105
1005003336936414
1005002606352887
32977989508
1005003347097328
1005002753356961
4001264585307
1005002315856251
1005002940219946
1005003032960945
32958118651
10000293291230
1005002525349036
4000689662410
1005002884665910
1005002991391680
1005001274273209
1005001550911549
1005001361335316
4001160223216
1005003385287259
4001146187662
1005002666141059
1005003083023866
4000735783170
1005002322345635
1005001890199239
1005002731472640
32810122241
32920765287
1005003182865155
32818745275
32855645148
1005002415962444
1005002901316731
1005003287006118
1005002697221348
1005001540989551
1005002084007043
1005003269799122
1005002566857032
4001058719725
1005001999719931
1005003299155490
1005002894691225
1005002753216355
32780285655
4001046544598
4000580146779
32827040758
1005002992822884
1005002829507853
1000005051990
1005003264899584
1005001419365838
33032505516
1005003160235613
1005003017357416
4000489217826
1005003335810875
1005002212584088
1005002085097018
1005001552869574
1005002997282805
1005002722784115
1005003343942801
1005003020021269
1005002801495560
1005001953833122
32962583699
1005002097354905
32919622381
1005002014457156
1005003380449437
1005003314699686
1005003333747214
33003019628
1005003353022317
1005002367330289
1005003281968456
4000231909708
4000626101194
1005002540876399
4000873806656
1005002618817551
4000897781566
32999248794
1005001441503013
1005001307484067
32887748767
32620741460
1005003201267498
4000182678770
4000283734005
1005003037989418
1005001334104721
1005001506060083
1005002112047425
32990766885
1005002100766648
1005003326450185
1005001933325812
1005001496031027
4001153296105
1005003388466613
33044172053
1005002047121915
4000793701054
1005002170688661
32845780304
33024474783
32890248227
1005002943703912
32677913099
32848910727
1005003273206510
1005003236848954
1005003275020288
32942654634
1005003259704784
1005003367332181
1005003151514638
1005001666426669
1005003311319322
32892858332
1005003141942802
1005002388296400
1005003032258183
1005003365131471
1005003170672648
1005001321706631
1005003262177516
1005002459291444
32959691108
4001001023576
32946392738
4000859411255
1005002296811872
32857303029
1005002959634436
1005002709634078
1005003306516370
1005003077529718
1005002870729977
1005002214959621
1005003347290929
32955296954
1005001557341187
32865186330
1005001719001577
1005002577821358
1005002123391915
1005002510446173
32827940921
1005003140730695
1005003166239784
4000533006055
1005003342033432
1005002271840482
1005002669158894
4000884771183
32915880838
1005003235444754
1005003086469650
1005003128680142
1005001949476448
32808422331
1005002648520973
1005003194487725
4000796208458
33001433956
1005003193194290
1005002744910613
1005002369580007
1005002371599175
32813192590
1005002846584665
1005003128029881
1005002058510742
33035611119
1005003263244237
1005002925052729
4001250938359
32901485133
33036607108
1005002589977180
33013323464
1005002968149592
1005002901642523
1005002571173315
1005003175513073
1005003168143532
1005002310043533
1005003125729908
4001285202505
1005003276713187
1005002255456394
1005003187094717
32865130236
32815077689
1005002932007572
1005002168605423
1005003321362130
32810049594
1005003332938274
1005003325694399
1005003349891319
32797208906
1005002074260104
4000972419200
1005002340875691
4000015653093
33005411608
1005003355180254
1005003206495633
4000172450378
32888941993
32918403581
1005002808207134
1005003142983322
1005001308818202
1005001555960617
1005002266489410
1005001669326407
4000330059810
1005001646172321
1005003155939932
1005001431315148
1005002613658209
32994902758
1005001428802759
4000503003035
32676120213
4000472625481
1005003358931721
1005002239828321
1005002052528414
4000851146579
1005003194722443
1005003330858766
4000011347488
1005003364640719
1005003241175754
1005003328842035
32735747304
1005003071988626
4000751611127
1005002281942890
10000423518837
32825147402
1005003382725107
1354070110
1005002890772558
1005003155094981
1005003285074702
1005001297360739
1005003356170156
1005003122534396
32787504668
1005002761730254
1005003001224544
4000169315961
4000011883899
1005002878409452
32852316983
4000303252330
1005002177853092
1005002854916548
1005003325649686
32644628535
1005002776470974
4000420350081
1005003387599552
32974095958
4001077207279
1005003111359410
1005002400758673
1005001463340361
1005002971050894
1005003197844633
1005002904212205
1005002930225069
4000333846929
1005001265914923
1005003282877110
4000266630232
1005001447014752
32591367091
1005002524197700
4001199737385
4000510494532
1005003255217903
1005003238813664
32971899775
4000937813637
1005001454511437
1005002410310704
1005003359649013
1005003019629129
1005002255286786
1005002695395140
32388453152
1005003333621674
32981370340
1005002827748998
1005003151995234
32848890687
1005001478777521
1005003107571855
32612634398
1005003341972739
4001050304647
1005003341561366
4001218019445
4000691272964
1005003127377686
1005002368368213
32938562505
1005001489038237
1005002830890735
1005002495762685
1005003108052773
1005003184140079
1005003190102351
1005003334764556
1005002201902590
4000628202022
1005003098904755
1005002314337430
1005002372238390
32958333086
1005001947642129
33052290033
32976562211
4000742616411
33041282241
1005003196792859
1005003065669604
1005003299364468
33052601072
1005001603503727
1005002532328010
1005002375712512
1005001958349642
1005001596391687
1005002260057464
32881332928
1005003193179348
1005003297926110
1005003016224964
4001090398775
4000257998104
1005002622273348
1005003381589640
1005001813596806
1005002758853850
1005003186080358
33057039838
1005001354002727
1005001615255836
1005001365414553
4001214161855
1005002989318603
1005002381893055
1005001822251993
4000125394410
1005003212056428
1005003209642145
1005003058444342
1005002558189832
4000842311633
1005002379088254
1005003103391468
4000302500765
1005002946727528
1005001505670965
1005002687021545
1005003285216412
32798434556
1005003219068900
32873336611
1005003212143515
10000395834216
1005003367736751
1005003288689179
1005003142721092
1005002732283634
1005003330064695
1005003101248224
1005001321394805
32896698866
1005002409302995
10000069490118
1005003279587736
1005002094822837
1005003283119476
4001325944250
1005003114354023
1005001865767548
1005002672318082
32896221378
1005001695394963
1005003365328664
32903416597
4000707592912
1005002769940142
32803039583
1005002203975767
1005001482657066
4000922744866
1005003339476009
1005003339769570
1005003350516339
1005003172959650
4001110750502
1005003238340417
32795709620
1005003282744795
1005002857784208
1005003218322396
1005002256267772
33059449132
1005003117150901
1005002974535515
1005002282370038
32993162437
4001187170827
33039517667
1005002191422250
10000395932108
1005002608357745
32899534714
1005003234741824
1005002751861432
4000954041940
1005002394410017
33038603308
1005003297799608
1005002171165530
33030659187
1005002877333438
4000560265506
1005003159087015
1005003377719197
1005001867303458
1005003083792180
1005003140365356
1005001393036678
1005002670289676
32809792580
33052123485
32970035119
1005001577051532
4000202270488
1005003140550614
1005003151733726
1005003337669867
1005002758953917
1005002537293408
708341587
1005002009195218
33031201743
32846830259
1005003142938382
4001262416504
1005001750959171
1005003294816681
1005002420766767
4000133083160
1005003327860919
1005001698821865
32719930156
1005003301706167
1005002689082332
1005002932453957
1005001688101099
1005001793656923
1005002803142865
10000332953892
1005001720941066
1005003272739214
10000002743246
4001030132519
1005003116233819
1005002595528486
32962761869
4000609982768
1005003130180067
32691441856
1005002626044923
1005003250741553
1005003027653861
32944334895
32965579111
10000343892257
1005001890199239
1005001946843883
1005003212471411
1005003385181130
1005003176176014
1005001753154769
1005001570500827
4001031325275
1005003190694576
1005002959560847
32803027972
1005002862027671
4000465942140
32966031969
4000731325325
1005003339400548
32733006474
1005003256054855
1005003259119337
1005003056092973
1005002889006714
1005002835355085
32930841711
32881416173
4000847735098
1005003265811338
1005002277372972
1005002621667964
1005002978739364
4001130417834
1005001936426364
1005003243593868
4000483998767
1005003061115532
4000492277400
4001087019048
1005002390331136
32815215738
1709791081
1005003152256961
1005001468458882
1005001490407275
1005001885847204
1005003197108923
1005002639069308
1005002869809776
1005002641887042
1005003307939432
1005002910392160
1005002252327743
1005002624647578
1005002604223654
4000602680627
1005001867292639
1005002766323975
32964373106
1005003314239157
10000400046659
1005002240825688
1005002310953065
1005002707697610
4001010464552
1005002712143889
1005002821337736
1005001839360314
1005002903628212
1005003298966905
1005003255512659
1005001596169132
4001153465392
1005003162376042
1005001984708286
1005002517801138
1005002715191170
1005001939849423
1005003276191303
1005002193891396
1005003034133087
1005002387659001
1005002317980744
1005001664366309
1005002323315254
4001110895162
1005002959754113
32871323862
1005001977436142
1005001348422507
32787084449
1005003258094195
4000108594359
32739847816
32976343583
32821488934
1005001686599170
4001268002935
1005002254121696
1005002210568608
4000097049234
1005003268015492
1005002275372289
1005002656906022
1005002950755463
1005002932906236
1005003362303430
1005002329453136
32567958097
1005002990414710
1005003209024147
1005002448815459
1005002095158040
1005003329082801
1005002476720665
1005001971437304
1005003049586515
1005002537134651
1005001916652016
32724816001
32697201381
1005003162465441
32820649454
1005002815744140
1005002847575510
4001162162771
4000164369232
1005002716879028
1005001374469747
4000960400948
32816294011
32856434635
1005001393992218
1005003310452307
4001039085444
1005002133747287
32886220668
1005002477936244
1005002977042546
1005002806753101
1005001334035026
1005001419149333
1005003280786658
4000859963679
1005003154834525
1005003123320531
1005002700701195
1005003215389539
1005001325881056
1005003385947968
1005002487382263
1005002974087730
1005002745997615
1005001445714202
1005003134614487
4000058122162
1005002074044137
1005002566023632
1005003105527452
32990457546
1005003233721096
1005002101926804
1005003092367633
1005003395158995
33005790946
32833979153
32816044158
1005003207920394
1005001459347001
1005002856935402
33018273760
1005002820069756
32816981399
1005003298407723
1005003172591848
1005002623135054
1005003120345743
4001018904029
4000588635136
33042530895
1005003000477999
1005002772533187
32852206764
1005003365602530
1005002866309842
1005002339487036
1005003380522386
1005002841898323
1005002900658554
32856768661
10000300094793
1005002476977837
1005003001238151
1005003067651310
1005003009566719
32990304082
1005002276989683
1005003375640749
4001110814953
32367279706
4000039710660
1005003337456044
4000725289010
1005002340911454
1005002323427493
1005002833839349
4000608425343
4000708466597
1005002116415944
4001355585124
1005003197217164
1005003176885107
32848086838
1005003130012529
1005003105524464
1005002286508509
32785466549
1005003104138482
1005002565267030
1005003107177918
1005002755992534
1005001884782172
1005003200643175
32949675934
1005003250332311
1005002327260138
1005003195434842
1005002253953617
1005002647312219
1005001349073839
1005003180640326
1005001671294661
1005003308860809
1005002995690410
1005003258985926
33001872915
1005002208234335
33048840448
1005003269149643
1005003158774373
1005001914787425
4000404182281
4001065964462
32836195485
1005003055140396
1005002537273290
1005003169975580
4000715026436
10000101827576
1005002810260181
1005002842362793
4001150356137
1005002731922174
1005002933209930
4001346081610
1005003158962585
1005002872938285
32961521998
1005003204785050
1005002085604599
1005002516251984
1005003319165762
33028064131
1005001474557268
1005001883431636
1005002328561861
4000615421952
1005003231625404
1005003358385343
1005003014549562
1005003375166321
1005002588394488
4000377278805
1005003156839861
1005002949625780
1005002884727556
32977787874
1005001269964815
4001173295761
4001358806229
1005003281197380
1005002783717940
1005001894379701
1005002562642033
1005002897038250
4001123318411
1005002878375793
1005003290245886
4000831070069
1005002378766716
1005003026524895
32790129741
1005003107303039
1005003019094776
1005003251765329
4000240840822
32790345145
1005003272292392
33062619891
1005003288293869
32846201455
4000256058285
1005002718624645
1005003313785133
1005001959711975
1005003368741428
1005003291184149
1005001750779974
1005001907107611
32800287131
32962815234
1005002503653018
1005002899507659
1005002958212058
1005003246579339
1005002417335959
1005002954121719
1005003028367749
4001082565199
1005002146640507
1005003002817575
1005003258714980
1005003251720795
1005003186996273
4000850855742
1005002880415545
4000991542522
32360228371
32931637169
1005002565729975
1005002871521438
1005003278824032
1005002583999206
1005002419051101
1005001808288350
4001103023771
1005003387451536
1005001916624022
4000036358945
1005003387203557
1005003218817811
1005003269645033
1005001604460762
1005001853430035
1005003155420556
33052685648
1005002337369156
1005003236298581
1005001409204528
1005002794743412
4000527414177
1005002944454232
1005001957658443
1005002271887103
1005003157122133
32798951801
1005002978770060
1005001462881055
1005002608518127
1005002546298948
1005002746442060
32777099079
1005002249086501
1005003380916789
1005001976783103
1005002085232671
1005002421252612
1005003229621214
1005002243245437
4000606600986
1005002333324505
4000126363000
4000827031164
32912668234
1005003326877388
1005003328550448
1005001287481138
1005003055752275
1005003181874028
1005001917461675
1005003208471870
1005003320629921
1005003232215253
1005003120044475
1005002592478010
1005002339408267
1005002656513283
33049906098
1005001941640751
1005001731699211
4001127634717
1005002605520207
1005001878304140
33029172775
32970825341
1005001446943879
1005002454519124
1005002647230645
1005003303228361
1005003387703882
33039455282
1005001658665387
1005002034290119
4000466608574
1005001439232116
1005002324249802
1005002707847868
1005003062306546
33021120308
1005003282074956
1005002857596082
1005003238707368
4000602990754
33025141496
1005002767094084
32839280323
1005002287815090
1005002414417764
1005002508677578
1005002306302017
1005002408217082
1005002597287766
33049053746
1005003087243200
1005003305160285
4000537407560
1005002497191293
1005003316433246
1005003246879858
1005003384970338
4001273304082
32304400324
32823673542
32951852045
1005001562676470
1005003110028988
1005003057434837
1005003372455285
1005002753350272
32764953849
1005003150667792
1005002918846911
1005003327548398
1005003243824100
1005003132960087
1005003102666753
1005001406213727
1005003177477961
4001197460221
1005003288385887
1005002232739937
32807492695
1005002481191502
1005002234973296
1005002105892769
4000084604924
1005003022984225
33026481962
1005003040636437
1005002694474816
1005003257230909
1005003064277784
1005003050980246
4001027693144
1005003266261243
1005003161795539
1005001744192393
1005002842140239
32809423109
1005003021944347
1005003370900998
1005003137351762
1005002824809370
32957920178
1005002490190732
4001284413809
1005002599888305
1005003387251348
32755235078
32787560228
1005002104459863
1005003218905384
32306794395
1005002683136754
32950362677
4001230956810
1005002132925587
33014032906
1005002602691203
32984115630
1005003025373144
1005003346096506
1005002794362092
1005002940488582
4000204555277
1005001501149652
1005003033530564
1005001671604570
1005002313245630
1005002105004217
1005002614179040
1005001885526061
1005003092275340
4000756129249
32830869315
1005002975934585
4000383646515
32816767486
1005002575526517
32822113745
4001091511423
1005003273962453
1005002539634453
1005003385533537
1005003187429469
1005002755020831
4001013260447
32920647062
1005002976168328
1005002755436370
1005002372301829
1005002912846516
1005002243994627
4000575100848
1005002978970862
1005003302992734
1005003134334715
1005002947285420
1005003120604502
1005002707476679
1005002384861299
1005003302932138
1005002750754497
1005002011484809
1005002023429236
1005002294267979
1005002894716017
1005002376730266
4001263242582
1005002603809782
1005003320609434
1005003274758939
1005002774056992
32999865160
32808138498
1005002762607114
1005003058415532
1005002735910066
1005002920857942
4000039004360
1005001982173909
1005002864946748
1005002413491346
1005003270315510
1005001664126999
1005003282380818
1005002570318677
1005003173752287
1005003313039656
1005003245396804
1005003306725874
1005003311797445
1005002522373131
32641566346
32983815838
1005002583156782
1005001941864373
1005003259583337
1005002866260449
32261021994
1005003036013783
4000194576082
1005002439149091
1005003136558834
1005002177034204
1005001757625144
4001273373203
1005001393179434
1005003354029003
32991531632
1005001757969181
4001325345048
1005003198428594
1005003150555037
1005002683687395
1005003036430845
32850392857
4000430061035
32367381125
32895110029
1005003173144068
4000544902557
1005002462807217
32973101803
1005002946599178
1005002317665454
1005002872530275
32905587815
1005002168090982
4001243499369
32980307055
1005002885346894
1005001838753185
4001293767447
1005002559918644
32841015591
1005003072111038
1005002604767157
4001244686044
1005002774331588
32973415249
4000273413304
1005001314770732
1005003114770199
4000088736420
1005002674183811
1005003136775038
4000218633130
4000177955084
1005002318353121
1005003187368327
1005002538959092
1005003132605309
1005002332463628
32814251945
1005003299007464
1005003344110176
1005003247758118
32827141641
1005003278634999
1005001839823736
1005002836582007
1005001344191621
1005001502567092
1005002905834767
1005003108957318
32921587420
4001189674532
1005002820285212
1005001431113402
32979850047
1005002235607265
1005002253926261
1005002600985465
1005002754251659
1005002813255124
1005002526087605
32816859704
1005001659095764
4000291747972
4001110918090
1005002976011476
1005002647241691
4001205495952
1005001693006480
32891259919
1005002206510173
10000099712844
1005003333673152
1005001870367342
1005001531158023
1005002906737998
1005001597177481
1005002324054531
33010135153
1005003005157110
1005002871786775
1005001763904388
1005001410599736
32860179170
1005003208354830
1005002878592784
4001266983989
1005002122462588
32841577435
1005001501544383
1005002871423020
1005003324046637
1005001714351054
1005003182664227
33013803290
1005003339721824
1005003182678019
33038282254
32851516431
1005002232836213
32945188437
4000991395305
1005001564912726
1005002871925192
1005003286824102
4000990285022
1005002978841396
1005001440979641
1005002175874301
1005003020648370
1005001939121948
1005003193867953
32993779323
1005001860017969
32844120880
32850545666
1005002546715461
1005003283574613
32924826239
1005001423099094
1005003222210594
1005002694748030
1005003160473372
1005003014337967
1005003019378252
1005003083467240
1005001695577299
1005001972185291
32845833122
4001299693380
1005003273829861
1005002831844826
1005002028100487
32820046751
1005001946770430
1005002012791334
1005003348375955
1005002318719542
1000008448851
1005001983279961
1005003369763154
4000172499017
1005002730444709
1005003326313551
33034349876
32993657877
976479257
1005003346873344
1005002941605285
10000055952371
1005002997027562
1005002480689139
1005001992459574
1005002971481754
1005002507104306
1005003294156260
33026906067
1005003274373209
1005002564674013
1005001582504545
32852622017
1005003303702129
1005003375954591
1005003086782347
1005003341603564
1005001620566799
33061387379
1005002902243712
1005003278731392
32873710340
2030089035
32967374353
4001127241356
1005002536295453
1005002527054517
1005003277288942
1005002837119453
1005002820524486
32637672933
1005001977369999
1005001741770596
1005002659319856
1005003238744203
1005003376085203
1005003298472411
32910767187
32816454120
1005003172996335
1005003131821599
10000423518837
1005002548672201
1005003270765151
1005003022296852
1005002952299581
4000040220995
1005003259295092
1005001364057676
1005002839615005
32965363305
32968115472
32993060142
33022485696
1005002891774075
33053772395
32657882657
32810213168
1005001500382182
4000965793776
33032179742
32889856593
1005002971726225
1005002538678325
1005002983834932
1005001934601966
32687619242
4000110607583
1005001471889793
1005002876658888
1005003375967485
32733155130
4000800512426
1005003117733638
32829568524
1005002877248151
32795024795
1005002326510714
32949730512
1005002601223711
1005002437845808
4001110901109
1005003261720803
32672820969
1005001692377120
32930732032
1005003148504817
1005001914321302
1005003371356144
1005001998631856
4001230930079
1005001510994751
4000236404166
1005003135609107
1005002311185434
1005002921075766
1005002230177606
32733119671
4001065916065
1005003393702051
1005003193887129
1005003138609958
1005002978564990
1005003223586504
1005001948002362
4001319390033
1005003065363048
1005003318433479
1005002488380037
32998996450
1005002782472113
1005003234798624
1005002849549606
4000562612343
1005003264773276
1005001965653817
1005003247482991
1005003067920516
1005002466229347
4000214413186
4000585926587
1005003299929845
4000610565261
1005002132968260
1005002854378847
32841950141
1005003164157091
1005002941386364
1005002818043879
1005002806854465
4000176199607
4000619192214
1005003283335129
1005001668269406
4001208588893
32675329900
32828175806
1005002090163222
1005003309612817
1005002918351842
4001281066597
4001114492999
1005001518974052
1005001792339244
1005003176437612
1005002306046388
1005002739747959
1005003178382092
1005002033339674
1005002211907444
1005003086771496
1005002754176464
32974646406
1005002211485314
1005003216483373
1005002686564849
1005002925305972
1005003390977862
1005003389307345
4001152398212
1005003282676652
1005003023406682
1005002830165997
1005002305955878
1005002342793996
1005001337419956
1005002502580887
1005003123488996
4001013532587
32953474962
10000106977685
1005002557752990
32816759538
1005002588722391
32817119102
1005002710734884
32909026411
4000150054935
1005001691078442
1005001476275649
1005003388519203
1005002826922872
1005002868256120
1005003091454222
1005002311807589
4000987161261
32803704533
1005002988060508
1005003367401999
4001199299283
1005002655492326
1005003234044040
1005003203568567
1005002954159758
1005003022393408
1005002611575290
4000132666492
1005003274860614
4001149998906
32880452268
1005003359809163
1005003318194304
1005002256280984
1005001605905263
1005002297213444
1005002481335289
1005003046811295
1005003060139737
32812648705
1005002322526452
1005003083905376
32952685809
1005002717607132
4000554543270
4001183192911
1005001638822716
1005003280527109
1005003385044137
1005003236690886
1005002084943429
4000160422548
4001050407100
1005001770761585
1005001451498338
1005002124923230
1005002829805268
1005002204727130
4001172890133
4000615514123
1005001657243030
4000261875637
1005003152554127
4000444382176
1005003314086973
33032135952
1005003160040103
32814870102
4000783109584
1005001425952427
1005002678131063
1005002944126122
32891180350
1005003154856029
32883089178
1005003263791310
1005001570543417
1005002950940042
32882185808
1005003321248706
1005002605222566
1005001818758710
32886774143
1005002733645276
1005002782634008
1005001685289614
1005003122322745
1005002851840428
1005003324489478
1005002732470109
4001219975697
1005002614568980
32991124852
1005002029352386
1005003303235690
32710922732
33013630664
1005001962217873
1005002107437986
1005002618298310
1005002862089674
1005003140522245
4000467798627
1005002373469553
1005002101386667
1005003203735830
1005003191019012
1005003304523790
4001040751072
1005002830589590
1005003380449437
1005002651911184
1005001834714996
1005003167057049
1005003235520159
1005002394097287
1005002775462433
1005002146477968
32897050660
4001121772347
1005003086009415
1005003067143559
32969693319
1005003057718094
1005003210770153
4000005126084
32838579816
1005003075138831
1005002893643561
1005001463599455
10000061974781
1005002751026879
1005002361032904
32976507790
1005003202499758
33001487891
1005003265487344
1005003327775678
32797448066
1005001621828205
1005003389500020
1005002782308227
1005002608946513
32818711195
1005002896819500
33028057511
1005002350550989
32822700799
1005003232465822
1005002965042671
1005003256329466
1005001887633487
1005002683057569
4000935652718
1005002761500161
4000814717724
1005003191170912
1005003047639199
1005002908193986
32985659110
1005001617996866
32884183051
4000857244091
1005002641083542
1005003344989520
1005001689890151
1005003108012065
32847609203
32835078792
1005002801045925
1005002275876224
4000320256970
1005003280640825
4001171124911
1005003220345463
32857493654
1000005459477
1005002717876812
1005002533405522
32675698153
1005002618502120
32916366488
4000325102458
1005002320927483
1005003123615188
1005003215709207
1005003017988531
4000747672715
4000119531650
33027444301
1005002355777343
1005002967427417
4000212715332
1005002281397716
32885897858
10000145595431
32964354457
4000024331218
1005002822168056
1005002990008583
1005002306068082
4001114846679
32877095836
4001276345180
1005002974172521
32793417550
1005002325106080
33040449186
1005003059170782
33042069104
32917781196
1005001802837426
4000139587984
1005002547722507
1005002461793534
1005003134158325
1005002229724087
1005003129924352
32902507211
4000532264084
1005002346919761
1005002863686144
1005001746883614
1005003016940390
1005001900397938
1005003006302922
1005003082446692
4001017625764
1005001616830457
4000872825400
32328702479
1005002447962966
4001289452331
1005002489956657
33000689651
1005001686548597
1005001628277191
1005003014008607
1005003178078792
1005003264314638
1005002459164945
1005001803308097
1005003022766534
1005002740863709
1005002265944015
1005002602993675
1005002768126397
32272052921
32962441681
33061986455
1005001617294395
1005003129968386
1005002317960920
1005003232689409
1005002061793775
1005001681853008
1005002317197929
1005001873871949
1005003015261301
1005003146374241
32976143811
4001060052091
32963356666
32960161094
1005003102585770
32906729227
1005002585393011
1005002953261123
32972054039
1005003040583293
32988892731
1005003244481095
1005003239399191
1005003082751690
4000047333565
32872961230
32800058871
4001350071470
32853564511
32954243764
4000369693209
1005002775218864
1005003380234622
1005001793183477
1005002345591113
1005002775236882
4000662615923
1005003393129425
1005003241736810
1005001519245946
1005001352555653
32761544955
32776291749
1005003329012724
4000879479510
1005002830040799
1005002994741119
1005003073522930
33031417659
4001275491880
1005003333572842
1005002749308270
1005001807853598
1005002969525422
1005002771107029
1005002076445352
1005001313375291
1005003285160511
1005002778490068
32754537324
1005002373109064
1005001672401406
1005002311035384
1005002763938081
4001186511707
1005001567676170
1005002014710245
1005002022171524
1005003058054974
1005003109215662
1005002988512728
1005002656605018
1005003042347621
32883381147
1005001667507391
1005002592837759
1005002975304778
33036832555
1005003188535564
33058380048
1005002829449925
32661973282
4000150734700
1005003304001830
32988420138
1005003294953482
4000960543900
1005003188733300
1005002686544688
1005002695605120
1005003246531915
1005003267322780
1005001928409080
1005002983862828
4001279455469
4000414088310
1005003332089486
1005002911701809
4000308426894
1005003025906806
4000784962129
1005001381294340
1005002547302714
1005003343187732
4001128376515
1005002668822458
1005002602938403
32238418117
1005002777597678
1005001628500348
32964955831
1005002796310100
1005002308909760
4001257790082
32945353141
4000105738428