1005002282235371
32801912162
1005002577610701
1005002598850697
1005003036954608
1005002089002827
1005002995642802
1005003332536826
1005003243998379
1005002937443136
1005002359687481
1005002779619288
1005002958212058
1005003311475762
1005003230651608
1005003151344953
4000645197203
32811968659
4001016459574
1005001781409489
1005002305161580
1005002885954453
4000777491992
1005003274358207
1005002703655293
1005003337874765
32972305681
1005001665757756
32809838109
1005002906632133
1005002553956559
1005001830920899
4000712565207
1005002392867937
4001139032714
32854601890
1005001302875942
1005002454617699
32706398064
1005003006613228
4000941346447
1005003281534878
1005002879511284
1005003194344587
1005003139137931
1005001424062013
4000104086372
1005003319599450
1005003160070945
1005002516917865
1005001813731389
1005002732479153
1005002348827829
1005002755415426
1005003251812389
1005001355976616
1005001353765654
1005002919163084
1000001540404
1005002938713561
1005003255710771
32601531636
1005002605462457
10000110079556
1005003023610103
1005003304191728
32860424232
1005003234921978
1005003321224349
1005002259134068
4000279056735
1005003191549923
1005001643773731
1005003137338258
1005003090886548
1005002484509012
1005002896312132
1005002892140655
1005002001429186
1005001997674500
4000989151234
1005002495802569
4000065378221
1005003025142464
1005003187122652
32986785940
1005002232653205
1005002667154392
1005002634151393
4000990244278
32855601788
1005003154212588
1005002770355397
1005003283318938
1005002961514100
1005001991807950
4000051009501
4000800356463
1005002120121927
1005002547712091
1005002357988333
4001274413394
1005003238284432
4000444060904
1005003304100353
1005003016915576
1005002258811711
1005002340565509
1005002752068945
4000011281169
33006658947
1005002835598505
1005002567729466
1005002758343175
32964373235
1005003238428878
1005003175030245
1005002789940813
1005003093744179
1005001960693650
1005002197649403
1005003199371751
1005002613414831
1005002388867730
4001205893303
1005003365145010
4000833936683
1005001901658520
1005001474451176
1005001562514756
4000465834998
1005003071532029
1005002762480727
4001324191088
1005003385967912
1005003391259911
1005003325660202
1005003221860707
1005003337163785
1005002503099742
1005003120017226
1005002637595992
1005002103044846
4000938718274
1005003372699355
1005002482639693
1005003372082530
1005003239140970
1005003368324601
4000287264373
1005002397071114
1005003264185878
1005002617779766
1005002298011429
4001362321674
1005002124035255
1005003233494433
32250880102
1005002706655970
1005002927433599
1005001321285502
1005002720656291
1005002790366054
1005003257807590
4001354924377
1005002655307336
32859606055
1005002580554470
1005002411953993
1005002108515939
1005002000350728
32951226198
1005003103451200
4001260143233
1005003375962156
1005002559928757
32815523684
1005001987928298
1005003197704725
1005002562250074
1005002876747151
1005003078960467
1005003372053689
1005003330950391
1005001560843995
1005003043629533
32476449633
1005003016521657
1005003328220609
1005003324156734
1005001888598579
1005002899872835
1005002350391859
32784246866
1005003251146640
4000966455196
1005003099244801
1005001912584144
1005003099135868
1005002259859769
1005001635891217
32918252509
1005003263973576
1005002919940440
4000759538568
1005002946051765
1005003088114058
4000816044640
32880921204
1005002655848710
1005003282241346
4000793582997
1005003281148101
1005003384407686
4000139982063
32921183805
1005001458751046
1005003129839735
1005002963665345
1005003170664815
1005001314946292
1005002333743333
32571069917
1005002314478117
32856865754
32999093711
1005003338158037
1005002805724622
1005003330400889
32867285454
1005003014031080
1005002564160561
4001038836343
32809531082
1005003075396459
4001004448442
1005002433329355
1005002645883658
1005003099577897
4000265124516
1005001383372159
1005002566014444
1005003285712280
4000324297306
1005001700683130
1005003323734075
1005003269714337
4001248885503
32727055788
32891478930
4000310475290
32964864169
32845247348
1005003270208330
32887126993
1005002371076367
1005003266194677
1005003178065478
1005003201208596
1005001540503590
4001270736902
1005002920346066
32915040256
1005003178125401
1005003375142031
32873507018
1005002352627237
1005003257606956
4000180177083
1005003162001368
4001097537044
32849650761
1005003341904599
32899652489
1005002953930312
1005001795025793
1005002880333300
1005002477592729
4001230769476
1005003378993232
1005002588401031
1005003187866988
33056461958
1005002698419855
1005003099548046
1005002838074528
4000349933318
1005002943756693
32995085025
1005003079133075
1005003219123199
1005003091112179
4001149803105
1005003155753199
1005002122391605
1005002711887009
1005003056261559
1005001973336092
1005002233158998
33017578219
1005003312986137
1005003227785587
4001115595742
1005003104335470
1005002988153440
32857076057
1005002092415740
32991569432
1005002193357122
1005003031854964
4000197156637
1005003223568383
1005003145813865
1005001780690716
1005003062059770
1005003233923127
1005002996684074
1005003387505614
32899298157
32710183424
1005003158652694
4001259058958
1005002665962132
4001265445205
1005003054521490
1005003056163263
1005002495853648
1005002853229178
1005003093010967
33047486250
1005003096201944
32839159987
4001153194339
4000152814384
1005003072680616
1005003019297317
33059003927
33021019318
32737028455
1005003109134461
1005002342735755
32884293312
1005002773438046
1005002652123274
1005002459538996
1005002946491963
1005002945992964
1005003195376085
1005003036896138
4000358160282
4000117179433
1005002675207791
1005001401836359
1005003126274706
1005002204087647
4001064614488
1005001998681435
1005001660255765
1005002842411496
1005003003872181
1005002270378574
1005003299044624
1005003366006956
1005003388409137
1005002477870199
1005002961827150
1005001603994113
1005003310708330
1005002950107390
4000368204382
1005002442836807
1005002894217573
1005001297843494
1005002280661671
1005003166919236
1005003384725914
4000760954727
1005001890072996
1005002518335656
4000790360363
1005001576630466
1005003115702264
1005003078437607
4001231285265
1005002275341912
2027515973
1005003200792874
1005003176722225
1005002918378569
4001075569252
1005003156322124
1005003224595066
1005002762551923
4000074353465
1005003330442684
1005002598834126
1005002322477293
1005002086487275
1005003334052556
1005003217697121
32960537131
32493076398
1005001650550623
1005003337729196
4000741416033
1005002855892126
4000853806952
4000293803090
1005002419037349
1005001452926061
1005002855370422
1005002841791664
1005003361779818
1005003372325066
32907287873
4000035339410
1005002597183682
1005003388121410
32846608170
1005003359175167
1005002530358035
1005002348163794
1005002259527283
1005003360989687
4001345107344
1005003026238067
1000008685337
1005003263835618
1005003312459106
1005001500498497
4000960542932
1005003227897310
1005002389854632
1005003222418258
1005001343229091
32946416368
32973171012
33049363839
1005002582164470
4001126600468
33058094083
1005002326028699
4000941136100
32835585459
4000148827287
1005002866628739
1005003224095734
1005001482553446
1005002021712991
1005003122057359
1005003003488300
4000936513378
1005002749783915
1005001454204458
1005003259186066
4000113273513
32991523259
32897845895
1005002282999616
1005002976529421
1005003261208804
4000752391151
33058396222
1005002450402661
32960013963
4000396504798
1005002548538091
1005002337007874
1005003174988623
1005002007242083
33036791008
1005003184294684
1005003145819409
1005003341760154
4000158240148
1005002185424973
4001205389509
1005002761168358
4000173724975
1005002693519696
1005003328051660
1005003027164411
1005002314024894
4000555053829
1005003214400668
1005001892593086
1005002840475163
1005003245605313
1005001892213255
1005002710070632
1005002329309022
32286694741
32804693806
32912530628
32878746263
4000539900915
32824277148
32459491434
1005002642959787
1005001882753130
4001293954683
33059706211
1005003179621193
32859018764
1005003344449077
32543202526
1005003151812753
1005002237552751
1005002961429193
1005003154938215
32998561920
32913588756
1005001533728846
1005001278130897
32811680114
1005003157282605
32910420740
1005003250529605
1005003313315032
32996522420
32240183816
1005003066476863
4000637236615
33004817730
1000003842142
1005002980522193
1005002524804961
1005002275566376
32341385071
1005002610307068
32545630177
1005001830390928
1005002804147681
33025795209
1005003227622934
1005002843459910
1005002603398955
1005001812359376
4000834011335
1005002611089529
32407646377
1005002558032568
1005002616951195
1005002738148489
1005003310020932
32971016238
1005003307006124
32979455598
32754154110
1005003027310290
1005003080693820
1005002490764866
1005002938708525
1005002543505843
1005003343270664
32924965261
1000007977879
1005003150967865
1005003122352079
1005002998976519
1005003262915524
1005003276397004
1005003376220254
1005003275761601
1005002531302039
1005002276441763
1005003307318502
1005003162659808
4001264730168
1005003360080031
32763622273
1005002612135173
1005002622519731
1005001359974394
1005002197764713
32693591906
1005003382965676
33001398197
1005003070437433
1005002852368914
1005002241733377
1005002635843425
1005003214360664
1005001495922284
33000343432
1005003183612684
1005003104305402
4000955947627
1005003022268812
1005002238395776
4001268009389
1005003338815893
1005002676562082
1005001998342617
1005003076274600
1005001430532392
1005002283516536
1005003291941386
1005003342011931
1005003286695210
1005001401729996
1005002908619014
1005003112787335
4000054908463
32954852472
1005002674849251
1005003341996712
1005001375192598
1005003343179628
1005002656351089
1005001620926885
1005002961343324
1005002626104941
32889427906
32969270093
33060607027
1005002663078915
4001133066428
1005001920155933
1005003309646359
1005002312058000
4000124129624
1005002006096035
4001274541924
1005001307456423
1005003227510300
4001047387332
1005002796253372
4001194171726
1005002737537393
1005002637372741
1005002258712585
1005002015508475
1005003213145068
32885644923
1005003044979170
1005003218897596
4000755796085
1005002288893655
32869891425
1005003088909412
32959816020
4000427507472
1005003178316240
1005002846892392
1005003090322663
1005002840003636
4001118315150
1005002336624994
1005003390250177
1005003200450922
4001230312863
1005001781644540
1005003228586833
4000808371619
1005002579353597
1005003064685937
1005003380523768
4000777940904
1005003018091305
1005003160200492
1005001953159960
32906121393
32797870642
1005002555346121
1005002762110541
4001134224652
32719092513
1005002577886945
1005003128734445
1005002527987183
1005002398710551
1005002524115778
1005002077354678
1005003348101791
32918111062
1005002129133932
1005001860713128
1005002753971919
1005003281179532
1005002851627581
1005003183263486
1005003085603006
1005003025135820
32345453855
1005002872242990
1005003286814630
32795073255
32815139584
1005002375474311
4000120918682
1005001948603908
4001219817264
1005002680700982
1005003036828731
1005002711223787
1005002294715409
1005002711537117
1005001704195671
32878290741
32839704455
33041171099
1005002532501897
4000543739561
1005001525130812
1005003372005952
1005003096900451
1005003342257637
1005002420573789
1005003333612825
1005003044025930
1005001596406285
1005001726333055
4000745985619
4001050168322
1005003235001306
1005003201849084
4000051135149
1005002839988523
32884791858
1005002616767961
1005001991953477
32954715032
1000007541808
1005003013462953
1005002272291952
32874509966
32878137660
4001254188003
1005002069879577
1005002668094476
1005003167634768
32794321166
1005002994237941
4001211966038
1005003222286531
1005001382012045
1005002328355852
1005002717399526
1005002983983124
32356477349
1005002850878922
1005002454403407
1005002920307659
4000810971123
1005003022218486
1005003090289694
1005002020618261
1005003133416739
4000878560976
1005001598043258
1005003282455932
32897818624
1005002357499338
32977067037
1005002730465071
1005001788717937
1005002965821705
1005002282343092
1005002028504190
4001142491257
1005002716240244
1005002693132065
1005002755941881
1005003097182459
1005003335031880
1005003187668061
1005003051673385
1005003119847055
32987733839
1005003391158839
1005002920425991
1005003196742992
1005003000932325
1005003099939256
1005001941036531
1005002322167105
32801769205
1005003145191376
1005002462524310
1005002028427317
10000002747002
4001163651667
32957579830
4000040878025
4000625897945
1005003285074702
33005475079
32909874509
32855184968
1005002803426591
32967408606
1005002968119537
1005003217348472
1005003268630422
33021840187
1005001942169471
1005003217469929
1005002793338702
1005003208769774
4000084841356
1005001769278918
1005002973340677
1005001349628297
1005002911843433
1005003330893175
1005002192262724
1005002314126160
1005003249574640
1005002823839293
1005003199708081
32970924994
4001205412498
32842955841
1005002558929982
32819469130
1005003224107063
1005002862671470
1005002510900519
1005003032232531
1005003282001942
1005002746245006
32992660604
1005002386726724
1005001692491851
1005003267360490
1005002350887034
4000058064476
1005002454283389
1005003107284873
1005002315755028
1005003294312736
4000793932830
4001138226221
4000337741167
1005003002000720
1005002756033181
10000088103313
32842201021
1005003262772854
32763606344
1005002926577372
1005003224298581
1005002873070648
1005002753326004
32852382774
1005003359998594
1005001287436378
1005002752851920
4000220660162
1005003057505068
1005003347654358
1005002978302652
1005001728394206
1005003188996837
4000320337949
1005003278004723
1005003361848580
1005003163979173
1005002440431729
1005002388961332
4000087684855
33026404795
1005002603148085
1005003187237133
1005002538634956
1005003344968888
32859690768
1005002900377528
1005002794296786
32413952719
1005002270072539
1005003340313779
32973300348
1005001496483769
1005001360891419
32614831525
1005003185651600
1005003137603027
1005001691229306
1005003339760108
1005002134662029
1005002000511273
4000640981339
1005003228666351
4001220884265
1005002974039871
1005002571775802
1005003157987112
1005003252120623
1005002116181472
1005002205663980
1005002947622838
4000400792861
32653476628
10000293388364
1005003349314725
4000736164688
1005001793287057
4000330364210
4000509904456
1005003190448492
1005002207980300
1005002683861756
4001050214933
1005001812951360
1005003285156202
4000064170217
1005002012513556
1005003286900934
1005003242491786
1005001692500925
1005002870117615
1005002008174200
32969164218
1005003366816246
1005003107937339
1005001894467944
1005002851190634
1005003167650813
4000614507409
1005003078382924
1005003366093624
1005002848445116
1005001519141897
1005003141711992
1005002108175164
1005003352466913
1005002593184943
1005003343278126
4001352468667
1005003388266585
1005003147520597
4000760318480
1005001933850285
1005002239778143
1005002960856675
1005003299686419
1005003379354197
1005001913503831
1005002129663470
32765608257
1005002582258651
1005002442864699
1005002412673538
1005002712392419
1005003201797886
1005001406958332
1005001705527889
4000235969819
4000401295428
4001138380253
1005003198640069
32924022607
4000252685137
1005002667437827
1005003183842714
1005003345926925
1005003135343290
1005002879003098
1005003002561807
1005003172302180
1005001519356739
1005003083398547
1005002392966314
1005003145480419
1005001385709108
1005002893913594
1005002287504662
1005003328954377
4000384868237
1005003106403286
32837417961
32890227542
32798105063
1005002852354113
1005003113221719
1005003130926576
1005002940267095
1005003231572900
1005003015650345
4000413868533
1005003330790099
1005001961541863
32909666880
1005003309227501
1005002878356895
1005003086481049
1005001897141733
1005001274439834
32858774212
1005002712363856
1005002782524249
1005002412253948
1005003361872626
4000289315079
1005003298065593
4001292881656
1005002793679895
1005002963656196
1005003027135179
1005002011902802
1005002039198093
1005001286405970
1005003125306478
1005003277870257
1000001461828
1005003023043515
4000736906090
1005002780281604
4000188891698
1005003386262572
1005002715229259
1005002224626675
1005003124658220
1005002748829085
4000986705876
1005001682331532
1005003279125841
1005001517237678
1005002064935171
32959678731
32976924353
1005002717213204
1005001821123790
4001111846996
1005002937566764
4000257669678
1005003293629130
1005002636150707
1005003036838695
1005002753735920
1005002775583421
4000298598480
1005003164044269
4000429891348
1005002997619178
4000900585538
1005001525399020
1005001825533943
33001489596
1005002938841507
1005001488787256
1005002012879358
1005003328098847
4000782742979
32799469395
1005002722510815
1005003086933638
1005003203216761
1005001700841523
1005003310280305
1005003184255079
1005002886412250
1005003071051961
1005002481285426
33015354801
1005002043737338
1005003371148110
4000126098997
4000340838652
1005003266774679
1005003241851538
4001352914660
4000991621717
1005001288599700
32968893546
1005001829629558
32658780130
1005003320379696
32834591486
1005001527278589
1005002811703553
1005002496814578
1005002898861348
1005003306047173
1005003235847894
1005003114517793
32987426015
1005003017051166
1005003087192030
1005002271668736
1005003097077279
4000965065681
4000597660762
1005002228553179
1005002754157139
1005002974823355
1005001513381672
1005002877600719
1005001843487940
1005003279548089
4000202240334
1005003307322038
1005002974086490
1005003311219962
32967247884
4000468899494
1005002971052917
1005002495339734
1005001417476204
4000032011510
4001257449523
32913034615
1005002848626954
1005003223423656
1005003226030468
32243271043
32948176226
1005001293269137
4000789094858
1005002958087108
1005001802435923
1005002928726877
1005001730619807
32955125202
1005002569437297
1005002765240835
1005002915733109
1005003340404296
1005003017317155
1005002801129826
1005003113133676
4000140423667
1005002679841243
33031566288
1005001381204990
4000429931290
1005002234172951
1005002266397089
4000890204247
4000308386801
1005002110004133
1005002939779912
1005002991466575
32814699332
1005003161391325
1005002608914556
1005002272575470
1005002862073212
1005002797624440
1005001338801892
1005002960414365
1005001460709254
32899588473
4000145342328
1005002565785494
1005002518859479
1005002938539759
32877850037
1005001622574042
1005001450396218
4000959675584
1005003219325486
1005002760179913
1005002672033945
1005002938000186
1005001429835735
1005002489844269
4000785511085
32986243658
33004818106
1005002606043182
1005001446044385
32921327038
1005001381873176
32915763918
1005001579207639
1005002352957573
1005003360136227
1005002665721872
1005003045473588
32299084468
1005003305707721
4001038329021
1005002132887071
4000180418060
1005002657577122
10000032398146
1005002878318832
1005002520664682
32978796965
1005001502338110
1005003215943498
32974691854
1005003281939824
1005003243894816
32820975435
1005002957059205
4001072460648
1005003108032409
32871350544
1005001978074229
1005001688506684
32896829309
1005003257585129
1005003154535494
32882594422
1005003296134961
1005003344523687
1005002948273127
1005002589468679
1005003213225602
32950604777
1005003107504858
1005003091770947
1005002253206970
32868020722
1000007602503
1005002525074484
4001341742884
1005003180640326
1005003107940378
1005002701272097
1005003359320608
1005002559757317
1005002326220179
1005002764074766
4000920912428
1005003364072545
1005003146943303
1005002762010460
32921748147
32257026806
1005002885408343
1005003323464072
1005003108105076
1005002817480459
4000502389987
1005002228139537
32961344137
1005002690165055
1005001915328274
1005002813197881
32986187533
1005001913490896
32887969771
1005002327507356
1005003360215715
1005002952556369
1005001451389381
1005003181126703
32809844044
32876070494
1005001867255712
1005002647243556
1005002507367242
1005002857324684
4000894857238
1005002859907434
1005003325162498
1005001729511006
4001111584456
32960470744
1005003289652677
1005002963495409
1005003299153638
32886034637
4000918031241
1005002260723616
1005003337158190
1005002220502369
33007922203
1005001652961017
1005002870568197
1005002211801657
1005002905661657
1005001334511303
33050346330
1005002944891603
33005396691
4001238541403
1005002613394742
1005001682303983
1005003182923165
1005002846119427
1005003081573846
1005001291568406
4001292680973
1005002066852404
1005003259719423
4001038999848
1005001949241723
1005002212422778
1005003268709013
1005003337875786
4000747440236
1005002737815826
32870770220
1005001352631118
1005003017782125
1005003208459533
1005003137341123
1005002619286981
1005002762575674
4000259863101
1005002613278645
1005002657384351
1005002055157708
1005001615789658
1005002017647769
1005003037408424
4001349410996
1005003170261191
1005002656494731
1005002511353870
1005002708795217
1005003348992209
1005002733419719
1005002740682928
1005003387185580
1005002822752045
1005002780437710
32982633737
1005003342122896
1005003269199740
1005003295819803
1005003271835654
32805065192
1005003387792341
1005001864474899
4000587479234
1005002718585597
4001262288377
4001325968605
1005002341317287
32954834241
4000021686038
4000115692738
1005001505842986
1005002904141676
1005003347609252
1005003077248879
1005001360503076
4001216095631
4000697095657
32965647498
1005002284704289
1005002820804351
1005003336150498
1005003344082484
1005001498895487
1005002901118254
4001291902954
1005003091970196
1005003086255671
1005002546928298
32965452533
1005002436418363
1005003258794141
1005003376034547
1005002879323363
4001278521405
1005003104890534
1005003148160422
33054216513
1005003005016026
1005003213587203
1005002259497079
4000270333549
1005001867588392
1005003161732324
1005003294930574
1005001976789110
32851840012
1005001320786671
32837119304
1005002851193880
1005001413015150
1005003228317706
1005002177374032
1005003113171348
1005003345463279
1005002566512552
1005003052672146
1005003083337628
4000562319140
1005003180017297
1005002532101790
4000346217337
1005003380025097
1005002597255278
1005003251423257
1005003323494424
4000600442407
32959025935
32377735943
1005003346581059
1005002354079922
4000708284624
1005002689173722
1005003320034808
1005002533217788
4001078792385
32838905939
1005001651485081
32954552958
1005002679562550
32921978573
1005001508005151
4000087252026
1005003270155650
1005002254174482
1005002038652787
1005003257017079
4001282810111
4000220972867
1005002932411214
1005002461827684
1005001683260499
1005003278258568
1005002866697269
1005003224224872
1005001752250240
32820896624
1005003081932011
4000983960031
1005001397716603
1005003190694498
1005003022608369
1005001506903899
1005002784725466
1005002784371156
1005003064604882
33012630578
1005002489820137
1005002864231298
4000248237143
1005002305660025
4000224612001
1005003150845004
1005003289186222
1005002937777058
1005003304110353
1005001894477931
1005003138969207
1005002600056872
1005003131221229
1005002930285226
1005003195798342
4001228865077
1005003383302071
1005003232796733
1005003214439001
1005002991907248
32999733122
1005001580249565
32891699673
1005003344386271
1005003019474212
1005002377862220
1005002615814688
1005003362875902
32949007082
4001322498488
1005002110058222
1005002813222564
1005002736856759
4000730574091
1005003272617966
33062182375
1005002263851111
4001086103166
4001096135930
1005003215237686
1005001685297156
4000061692101
32790066497
1005002707051767
1005002702689155
1005003257651654
33004497216
32918118678
1005001414846180
1005002441066852
32648179253
1005002394039397
1005001346141092
32885655593
1005003366928107
4000632586336
1005001562524937
1005003365256610
1005002809809230
1005003116585502
1005001359009743
1005002345153496
1005003001673931
1005003304410084
32995290672
1005003146229431
4001066483433
1005002840558366
33018679295
1005003224074922
1005002674835567
33018377226
4000569670124
1005003282788963
4000858931361
32835362580
1005003171328477
1990572318
1005001780682305
4000170428302
1005002878659269
4001171372792
1005002906680103
1005003165584783
1005003366068654
1005003332518805
1005003343838138
1005003118067056
1005002028431565
32889068126
1005002340975478
1005003142704095
1005001976491961
32833006408
1005002937953478
1005002920751542
1005002477164430
32856381266
1005002393496760
1005001417007321
1005002158461992
1005002739667937
33020816269
1005003311037328
1005003051668694
32875405953
4000468879256
1005002102390382
4000893701113
1005001406781991
1005003341816041
1005003092959111
1005003217824818
1005002648801704
1005003025893598
1005003218158774
32880658978
4001272718784
1005002586591815
1005002132232744
32449868344
1005002495467300
32899262618
32331601141
1005002914773116
32962986682
32957753500
1005002669978738
1005002452577087
32996225518
1005003323363010
1005003245964488
1005001315910759
4000079406922
4000910521534
33064047125
32822051294
1005002777972200
1005002783863868
1005003338670840
1005002709591783
1005002996531183
1005002939933936
10000344115035
1005003371316771
1005003251823923
1005002580557134
32986937713
1000008336647
1005003102280914
33010857108
33001876931
4000132704497
32875030913
1005002738826789
1005003239395758
1005002964663279
1005003123914837
33047890535
1005002643192956
4001015346359
1005002589236407
1005003228104221
1005002001723876
1005002538684099
1005003109120970
4000106680614
1005001843807870
1548261946
1005001772138461
1005002890775007
1005003023973394
4000553227173
4000222523770
1005002478560399
1005002357932184
4001195595311
1005003149858337
1005003365878548
1005003088210956
4001222115090
1005001895021686
1005002970597257
1005002931605142
4001152359487
33036989005
4000301327863
1005003176910214
1005003275367664
1005001379846999
4000108237132
1005002302741228
1005002986109278
1005002857123838
4001358852048
1005001612684619
4000940007365
32704337652
33003422373
32906566843
4001203315378
1005002252552868
1005002544486898
1005002245130041
1005002430977439
1005002622766555
32980932553
1005002253386113
4001251143850
1005002387635160
1005003300449414
1005003040396100
1005003262126303
32821764615
33004476202
1005003105552488
1005001671811672
1005002282777070
1005002220422839
1005002971172380
4000712546296
1005002205123920
1005001839537337
32884959302
1005002727257892
1005001677415927
32965624072
1005003104369014
1005001550940513
1005001975520675
1005001278388951
4000810816229
1005001657323236
1005002666650443
2030343719
1005002926296993
32282055438
1005001452672028
1005003306007780
32650584764
4001066811468
1005002400766463
4000186493913
32888709520
32796674146
1005003317635465
1005003009903100
1005003157362302
1005002293448717
10000058334877
1005001887596756
1005002141418745
1005001386073593
4000326756995
1005001847243658
4001259359419
32859624357
1005001717547187
1005001989073174
1005003090522878
1005002103524853
4000736090553
4000129340366
4000182327748
1005002965911440
1005002558058804
1005001339951933
1005002782178212
32845578713
1005003207359631
33024289163
1005002951653808
1407150789
1005002693652026
4001036735025
1005002126396767
1005001311657796
32365609561
32746807243
32923671020
1005002101823369
1005002440907714
1005002927344172
1005001906075849
1005003102049251
32917821467
1005003324505098
1005002180628000
1005003199329121
10000279581212
32818945761
1005002962901316
1005001865127380
4000583747660
32990171721
32271149837
33005874864
33006278533
4001043127301
1005003386254748
1005003048490944
32244000093
1005001582005306
1005002802182811
1005001360469702
32974531419
1005002849339856
1005002973283690
1005003299090448
1005002305013970
4001220148682
1005001720450859
1005002193275507
4001289734940
4000326644078
4001315119218
1005001838515926
1005002698447467
1005002555733803
1005001474234010
4000320470482
1005003208467519
4000843425763
4001233996984
1005001809242485
1005001373104839
33035715264
33004609585
32511198113
1005002907854573
4000132405524
1005002543319795
1005003166972257
1005003006112562
1005002884954295
4000119122104
1005001448379914
1005003354218980
1005001995880843
1005002132586262
1005001331013099
1005002866112828
1005003062556090
1005002074800832
1005002749625395
1005002352935174
1005002600887546
1005002680977928
4000330146995
4000704970581
4001276802914
4000299443784
4001245190992
1005003309738361
1005001644256021
4001237431738
1005002907596568
1005003027070029
1005002799625281
33036030535
4000052718582
32288268069
1005003218980387
4001280748860
33026694818
1005003191094955
33032748549
1005003118160374
4001340099129
1005001585014194
33018887586
4000245299131
32990140624
4000357801699
4001354318985
32927750376
4000670325119
1005001554959162
4000714595281
1005002745129209
1005003228781615
1005003367272240
1005003310061970
1005001792134726
4000009124612
1005002008325859
1005003036191110
1005003257066927
1005003105095864
4001257532374
1005002730574350
1005002389138608
32870900538
1005003113287850
32914807512
1005001798773129
1005003317521941
10000293143199
1005003197098968
4000023219864
1005003345749891
1005002052552447
1005001603517811
1005003298342418
1005003069071965
32826480494
1005002568856275
1005003296428484
4000928352127
4000322351073
1005003029158836
1005003038694427
1005003380558252
33044465512
33014962508
4000162790395
1005001915269374
1005003122874452
1005003210821515
1005001399574224
1005001750830793
1005002435433508
4000995596008
1005002282461753
4000991979777
33004575721
1005002762291373
1005003007666087
1005003125873373
1005001511827874
1005001817972354
1005003238240803
4000836664571
1005002645920489
1005002990559033
32308484257
1005002567686621
1005001471618766
1005003111138591
1005003204394487
1005003371701079
4001247130467
33036962399
32265372843
1005003364044299
1005001829647301
32896718766
1005002221582326
4001269065135
1005002557390655
1005003104333153
1005003387265296
4000595103978
4000382648992
4000833214511
32744067209
32893207111
32912643032
1005002768264826
1005003112437643
1005003208279730
1005003143033555
1005002320917570
1005003119500756
1005003137892210
1005003112311179
1005003355196534
1005003339595508
1005001327197327
32998772885
1005003364734438
1005002824170972
32953725153
1005003343298473
1005002605749427
1005001514857509
1005003372054662
1005002818640992
1005002952681583
1005003196577503
1005003197141620
1005002394055782
1005001724166310
1005002214814083
32230525769
32915763485
1005002996805707
1005003334289034
1005002758908886
1005002353323522
4001339563849
1005003096176136
32821607007
1005002990281171
1005002587998559
1005002028074829
32893033526
1005003207973707
2052482363
1005003385135173
1005001441353433
32997006026
1005002953756127
1005001560523256
1005002551644084
1005002960244347
1005003215550673
32892048727
1005001584842700
1005002515819275
1005002264475346
1005003126814815
1005002938748524
1005003285946544
32437598145
1005002617360153
1005002671741837
1005003379962538
32664923401
32958233863
1005002560903836
1005002398996456
1005003348171987
1000001530334
1005003102819631
1005001590796785
1005002271225208
4001194434388
1005001698843172
32902171705
1005003019478483
1005003001761339
32400373626
1005003342224783
1005002956088421
1005001685018014
1005002171405636
1005002828798470
32980509225
1005003001772219
1005002604313013
4001127612847
4001186260639
32671417560
1005001336024706
33060943509
1005001603251559
1005002822998082
32823076335
1005002624004716
1005003275545725
1005003336234920
1005002315634354
1005002346883476
1005002338923071
1005003124438229
1005002259924714
4001061419598
4000469006203
1005002881906929
1005001355793037
4001159964838
4000503087829
32866596797
1005002990594406
1005003123314460
1005002635273115
32920424688
4000049882026
1005003232130494
32950591493
1005002488872277
1005003228342920
4001178013248
1005002394562790