4000569846783
1005002726782921
1005001793067426
32905199692
32890874434
4000990974501
32905858657
4001193345183
1005003103214468
1005002703239737
32866776583
1005002238927532
32951798323
4000367256849
1005001607501877
32832465895
1005001693010289
4000061204290
1005002363283464
1005002767918268
1005001389261542
1005001360891419
32896198165
1005003304801712
4000903650656
1005001864145406
1005001406308643
1005002345530947
32831655037
1005003158742254
1005002009365179
1005002939636713
1005002324967741
4001197206378
32825593959
32754775062
1005002280591360
4001022734106
32856601394
1005003387140332
1005002989005885
1005001281078459
1005003091381956
4000789200033
4000979391866
32932906839
4000184267815
32877096094
1005003234366906
1005002448599302
1005002231696270
1005003329330120
1005002844241895
1005002310914644
1005002468732427
4000791510216
1005002924953767
1005002249426327
1005003092822938
32869141614
1005003097941276
1005003071941655
1005003291757964
4001241681731
1005001927660017
1005001724314279
1005003128135030
1005002959023879
1005002938383739
1005003352896212
32865690663
4001201977317
1005001992549692
1005003109626605
1005002790071023
1005002037787566
1005002782737100
1005003068444750
33006051808
4000786084266
1005002840593923
4000126575240
1005002357897240
1005002253039338
1005002602637621
4001061045723
4000153143644
1005002492107902
1005002907579225
1005003241635378
32964284336
10000344111533
1005003335170802
1005002952018994
1005002650967984
1005003311403716
4001232258919
1005003021172275
1005002974513377
1005002912662014
4001080767708
1005002619148258
1005003092669298
32721448319
1005003090251511
1005001417348120
33002847415
4000779970243
1005003292280019
1005002592967870
1005003327700841
1005003201418735
1005001636202626
1005003339051214
1005002966966780
1005003069441534
1005002799191549
32869883395
1005002048630525
4000832846669
1005002134424666
32891227583
1005002342311544
1005003279660351
4000109384151
4000112127110
1005002958520198
1005003297674707
1005002943314528
1005003071377510
1005002314362293
4000698381052
4001218766848
4001234499406
1005001626144272
1005001405765081
1005002498858844
4000295606591
32792117530
4000026328635
1005003032279518
33004933227
1005002788962678
1005002954296009
1005001438080881
1005002856191537
1005002761856078
32851818706
4000039786184
1005002377483129
32925903116
1005003124935035
1005001736666750
32854708975
1005002495972676
1005002716115950
4001013888804
1005003352259533
32956697789
1005002625431132
4000626033481
1005002597035874
1005001585849368
1005002920973790
1005003362008549
1005003300547863
1005003211049892
32674776599
32978292275
32829252594
1005002234012072
4001090443294
1005002453290402
1005002992061839
1005001757076707
1005003096645821
1005003329584025
4001237482829
1005003117853324
1005002089616600
1005001771794863
1005003310763383
1005003158999401
1005003263358599
1005003131593912
1005001361155556
1005002871401099
1005002027366983
1005002957144237
32795090319
33006176577
1005003334651185
1005003322531182
33012755926
1005003208533005
1005002495757607
32863660297
32587711414
1005003386846853
1005003299041327
1005003221980337
1005002907586319
1005003194740034
1005003251817528
1005001621249239
1005001726221580
1005002335084708
1005001523628533
1005003149932404
1005003022067323
32888420873
1005003318277533
1005003012689568
4000449553379
1005003380036296
1005002424557237
1005002028218523
33020562663
1005002177903673
32828397002
1005002679314040
1005002910614466
1005001970544794
1005003366721707
1005002920271944
1005001429673121
1005002506344302
1005001926876283
1005002598832422
1005002576865437
1005003250856044
33041916165
32821863931
1005001493456112
1005003189741932
1005003247520813
1005003385180943
1005002778134805
1005003102224090
1005002834986960
1005002228165650
1005002883585071
1005003302189610
1005002927862594
1005003269566152
32957398525
1005002240899763
4001021577340
1005002731187168
1005003255797646
1005002693322811
4000777960289
1005001598529849
1005003293483534
1005002647212840
32846206492
1005002622526866
1005002970828394
4000751371179
1005002436128251
1005003370854203
1005002687685532
4000906389879
32961297230
1005003391267996
32901803141
4001019675321
1005001525389639
1005003113350014
1005002101831187
4001114957575
1005002711226759
1005001520021288
1005002883870840
32825438753
4000341569998
1005003095020310
1005003059613895
4000509516958
1005003042545108
4000966764986
4001013564950
32840709199
1005002301417305
32520895503
32983955060
1005003339431087
1005002606145902
33021184022
33023875990
32825819391
1005002646589965
1005001966035192
1005003349127736
33036631558
4001007388030
32976003135
1005003146449023
1005003064394423
4000246090909
1005003201631625
1005002399783164
4000035174186
1005003095602273
1005002745937901
1005001365479018
33027850723
1005002733792526
1005002703976503
4001287656590
1005002458302385
1005003372145082
1005003254980425
1005003327972855
1893391467
4001253801987
4000905567774
32825461591
1005001451983557
1005003014578791
32976297828
4000837070236
1005002830506498
1005003331169082
1692421075
1005002989162915
1005002941483263
4000709269969
1005003331263713
1005002946970895
4001335083296
4001287263667
4000371188766
1005002784369038
1005002906904740
32835272659
1005002475875152
1005003259236066
1005001555806153
1005002655058526
32913346927
1005001828650903
1005003118212075
1005003119596189
1005001521963789
1005003381083695
1005002312112897
1005001666356756
1005002747706672
4001075968891
4001278975887
1005003270226179
32942903332
4000086379823
1005002932876625
32497706332
1005002982078044
1005001988857426
1005003106409524
1005001954081597
32841229244
32898551473
4001175945944
1005001584559780
1005002330645498
1005002727591421
1005002498315860
32900044321
1005002379616748
1005002951148028
1005002935167106
32832030142
1005001698657417
1005002616476682
1005002984134203
1005002823244232
4000108569445
1005003228359831
4001037531313
1005002801950344
1005002277657488
1005002517373527
32962473277
1005002605417065
1005001810504884
1005002706608482
4001256855763
1005002347760481
32953980017
1005003053255980
4000217360727
1005001808772805
1005002664603510
4001029961845
1005002919948108
1005003262319844
32960386975
10000343974262
1005002192009707
1005002662753653
4001036502481
32880684506
32493126314
1005001841492457
32617104429
4001055839902
32958301707
1005001447448523
1005002546019956
33001219435
1005001852087535
1005002213613328
4001117718907
32854508748
1005003364013565
1005003268260122
1005003299060322
1005003265674096
1005002800722055
1005003048268645
1005002347635666
32945045244
1005002912559257
1005003199010754
1005002853464563
1005002159466888
4001172920753
1005003104012652
32833085411
1005003005109534
1005001640665262
1005003386299482
1005003353498488
1005003139473396
32959258142
1005003033595775
4001061754056
4000982456849
1005002754036840
1005003333139644
1005001836438607
32864146608
32962910660
1005001839679110
1005002364823113
1005001793906370
10000395911423
32848798930
1005002436096598
1005002837987114
32727846337
32951653020
1005001694689434
1005001921395513
1005002444345814
1005002789269644
1005002031982489
1005001603166132
32484634347
1005002016657173
1005003266595158
1005001311055513
1005002622656577
1005002342951681
1005001560053749
32868859489
1005001276645635
1005002004886964
32920541623
1005002432124017
1005002885476603
1005003330626521
33005641506
1005003385109107
32590223281
1005002718374474
1005003387545917
1005002680604758
4000279754390
1005003027015545
1005003136214555
4000607123752
1005003240359722
1005003009892047
1005002783354253
1005003299650730
1005002758730414
33000789058
1005002828590291
4000199225175
1005001621145286
4000695566973
4001359688590
4000376150678
1005001380644840
1005001814710631
1005002675657526
1005002371462809
1005002104340159
4000633001553
1005001731541014
33020085237
4000287461317
1005002882047734
1005003242434608
1005002796470677
1005003235486074
4000119359794
33052391130
1005003058199491
1005003311315994
1005003136480359
1005001767580785
33041262803
1005003387580273
1005003200304773
32802363506
32765264147
32647314610
1005002260369341
4000361726187
4000306838909
32807092066
4000953648751
1005002870226895
1005003004368402
32849145044
1005001781216280
1005002662677661
1005002253018533
1005002682868321
1005002636890151
4000207741658
1005002960443595
1005003327046653
1005002480948899
1005002711375345
4000253154821
1005003263519481
4000375564219
32890132736
1005002844962478
1005002012448221
4000429245255
1005003333304874
1005001957672505
1005003340425155
1005002448713474
1005002789084176
1005001971941874
1005002566149860
1005003373737049
1005003330713348
1005001579168860
33063519981
1005002747397416
1005001637854666
4001290163398
32850944410
1005003264314638
32978717161
1005002133617335
1005003192595620
32811466838
1005001761878986
1005003302581042
1005001365767967
1005001575784896
1005003277492809
1005001756382595
1005003340204891
4000074862442
1005002748024345
1005002052004537
1005001365311062
1005002549056056
1005003157068166
1005002592806907
4000884662223
1005003161452806
1005002906988600
32964864169
32815166133
1005003239076185
4001037779194
1005002389092979
4000168765516
1005003205648009
4000399073676
1005003091562059
4000989575813
1005003156609076
1005002353285775
32998236634
1005003220352942
1005001764185296
1005002811062247
1005001584410757
1005002840470934
1005001830292439
1005002417951662
1005001378984918
32887581992
1005003323691936
1005001797056960
32844903756
1005002593264940
1005002873443650
4001218221381
1005002847898912
1005003322439912
32947856766
1005002728157825
1005003203694322
32970816413
1005003294085021
1005002314773227
1005002990970098
1005001368857996
1005002755276526
32818464603
1005003175860610
1005003236300813
1005001597544619
32981730076
4001036650348
1005001495282627
1005001961069794
1005002559800853
1005001989271288
32723853090
1005002856497615
1005002467995916
1005002837738818
1005001994004732
1005003099078905
1005001699349731
1005001663198788
1005003200114458
4001045399462
1005003097243933
1005001795549967
1005001562655504
10000344996831
1005002052084314
4000720581709
32982223229
1005002482163424
1005003352966808
1005003322769238
1005002782106814
1005003014285757
1005003006065989
1005003333856705
1005002260229709
1005002129851807
1005001605657271
1005001284927108
4001315768195
33008434349
32954001893
1005003025334047
1005001965904942
10000000251452
1005002705507087
1005002650693374
1005001792408065
32840868399
1005002197128384
1005003387451662
33045256216
4000097087784
1005003345948743
1005002996410135
33040638237
4000114948411
32563410947
1005001953352281
1005001513791129
1005002583917373
32991858548
1005002910194493
4000164281840
4000308654603
1005003380055074
4000786770646
1005002615170221
1005003032968049
32852384913
1005002534255944
1005003302546809
1005002537164473
33041910747
1005001515649457
1005003115058008
1005003241166590
1005002841359487
4000472805272
1005002228582051
10000007416681
4000770423472
32816924941
1005003311559696
1005003086867382
1005003219970371
1005002144420868
4001336071891
1005002144267749
1005002855012425
1005001657616847
1005002559205030
1005002402692161
32841712980
32643412983
1005002192164854
32961672802
1005003172172601
33054516954
4000154705561
4000033114302
1005003136020075
32901406726
1005002705930623
1005003344899087
1005003280165015
32958357702
32960246192
1005002186075192
1005003102558908
1005003379304910
1005003124143325
32802399549
1005001900971232
1005002717146170
1005002812510431
1005001565492430
4001169938815
1005003386264498
1005002486862706
1005002612656119
1005003338938234
1005003076574173
1005002657371565
1005002023409441
4001356324266
4000858754317
1005003003790744
1005001711362393
32992060146
1005002614232449
1005003101313564
1005001953710306
1005001590750141
1005003386016991
1005002309353316
1005002761660795
1005001949027682
1005001321659920
1897573895
1005002421450477
4001365867553
1005002532453083
1005002770632059
1005002833811477
1005003020824925
4000580228275
1005002259817389
4001167904635
32870181959
32923992320
1005003188601503
4000044701494
1005003006382093
32958328246
4000389182359
1005002961440773
1005002133695464
32969789544
1005003184490444
1005002357626599
1005002657076255
4000355079467
4000164315396
1005003035838650
1005001845931623
33013753006
1005002609114539
32827555730
4000626001997
4001027818187
1005002313752305
32456091849
1005001343024907
1005002708920145
1005002434190608
1005003158452005
1005002781642175
1005002344982458
1005003241750517
1005002912034547
1005003292356719
1005003386212987
1005001771754389
1005002635361450
32807276651
1005002400066037
1005001298339204
1005002821776585
1005002683382530
1005003192993191
4000441141852
1005002965447784
1005002604482016
1005003062267625
4000289340779
32688304845
4001053663842
1005002313770731
1005003027909767
32826922511
1005003007206309
1005002459829705
32998029796
1005003100735417
10000402400809
33008666312
1738928347
32878532126
1005003318721017
1005002041955832
1005003019194043
1005002422847925
1005002358990208
1005002220811311
1005003229379625
1005001296933885
1005001587677587
1005002317980972
4000170274835
4001324615863
4000074610386
1005002024566622
33024454062
1005001645004013
1005002275557441
1005003303580161
1005002028747193
1005003198508084
32820729873
32998422601
4001156131200
4001022888267
33005095978
1005002221179098
4000039461031
1005002718060471
4000135338845
32695479367
4001079895474
4001096305437
1005002490262954
1005003344896013
32904712894
1005003282560714
4000221556000
1005002964797715
1005002044642307
1005002688584676
32217527430
1005002982686106
1005003242091185
1005003036168327
32968583101
1005001636551638
1005002523377451
1005003364240689
33022492196
1005001645098721
1005003018355030
1005002994357307
1005002404088977
4000407838857
1005003303465066
32853704433
1005002624349811
1005002122585205
1005003336334053
4000917058363
33010339798
1005002295373478
1005003022009317
1005003028134855
32849376032
1005003091801087
1005001714812393
1005002787457865
32785606232
1005002492616301
33059288479
1005003072600468
1005002741298683
1005001328886560
1005002827177983
1005002754239021
1005002564294698
1005002637408855
1005002651129529
32877021378
1005001688203157
1005002218933272
4000370153092
4000407330885
1005002869364600
33009870500
4000080686862
1005003197823113
1005002316440018
1005003136152261
4000692882048
1005003249528163
1005003027495565
4000532548773
1005003196340733
1005002915305550
1005003109106608
1005002623406182
1005003009656912
1005002530482588
1005001715921565
32990931550
1005002905986236
1005002747417301
1005003153223558
33010923666
1005002206163685
1005003032067384
1005001484431566
1005003245856882
1005002945648996
1005003058281612
32791150104
4000805326710
1005003201643238
1005003148185411
32331181779
1005002910546661
1005003296541987
4000221804425
1005001355527443
1005003041313646
32850850525
1005002715298387
1005002617711508
1005003294530588
1005002613371479
1005002077184726
4000007333327
4000630717777
1005003330065938
1005003370517124
32978462985
1005002960281820
1005003349443019
1005001514858193
1005001856152152
1005003100992404
1005003311489105
32725202396
1005003219340892
1005002831629613
1005003333527548
1005003009795175
32899163511
1005003082408440
1005001767836713
1005003263932422
1005002583093061
1005002667489103
4000044026475
1005002666816679
1005001890205815
1005001333977154
1005003335167807
1005003178876476
1005003140821974
1005002790428193
1005003267879877
1005003331750818
1005003387286645
4001156738807
1005002939465273
1005003316249589
1005003342052824
33058421626
1005002752319752
1005003112036415
1005002264401284
1005001713006465
1005002329320211
1005002582721364
1005002908612618
1005003014118521
1005003110085304
1005003152138082
1005003107115345
1005002737707735
1005002753786372
1005002996563098
1005002755995311
1005001666270928
1005003023690419
4001108617560
1005003025017087
1005002502111587
1005002777242613
1005002567542384
1005003065947161
4000083906617
33020506827
1005003205354555
1005003018212436
33062614527
1005001861428960
1005002604586280
1005003222944305
32962129977
1005001369752311
1005002809881155
32878945776
1005003124165550
1005002293895471
1005003290540189
1005002711395824
4001271136538
1005002926727229
33004199762
1005002917847384
1005002831218272
1005002630034375
1005002930699292
1005002299355119
1005001518758036
1005002474341852
1005001883512200
32798534364
1005003125086254
1005002235385978
1005002872331708
1005002317717056
1005003001399862
1005003287156248
32961185420
1005002894765245
1005003043515153
1005003278554629
1005002997406498
1005002386797930
33045777354
1005001430571779
1005002798175199
32870249148
1005001677503317
1005003279803757
1005002338564819
32822042310
1005001774350161
33060787157
1005002656441250
1005003041049219
1005001967606912
33012670307
1005003332800189
1005003219453263
1005001639338351
1005003039312417
1005003096169396
4001053915605
1005002966202041
32591359055
1005002835471229
1005001586253250
1005003071889572
1005003269834196
1005001872963822
10000374374018
1005003285475133
1005003382442386
1005002511394077
1005002668396073
1005003016336332
1005003019241222
1005001774322949
1005003123282551
1005003318490074
1005003303974824
1005002148289158
32913278058
33062070063
1005002704772440
1005002001561130
4000899823270
1005001474323300
1005003351749140
1005001378984918
1005002978151380
1005003290395013
1005002055023042
1005002095068265
1005001325784077
1005001441326629
1005002992177782
1005002852061194
4001031401554
10000088375476
1005001792258822
32857324126
1005002432501841
1005003237836808
1005003264913517
1005002886322591
1005002723447533
1005002951283225
1005002809053740
1005001442000180
32837109005
33047954519
1005002596944312
1005002122579185
1005001770237262
1005003168418244
1005002708267657
1005003214420067
1005003276899190
33032964392
1005002959444236
1005002099991971
1005002931761828
1005003173003792
1005002005764701
1005002954894955
1005002911226419
1005003177887952
1005003001346398
1005002632417862
1005002773689820
1005001934331934
1005003083470685
1005003199507366
32997493198
32616319533
1005001453079979
32951924445
1005002345455957
1005001685695229
1005001393829623
1005003208477414
1005001695409763
1005002259831818
1005003314998907
1005003175416137
4001290491137
33032317911
1005002353745239
1005001861054398
1005003152095779
4001076843568
1005002739514626
1005002605676120
1005001697710565
1005002973845288
1005003042092608
1005002598067089
1005001883508019
1005003326292407
32483923899
32949753244
1005003289919384
1005002823410624
4000066894818
1005003163403128
32962442912
4000383317186
1005002558001388
4000802257638
1005003277527104
1005002091408936
4000158618955
1005002871130615
1005001465536373
1005003284765611
32964089577
1005002950478580
32749638777
4000296259353
1005003069205398
1005001621983091
1005002886212657
1005002536709150
1005003065513371
1005002858592588
1005002722640422
1005002592719540
1005001935124013
4000481453743
4000105704660
4000176061675
1005002949464770
1005002356244169
32899707708
1005002608929392
1005001972763265
1005003390206395
32970291295
1005002495109045
33011628082
4000140309048
1005003330894427
1005001614600728
1005002592130520
1005003298419879
1005003299211872
1005002697686581
32774539834
32973240716
32596206151
1005002128525353
4000619256953
1005003241247478
1005002787585476
32554194179
32975966232
32577663724
1005002513670228
32964284230
1005002957886425
1005003048778247
1005003365324155
1005003242853227
1005003064735011
1005003381639413
1005002996468309
1005001525424552
1005002935269684
1005003354487453
1005003234992299
1005003254300954
1005001406521304
1005001556493869
1005003133577773
1005002037990483
1005002862777464
1005003304050157
1005001624021997
1005001770365870
1005001843624119
1005003016529182
1005003255588881
1005002074524848
1005002425667403
1005003183430645
1005001388899397
1005001692990995
1005003179605032
4000310962169
1005003031686619
32832856878
4000924326921
4001285245338
1005002657295384
1005003391524083
32823173559
1005003041462087
32570051232
32821356602
32881787509
1005002123590567
1005002804906145
1005002780689392
1005002777331734
4001061872762
4000078982621
1005002890762731
33014906225
10000064176679
1005002280877780
1005001774529431
1005001339116248
1005001368482171
32690267414
4000817954871
32970565227
32867133287
1005003014612187
1005002851294904
1005002964409028
4000589552176
32986705867
1005001429734998
1005001709041131
1005001933809055
1005002970933859
1005002893772356
1005003369079328
1005003228426710
1005002544938868
1005002549058501
1005003286054222
1005002410835896
1005003158614558
1005001288102020
1005002823163610
1005003025822373
1005003296396727
32815981229
32827991769
1005001934886056
1005002035755484
1005001918153996
1005002692532260
1005001703771659
1005003009479512
4001187548597
32938533019
4001331404263
1005002050652076
4000187404218
33015347408
1005002978716213
1005002314035698
1005001688001330
1005003292030345
1005003301086600
1005003062397328
1005003264636923
32858002813
1005003093737191
32890611763
1005003380225135
1005003337730155
1005003148930571
1005001518580289
1005003092653038
4000356819512
32294422310
1005003247557039
1005001586072313
1005003239983572
32866737084
4001188372354
1005003146130383
1005003299377637
33000428764
1005002527866715
4000379082737
1005003016890938
32818764530
1005003323329285
32293084157
1005003015419118
1005002775222728
1005001515144369
32763316696
33057169138
1005003306905855
4001074932642
32881187497
1005002439960679
33001465611
1005001926395566
1005003259138353
1005002219691792
1005003112537209
4001068373727
1005003212086368
1005001646597555
4000055162238
33025189490
1005003167600112
1005001630778866
1005003170706301
1005001495711717
1005003174803155
33034080715
1005002996226167
4000785383647
4000970527269
1005003013905578
32911871376
32995399750
1005002960424057
1005001995106774
1005003379977669
1005002133792725
1005003335112069
1005001995379177
1005002107644766
1005001702940644
1005002978063377
4001291000998
1005002780348919
32824260152
1005003070789876
4000158056108
1005002599674442
1005002803869186
1005001941059944
33000559932
4000864947076
33051596798
1005001525371689
1005002201566631
1005003106832602
1005002899202711
1005001493821134
1005002301636782
32705243931
1005003280097139
4000048382389
1005002138119589
1005002219505223
1005003152170919
1005001456648490
1005003301979254
32917932670
1005003171302586
4000699051890
4000910705265
1005002305477436
1005003264959525
1005002776270874
33054871125
1005002320874976
1005003214409308
1005003223164652
1005001441312786
1005003341779336
4001061270366
1005002571616588
1005003129227505
1005001870464394
1005001813912767
32840572392
1005002272317314
32809942622
1005002541546376
1005003187577277
33029457678
4000687111496
1005002299756529
1005003034662367
33056635669
1005002836114021
1005003247648360
32884437033
1005002035691850
4000908346368
33050827576
1005002643016877
4000090424416
32994651790
1005002957720648
1005002460209035
1005003112169967
32887179989
4000018438097
4000472898115
1005003221862871
1005001393499335
1005003236033566
1005003082059379
1005001389039997
1005003343164847
1005001652052825
1005002573614759
1005003222651160
4000043798968
4000918147645
32838385736
32346213587
32976230831
1005003058547614
1005003328076484
1005002967307091
1005003083423892
1005003298975532
32803116346
32873659122
1005002857249846
1005002754431642
33035863491
1005003168828534
1005003163104743
1005001441410538
1000001312690
1005003310050095
32888964229
33014151748
32975383534
1005003294654240
1005003322990060
4001103650146
1005002140302815
1005003379948637
1005003166354095
1005002617370606
32860029095
1005002301395788
1005001539914924
4001220801552
1005003240236266
1005003198994569
1005003258495254
32865842803
32960113406
1005003320117875
4001036804310
32995284880
1005001520880844
1005002362219354
1005002824612299
1005002275824935
1005003241471045
1005002175979557
1005001709925810
1005003328120146
4001118178151
1005002327028226
1005001474563529
1005003267664574
1005003380068941
4001290560880
1005003329441497
32920471068
1005001563971213
1005001665301245
1005002298124199
32871244718
4000706093566
4001110851596
1005003245947297
1005003348841468
1005002389178669
32969629261
32544642484
32953369000
1005001320867016
1005003259299591
1005002313636460
1005003106403286
32956157365
1005003260861597
1005002346404731
1005002065843240
1005002925606898
1005003375148685
1005002670199804
1005002486267258
1005002468934666
1005003082059078
4001038787603
32913741134
1005003161899625
4001089974729
1005002072297890
1005003349733790
1005003144228898
1005001374525125
1005003271559824
1005003384952533
1005001411806719
1005003051095166
1005001291931648
4001285200326
33049950481
1005003248313482
1005003097173884
1005003387802507
1005003300410193
1005001909002618
32982351831
1005002111901909
32880036340
1005002054004332
1005002776059032
1005002366136461
1005003277039220
1005002813755479
1005003336585440
32895294624
1005003316919543
4001297517438
1005003136404841
1005002332306879
4000691467931
1005002709283778
32734947156
1005003211636877
1005003041537476
1005001447139992
32873492551
1005002989013883
1005002995847364
4001222417501
32856799560
4000963590733
1005002890574323
1005001398820506
1005003128369978
1005003309295550
1005003336322180
4000695664468
1005003227267636
1005002495715343
1005002567376162
1005002346375382
1005003005112615
1005001493765797
4001305851966
1005003021163830
1005003129355172
1005002668614005
1005003147130328
1005003235484530
1005002842521437
1005003165163193
1005001682141052
1005002999090201
1005002918675069
1005002968540200
32954954171
1005003304665758
1005002722696781
1005002762517481
4000179089308
1005003277248348
1005001705531056
1005002320697732
1005003344260941
4001295877435
1005002559839652
32876117277
1005003239895332
1005002102366373
1005002894682380
10000395886997
4001360357772
4000025953631
1005003171822014
1005002419870469
4000116097265
4000311247903
1005002582988555
1005002480370011
1005001851658348
32786322290
1005003075304133
1005003196647161
1005003325515142
1005003126209032
33042392189
1005003124453411
1005002541890042
1005002976905906
1005002277179800
1005003022057397
32974806619
32878104113
1005003330994468
1005003320283203
1005003292658687
32800185990
1005003305373657
32856504393
1005002270979898
4001020604736
1005002167377605
1005003081137241
1005002765158502
1005003316799586
32960401725
1005003279995882
1005002717156656
1005003336461183
1005002881181715
1005002624281020
1005001598344206
32958173465
1005001865860798
4001067459501
1005002310303924
1005002974188754
1005002635473065
32849565724
4001338939109
32898308798
1005002316036347
1005002029172211
1005002239536389
4000079038378
1005001265394799
4000055686084
1005003340534008
1005002837526074
4001326029584
1005002716014081
1005003383527259
1005002771112302
33060878364
1005001631128241
1005003336421122
1005002975112531
1005002461128731
1005002354445613
1005002305445793
1005003392373449
1005003135635210
1005003386006139
1005003265625378
1005003032503786
33036173541
1005002469027211
4001142347303
4000118488529
1005002880349226
1005003001456152
4001139383462
1005002678887087
1005003318542846
1005002623819886
1005002789313097
32503960299
1005003067089331
1005003130600229
4000197914392
1005002396117101
1005003232288725
1005002628023545
1005002048392344
1005003352690289
1005001513848280
1005002323184297
1005003065801586
33035056922
1005003109310535
1005002290976912
1005003289816243
1005002840365504
1005001850503482
1005003116900702
4001244762146
1005002393915440
1005003149715665
10000032026650
33033832916
1005002271648808
4000526273336
1175558765
1005003136512684
1005003198539343
32847081424
33037557781
1005003100660824
1005003207604814
4001184628649
1005002756009569
1005001973593058
1005002027796907
32955316200
32824518634
1005002129770984
1005003227668337
1005001592416335
32881851854
1005002615602912
1005003340161840
1005003205628628
1005002484156469
1005002661426918
1005003015803337
1005003115160185
32988037905
1005003214428680
1005003113775403
32930712259
1005003107250122
1005003066025985
32810444213
1005002311975115
4000198245565
1005002395487419
1005002842912525
1005002038174383
1005003202953681
1005003171624754
1005001977550103
1005002875144819
4000411268841
1005001899290609
32860025763
1005002280856490
1005003282994370
32769519889
1005001860077273
1005002175384564
1005003339937244
1005001782760843
1005003264679500
1005003385109475
1005003149780754
33006204113
1005002930299383
4000727199401
1005002647205980
1005003256121348
1005003175313867
32944554748
1005002284273633
1843907922
1005003114739526
1005001967448959
1005001865159461
1005003369771435
1005003099723950
32866373935
1005001691249473
32798056042
32656531190
1005003381501102
4000084824377
4000025838527
1005003312345561
32996225064
4000731626078
1005003268215191
4000576190715
1005003219635579
33045741584
1005001305179568
32933810137
1005003292931377
4001187724537
1005003008335163
4000838408009
1005002936072245
1005001417595015
33023435474
4001297156062
32980087225
1005003186804300
1005002949546904
1005002735058024
1005002063744330
1005003241502294
4001223459074
4001106685171
4000979086108
1005003276643056
1005002002386558
1005003168600535
1005003332203891
1005002732293381
1005003286821426
1000006779067
1005003197765508
1005003274420623
1005002614538248
1005002957045010
4001037614080
1005002090940165
1005001585254655
1005002752490234
1005003386452143
32863931421
1005002549858283
32799006775
1005003063705388
1005001320457139
1005002067806657
1005002559105913
1005002989553963
1005001799147710
1005001652314748
1005003291946857
1005002517763083
33010348229
1005002133429511
4000119452316
32847862970
1005002570537891
4000010019704
1005002297387916
1005003027219593
32959272575
1005002391933741
1005003236082324
1005002848405454
32814452215
1005002567706360
4000492277400
32836201358
33028053628
1005001762939523
1005003149113135
4001185952470
1005003093929067
32864664078
32868360014
1005001567279456
1005003097106469
32897257984
33053972617
1005001620362792
1005001680575327
32977753346
32850996111
1005002885205203
1005003037371608
1005001589145318
32848925030
1005002054514967
1005003316186711
1005002863114817
1005002795867666
33034240541
1005002642699228
4000990042815
1005003129881469
1005001632349383
1005003343167445
32917429753
1005003156285045
4000640988112
32822246172
4000999190331
1005001368044079
1005002316304684
32776752860
32840870251
1005001577298230
1005002129091514
4000381133643
4000119420941
1005003092959565
1005002662155949
1005001562964802
33048160316
1005002767677408
1005003093437119
4001066142516
32840376218
1005001936871734
1005002558823736
4000202749282
32855037355
1005003257023778
1005002631865161
1005001470055774
1005002811620224
1005002095487480
1005003206087071
4000701739599
1005003364368398
33038741102
4000626152723
32492835903
1005002724603240
33031290199
33062614527
1005002704551728
1005001537837612
1005003109513810
1005002337513952
33041361751
4001230332694
1005002857391563
4000627022486
4000476246332
1005001570980129
1005002830645827
4000143968276
1005001499684566
1005001858034750
1005002393055031
1005003109375876
1005003328811924
1005002959686183
1005003272215417
1005002996213144
1005002283651283
1005003065954470
1005003364028502
32974195632
1005002270973957
4001084738757
4001051221329
32924427100
4000842374130
1005002551574995
1005002568107881
1005002943031391