1005002907561983
1005003392869174
32966483552
1005003106433490
33008000854
4000104262520
1005002605736548
1005002995722276
1005003384894863
1005003152494491
4000311675037
32872963207
1005001696055592
1005003152006656
1005003278937768
1005003302878048
1005003204124325
4001206102876
1005003014077548
1005001278086522
1005003223311244
33028562110
1005003379297624
1005001709882746
1005003336846579
4000921634274
1005003240632397
1005002803714350
1005002666948150
1005002375929652
32842120269
4000708435380
1005002986530849
1005002583666928
1005001667049438
1005003221678714
32860793701
1005001644784031
32885795139
1005002911185163
1005001373589698
1005003310598608
1005001540922435
33047086360
1005003304509216
32837880914
4000305029669
32881752816
1005003369061785
4001045124671
1005003100386259
1005003113004404
557121676
32819684719
1005001870079190
1005002207389184
1005003154570755
1005002393066087
33056330815
1005002219524076
1005001519449526
4000456961888
1005002948487515
1005003156057442
1005003382329926
1005002355243886
32889769968
1005002856272543
1005003017164288
1005001664494152
4000603240301
1005003025087371
1005003352634940
1005001644510445
1005001562675397
1005001819175320
1005003214986423
1005001441305818
32788553183
1005003294291617
1005003128843514
1005001415526106
32963073818
4000666352152
1005001637455541
1005002618209650
1005003170428345
4000628154939
1005002905706366
1005003281075051
4000628079380
4000223695147
1005002503408661
1005003117720353
1005002833089513
4000895576192
1005003246230410
1005002656917424
33003380032
4001238373744
1005002204166812
4001299331236
1005002254787753
1005002649053560
1005002911862434
1005003209730660
4001079032894
32825481856
1159666639
32922757186
1005002709576800
1005003060533142
1005003043558324
1005001392901664
1005002776280940
33054459765
1005003339410268
1005002536487865
1005003366165085
33026008136
32887370563
1005002611929683
32908419710
2030077270
1005002848363025
4001112771219
4001163651667
1005002558612338
1005001753392859
1005003359972886
32951678408
32887378300
1005003209306008
1005002951677955
32917708551
4001153345174
4000056459390
32787375077
1005002574528466
4001001915272
1005002175734636
1005002264826001
1005002636782016
1005002339569973
4001158232059
1005003347167184
1005003139975575
1005003245885450
1005002755961003
1005002162816024
1005002797243075
1005003215767363
1005002341637802
1005003379111725
4001245037976
1000004392010
1005002733632370
4000192988246
4000877958583
1005001792925970
4001061913527
1005003148046861
1005002356854582
1005002608916573
33048595219
32949188088
1005003207786093
1005003212670172
1005001877191033
32952608396
1005002711334164
1005002394007163
32879579416
1005002753865572
1005002033335644
1005002256636014
1005002641825647
4001281152157
1005002667705250
32662498092
32273499105
32902042093
33045495011
1005003205915171
32992049181
1005002496509321
32607563710
1005002996731447
1005002836919138
1005003172448117
1005002798972310
1005003384967944
1005002390547818
1005002532104715
1005003212451171
1005001411686141
32984270619
1005003161511150
1005001321449980
1005002981731769
32670366856
1005002395324714
1005002601021538
1005002591674817
1005003069432323
1005002953513547
1005002881585568
1005002732112461
1005003298396526
1005003146308781
1005002941240778
1005003098544859
1005001657791862
1005002538607787
1005003151404257
4000981648949
32907789562
33056232327
1005003282171829
1005003340982194
4000893754916
1005002405398645
4001066923741
1005002952051149
4001241633429
1005003286966316
1005002352789235
4000116558527
1005003324878939
1005001958564009
1005003211168739
1005002796306675
1005003152364553
1005002718815857
32914402011
1005002866938625
32996630453
1005001992336319
1005002340934368
4000504784179
1005001402593716
1005003335472397
1005002329538333
10000088122285
4001186574061
1005001795245141
1005002818123747
4000019446423
1005003315411900
1005003282402252
1005002353310610
4000191735898
1005003310160303
1005003000646344
1005002688791621
1005002638204244
1005002765008766
1005003052670015
1005003163388393
1005002424258477
1005001999146965
1005002749116332
1005003204037292
1005003268070720
33016574255
1005002753356818
1005002077910146
1005003067659744
1005002198910172
4000215475315
4000780732087
1005002559622457
1005003206883396
1005002592130520
1005003334807533
1005001274169312
1005002992498027
4000089317276
1005002797929771
33032461137
4001308279295
1005002601104788
1005003385065217
1005001754909723
1005003369760087
4001230317830
1005002273449503
1005002760471712
1005001344275164
1005002225826096
1005003354001553
1005003147518516
1005003070031503
32967852788
1005003304426618
1005003182704271
1005003364573314
32815810001
1005002788518214
1005003183460582
1005002882108502
1005002636605813
1005001284200241
1005003385523515
1005002320563315
32979651280
1005002842692620
1005003281261899
4000048457070
4000833822111
1005002710682379
1005001350871005
1005002531609863
1005003227452315
1005003113084307
1005003380347016
1005002974200042
1005002473360716
1005003111527317
1005002481510045
1005002558954006
1005003282683386
32862734467
718351429
1005002085195875
1005002016991505
1005002276412932
4000833084649
1005002937685434
1005002765800655
32916582668
4000204286394
1005003317701713
1005001928428676
1005003354216256
1005003164793341
32974738456
1005003280542039
1005002861650640
4000509774825
1005003219789887
1005002947774977
1005003212422829
33052188767
1005002948525493
1005003089053811
1005002796146066
1005003389364445
4000817595971
32763834219
1005002091562712
1005003383510815
1005003332053580
1005002273064846
1005002730380491
1005002871996560
1005003136299140
4001276519375
1005001689867019
1005002906480432
1005003365452087
32994270001
1005001752885748
4001057062994
1005002334012337
1005002737903265
1005002293101334
1005001518363343
32831464678
1005002974387888
32820968466
32798578140
1005002289325949
1005001592682714
32990995989
1891619346
33025449586
1005002280851737
1005001506503336
32826719984
4001106307439
32898806636
1005002851592025
1005001782004010
1005002852503992
32917364543
1005003031624063
1005002567791468
4001111007058
1005003269574331
1005003280800196
1005002989717359
1005003312510788
1005002386737896
1005002540750760
1005002428929156
1005002989313157
1005003332316990
33034395360
1005003318796078
4001199447613
1005001620666563
1005001817022443
1005002390097559
1005003149124721
1005003101946043
32954601345
1005003364792430
4000763656725
1005002161602743
32967659484
4000474364351
1005002941263244
1005003016363173
1005003175432360
1005002978917552
4001289284673
1005002776351291
32955380126
32808801998
1005003359665138
1005001971980228
1005002611892333
1005002281268196
4000392747085
1005003281330761
1005003202055961
1005001419441702
1005002570190809
1005002875388237
1005002967411679
1005001879911675
1005002689888985
32965196500
1005002563788940
1005001557125546
1005002746707499
1005003150719196
1005003204621025
1005003368591873
1005002781258711
1005002989095890
1005003020863201
1005002840092076
4001232253336
1005003186056536
33020932518
4000398824379
1005002960514260
4000655673106
1005003340490294
1005002239766360
4000271658369
4000401155804
1005002302335588
32719647762
1005003391239886
4000860128590
10000217917197
1005001678978299
1005002782833416
1005002997385507
4001350373485
1005003265345956
32949710986
1005003149925890
1005003339610992
32809383617
1005002674551892
1005002907494039
4001302829593
1005002398961008
1005003193620923
1005002680019563
4000907117719
4000902331223
1005002369665870
1005002854491560
1005002004040536
4001147008343
1005002868524997
1005003175147603
4000332736529
1005003040021428
1005003179046507
32999523297
1005002837562901
1005003385555010
1005003214592066
1005002220038216
1005003370720917
4000455938600
33004461180
1005002957222940
4000287797520
4000045598061
1005003308867279
4001214024589
1005003261806664
1005002931660797
1005002863485667
1005003113823794
1005002960395307
1005002068697374
1005002809951116
1005001689107210
1005002775070387
4000413886614
1005003160516307
1005002247504466
1005002977460890
1005003171482874
1005003111159263
1005003171022047
32966613524
1005001976964208
1005003295821348
32537593590
1005002835240430
1005003051343962
4000725242640
32922495858
1005002072583168
1005003364034399
1005001646741964
1005002656768951
32813782083
1005002313089517
32975507592
32982686549
1005001671189243
32735388045
1005003254954881
1005003212237568
1005001629314912
1005001353949212
1005003004852616
32965488229
4000990590167
1005002884874160
1005003128026465
1005003068677356
1005002803215918
1005001279107300
32982780332
1005002089451413
1005001841556976
1005003344295043
1005003030986547
32910285422
1005002748039362
1005002989884051
1005003310939435
4001165111589
1005002394517650
1005003024852081
1005001893982438
33050531268
1005002028072776
32993657881
1005002546938923
1005003368546519
1005003219712582
1005002619071714
1005001506713288
32977667495
1005002534070544
1005002722986694
32857483482
4001121594138
1000008629295
1005003202178464
1005002837804606
1005002137351725
1005002862620565
4000419750854
32829239976
1005002353339456
4000987430191
1005002288766391
32982832579
1005003113693605
1005002651416331
4001042027672
1005003218288292
1005002218356875
1005002950968488
32789012136
32438930675
1005003019169368
1005003121142085
1005002481122659
1005001893815611
32220191125
4000925661092
4000079117589
1005003279475722
32909352417
4001153411373
1005003197227820
4000378071013
32983715766
1005003014136038
1005001429455707
4000401353487
32858434208
1005002232176419
32809784819
4001271631919
1005002775788526
32841651650
32807459509
32996078034
1005002585019630
1005002258871352
1005003224509040
1005002779093523
1005003105099009
33028242812
1005002948960649
1005002872350544
32969582049
4000829418273
1005003063865910
1005003112339725
1005002327821155
1005003081441833
1005003266690659
4001285187535
1005002903856186
1005003361747911
32888916209
1005002885873945
4000315226683
1005003380867758
1005002932488081
32823178541
33003915795
1005002777204763
1005002796720638
32947686072
1005002642423990
1005002834882980
1005002503807988
1005002614329048
1005003351771233
1005002921918109
1005003340750725
1005003152087627
4001195540648
1005003250082259
1005003131714563
1005003330057361
1005003185155366
1005002669175365
32992406129
1005003315101230
32959955358
32821040328
1005003098493604
4001360034450
33041358676
1005003243956392
32969624353
32917637808
1005003144283324
32972174225
32965352311
4001331050737
1005003354109102
4000108206501
4000384713845
1005002043239623
1005002064645263
1005002761716843
33030750005
33000357117
1005001775181607
1005002963955319
1005003187774261
1005001543333790
1005003274120724
1005002832167100
1005001912516316
33005374312
1005002727385971
1005001812735785
1005002891663533
1005001392544240
1005003321050097
1005003142022507
1005001906981025
4000315449078
1005002921561429
1005003113241755
1005001493528393
1005002361467463
1005001698825550
1005002488072203
1005002781648690
4000917997734
1005002870853563
1005002868639282
32975426468
1005002592592357
1005002751663681
1005001335861078
1005001593167431
4000569858654
1005001702946584
10000343905249
1005003077146186
33040691593
1005002857154998
1005003003187264
1005003380008577
4001027398611
1005002801132184
32717361796
32776479137
1005001407003041
32726560403
1005001692269066
1005002187106377
1005003186320621
1005003333329249
32726466734
32995683591
1005003198661218
1005002529466597
1005002546408200
1005001456398681
1005002829166131
1005002857104207
32989739169
1005001901243193
1005003385337017
1005001560826705
459718330
1005003323636949
1005001303612338
1005003317769520
1005003160876773
1005003008716397
1005002745460522
33034391629
4001264451811
4000492964430
32873239408
32838788787
32656145621
1005002951909703
1005001593392788
32953626941
1005003277551736
1005002361623351
32961396014
4001142213678
33043904470
1005003283351041
1005002970914668
1005003259291196
1005001935651922
1005001916504464
1005003169943369
1005001514956900
1005001843713686
1005001466288900
1005003387830277
1005002958982447
1005003189850744
1005002607721052
1005002077608672
1005002731215446
1005002813288313
1005003167592803
1005002359030649
4001311030726
4000960563681
1005002603899510
1005001891865814
1005001774337796
1005002103196224
1005001355229453
1005003305256899
1005003102940748
1005002679751337
1005001451615613
1005003098604600
1005002885347663
4000927002641
1005001787359609
1005003062093658
4001164423821
32541593833
1005001678053589
1005003385611079
4000344975661
32964261239
32791769485
1005002225402125
1005002963811312
1005002564206741
1005003147117437
32794043472
1005002509165987
1005002897414387
32980396138
33004066291
1005001520327674
1005003340570444
1005001925134997
1005003072482758
32976866583
1005001737869372
1005002718313799
1005003026629553
1005002931898130
1005002748688261
4001165561916
1005002647299271
4001108704217
4001137340536
1005002703430167
1005003375120557
1005001406182611
1005002293399122
1005002871824761
1005002732789474
4000288092196
1005001333542546
4001084208800
1005003124945373
32891534359
1005003274340900
1005003196789111
1005001864791526
1005003325840811
1005002753353333
32899220058
1005001824015788
1005002769025067
1005002995942699
4000237310473
32735388045
4001204375663
1005002613004728
1005002834690011
1005003337272019
32528254919
1005003117066838
1005002397072103
1005002970461551
1005003228666891
1005003009574751
1005002384864946
1005002394418056
1005003218175249
4000381091706
33036792638
1005003249627538
33008336398
1005003147359122
1005003370235779
1005003147380595
1005001462253343
1005001723297516
1005003227060852
32955385967
1005002394190750
1005003161535655
1005002289105878
1005003350771078
1005003181141732
1005003079207127
1005002912186020
1005003124987983
1005003062715167
1005003102914515
1005001510962248
1005001906012771
1005003343097119
1005002944454232
1005002888718591
1005003089461404
1005001535708880
1005003386849640
4001035220737
1005003241073296
4000297383911
1005003095704544
1005003337945233
1005002534170125
1005002840464950
4000005808126
32966196363
1005003232643082
1005003066794789
1005003323763593
1005003308493300
32901818547
1005001915263111
1005003164896275
1005002971012259
4000615113514
1005002913525479
32864948446
32693502180
1005003122851235
1005003344009754
32788089158
4001137725556
1005003308674692
1005002582829791
1005002289572442
1005003356505144
1005003382127045
1005003257933817
1005003385531648
1005002021503614
32917147586
32786970935
1005002982036514
32970102956
32812488472
4000971015931
1005003228825300
1005001870529157
1005002250204893
1005002689728952
1005003136267715
32654178527
1005003145361261
32713539820
4000863276575
1005002345199928
1005003312143984
1005001585139656
1005002935964372
1005003123705086
1005002926750529
1005002240688753
1005003126344564
1005003260236855
1005001419146320
1005002863008272
4000744983278
33059488934
1005002963820083
1005001504880772
1005002584070772
33035818899
33055776276
1005002276145039
1005002614164975
32788024856
4000894363566
1005003003739924
33032225326
1005003305259906
1005003100597616
1005003034320647
1005003385305837
1005001848923224
1005003150876893
1005003212999655
32990317487
1005001978099316
4001291288680
1005002186232441
1005002949054082
1005002198704984
1005002872072425
1005002073241433
1005003324542001
4001237930603
1005002316277439
1005001976013621
32871998002
32757832479
1005001615052330
32915217459
4000571107350
32857942125
1005003192328945
4001351083928
1005001585176347
1005002192352256
32770476615
4000986037635
1005003352500842
1005001572991378
4000268544559
1005003287751513
1005002984308430
4000853258487
1005003295029784
1005003364474104
1005003373634321
1005002589301700
1005002161354766
32863879170
1005001446448159
1005003183115948
10000395839088
1005001619677960
1005003388471445
4000643457147
1005002821826078
1005001338755375
1005003098673050
4001147912736
1005003079567967
1005003252329156
1005002991157583
32865070944
1005001734439753
4000772373426
32337286470
4000807773955
1005003238940786
1005002593137794
1005001596406285
32956580826
1005003392629114
32981262374
1005003017485943
1005003322349015
1005003100588462
1005003287154448
4001229883921
1005003072201931
1005003151113651
1005002896293710
33020234953
4000436868255
1005003024976318
1005003104363978
1005002809870262
1005003354590560
1005002330658665
1005003153227377
1005002193951296
1005002603821101
1005002796728817
1005002522159434
1005001472210685
1005003346257611
1005001596838895
32703668151
1005003345472769
1005003160325565
1005003337191609
32802539179
1005001562139152
4001019299389
1005003128704521
1005002683478124
4001338155636
1005001355662097
1005002588992511
1005003107152865
1005002789841954
4001068038532
4001252341738
32966598585
1005003276454685
1005001704569281
1005002360138054
32841941588
32774632550
1005003084693623
1005003006096750
1005003171185798
1005003093707542
1005003302957239
4001326800229
1005002491992417
1005002621306785
1005001858574880
1005002400529628
1005002921826591
1005003380625802
4001172664856
1005002712018332
1005003341887384
4001331112566
4000235145009
1005003233616903
1005003335562483
4000523721187
1005003254578855
10000397707565
4001017966345
4001360862290
4000786087508
1005002205923160
4001126701356
4000682653970
1005001529115003
4000783886221
1005003212866838
1005001822921961
1005003294437458
1005002512858175
33007356490
1005002755643815
32959941877
1005002983818178
1005003200648801
1005002478335026
32856934900
32999519419
4000041685351
4000666265095
1005001962397289
1005003031592568
1005001922910266
33032444119
1005002931328300
1005002754840177
1005001658401187
1005003106383450
1005001619448931
1005003369913936
32967691872
1005003309925675
1005002310440771
4000163322480
1005003305962627
1005002020205169
4000675060269
10000272134396
1005002775790812
1005003050150289
1005003235511116
1005003312317189
1005003082323076
1005001502456463
1005002890225297
1005003140158156
1005002865568622
1005003106853127
1005002808527974
1005003213852348
1005003338140065
1005002286170604
32856676151
1005002678233650
10000395822275
33022309098
1005003193256513
1005002429090946
1005003201713386
32301761962
1005002770956836
1005003005100694
1005003177907867
1005002619035315
1005003032806129
1005003355155368
1005002959373546
4000801551635
1005003129694714
1005002632172527
33031268415
1005002332031413
1005002132500693
1005002777367305
1005002952670090
1005003135864725
1005002758046380
32932048779
1005002482678028
4000642922576
4000244894013
32978463577
1005001693570528
1005002965329245
32962293953
1005002771238493
1005003283400481
32794798655
4001344060094
1005002646111606
1005003303839672
32946646692
1005002630620512
1005003233443399
4001110161054
1005003076697315
1005003066389360
1005002907555870
1005002313710454
1005002341793292
1005002119216409
32974471420
1005001487385612
32973421864
1005003115127919
1005002861232675
1005002661848308
4000826582554
1005001631283664
4000192051573
1005003202470187
1005003181388984
1005001984416267
4000610081315
1005003155089654
4001214188824
1005002017249198
32570328964
1005003291779069
1005001414050117
1005001788881519
33006616111
1005003288526187
32960651187
1005002647257520
1005002732798650
4000097560467
1005003112472869
1005003381188610
1005002594826232
1005002382951836
1005003331673414
1005002840525952
1005002967387635
1005001882701258
1005003249227321
32971564729
1005001831813243
1005003212314485
1005002490612629
1005003085301447
1005002837614997
4001332897129
1005003338101843
32779452292
1005002500083037
4001007257983
4001320339703
32870402203
1005003341561068
4001243991404
689118763
1005003137404173
1005003260216968
1005002948497008
4001192831042
32818820141
1005001936048164
1005001816520207
4000752152161
1005001803364496
1005002552909165
1005003251031841
1005001990939789
4000832491677
32856875951
4000510953643
1005001326448625
1005002708845578
32297690778
1005002781749439
4000932567378
32804465175
32733558557
1005002628886681
32893963587
1005002290079401
1005001936332169
1005003301988400
32849536315
1005001650556769
32818946200
1005002498803026
1005002996040134
1005001364755938
32880798053
33055637405
1005002545968837
32949832592
1005002791148818
1005001970873966
4001310400283
1005001968222793
1005002316246419
32821154319
1005002976189906
1005002866147998
1005003315898355
32956625839
1005003384645243
32654976381
1005003098880186
4000018464441
1005002934850712
33037763679
1005003019876321
4001263916049
1005003353988713
1005002200898234
33028371403
10000002739521
1005001948734930
1005001556493869
1005001812437244
1005002348769467
1005001587149422
1005002280739912
1005002511701047
32881241260
4000057550860
1005001971617013
1005003325262077
1005002745114554
1005001997638040
1005002423444325
1005001893915935
1005002271298678
1005003385236462
32965424560
1005002052686399
1005001764793604
32999867220
1005003307674994
1005003058058828
1005002939352825
1005002558866741
32798006502
4001247877407
1005002321007118
4001230959901
1005001992230970
1005002755939691
1005003167999383
1005002448599977
32467976407
1005002871560318
1005001957107878
1005003130016103
1005001704375223
1005003349503127
1005003364907783
1005003387785378
1005001603521903
4000788065983
1005003241830171
1005002106474472
4001125449177
33034958621
1005002612231106
1005003388422944
32870004941
1005002598868743
1005003171361162
32819646669
1005002788102014
1005003073325840
1005002196070955
1005003102340938
1005001547209758
32982949786
4001040792182
4000287457473
1005002185817381
1005002210853383
1005002050839677
1005002485093575
1005003309638574
1005003192918688
1005002393627696
1005002611519209
1005002827099449
1005003327482650
1005003359859722
1005002898008882
1005003066205369
1005002932048889
1005002035764182
1005002273636878
33033901189
1005003142752354
32841746282
1005002393072012
4000966103499
1005002960035846
1005001703785289
1005003353760775
1005003260828676
1005002495500633
32829042391
4000924021790
1005003079270450
1005002224022326
32821243370
1005003337263742
1005003157131400
1005003106839330
4000559522554
4000164895526
1005003002069311
1005001380063698
1005002617011871
1005002570419961
1005002984641730
1005003276078480
1005002957457104
1005002641695920
1005003333543661
1005001972895379
1005003380715349
1005003386265185
1005001901714869
1005003379979774
1005002851459043
33002067142
1005002394211419
1005003375178530
1005002095248620
32998469642
1005001877565176
1005002451573551
32994078687
1005002888806394
33029572397
1005002957010900
1005003305608447
1005003309023366
1005002022743389
32974995101
32486553574
1005002919644041
1005002577855291
32803828834
1005003239028931
1005003224896151
1005001669750429
1005002040152786
1005002983521171
1005003075277145
1005003111357441
1005002695880735
1005002006449606
1005003129278896
1005003154664222
1005003026849555
1005003386489187
32920191271
1005002136342900
1005003208826620
1005002701484750
1005002885732522
2004741351
32998910705
4001038052191
1005002023262315
1005003361424207
1005002759656913
1005001929716945
1005001626160534
32796121659
1005002273157493
1005003380674127
33002175492
1005003123128900
1005003176614467
4000421122664
1005003019931212
1005001939991680
1005001896305628
32976158069
4000521631674
32917383489
1005002583708161
1005001622739965
1005003325156369
1005002746261379
1005003191518786
4001274087998
1005002622779750
32901466688
4000407661916
1005003386955142
1005002353225289
1005002996361841
32887467386
1005003203172049
4001195449552
4001172089146
1005002314456383
1005003028169084
1005002667863738
1005001603628482
1005002459681343
1005002984153779
1005003307802525
1005003276586339
1005003300767440
1005001734409878
4000482912331
1005001922906050
1005001307439944
33008190605
1005001968747416
1005002611665925
1005002919749494
1005003283910835
1005002683533908
32544133320
1005003387759810
2021786503
1005002905894689
1005003002950246
1005003370325822
1005002698704030
1005002634965346
1005002885740095
32890755207
1005002669789074
1005002297535929
4000852325509
1005003106817597
32961625734
32978981556
1005001597580261
1005002704545978
1005003094526707
1005002561236056
32857552335
1005003197781000
1432983479
4000034903635
1005003274522553
1005002864222382
32908692032
4000083923163
1005002664952193
4001278918138
1005002179207656
1005002905304313
1005002752709805
1005002977114252
1005002976190224
32869729825
1005003191598402
1005002028444964
1005002680914955
1005001606351573
33044343084
4000979861991
1005002094189172
1005003342200275
1005001353465716
4000746198866
32849832285
1005003270022638
1005003150153129
1005001603296734
32880959086
1005003240365666
1005003019333587
4001085210674
1005002517099292
1005003092759096
32778020956
1005002935254782
32840292181
4000709634750
4000431564909
1005002920908882
4000155858943
1005003294714916
4000511669094
1005002753608273
1005003292371106
1005001364257801
32899543119
32995803539
1005001567235373
1005002722561940
1005002063606153
1005002878708674
1005003326463562
1005002317712297
1005002829452999
1005003192814985
32988420138
32920667247
1005001374895226
1005001996973485
1005003276693600
4000938289666
1005003100492042
1005003299513201
1005002710525181
1005001780095214
4001138102073
33046830077
1005003255336484
1005003191920170
1005001487857627
1005002857946306
1005003182435539
4000556812715
1005002947096720
4001201229699
1005003076746450
1005002552942051
32801409503
4001231172177
1005003386820013
1005001348615975
1005003304153798
4001259138315
32963700843
1005002474825087
1005002513116279
32965180117
1005002828089101
4000081929001
1005002983012193
1005003208253994
32889044753
1005003288829244
1005003344670791
1005003118973150
1005002417246088
1005003337267661
33024090263
1005002993754049
4000896334648
1005002483162739
1005002476708609
1005001627211794
1005002337707388
1005002235681508
1005002012101250
1005003249592920
1005002582802612
1005001365575946
33011456199
1005002460672517
32848117578
1005001720502567
4000351361643
4001062135519
1005002409668372
1005001356999495
1005002811021454
1005002480794438
32816358387
1000006616310
1005002752273257
1005003330602136
4000240312772
4001237727227
1005003293787706
1005002072541215
1005003148914421
1005001882736021
1005003129533478
32823694001
1005002964713600
1005001303951971
32994949245
1005003395469932
1005002608900529
1005003114639678
1005003314606237
32815578702
4001233591015
4000352098352
1005001970953099
1005001913143886
4001278510010
32843927034
1005003222074572
32843109595
1005003238917145
4000067364924
1005001525364516
1005003016323289
1005002349716510
1005002359609974
1005002252420362
1005001489128213
1005002857472186
1005003336463855
1005002369979585
1005003094084544
1005002052552918
1005003264199359
32728966846
1005003309368356
1005002926649223
1005003255666018
4001233894871
32986643343
1005001652602449
1005003042177817
1005003238078989
32859725516
1005003234044040
1005003387694880
1005002028252280
1005003044620263
1005002314234456
1005002324450182
4000865416460
32866720196
1005003380058511
1005003285226291
32800712487
1005003353989599
4000739750370
4001212706018
1005003135846901
1005002873005833
1005002822506568
1005001427270223
1005002658540502
1005002973614611
1005003229729945
1005002566348727
1005002707861080
1005001902141057
1005002540657480
1005001572875942
1005002345123634
4000313387730
4001165468980
1005003162545391
1005003026444355
1005001756343184
32793859204
1005003345318536
1005003374184457
1005002964797715
1005002669493282
1005002567347572
1005002978122737
1005002971006858
32983020133
32588439652
32579946722
1005001312988832
32803886506
1005001383982510
1005002848801015
32851368818
32664936125
4000808249634
1005003357008123
32975105541
32486450016
1005002886369951
4000579258622
1005003092712191
4000297591056
1005003281903439
1005002235779648
1005003337178425
4000796677265
1005001645375248
1005003387047819
1005002774064649
1005003374469106
1005003206466343
1005002957285982
1005003238789956
1005002174691907
1005003202505143
4000571780586
1005002481461598
1005001533897889
1005002603066540
1000001743101
4000959483340
4000177468885
1005002327045553
32950782584
1005003015154160
32977150279
4001269118033
4000227592547
1005003379739930
1005003164829741
32454753918
32993562510
4001104969344
10000022787984
1005003139989602
1005001475147832
1005003335196169
4001256690694
1005001936524751
1005001865118590
1005003269889095
1005003355168417
1005002740980122
1005002540455029
1005002788105401
1005001322776678
1005003376880455
1005003003198083
1005003316292307
1005003063506065
1005002682125450
1005003329630501
4001257189867
32876128760
1005002564432258
1005003129113346
1005003138675414
1005002862937043
1005002630621656
32958224428
4000770029334
4000231392483
1005002946817533
1005002997534068
32987797955
1005003329999396
1005003345417791
1005003190540509
1005002100929384
4000006473697
1005002227748648
33029242955
1005003139921252
1005003253497662
32861528828
1005003223519675
1005002958950022
1005002813175727
1005002104113100
4000819797290
1005003139995335
1005002608787710
1005003239856530
1005002281033806
1005003244599608
1005002929141786
1005003146369363
4000156088984
32834757383
1005003097435992
32889641037
1005003230151611
1005003297041724
4001321653956
4001068431088
1005002274943825
1005003013173024
32296705966
1005003328001502
4001051795415
1005003064557157
1005002956742214
1005003094918929
1005003249349659
1005003104923484
4001020485826
4000107256582
1005003337265785
33001206124
1005002890560405
4000682638925
32833377520
32982712342
32887725840
1005002899863234
1005003175613686
1005003057041274
1005003015110347
1005002918237599
32799079794
1005001994123051
1005002700955252
33048242739
1005003213141507
1005003367933875
1005002004152001
1005003193464766
4000288618362
1005003185570266
4000077015719
1005003059971661
4000704063840
1005003292047534
1005002522075380
4001142956088
1005003324434800
1005002865934177
1005003131514119
1005001915898108
1005003315562628
1005002867966141
1005002802990996
1005001919337261
4001136586610
32951050761
33033936724
4001036768509
1005001320366151
1005001369746581
1005002661405487
32736149643
4000336178685
1005002967635544
1005003235769098
1005002740903038
1005002760409925
32861039754
1005003318415241
32815049520
1005003023250773
4000058554099
32795948616
33010681879
1005002431228923
1005003101101171
1005002562113291
1005003329876624
1005002313793546
1005002292388504
1005002876759164
1005002746877915
32900726287
1005003196844318
4001356642210
1005003243585381
1005003177044018
1005002913078696
1005003106027741
1005003039870944
32822423438
1005003386403703
4000047367059
1005001361624250
1005002024921886
1005002070358013
1005002753511274
10000395831343
1005001565884729
1005003190101584
33009326465
1005001694175765
4000060250592
4000074767991
33010684698
33005007097
32808827602
4000975615807
1005003292716163
1005003008021591
1005003193487027
1005002460694720
4000157965524
1005001611801329
32838414546
1005003240993571
32707517062
1005002103492673
32859831026
1005003258726102
4000896040364
1005002735809932
1005003188326009
1005003338007358
33000969005
1005003359453692
1005001497159400
1005002390152837
1005002100301056
1005002862164195
1005003187193033
1005001877756724
1005001887662863
1005002647268657
1005003115604992
1005002753523114
32812971173
1005002655380925
1005003074614397
33016809847
1005001889238432
4001192019098
1005001826285649
1005003299614982
32958900686
1005003362998949
1005002719732242
1005002961052937
1005003161896198
33054916739
1005002269004197