1005001966170226
1005003209118027
4001148904335
1005001869440508
1000008701414
33045744197
32733581063
4000307101068
1005003037132744
1005003177004499
1005002224495899
1005002431638027
1005003278154147
1005002011104228
1005002810080774
1005002951837707
1005002023651943
1005002890740455
4001163242494
32496146227
1005002352466654
32746896287
1005003324597681
4000768465489
4000064546350
32855946129
33056498480
1005002843028622
4000449154018
1005003310617789
32846727506
1005002053215883
32904420612
1005003176582390
4001061783617
4000941207283
32924555757
4000131432115
1005002658367453
1005003145709433
4001295189568
1005002790724559
1005002287982852
1005002738258126
1005003198322512
1005002262435515
1005003289816275
1005002281877477
1005002519176438
1005002090713958
32906546157
32891454065
1005002914347867
1005002950526603
4001027239123
1005002758646806
32828050269
1005003242534930
1005003104401952
33046141916
1005003083175324
1005002891719760
1005002660901211
1005003325592504
4000793602550
1005003325256909
32787773990
1005003032380504
32981068157
32974570207
1005002325081166
4000464084294
32830082452
1005003195737382
1005002938383490
32957777899
1005003300600547
4001360966132
1005002361841625
1005003281316146
1005003094143628
1005003142974704
1005001835116911
4000444677712
1005002032473352
1005003225031307
1005002147702348
1005001571420362
1005001286371123
32997638135
1005002856819453
1005001425964383
1005003124211999
4001090381787
4001170055630
32828437619
1005002996411121
1005001541855531
1005003227078318
32972657161
1005002898893023
1005001969044050
1005002274076777
1005002818575425
32972766484
1005003354851490
1005002048910138
4001276615450
1005001695073282
32810015207
32888479354
1005002997602413
1005003157466953
1005003276423983
1005002985300714
1005002604376126
33023177816
1005003003928392
32625098586
1005002505462925
4001038095517
1005001693368299
1005003371807203
33002638797
4000008141818
1005003168836086
1005003359812769
1005001603111131
4001001051263
1005003155753598
1005001829571264
32968313661
1005002964737827
1005002448824876
33006961911
1005003333454353
1005003197029008
1005002938808764
1005003264175418
1005003303587079
1005003086087476
1005003032773056
1005002913877917
1005003343382115
32486144026
1005003216357933
1005002864012659
1005003084720391
4000284945406
4001057046470
1005002359593002
4000295496838
32630207929
1005003035451354
1005003342385227
4000454168377
1005003321147967
4001279916454
1005002817936369
32787165091
1005002135591190
1005002796978070
1005003241545123
32832925682
1005003290325674
10000036136974
32976307566
1005001466604912
1005001463983022
1005001823903529
1005003087268340
1005003043922193
32949133624
4001331860353
1005003178899335
1005003304645223
1005003144129787
1005003043868618
1005003131402152
4000349270248
1005003365001348
1005002677618434
1005001373344452
1005002056515442
4000762466030
1005002117448452
1005001609531310
1005002527107777
4000739761790
32978273562
1005003072329637
32954653456
1005003133958964
32916322780
1005003212203048
1005002765597879
1005003080469571
4000145114220
1005003109348005
4001034385785
1005002752901706
1005002551249092
1005002340887696
1005002333560779
1005003373600081
33040377469
1005002886342281
1005002830578361
1005002947057244
1005002489549897
1005003163874420
1005002730260428
1005003276101143
4000141423191
1005003316773230
1005003208554188
1005002426367394
1005002824540899
1005002028767617
32932764049
1005002321408526
4000101174081
1005002224517855
1005002688319515
1005002186815567
1005001423117058
1005003014371320
32870457994
1005003055952484
1005003241475170
1005002910258576
1005002877481598
32729395532
1005002612541489
1005002515815835
1005003097045578
1005003280322382
1005002907213037
1005003330483396
1005001350947213
4000614487937
1005003186639439
1005003135889686
32825244575
32859492356
32993301673
32867720794
33043946046
4001278815703
32833644681
32887046833
1005003351712849
1005001575408365
1005001521103291
4001345861334
1005003178325570
1005003212415407
1005003037251953
1005002673698237
1005002952245641
1005002146603028
10000273375093
1005002566915912
1005003265443777
10000404582742
1005003309932898
4000770423472
33002570345
4000966857415
1005003001159561
4000668124554
1005002945857033
1005002592481897
32982911954
1005002322496310
1005001284884221
1005002692907333
4001214426369
4000823870628
32827452744
1005002348572093
1005002542659962
1005002103691945
1005002176658766
1005001418914900
1005002357204684
4000337416419
1005003124201510
1005001388039118
1005002084317958
4000298545184
32836317569
1005003108165254
1005001380343010
4001003629054
1005002557145472
1005002666900025
4000683657413
1005002781844128
4000300173387
1005003167973374
1005003147010538
1005002935169236
1005001748701952
1005001525276753
1005002232485312
1005001889415436
1005002758455237
32619290084
1005003383350976
1005003387749442
1005001716580971
4000622633267
32964507883
1005001997452705
1005003196147123
1005003056298487
1005003205783540
1005002882352968
1005002083942576
1005003222961045
1005001560877099
4000161625089
1005002399022103
1005003349261584
1005002103693374
1005001773469890
4001044076406
32928332366
1005003251386227
32891149192
1005002125769869
32994053730
1005002359733381
1005003390526002
1005002720619886
1005003205696838
4000251911533
1005001989131366
1005002421145641
1005002776917115
32847504655
1005003095972624
1005001638390686
1005002547841681
32807626466
1005003383980911
1005002538026517
4001226019326
1005002589831123
1005003338998754
1005003066108153
4000421599593
1005003055646016
1005003384920767
1005003331323304
1005002766892650
1005003008079324
4001059838873
1005002448036985
32861386421
1005002282207013
1005003222268415
1005001525547089
32829553804
4000108818063
1005002258287496
1005003153484217
1005003301136167
4001288000638
4001060939796
1005003346190250
32906957405
1005002918039403
4000204555899
1005002973943672
1005003311209296
1005002787388663
1005002857018540
1005002364839638
1005003129497659
4001091126141
1005002008559027
4000825505787
1005002522411052
32837005743
1005001762323265
1005003088248831
1005002767593544
1005002162763184
1005002245518813
1005002350717704
1005003309784608
1005001591250331
1005002610252909
1005003304536485
33043989397
1005002388354037
10000088326879
1005003269366399
1005002983485946
1005003110871410
1005002040050752
1005003157795552
1005003062143729
1005002959424475
32888724267
1005001714739614
4001268617297
1005002259626449
4000088464162
1005002516228049
1005003310018356
1005003211842729
1005002960642331
32954862709
1005003258269892
1005002695219408
1005002418290594
1005003048811532
1005001386922843
1005003253610067
32808902815
1005003326733039
1005002620065976
32999802345
1005003365623467
1005001515220924
1005002828992241
32603002713
33004956798
1005001464642475
33056066981
1005001893378810
32581945541
1005003368502827
1005001488775890
1005002878538750
1005003009018207
1005002199447238
1005001964998850
1005002901807604
4000550296619
32870191801
4000016391986
1005001846974555
1005002612022519
1005002561535869
1005001482873952
1005003008622170
1005002009066833
1005003377361714
4000086648150
1005002949249161
4001255037764
1005001616750233
1005002907672268
32916896085
1005002917509381
1005002885730416
1005003229303128
1005003059962319
4000434251822
1005002695706358
4000777447898
32796175539
1005002564248904
1005003273963975
4001177243298
1005003284868260
1005002490123352
32999584749
1005003171932405
1005003214505179
32889940663
1005002638451302
1005002297827051
1005003332425120
1005003212621516
1005002871336919
32986865327
1005002193878875
1005003299003422
1005002356528466
1005002824030391
1000001183737
1005002467530874
1005002956906268
32907393663
32972023187
1005001843422716
32921735272
1005003197338825
1005003348307234
1005002011521342
1005002819373971
4000626058574
32903634988
1005003347637522
1005002033181482
1005002929047123
1005003373902940
1005002715134362
1005002612884405
1005002789655273
1005001873658365
1005002919500602
1005003351212861
4001251449423
33010053727
32843634171
1005001651350332
1005002245638704
1005001887582692
1005002820759077
1005003365191436
1005001632063636
1005003371321610
4000844154673
33053966839
1005002667581993
1005003149687571
1005002865026933
1005002700548769
1005002351412150
32351156576
33007519518
1005003012979162
1005001600635072
4001016231972
4001036285668
1005003351290642
1005002702609926
1005003051917031
1005002299407460
4000398385369
1005002613005705
1005003325398716
32878237474
4000844154074
1005001578481013
1005003244237399
4001137055661
32918787046
1005003335969246
32973547831
32899766788
1005003248603208
1005002327634789
1005002938298876
4000219079724
1005001315497955
1005003314611596
1005002742461162
1005002034928215
32811986924
1005002935940536
4000437520834
32840218636
1005003100339460
1005001639438444
1005002948236268
4001334284824
1005001465996191
1005002448552013
32785888687
1005002968038833
32878598025
1005003283912668
1005003382115769
1005002081613352
1005003102309011
1005001586895322
1005002362260451
1005002245987337
1005001279122838
32463880426
1005001365823859
1005003122012958
32877853754
1459933913
4001134499994
1005002846119818
1005003319094993
1005003222868440
1005001488029196
1005001381724082
1005002530945240
1005003025383247
1005001495865498
1005001311657796
1005002837554126
1005001666322204
4000823441559
1005003389612534
1005003362313239
4000851430998
1005002081243616
1005003104715652
1005002821584908
1005003314383094
1005003311614788
1005001893644465
1005003314244951
4000316725759
32967270662
32696652530
1005001947734983
1005002390567065
1005001452592903
1005003259900160
1005002314073733
1005002756744786
1005003093759797
32575475814
32667021876
1005002438799616
4001056650564
1005002965100896
1005003157601000
1005002870633742
1005002776228534
1005002983640961
1005002812661315
1005003324005061
32948089548
1005003243770849
4000970729630
1005002454430279
4001214852590
4001061346045
1005003332576113
4000140902406
1005001810958030
1005002908034013
1005003032087345
1005001982198819
1005002885821791
1005002534875840
4001080599234
1005002698190019
1005003318749901
1005002103435133
32969623666
1005002910366472
4000057931811
1005002840461459
1005003248757909
1005002946862249
1005002752415622
32828268654
1005002053658629
1005002881826411
4000926172987
4000101214410
4000570363412
4000702031851
1005001657100988
1005002940085492
1005003337767704
1005003004494420
1005003165211200
1005002282636033
32841842988
1005002866277493
1005001639821588
1005002822457637
32947773529
33001172457
32794776687
1005003198015179
1005003140404615
1005002673595073
1005002856315568
1005001419796216
1005003087563462
1786679553
1005002311693932
1005003304375896
1005002890689395
1005003345410664
1005002579956347
1005003311319169
32919347453
1005003202535936
1005001764775072
1005002466964819
1005003086039547
1005002758562254
1005002983580745
32687036439
1005001586052842
1005003362662750
1005001898883162
4000918756450
1005002290176358
4000270580067
1005002811420396
1005001995508113
1005002084678881
32799566178
33001831352
1005003390890441
32779194084
1005002156125474
1005003245862341
1005002605949499
32851428470
1005002629973790
1005002126344737
1005003348623802
32704936046
1005001648455825
32972046945
1005002948248545
33007418536
1005002603882556
1005003090757211
32857260816
1005003311950267
1005002934432150
1005002325434716
1005003004651597
1005003176061611
1005003049003918
32688114691
32957425784
32982073614
1005003392556767
1005001446294385
1005003336825234
1005002508286501
1005003323184781
1005003074156867
1005003043560900
4001289561112
4000070311371
1005003008457292
1005002588480495
32796470165
4001219941516
1005003031043921
1005003270564338
4000534870383
1005003033356165
1005003212878450
32856874975
4000624470690
1005003310340721
32980356693
32953244320
32843119268
1005001915209524
1005002669386338
4000714112228
1005003284803749
1005002709433442
1005003341986199
4001074952373
4000307836346
1005002808925953
32988884145
1005003392382893
4001185989003
1005001626222096
33055826421
32977523635
4001035478381
1005002330581501
1005001562526771
1005003275991588
1005002271099969
1005002984736530
4000219639749
1005002246700913
1005003203083749
1005003173353146
1005003145772097
1005001849128831
1005002408558242
32875798958
4001202993768
32906645985
1005002775514458
1005002931916781
1005002563531836
1005003135870072
32840864652
33023703641
33031129901
10000012909613
1005003080307964
1005003339562541
1005003042787294
1005002516683248
1005002577402155
1005003124820766
33043746519
1005001611559093
1005003330852796
1005003109354379
4001014673623
32832080084
1005003224919746
1005001900803960
1005001602296802
33036084435
1005003200261280
1005002055132188
1005002317477252
1005003292463825
33040844672
1005003383467308
1005003097453968
1005002551091624
1005003280930793
1005002351532094
1005002931965133
1005003307009575
32819311720
4001229181451
1005003091392605
1005002910841738
1005002759907608
1005001769036887
4001351028515
32932887493
4001235771844
1005002626797231
1005003339422727
1005002879609726
4000323073864
1005002989830495
1005002387539005
1005003068354711
4000306731549
1005003384947327
1005002917398203
10000052716668
10000239738062
1005003182513576
1005001807693108
1005001917114895
4000802034128
1005002971988523
4001124779296
1005003202775711
4000930474561
1005002856200646
4000986158389
4000415078344
1005002836224120
1220930796
4000765793167
1005003338002235
1005002698810916
1005002611904020
1005003255129510
1005002425411398
4001268883923
4001252734601
1005003389712006
1005003149625545
1005003196303167
1005003217837988
1005001587720961
1005003227975159
1005003070087674
4000610079636
1005002900947730
1005003381646549
4000143929605
1005002000293325
1005002647194900
32617977408
1005002740657867
1005001769772360
1005003022222206
4001256441367
32883514291
4000616138368
1005003379482219
33028532968
32970680935
1005001332119783
4000788353510
1005003228022904
1005002976379115
1005001886171686
1005002648942957
4001257049607
4000275517722
32664256577
1005002675523270
4001203293469
1005002877620719
1005003136707671
1005003097923313
1005002745839781
1005002700819787
4000804179138
4001224296994
1005003345717314
1005003297942207
1005003375476739
1005003372772585
1005001392218106
4000313446105
1005003269038959
4001104971110
4000166193929
1005003001703303
32832250664
32873055558
4001287007218
1005001697215802
1005003235206489
1005003019544038
1005002881260689
4000302395006
1005002997106591
1005003214359378
32949444168
4000764918339
1005002245701181
33027035713
32837073035
1005001405321503
4001348668196
1005002755538084
32638976398
1005003330233336
1005001769680858
33044809725
4000594940285
4001271653575
32972988827
1005003219698077
1005003083867327
1005002693757049
1005002518408165
1005003036726305
1005002914897092
4000863832943
32951515748
1005002674220225
1005002586107226
1005001884771571
4001082762181
1005002879200576
32946964070
1005003287557271
1005002672320832
33039681691
1005001991009380
33000309266
1005003313294149
1005001601819310
1424138820
1005003262174040
1005002668150140
1005002011672415
1005002676230631
33041938346
1005002766749815
1005002642836048
1005002676093388
1005002620680639
1005003095754716
1005001451253339
1005002801938308
1005002389526941
1005003235837370
1005001502829229
1005002673940663
1005003154872353
1005002415962444
1005001901296094
1005002363685615
1005001678637487
1005002940360078
1005003199387512
1005003303985537
1005002272320223
1005002610182477
1005002641115797
1005003157036048
1005003195794904
32979840185
1005003098742604
1005001633244274
1005002333938375
1005001599659670
4000656444316
4001056695386
10000395899010
1005002734261438
1005001364589359
1005002398383007
4000974351853
32822427713
4000890661213
1005003158933683
1005002634902772
1005003155344971
1005003263166400
1005002382397893
1005002123293751
32968070158
1005002491809499
1005002559333238
1005002620167148
1005001334094728
1005002781739675
1005003193128777
1005002417661478
32975779475
1005002679114703
1005002761944780
1005002776542765
1005003200978422
1005002547316769
32867478079
1005002282111881
1005002805018671
1005003135311154
1005001757056738
1005003109478242
1005002385148773
1005002637262878
1005002286039048
32815166601
1005003311873183
1005003250232908
1005001961128349
1005003330400589
4000552166189
4001131304328
1005002014485672
1005001443430072
1005002917072079
1005001848696426
32469375230
4001316464974
1005001724161412
1005002808578154
1005002245576317
1005002339667908
4000773410604
1005002984994337
1005003212087078
32957352104
1005003029238343
1005003210634459
32935899594
1005001320221247
1005003245481312
1005003309570362
1005003343469307
1005002018485478
1005002288108375
1005001575009713
1005003091889815
1005002272649854
32781835779
4000017745510
4001174614403
32957613065
1005002939376502
1005002558278048
1005002177970927
32874054605
1005003187440677
1005002193357122
32906562238
32982335548
1005003070771911
32824016665
1005003037393080
1005002525776025
1005002953071245
4001176174416
1005003027469395
4001245390770
1005003337062396
1005003143254028
4000837927653
1005002497281790
1005003212877060
1005002481828890
4001031865148
1005002922449240
1005003138667077
1005002952228866
32342306935
32826968051
1005002114659819
4000249488871
1005003322230219
1005001695590041
1005003066781506
1005001736335831
32811352241
1005002339655146
1005002873561149
1005003203664728
32998636052
1005002508250928
32862445476
1005003336932102
1005003028094931
1005002316956631
32966067434
1005002913043551
32982623864
1005002042183313
4001155385393
1005002438671606
1005003238913634
1005003157289635
32870195486
1005003327966851
1005003020053164
1005002544696404
1005002678803394
1005002212659491
4000058326688
1005002871738272
4001207223787
32847609203
32495750632
1005002052617171
1005001952581474
1005002199002137
1005003193027148
4000268260157
4000333164729
1005003197685319
1005003129881701
1005002640740417
32794998835
1005002834504650
1005002305015201
4000075550258
4000960103907
1005002042957140
1005003234619931
1005002722310314
1005001468356587
1005003223338777
4001005817180
1005002810746943
1005001627195649
33052207725
1005002987460978
1005002721388514
1005003008011181
1005003223616389
1005003329146357
4000492014514
1005002996757007
1005003001157885
1005003101486035
1005003330931584
32824101953
33043828560
1005003332948339
1005003277617817
1005003064230607
1005003211172294
1005002340621610
1005003363133949
4000031974798
32845979836
1005001820994655
1005002505125970
1005002938963292
1005003196113315
1005001695392947
1005003108910646
1005002984845406
1005001562745707
1005002855467001
1005002773420108
1005003128995221
4000711487050
4000033353275
1005003008061207
1005003172076796
1005002555881963
32985699402
1005002301002228
1005001711611796
1005002762483855
1005003073659962
1005002254730499
1005003101312326
1005003331636574
1005002652083426
10000264597099
32641337277
1005002342601675
1005001909767990
4001066935646
32869875329
1005003120409301
1005002194248770
1005003363446846
4000132370861
1005002689417792
32853737631
1005002168301517
1005003080904742
1005002319062684
33021067704
1005002269094006
1005001941368414
1005003242365840
10000310915802
1005001382094671
1005002898461635
4000064170217
1005002579302456
33009333292
32942469823
32967730654
1005001917840608
1005002771248606
1005002014142095
4001356296540
1005002642665728
32908158927
1005002828958604
4000096038346
1005002711258628
1005002856481193
1005002947876538
1005002948393242
1005003346925076
1005002975947191
32803605548
32914016679
32817595761
1005002965917426
1005002775408916
4000886051941
1005003135635827
1005003038430005
1005003351922769
1005002878265385
1005001497521486
1005001423252668
32986371335
4000893931224
1005003002632257
4000903794330
1005002275727831
1005002675454471
1005003134010740
1005002820308614
1005001408535977
1005003266225139
32958033067
32793422079
4000691226654
1005002595337537
1005001847957084
1005003067901728
1005002000207632
1005003392539054
1005003076038825
1005002926061759
1005003168558886
1005003335681402
1005002337716265
1005002771239048
1005002640817081
1005002850066315
4000588549828
1005002943926139
32911978960
1005001845524539
1005001387253201
1005002551368880
32974038734
1005001846563919
1005003145554932
1005002884308262
1005001905309006
1005003190740087
32881355875
1005001384113016
32892178434
4001333857621
4000629179013
4001063669452
1005002541920028
1005002256519557
1005002046497506
1005003238503546
1005003243726293
1005002980286428
1005003325366747
1005002430642424
1005003258831854
33056755486
1005002560663412
4001286084673
1005002723210330
32794470780
4001243802026
1005001593096469
1005002337408262
1005001968559223
1005002611336467
32888569503
1005003079718544
1005002950279460
1005002430498162
1005003096685216
1005002369483491
4000256726858
4001241862087
4001257618072
1005002180550142
33019843956
33044143050
1005002991299377
1005002978362554
1005002717228316
1005002958185032
4001285412070
1005001411530179
1005001598886645
1005003332605865
1005003306318153
4000064872127
1005003019126728
4000881180260
1005002432303479
1005002676018868
1005001695409763
1005003311587161
33054429457
32896756393
4001361164972
1005002687980909
1005002107959180
1005002491373654
1005001571132665
1005003285152425
1005002669811242
1005003024998843
1005001388039097
1005001966044758
1005002840904720
4000763811310
1005002696292541
1005003022825232
4000511937250
1005002028218523
1005002250995447
4001024897150
4000872907084
1005002519370053
1005003025979247
1005002084520931
1005003113108212
1005002107172515
1005001526035143
1005003361797731
1005002483170459
1005002717477957
1005002485588264
1005003182145470
1005001625329220
1005003088358126
1005002935401950
1005002334153476
1005001441908858
4001172526682
1005003110323476
1005003025971980
1005002601094639
1005002661991605
4001022268369
1005002975818684
1005001557132462
32748564347
32872411187
1005003303144670
4000708233757
1005002849102644
1005002604349103
1005001291416436
1005003276444225
32995591595
1005003029944622
1005002903403671
1005002293960987
1005002234929522
1005002046535359
1005002899219270
1005001993131219
4001098506220
32817029312
1005003276941202
1005002387318652
1005002604076535
1005001328967833
1005003173806118
32885524808
1005002824478406
1005003250671227
32989047762
1005003117919975
1005002668569813
1005003016024569
1005002297003664
32901931635
10000395933808
1005001336892826
1005002577213041
1005002449087572
4000172387576
1005003364030451
1005002680286414
1005003002576094
32638927173
1005002564205215
1005003183565644
4000287044287
4001256280023
33002984667
32976502799
1005003230139141
1005002988985096
4000575197033
1005002721408656
1005001501476782
1005002048993824
1005001585263982
1005002926511340
1005003103022498
1005002748001759
1005002551725970
1005002732368161
32614140167
1005002906905959
1005002748102791
10000000691321
1005003124772476
1005002096646151
1005002798972310
1005003108527624
10000194268741
4000638800089
1005002207437865
1005002890670785
32956845997
1005003109979993
1005003134191650
1005003339284197
1005003319751704
1005003274198589
1005003078505043
32930360902
32508019422
32819641393
4000577440168
1005003148110941
32904709699
1005002710110418
1005002870937841
1005002206248242
1005003229954804
1005001425447413
32840392530
1005001584826119
1005003002427082
1005002679548411
1005002241577642
1005001966599557
1005003087268499
1005001524866321
33041766311
1005002316648041
1005002346782146
1005003332635151
1005003389830378
4001168011940
1005003332413710
1005003269772215
1005002540595657
32872944997
1005003181746787
1005002677758464
32924891946
1005003362250677
1005002878313046
1005003076587624
1005003124294713
4000817368572
1005003183443842
1005001780872531
1005003200990133
32984766162
1005002836791522
1005002940671981
32722341782
4000712245681
4001247553320
1005002326462110
1005002397975960
32905695577
1005002991074501
1005002877352818
32951053570
32996574440
1005002910644294
1005002033188222
33008723021
32950469000
1005002392386210
1005001576056753
1005003287497728
1005003102499550
1005003248612096
1005002546729133
1005003386231999
32793625367
1005002988523752
1005002540813779
32898069432
1005001860561301
1005003250544138
1005003293500502
1005001617107644
1005002833567765
4001064030710
1005002329736279
4001214281260
4000243059660
1005003338041583
1005002738195155
1005003349463906
1005002267405692
1005001361278527
1005002773524822
1005001757880259
1005002324680482
1005003305968514
1005002562324683
1005003290443966
1005003091413078
32617975319
4000628044557
1005002561420193
1005003293337024
1005001792248601
1005001729488490
1005002165124103
1005002332175466
1005002755979427
1005002956756232
4001176924729
4000909870541
1005003025546106
33029808355
4001092472342
1005002604663688
33041896078
1005002608921591
1005002965202710
1005003302763133
32963833736
1005003374729959
1303055224
1005002127308020
1005002986589804
32796498456
986851788
1005003149202721
1005002700226120
32785994806
1005003103544232
32851267637
1005003379875460
1005002984373610
1005003105685424
1005002001850901
1005002666441929
32989649753
4000842323449
33020084440
1005003048008393
1005003328723289
1005002937368303
1005003227287357
4001186377449
1005003274771349
1005003280442450
32975728996
32914462738
1005002698186498
32930364594
1005002652543880
4000575232245
1005002997179152
4000985660516
32639807320
4000988759712
32946485404
1005001285726479
4001356895198
1005001886240448
1005003156190395
32975606311
1005002837543741
32972242882
4000400589397
1005002944914685
1005001997844413
4000183951604
32864273376
1005003309571947
32976347547
32922478642
32867351392
32896367519
4000943160820
4000315263679
32794740925
1005003335556850
33044531105
1005003387752639
1005002436172905
1005003156457123
1005002788619225
1005002914867103
1005003206061905
4001268415249
1005002765200707
1005003111294912
32318853672
4000302160487
1005002857598235
1005003135579236
1005003369100335
1005002547697398
1005002642057328
1005003183268664
1005003257437696
33038034912
1005003099476347
1005003282098023
1005002630837072
1005003206391558
1005002754251076
1005003209384230
4001131774585
1005002631531387
1005002645982142
1005003019212466
4000300752754
1005002124032345
1005003255623001
1005002010773076
32864014014
1005003068595681
1005002541746175
1005003387858134
1005001436070125
32881091568
10000032367585
33008542877
1005001500129251
33040922199
4000012552223
1005001507202470
1005002329606966
1005002405060703
1005003365072143
1005003003382046
4001201298043
32796894205
1005001612558793
1005003167124789
1005002440998467
1005003063758836
1005002446670954
1005003178848197
4000894132931
1005003111148263
1005003306859163
4001219078494
1005002532685805
1005002393210292
1005003219557215
32860534929
4000739117090
1005002549101231
1005002288466536
33014838561
1005002916931675
4000385061783
1005002133882566
1005002177020316
1005002481403210
1005002655766156
1005003330739005
4001080988061
1005003264830355
4001356772012
33028464554
1005002864400375
1005002103932204
4001014097295
1005001726529692
1005003015476514
4000595246146
4000835206338
32839596023
1005002376694859
1005003019209584
1005001899426298
4001183918072
1005001471528980
1005003204867369
1005002614301232
1005001468265715
1005003276426192
32966968824
1005003214344947
1005003052658156
1005003136295573
1005002516099133
32676595906
33021483832
1005002500394939
1005003318193662
4001244941444
10000295123424
1005003213062250
1005002656002094
1005003374452507
1005002605079731
1005003146160708
1005002988585629
4001094389610
1005001998963254
1005003016024868
33049928989
4000321113293
1005003325709283
1005002494271597
32913151833
1005001876625907
4000693451129
1005003330418396
4001280673816
1005001370161862
33048845350
1005003129289641
32857471786
1005002119065841
1005003177990959
1005001405512134
1005002939431820
4000589496884
32623248584
1005003096781108
32827475684
33046806941
4000833252950
1005002976519246
1005003019277636
4000052502365
1005002332293122
1005001588350124
1005003208925576
1005001562016572
1005002653608342
1005002400041862
1005001354961437
4000703364339
4000565684990
1005001813051775
4001257046476
1005002042029125
1005002762678214
1005002932260558
1005003165671897
1005001481998818
1005002569523757
32991976263
1005003223857230
32786710600
1005001626017937
1005002099404153
1005002424924631
33037545660
4001328632069
1005003015297025
1005003270136483
1005002288963847
1005003018331277
32954229025
32863702066
1005002117623891
1005001768416611
1005001940134006
1005002084312642
4000286075430
4000407375023
1005003386008509
32998891474
1005003109272637
1005002643457898
32985775921
1005003235234749
1005002357055626
1005002737450262
1005002823479092
1005003331762217
1005002399869216
1005003301888036
1005003249237695
1005003042032279
1005002282253060
1005003106383255
1005002722822604
32957118209
4000184708858
1005003002216103
4000017811389
1005002618610946
1005001278012392
1005001430594638
1005002571182321
1005002469264513
4001238628298
1005003331007672
1005001802602429
1005001869166177
1005002703006785
1774127989
32809747223
1005003266444033
1005002573607882
1005002642758352
1005002699682504
1005002369145570
32762747263
1005003016252327
4000485873193
32917376737
1005003248519791
32920694032
1005001598096297
32956531837
32855043365
1005001650464926
4000429477227
1005003187404993
4000223674656
1005003150012625
1005002593677257
1005003091735403
4000832954393
1005002689657568
1005003117259288
1005003391246748
33020545223
1005002810600689
1005003288670254
1005003192879717
1005001385918822
1005002864897479
32898151422
33021472309
1005001549134829
1005001298304403
1005002569774679
1005003092478555
1005001849057657
4000131083043
1005003170469226
10000343888544
4000221380685
1005003167809974
4000290853710
1005003065555619
1005003305363047
32854814526
32853244167
4001114099929
1005002988396010
1005002985591182
32761123073
32872192620
32890533038
32834783127
1005001639478059
1005001578740692
1005002302379264
1005003099395366
1005003250407125
4000955368460
1005003065139566
4000043594779
1005002890133198
1005001844514271
1005001298560077
1005002919189034
1005002287373696
1005003196290499
32975286721
1005002389039676
1005003093296491
1005003206745609
1005002620283334
1005003348122063
1005003346560193
10000351772655
1005002052577779
33062895437
1005002522960964
1005001774819290
4000178852343
1005001576430721
4001156147545
1005002599036026
32972653144
1005001559717532
1005002790028855
1977218687
1005001407929508
1005003184253226
1005002241231759
1005002652545508
32835898665
1005002648337849
1005002617167236
1005002875409509
1005003234269765
4000932459720
1005002934124132
1005002953327724
1005002830435656
1005003307217025
1005002254117341
4000096487243
1005002004034441
4001350124588
4001229456970
1005003187430296
1005002967736332
1005003193024178
4000736648641
1005002710237514
4001223430213
1005003336746116
1005002469888432
1005001993434244
1005002692895632
1005003112204936
32918653911
1005002495742533
1005001986381487
32796182370
1005002808054417
1005002949231443
1005002949674079
1005003176471156
1005002019819117
1005003295241828
4000074512407
1005002641094268
1005002000355097
1005003167000097
32818782403
1005002841952915
1005003019261742
1005003249074494
1005003211460343
1005003050748432
1005003391330742
1005003374574234
32957439440
1005003184543448
1005003387502426
1005001645891219
1005003101624108
1005003146362473
4001152219003
1005003197855948
1005003130644569
1005002903808259
1005002983538295