32810010696
1005003326428362
4001295868437
1005001401939038
4000368204382
1005002293470870
1005003280434651
1005003031651994
4001230466714
1005002809806640
1005001905433748
32966448531
1005003290201871
32815262523
1005003009692324
1005001814471832
1005003385924506
1005003239007520
1005003368581607
32952501116
1005002925411803
32980744595
1005002953096148
1005003208475392
1005003058525756
1005002518700399
1005003174129172
4000389955629
1005003175995438
1005002527226256
1005003123097045
32678480241
4000464670717
1005002682879034
4000776349139
33048160992
10000330986774
1005003163677268
1005001419626609
1005002619218877
1005003004131880
1005003021303120
1005002872075082
32923908813
32882200351
33046046184
1005002907465839
1806755260
1005002851773347
1005002907405655
1005003200133189
1005002193483155
1005001817815991
32893095109
1005003157553779
1005001308572537
1005002025852264
1005001636452454
1005002446347017
1005002656128588
1005002953726934
10000006390987
1005003277381738
1005001355343948
1005002486008957
1005003297946301
32961915851
1005002283268517
4000133032190
32991294390
1005002994675926
32965607079
1005003216885435
1005001786534362
1005002885577478
4000626067674
1005001507200814
1005003225030154
1005002824858048
4000221561360
1005002919034761
32816017353
32867516865
1005003252431260
1005003261685256
1005003340799561
1005001747891930
1005002641076366
1005003290154264
1005002714331424
1005003096569291
32797028581
1005002259153763
1005003308285159
1005002898408047
1005002875918581
1005002287402489
1005002798161271
4000505128236
1005003291203023
1005003272006324
1005003096410054
1005002371499443
1005002218502496
4000056917202
32975042463
1005001969666849
1005002933589260
1005003137630772
1005002567988721
1005002167839981
1005001966842951
1005001901294426
1005003202049096
1005001669486993
4000774810237
4001241135972
1005002776343054
1005003092918960
4000189334306
1005003239319769
1005003364669763
32870925756
32655896659
1005002866738030
1005003292553814
1005003337870973
4000096301795
1005003014599095
1005002023725077
1005002557081042
1005002032256209
1005002313918193
1005002905472772
32661045279
32979681171
1005003250627799
4000175043146
4000550296619
32957478285
1005002276311665
4000933563838
1005003269318188
4001358040949
1005003254369809
1005003066089969
1005002050860098
1005002395522853
4001042577114
1005003362598839
1005002481209330
1005002210778187
1005002996305323
1005003117286755
1005001535473911
32962356808
32836192762
32834646687
1005002935234336
4000114010772
1005003280808317
1005002507152321
32975403169
1005002147280465
1005001770947841
1005001699720389
1005002400693026
4001238721089
32989047762
4000336901002
1005001732456691
1005002605746382
1005001624197060
4001187171640
1005002927569110
1005003263831983
1005002668059439
1005003325766105
4001084349058
1005001319642442
1005002268104962
33002123574
1005002546474677
4000582525661
32571978683
1005002604325758
1005002594481875
1005002246677059
1005002940241427
4001296321626
10000011498358
1005003306521489
1005003179366826
1005002491831888
1005002405867297
1045829401
32717352954
1005003219758299
1005002724338856
33009420822
1005003277301472
32272248540
1005003245540080
1005003295914842
1005003292232103
1005003123640899
4001197151463
1005003331696086
1005002120967985
1005002884960794
1005001375268311
1005003162852188
1005002443500482
1005003350200236
4001351706716
33056597260
1005001281173349
4001090219790
1005003234405202
4000327869750
1005002856114870
1005002997836452
1005001422983630
32989535042
4000138711697
1005003058138291
32836050650
32794262664
1005003165731122
1005001990425596
1005003292180780
1005002233983721
1005003361358163
4000921396506
1005003193492331
32890505907
1005003333836824
1005002859232122
1005003229916916
1005003324710896
4001333940215
33050012688
33044081799
1005002324624981
1005002298639253
1005002434018153
1005003345560700
4001208342543
32896765224
1005001830416088
1005002077152114
1005003241646919
1005003001250938
1005003129902065
1005002584149461
1005002661230889
4001262953139
1005002467550935
1005003108393539
4000024550749
1005003323998485
1005001279590923
1005001737149005
1005002459512215
1005002522268865
1005003270132025
4001070791957
1005002460158153
1005002607140703
1005002650441257
1005003309751295
1005001869496932
4000609271677
33012114423
1005003297514427
1005002749113916
1005001500488556
1005002911789646
1005002952009427
4000390514405
1005002647289722
1005002842937771
1005003351483306
33001355117
32997877341
32345151071
1005002138868693
33040868043
33045301935
32856139820
1005001808882341
1005002928625364
4000262252155
1005002737450262
1005003245241845
1005002089194863
1005003030821581
1005003101792324
1005003371662759
1005002695809447
1005001405637241
898298697
32848705104
1005003150999416
4000414672227
32852058589
1005002658265295
32884287667
1005002816678542
1005002871436257
4000120645198
1005001279789846
1005003209550129
10000406407437
32950217628
1005002885452294
4000847572871
1005003385103891
1005001425201080
1005003193226066
1005002313685694
1005003339240822
1005002286521532
1005001638222574
32893010075
4000434065231
1005003200396241
4000921893334
1005002142552016
32862445476
1005002761636894
1005001443332935
1005003087530391
1005001327270595
32892247688
4000199574750
4000764838726
1005002631080580
1005003001732128
32844239531
1005002571603311
1005002986102631
32858086726
33000680839
1005002676672609
1005003303767042
1005002593954670
1005003371866574
1005003123683742
1005001898906058
1005001490129207
10000345039817
32795659570
1005002931201593
1005001577641837
1005002502939105
1005003066935500
1005002732432805
32847931168
1005003178295879
1005003224892723
1005003015212287
4000722249079
1005003079923824
1005002594056846
32809885622
1005002132622409
1005003271876865
1005001468397548
32961149114
32957289876
1005002801508496
32887562156
1005002948264557
1005002033208999
32831497273
32394044959
4000984998138
4000483730425
1005003178546734
1005003127412796
4000229334087
1005001992529427
1005002255098455
1005003320507874
1005003175700610
33008153120
1005003049941732
32822391635
1005002651783502
1005002247567487
1005002516781310
10000313276654
1005003190452957
1005003224736929
1005002471786537
33000712373
32907558976
4000926079170
1005002194824262
1005002594782201
1005002932135409
4000563070607
1005002758385811
4001046348840
1005001461872789
1005003019478483
32370002224
1005003184481460
1005002856431937
1005002803403463
32974179378
1005001829701447
32993991097
1005003316787448
1005002611587536
1005002878404742
1005001625137952
1005003341503603
1005002298798849
1005002726893145
1005002543460925
32965803085
1005003109908090
4001333350439
4000156495267
1005003089155008
1005003204017475
1005002557637104
33037812598
1005003064943178
1005003238893880
32619008696
4000329697560
1005003200795936
32469079685
32615023504
1005001422696853
1005002377522380
1005002329683725
33048402043
1005002010999094
1005002771239294
4000660166578
1005003095582720
1005003251885110
4000308130895
1005003278529774
32888030897
33047587299
4001150000384
1005002746191806
32668940576
1005002893688666
1005001604297703
32869532378
32859883705
4000789339521
1005002122478270
32911712219
32888912456
1005003310678603
1005001600915257
1005003292809272
4000136984375
1005003005480375
1005002863005484
32691866014
1005003240925718
1005002682727471
1005002002187735
1005003264225864
4000908395296
1005003373617373
1005002518710612
4001335186066
32961730408
1005002774684895
1005002033583203
1005002529390832
1005002938062002
1005001927964907
1005003125526419
1005003071595978
1005003221393454
32790558913
33059541914
1005002604683950
4000086594071
1005002593060858
1005002615927439
4001045170140
1005002950279460
32916555524
1005003382858651
1005002822598850
1005003124547552
1005003187573228
1005003231992083
32994486896
1005003267932349
1005003144015676
1005002401441865
4001178264522
32985675193
1005002338637939
1005003118557047
4000412799298
1005003302558471
32814095970
1005003217462977
1005001311134236
1005002856786889
4000158031621
32958704405
1005003260187597
1005003197956919
1005003082867888
4000497046668
1005002443614157
1005002421422980
1005002523083357
1005001404889503
1005003005961171
32957496989
1005002919486685
1005003346539110
4001239421301
1005001928763886
1005003344666614
1005001326227088
1005002577718699
4000765149618
1005002414089768
1005001304749211
4001238710847
1005003269998206
1005001604530839
1005002965471345
4000533246857
1005002702769227
1005003040587956
1005002605887318
1005002389131090
32977075900
1005003170550679
4000109249982
1005002774087724
1005003228519712
1005003034185434
32855848665
1005002484298409
32825543315
32940596150
32915643927
1005002427431925
1005001638343978
1005003108094040
1005003263635900
1005002499996440
1005002777108049
1005003250012228
1005003117558351
1005002573348255
1005003130818142
1005001322976934
1005002990687377
33042078505
1005002196987845
1005003086330592
1005003303119294
1005002788822593
4000695755733
1005002941556328
1005003213381471
1005003228544628
32994979526
1005003263965254
1005002313355740
32922557349
32847514297
1005003326449977
1005002513227134
1005003325792094
1005002622166391
1005002844743513
1005003301982935
32957589982
1005002504538455
1005002703789994
1005003074907343
1005003245906645
4000082524696
4000543664429
1005001451863121
1005001289815440
1005003278628867
1005001278954941
1005003366739689
1005002591698459
1005003208967854
1005002801339774
1005003105326488
1005002533519591
1005002962414420
33053113776
1005002666833697
1005002504916030
32370159825
1005001834267929
4000742265599
1005002474972866
1005002880361072
1005001816896863
1005002961432697
1005003028144092
1005003176118155
4000680766652
1005002905516937
1005002287687333
1005001367697360
32972215360
32464809087
32932938810
1005002971616164
1005001671025324
1005003241247478
32960916150
4001270258686
32795462828
1005002787719887
1005003349838935
1005002970054564
1005003346281596
1005002810295499
32914596807
1005002965900875
1005001409590135
1005002297513672
1005003051564553
1005002214915041
4000473119055
1005003366298007
4000451180467
4000737945220
1005001627220331
1005002780125985
1005003344223305
1005003036664027
1005001799426227
1005003065819806
4000389335508
1005001468605596
32967427027
4000847565077
1005002291626318
1005003285064460
1005001651914337
4001270568415
4000460693391
1005002908775723
4001340605840
1005002649284314
32945852390
32885210439
1005001921016863
4000269023202
1005003135910901
1005002921187432
1005003264688518
1005003101295014
1005003017244427
1005002546143939
4000189881127
4000257954184
1005002536970992
1005003227903294
1005003059393420
32577008110
1005002862850119
1005003333358164
32965981232
1005002650902893
1005002790670577
1005001308901606
32837997410
1005002860176057
1005002781209317
1005001636650861
4001047101432
1005003268181176
1005002668710679
32946730727
32967988216
1005002840222218
1005002981549627
4000149288923
1005002753216355
1005002394076435
1005002562058401
1005001435858417
32896208399
4000532540816
33000601743
1005003386870463
32885057238
1005002730806344
4000510987758
4000626044498
1005003308102619
4000863885233
4000709873620
1005002431553322
33025030689
1005003002933292
4001142474910
32944925175
32876273248
1005003044952660
1005003126218533
1005001439105791
4001239020873
1005002080623534
33049139819
1005003208437864
1005002704026350
1005003165562766
1005002907826474
32519885154
1005001411929488
1005001742098283
1005002997800623
10000059387899
32958728087
1005002585779009
1005003390592107
1005003339263504
1005002796066368
1005001799396211
4000253159620
1005001919304353
32989383507
1005003136846197
32862274056
1005002868905417
1005001441508231
1005002712748255
1005002890477379
1005002632782133
4000990176982
4000077165104
1005002821223009
1005003207783544
1005003155500740
1005003100198756
32973405598
1005003311258145
1005002662396311
1005003376039868
1005003155350230
1005003190860215
1005002193946337
1005003340113984
1005001496844632
1005001475742689
1005003293873834
4001127839201
32705508839
32984498276
1005002946433703
1005001764764254
4001364680386
4000917099333
33006997236
1005002488961228
1005003344064026
32314442664
1005001280070725
1005003308762424
4001210162039
1005002652790022
1005003175244140
1005002062111361
32996492274
1005003154621966
4000069150530
4000315297459
1005003104387330
1005003321927286
1005002210159828
4000123685998
1005002763775105
1005002350797552
1005002607215127
1005002614002461
1005002170060376
1005002657949776
32974727573
1005003106153691
1005003265472545
4000544331606
1005002362386359
1005002282534110
1005001354277757
1005002685561732
1005002568905011
1005003123558560
32967872727
1005003157856575
1005002783160975
1000007135481
1005001389118402
1005002326298709
1005002766688221
32930644820
1005003316344413
1005002809086228
1005002199124023
32572264897
1005002953293737
1005002546675362
4000202691396
1005003148712337
1005001458201614
1005001290690667
1005001967045696
1005002827220570
1005002835668128
1005003227395753
1005003007995873
1005003197155368
1005002023533054
1005003319924954
1005002873059370
1005003146389462
10000017999031
1005002957014746
1005003222890250
1005002259186523
32559423290
1005003251524367
1005002939504724
1005002414873058
32944692431
33032151866
4001052486799
32849181504
4000934616022
4000064522127
1005001702724989
1005003060849983
32971121051
4000739253948
1005002905045831
1005003044057713
1005003102500351
1005003035777122
32495070348
4001108457541
4000597448373
1005002551839365
1005003112448702
1005002753258200
1005001275467469
32812814276
1005002782487222
1005002505535732
1005002641048950
1005001540342983
1005002739084794
32534212119
1005002591173938
1005002886369530
32910561906
1005003167712635
1005003021828250
32909238841
1005003108023172
32938484197
1005003358681057
1005002350762532
1005001339435102
1005002912982992
1005002622573785
32973512573
1005001929327236
1005002081316699
1005001797582357
4000421579269
1005003272685470
4000845704580
4000668363723
1005003372761730
1005002982414963
1005003083221541
4000868233489
1005002541938188
1005003109494619
4001066345672
32854244151
1005002458453749
1005003380276617
32973974383
1005003126060341
32955502862
1005003370985365
32919855448
1005002515521310
1005002734795075
1005002074315558
32949754514
1005002282540320
32555150837
32950299011
1005003180649557
33015370675
1005001577313683
1005002627169314
1005003152826215
1005001565247499
1005003313893263
4001223283802
1005002019073861
32956617119
1005003189754494
32799733492
32951907861
4000586821330
1005002778454965
32869186467
4001142760189
1005002766719919
1005003308435629
1005002698246161
4001295308236
4000972160816
1005003001008864
1005001752450865
1005001877325091
1005002712350897
4001003105021
32919834664
4000907209366
4001067922851
32862766559
1005002518880183
1005002487741349
1005003191339063
4000412600753
1005003197628422
1005003102964972
1005002883940791
1005002938456817
1005002284452186
1005003284288539
1005002492379066
1005003026230607
32668334120
1005003087075545
1005003236746123
1005003072831015
4000873582574
4000029364402
1005001349835045
1005002343260017
1005003076283933
32885970226
1005002337629363
1005002809612261
1005002932629776
33035159823
1005003067858646
1005003235291436
1005002655013773
1005002262292546
1005001640967473
1005002548171108
1005003155713881
4000777904466
1005003028617317
32852507507
1005003064607805
1005002298132280
4000938467893
1005002313803852
4000849440226
1005003240190896
1005001855962331
1005003317718070
4001212213916
1005002573162439
1005002390433180
1005003304111076
1005002835263389
1005003303279820
32959699220
1005003345464976
1005002666466036
1005002191953931
1005002968107578
1005003369112211
1005002303885402
1005002859665675
1005003333294665
1005002264854856
1005001858724703
4001254340656
1005003178051513
1005003309407759
1005002164123966
1005002462378618
1005002801220957
1005002611388751
1005002953128220
1005002952656939
1005003236685992
32831816717
1005002612845840
1005002566323892
1005003077382134
32886766038
1005003224179574
4000197313292
4001291967205
1005002722758359
1005001470645890
1005001779202949
4000907351677
4000920259022
4000836368622
1005002806363231
1005003274789035
4000881609246
32818573579
1005001291962766
1005003334326424
1005003192863434
4000833143288
1005002537505252
4001204458500
1005001525413296
32828490963
1005002591843131
1005001757254850
32952397320
1005002753959416
1005002072351168
1005002418575346
33000383676
1005003292047534
1005001977363656
4000158638268
1005003374192567
1005001419956679
1005003034004894
1005002314135355
1005003162090299
1005001830934555
1005002606174719
4000306700414
4000772916277
32811431831
1005002604812525
1005001835086188
1005002796339308
32890607933
4001260229424
4000249543061
1005003362194966
1005003112261155
4001289636141
32996059995
1005001682923468
32771065331
32990433251
32905848192
1005002759423635
1005003330852325
4001285544428
4001232261418
1005002641144064
1005003002223942
4001131393900
1005002586960257
1005001483385390
1005001621167699
4000628971204
1005002425494183
4001354834213
1005003374172087
1005002813237424
1005002828399758
1005002957474880
1005002277935381
32976390767
1005001340028643
33055690325
1005001493306422
1005003170373397
1005001727053447
1005002398958428
1005001345657008
4000551848960
1005003261298086
1005003365575719
1005002763302259
1005001359101145
1005003228380501
1005001854519271
1005002878851298
32806163494
32712686749
1005002892121658
1005003363990733
1005003224283136
1005002490233367
1005002702370557
1005003025378795
1005002324101328
33001499886
33058556842
4000349945477
1005003118602198
1005002650728571
1005002002126980
1005002622007476
1005002387935350
1005003383304290
1005003137793211
1005002766719759
32877017269
1005002125280125
4001278802872
1005003196074499
4001003057000
1005003374624451
33019522627
1005001830078952
1005002028478706
1005003242623240
1005002457578663
4001340616589
32983983736
1005003309255197
1005002571990901
1005002888977851
1005002767910477
1005001650495102
1005003150731432
1005001325792764
1005001726232501
1005002662747448
1005003277518279
1005003138796848
32922757322
1005001953507495
1005003372551602
4001050805246
1005003390881517
1005002953455387
1005003206512090
1740391520
32895882920
1005003164091385
1005002269165547
1005002080312076
1005001833784137
1005001852137413
1005003108869084
4000220972867
1005002469386847
4001360732789
33004506011
1005003001021896
1005003078273659
1005002631651323
4000321916003
1005002049892359
1005002334103059
1005002956891965
1005002878322547
32979330390
4001208359402
1005002653142154
1005002636449424
1005003124073524
1005003160880484
1005003064245678
4000727139703
1005001545519416
32707842748
1005002940046315
32949391180
1005003130274610
32832146818
1005001896616096
4000081512707
4001133992440
1005002492663682
1005002787845601
1005001817331489
1005002987977894
1005002322722461
4001297164538
1005002369145570
1005002889947707
1005002952577004
1005001556248343
1005002877225000
1005003163745873
1005001407415615
1005002339798884
1005003003967765
4000662803173
4000284525221
1005003317778103
4000153777131
1005002052692331
1005002616022004
4000894233514
4000279928343
4001189361670
1005002642803934
1005003284804142
1005001406208371
32992681631
1005003091958104
32968639229
1005001469026153
1005002970372083
4000066930147
1005003349147439
1005002589297110
1005002643052089
1005003370321540
1005001450505590
1005003148206528
1005002076538182
1005003314044569
1005002570487686
1005003163233144
1005002023083936
33048918717
1005003390303185
1005002765260592
32903587668
1005003276860844
32828050274
32835309590
1005003378818554
1005002646425150
4001131555603
1005002332998656
1005003042243127
1005001807736929
1005003146328537
1005003048008214
1005002770580409
32711593085
32799854390
4001230403243
1005001916345894
1005002586931774
1005001993428788
32319549926
1005002821780400
1005003136315933
10000256784147
1005002997566594
32717249556
1005003082055327
1005003387437625
1005003257681617
32995257376
1005002713016544
1005003329048386
1005002982405074
1005003373599508
1005002597523974
1005001495192927
1005002682282734
1005003358231994
4001248619430
4000049189213
32818946200
4001362108867
1005002954142558
1005002023941409
32826827191
1005003149984584
1005001693491422
1005002992861018
1005002959481662
4001184092563
32947586606
1005002378833325
1005002667454060
4000085690929
4000888504175
1005003348315156
1005003063859707
1005002864197434
32826920008
1005002518036869
1005002727661001
32992798461
4000122240458
1005002647248493
1005003276848914
1005001599992502
1005002416743945
32865412525
4000886101968
4000320644136
33015324770
1005003192334784
4000727973987
1005003114694880
32834584553
1005001506061021
1005003122198358
1005003314436627
1005003293811748
1005003276019617
1005002967848473
1005003214354396
1005003324971333
4000388222998
1005001343061245
1005001626753237
4000389004300
1005002014762474
1005001804584822
1005003019362862
1005003146094035
32750404368
1005003133872822
1005002920487248
32863270258
1005003018114834
1005002047723037
4000009927750
33009797279
1005001962012752
1005002907987502
1005001752835467
33032629591
1005002953240893
1005003336400192
1005002022529660
1005002483196876
32547873633
1005003332554674
1005002181289766
1005001683129759
32952944352
1005002629967193
1005003014489179
4001129144302
1005002860878274
1005003291241084
1005002824302113
1005002592722275
1005003196205663
1005003383326618
1005003272969329
1005002614146243
1005002014197190
1005003235344788
32821522820
1005003024987676
32895056137
1005002276970266
1005003334333824
1005002415384574
1005003382222430
1005002305174251
1005003145641673
1005003166166406
4000555121826
33009566077
32975444394
1005002660263120
33034115213
33039448498
1005003278557969
32844859487
1005002432962337
1005003212394430
1005002129637679
1005001465203006
1005003268350863
1005001628047081
1005001536324733
1005001731948072
1005002412723250
4001189120139
1005002756057086
1005002864279115
1005001565128037
32948370402
1005001381189786
1005002978974735
1005002442970502
1005002314472206
4000466123406
4000183743199
1005002914181755
4000009612853
1005003287076357
1005002895011875
1005001900795091
1005003186837404
1005002392903676
1005002730750698
1005001915097889
1005003337603873
1005002350797500
1005002973819929
1005002641844286
1005002085335433
4000927137972
32975935648
4000910325325
32819146069
4000385077703
4001182336847
1005003328063766
1005001939610874
1005003083013105
1005001386179942
1005003293069183
1005003274973106
1005003118333181
1005002564847011
1005002356781248
10000111724373
32519531800
1005001625228985
1005002816821325
32870712639
1005003117046272
1005002601180679
1005001332878880
32883598388
1005003097153793
1005003170015074
1005003387263658
4001230089942
1005002806232532
1005003265679507
1005003106393066
1005003368051707
1005001912519329
32821517028
1005002793577322
1005003184507738
32922546232
1005003207072795
1005002075381469
1005003219356966
4000804620009
4000704129320
4001148861580
4000084140476
1005001344603228
1005002203905588
1005002262205564
32592323773
1005003209243799
1005002637407545
1005003139623461
1005002294640487
1005003361081025
32945053485
1005002501862111
1005002763777739
32691175277
1005002691456558
32842788869
1005002731919126
1005002519060883
1005002648842934
1005003016079669
4000682810755
1005002884737828
1005003222982577
1005003255479867
4001024747234
1005001452587469
1005003385088708
1005003066783240
1005002333260976
1005003350517980
32912333847
1005003212029806
1005001785971002
1005003340194124
32920882302
1005002931688164
1005001779843764
4000057278933
1005003191112131
4001292976644
1005002827374170
32453969030
10000012608420
33026025361
1005003214398982
1005003367746655
32834584271
32949097895
1005003292775721
32407007182
10000352374664
4001110891208
4001169032130
33013873878
32601488262
1005002538062363
1005001471230981
32767880216
1005003229251371
1005002944794904
1005002416516713
1005002413987859
1005003205640862
4000414679901
1005002985118164
32857355131
32921973852
4001136069636
4000111743282
1005001908760977
1005003024778734
1005001586094839
1005001495760494
1005002671290897
1005003284605497
1005001834754355
1005002032610325
1005003140480496
1005002323993908
4000076816214
1005001469892586
1005002427376115
1005002983862417
4000783993919
1005003283553540
32997897107
1005001495403121
4000898527573
1005003370482023
1005002836749831
32877140472
1005001388165063
1005002526276535
1005001333758851
1005003380813441
1005003156883226
1005001841434895
1005002301536634
1005003214893703
1005003384969375
1005003058786885
1005002332803971
32692946782
4001159224588
1005002551054284
32957340163
1005003024564059
1005002797056574
1005002655982202
1005003193485670
1005003002097702
4000353043670
1005001695522364
1005002067554761
1005002824218078
10000395866855
1005001393179434
1005003161715618
1005002643153087
1005002075259786
1005002175037549
1005002398811752
1005003080785037
1005003278276156
1005002312772120
1005003017611903
1005003264802227
1005003295312273
32814517553
1005001683203901
4000778469304
1005003159939673
32819745498
1005003064869731
1005003076670475
1005001714640694
32949766681
1005002292060831
32580164151
1005001731846276
1005003227764765
1005003106097636
1005002794689906
1005001665769020
1005001332449801
1005001625555317
1005003336462119
1005003225680178
1005002002451231
32980872245
4000159376978
1005001894646312
32724362718
1005002014700995
1005003280085926
32859289477
4000008051240
1005002995399470
1005003272712516
32885568130
32857299250
1005002519287350
1005002674113041
4001289873855
4000602619188
1005001290414669
1005001731912822
4000283085260
1005003373001209
1005002994570596
32998447488
1005002863008440
1005003375055554
1005001719689293
1005002519006115
1005002126052311
1005003129061291
32854268821
1005002443433853
1005003388527207
1005003062906889
1005003366020456
4000317931756
1005002649348271
1005001494983773
1005001640263408
1005003014815414
4001215704924
4000341732106
1005003306074280
1005003302078738
4000532688782
1005003343045468
32805259850
4001270384543
1005003175236050
33061199529
1005002524507877
4000235991652
1005001976374028
1005001462272056
1005003015738182
1005003310617405
1005003139817502
1005002927501898
1005002921092198
1005003359803653
33052570183
1005003151434413
32819730008
1005002866597177
32885031151
1005002069823390
4000263158146
1005003331299947
1005002937853128
1005002842198500
1005001476173276
1005003158552965
1005002684170961
1005002912636056
1005001875799449
1005003148524777
1005001391744947
1005003208165309
1005003290915064
1005003268432161
1005003000970741
1005002966717442
33003930447
1005003253305423
1005003284955662
1005002964656795
1005003343278109
4001021602005
1005002901589070
1005002447641759
1005002667663732
4000311489975
1005003371352388
1005002731389054
32825767461
4000776349139
1005003065697076
32236443604
4000479295651
1005003288054734
1005002134833425
4000415341781
1005002350829197
1005003193528241
1005001482881290
4001099217383
1005003109235852
32375319371
1005002802736150
32924034840
1005003200635589
4000916736952
1005003095403229
1005001557320748
1005002503973579
1005002330420448
1005002363810829
32916156145
32975953029
1005002870496573
32811728849
1005003198466809
1005001560474943
1005002418253728
32955685533
32854441048
1005002718277571
1005003014062944
1005001477854007
1005002647295188
1005003083041956
1005003083050076
1005002951963180
1000001582646
1005002329532967
4000309863145
1005001596465047
1005002228549596
4001142304346
1005003195544201
1005002862036087
1005002815944116
4000415466725
1005002518219667
1005001849665422
1005003106137369
1005002380780148
1005002123338519
1005002441548165
4000104838936
1005002950802264
32952875900
1005001439098568
1005001570583582
1005003330962264
1005003328511932
1005003317898565
32769433987
4000201329307
32925671816
1005003272976087
1005002954431754
32807524121
1005001401859534
32799717045
1005002746510712
1005003002818198
4001170940224
32895871838
4000977640127
1005003159154165
1005002652275204
32994716189
1005002773904952
32834813743
1005001742071067
4001064386508
1005002649327368
1005003117467915
32958144665
1005002606155771
1005002657226696
32437296583
4000693556463
1005002625770888
4001171082952
1005003368902621
33057412493
2031924460
4000682613802
32888032758
1005002448668667
32866711045
4000773780208
1005003390968169
1005003342778662
1005003314496324
1005001993938297
1005002655935699
1005003167697831
32950142727
1005002848831605
4000074591265
4000626081077
1005003038084693
1005002990929917
1005003276462184
1005003319694435
1005002121744734
1005002314272936
1005002315329328
1005003010160448
1005002782610084
10000344111522
32462539442
1005003157031803
1005003031704283
1005003263585003
1005003047189872
4001252033236
1005003151750301
32983101792
1005002531780746
1005002124269463
1005002630803237
32639567248
1005001323502794
33000321875
1005002567373058
32907059883
32967808890
1005002878438400
4001064482362
1005002134575297
1005001313615150
1005002177386811
1005003368990940
1005002398938180
1005002984212582
1005001445487893
1005002555996531
1005002616709233
4000272600738
1005001915346172
1005003200965162
1005003005076793
32878344971
1005002997053627
4001029653872
1005002245149629
1005003358260186
1005003152522325
33055712833
1005002319425829
1005003232042746
4000018866515
32817222410
1005003034996725
4000762122847
1005003179342682
1005002810308716
1005003364066200
1005002679874777
4000212381534
32678178442
32835043164
32824657187
1005003107342692
1005003210838956
1005003252672145
1005002144704877
4000980307149
1005003038093059
4001217509132
1005003037709963
4001344940278
1005002985264877
1005003388521180
1005001381122519
4001163538268
1005003090408482
1005002470521188
1005001353867835
1005003330248202
1005002948384556
1005003338951559
1005003058180916
4000789451417
1005002270688839
1005002312480524
1005002652196684
1005002686339382
1005002247905503
4000086102470
1005003152527096
1005002994161949
1005003386505102
1005003251471012
1005002995602974
1005003149827930
4000453344420
32966064345
1005003123663477
1005003364597476
33016823719
1005001693569446
1005002520581537
1005002809827320
1005001781711135
1005002241039257
32961645176
1005002466412774
1005003005103771
1005002649671742
32895904402
32867656640
1005001618189764
1005002672361616
1005003144498457
32842817324
1005002656108882
1005002232381681
32974603478
4000267750428
1005002462798976
1005002261661800
32904939454
4000760902851
4001278953017
1005003239279665
1005003289495497
32948687711
4000794578743
1005002780579294
1005002635449638
1005003094544675
1005002550670570
4000033198753
4000899155471
1005002258811711
1005002334902796
1005002003925209
1005003288183428
4000433851171
1005003328137865
1005003026665505
1005001873200829
1005002703295548
1005003277925330
1005003211800282
1005002233016198
1005001893616727
1005003329233811
1005003380124234
1005003183304743
1005003291716443
32989549705
1005002379316408
1005002395686113
1005003158753216
1005002589326758
1005002477967177
1005001339579424
1005003015093115
1005002074319420
1005001748709052
1005003152052211
1005003372408878
4000176722756
1005001682920735
4000048175722
1005002925869433
1005002582261753
33014254789
4000927615967
1005003129909305
1005003264591050
32806343157
1005001989678141
1005003317152764
1005002345880044
1005003379898030
32860757835
1005003103943237
1005002423617420
1005002822783885
4000251615256
1005002783723163
4000609967851