1005001802713210
1005003156830646
1005002815041062
1005002912540009
32921880982
32984023152
1005003206343794
4000067222449
1005002387384118
4001269682888
1005003343557471
33060419460
1005003172416485
1005003388343124
1005002997900857
1005003065154392
4001058157041
1005002910370119
32888003169
32858753949
1005003024424237
33015991806
1005002937795667
4000051893226
1005003218205640
1005003152077837
32717736341
4000310060026
1005003384379509
1005003200863823
1005001268666448
32967636193
1005002749768372
1005003344595246
32417674535
1005003144633586
1005003019350098
1005003346779444
1005002989839921
1005001672582412
4000188851314
1005002361286853
33056635974
32807173282
33001208178
1005002969608164
1005003180516762
1005002467081108
1005001992199362
4001041379562
4000515336035
1005003346031396
1005001320047754
1005003326725099
1005002002929523
1005002367966154
1005001808177067
32875702326
1005003184439788
1005003357405648
1005002129604092
1005002240959441
1005002662559393
1005001521055709
1005001348555140
1005003355825296
1005003156317715
1005001869389656
1005001464452545
1005002899828540
1005002956968166
32966460292
1005003067187062
32950687634
1005003360496049
1005003286728764
1005003032893171
1005003169601567
1005002510833297
1005003192019061
4000080613975
1005002969169767
32881337006
1005002710609058
1005002109907138
1005003166372415
1005003330184864
33030138328
1005003391479490
32839938772
1005003338957757
1005002775457063
1005003309583831
1005002646326956
1005002568193447
1005003371566353
1005002554109526
32967849254
1005001688177323
32891661461
1005003158312479
33010892602
1005001682911490
1000001519508
32952249920
1005002786724104
1005002387251135
1005002566791656
32904319438
32348169913
1005003019381968
1005002926679559
1005003387693976
33004771774
4001330877266
1005002598877914
32930983729
4001157167880
1005002372309898
32904732240
1005003160440151
1005002005892800
1005003005633734
1005001862679762
1005003276306812
1005002821427423
32845903497
1005002956203991
1005002049840264
4001230323677
1005003064917163
1005002328505215
1005003196255335
1005002508526566
1005002828668372
1005003157616289
4000416276434
1005003339753701
1005001278745304
1005001704200008
1005002885826854
1005002950391392
1005002739590650
4000502239276
1005003065108241
1005003300654131
1005002382961288
33000218126
1005003298345555
1005003278104335
4001227985528
1005003326716556
1005001523558839
4000450603346
1005003210414070
1005002511521644
1005003128643961
33012070690
4000038690791
1005002467957668
4000589860333
1005001940745403
4001268631959
1005003295364889
1005003383362311
1005003036851920
1005003309098545
4001063777787
4001110887208
32972263177
1005002366207429
1005002225186194
32733581387
1005001876716907
32956996421
1005003108221065
1005003094109129
1005002177143585
32842841022
1005003192030517
1005003119309553
1005002854134825
1005003288157110
4000556691345
1005002964912792
32948254363
1005003367966680
1005002933207748
4000119110256
1005002175140748
1005002709422891
1005003005868880
1005002567372462
1005002041054889
1005001780690621
4000157507775
1005002363613846
1005001587025488
4000038542952
4000365657373
1005001348251355
4000179982924
4000828652443
1005003077384793
1005002225913698
1005003252291819
1005001458264119
1005003127714566
4000865187382
1005002989006821
1005003142433168
1005002886210866
1005001965425597
1005001379801435
32231396417
1005001899935782
1005001807179814
32944490281
1005002465952081
33033527444
1005002235755706
1005003005300789
32856041094
1005001406525184
1005001310137708
1005003323134741
1005002306680596
1005003103414670
1005002794135742
10000286309164
1005003282219535
1005003336126924
1005002873059370
32794446119
1005003180733088
1005002785070631
1005002306766003
1005002866738193
4000499336204
1005001901153692
1005003186628525
1005003211162921
1005001285337813
1005002905110086
1005002151630272
1005003222025079
1005002685210883
4001136077728
1005003327167788
1005002902167833
1005002950598450
1005002731840574
1005002985499752
1005003152350748
4000250764597
1005002912590088
4001151299948
1005003330472546
32989783336
1005002094064649
1005001759578577
1005002789142569
1005001657830099
32835264059
1005002351362914
1005002783874901
1005003038292035
1005002969834491
4001264564838
1005002911713668
32786009843
4000068187762
1005003154832879
1005003096299676
1005003205202170
1005002489932003
1005003251868336
1005003019848038
1005003280391027
1005002820190270
32807101968
1005002924106300
4000116126385
1005002261132179
1005001820229957
1005001694028921
1005002696598927
1005003132059778
4000064599054
32411412215
1005003101301315
1005002873451359
1005003298069653
32443974477
1005002623244408
1005002256627620
1005002305923515
1005002240173570
1005001928763886
1005003334466573
4001140485623
1005002315410274
1005002515929547
32834206194
1005002083814812
1005002425704191
1005003276946159
4000128840481
32803172434
1005002396471560
32911299655
1005002069827149
1005003148243977
1005002781741439
1005003382230094
1005002912981143
32977234183
1005002931100329
994534971
1005003108809978
1005003287171836
1005002520314659
1005003070074858
1005002762623613
1005001846655663
32854151251
4001021263038
4000177734610
4001108374832
1005002949162538
1005001797789489
1005003314100530
1005003209027848
1005003065025107
32962855268
1005002335184872
1005002373155160
1005002939456423
1005003384971807
1005001438807032
1005002927733866
32828842544
1005001462160611
4001144433792
1005003213009670
1005003090378025
1005002513458585
1005002588335150
1005001414571204
1005001321594472
33063598507
1005002510398400
1005003387752769
1005001452698887
1005003318698693
1005003193425393
1005003122751907
1005002193685921
1005002504951446
4000217495924
1005001448510533
4000492412066
1005003208918505
1005003334457446
1005002947263114
1005002787905008
32278563566
1005003026636936
1005001421471509
32795380967
1005003193192514
1005001289939541
1005002834097142
1005002257876563
1005002467755141
1005001661599166
1005002842399375
1005003123477765
33006861600
1005002953154396
1005001599874475
1005003332847558
1005002365132011
1005003379366306
1005001748005765
1005003385126298
4000269219788
32831578354
1005001321641955
1005002919014686
1005003118036434
1005002525284248
32950714009
1005003115968782
4000062967043
1005003179186628
33029044949
1005003185136255
4000709891310
1005003225209304
1005001437531483
1005002763654806
4000195411276
1005002042068836
32884985712
4000266584227
4000112596012
4000145301108
1005003185306538
32896638232
1005002625311143
1005003317884629
1005003298687176
1005001990149980
1005001607729103
32968003294
1005003294815226
1005003107216597
1005002650151015
1005003365065664
4000359705393
1005002042437425
4000186024011
1005001622851607
1005001307989261
1005002330487629
1005002623653853
1005001948698902
32921555688
1005003389548738
1005002481867160
32991199007
1005002377712143
32961400420
1005003339370100
32790839603
1005002754328701
1005001708231704
1005003385608686
1005002663704446
1005001701567230
32903628532
1005003270536508
1005002785045393
10000173583205
1005003387753866
32870386665
1005003084233348
32297354108
1005002089422628
4000114798482
32935087066
1005002808266525
33045045592
1005003222655965
1005002142955008
1005002973956902
1005002279792274
1005003356493572
1005003177024278
4001101376992
1005002875641487
1005003281422844
1005003032944592
1005002641074495
1005003118624179
1005001931093535
1005001506660268
1005001926864698
1005002459772452
1005003224536478
32822271718
32957948442
1005003063707171
1005003254346813
1005003302602734
1005003105493051
1005003214133407
32714920318
1005003187143685
1005001505481695
1005001525417783
1005002210976766
1005002521961152
1005003179484557
1005001501618753
1005003287882509
1005002121157748
1005001989033009
4000444335556
1005002924052519
1005003026038690
1005002423585298
32990459734
1005002878354769
1005002341516516
1005003241718831
1005003281140526
1005002408146297
32902429267
32954432262
1005001854116175
32774740160
1005003019315041
32853310441
1005002494046986
1005002559248599
33003872013
4001070759615
32956580826
1005002790598150
4001083831582
4001089362702
1005003050217340
4001211702429
1005003081694655
1005002945447819
1005003118996959
1005003142771868
1005003073719574
4001203595289
1005002753114348
1005003083743676
1005001515438418
1005003156327757
1005002016653854
1005002334976551
4000411260907
1005002362829326
32831643246
10000388399104
1005003341885279
1005002297264949
33044326997
1005001438182258
33053694218
4000645826865
1005002026934674
1005002143156816
1005003334772153
1005003236482711
1005001335796330
1005003330537959
4001362499329
1005002246294504
4000561570633
32861923904
4000033144817
4000873539144
32972847905
4000401424729
1005001873379053
1005002345524926
1005002650422684
4000788763008
1005001584736702
1005001598540456
1005002862084249
32712187976
1005002440831827
1005002718671492
32677120489
1005003037352756
32977369349
32789296559
1005003130010390
1005003318124057
1005003335924317
1005003396527812
4000249910574
32719310146
1005003318124417
32844205429
32815885539
32885512932
1005002482521455
1005002280523364
1005003290288379
32891675891
1005003068710673
1005001804679216
1005002511633129
1005003303118271
1005002631024531
1005003087248862
32872277137
1005003166655823
1005002110025470
4001121969907
1005001786615242
32969201737
32854520653
32960839560
1005002957883530
1005002727041129
1005003272573235
4001125642646
1005002359797904
32844814895
1005001814247571
1005003283276372
1005001397377690
1005003035971312
1005003125863422
1005002628001122
1005003095231719
32971168125
1005001288842272
1005002671674265
1005001543817537
4001110836727
32808827066
32984006521
33003913925
32760345705
32942010794
1005002620183802
1005002047794560
1005002919938739
32851465570
1005002122398909
1005002711545901
1005003035719872
1005002211726742
1005002810040738
1005001401812408
4000592313016
1005002746369841
1005002363685992
32906746819
4000400810253
4000788413138
4001298619070
1005003150992059
1005002801129826
32810480897
1005002982321323
1005003308848901
1005002467459250
1005003196564185
1005002394224042
1005003227471026
1005001349363878
1005002431936542
1005003237248448
4000610019981
1005003303743578
1005001824111957
4001260470049
1005002786903109
1005001285191362
4001187817519
1005003149537136
33043807547
1005001420481696
1005002763207984
4000853061919
4000583782206
1005001519149908
1005001430047923
1005002876004224
1005001580853665
1005002448447385
32881362228
1005002619199290
1005003188409150
1005002821643847
1005001640235229
1005002826247006
1005002086211751
1005003270798072
1005001418284905
4000565907636
1005003364667736
1005001546626118
1005001780743380
1005002558531868
1005002412393037
1005002986045500
4000730041894
33000507791
1005003078885102
1005002320469029
1005002246682515
32974481355
1005003040475779
1005002030578146
1005002386748795
32850941837
32840325916
4001231163770
1005002027105723
1005002504227057
32495067095
1005003367683781
4001145863755
1005002925969005
1005003354689766
32999462149
1005003335942265
1005002374780280
10000395873121
1005002357102331
1005003021146502
1005002695380763
1005002981962311
1005003319123582
4000858973657
4000151728957
1005001839583081
32814626155
1005002472836249
32748591050
1005003133952737
1005002878076316
4000385028929
32953870376
4001039041746
1005003028213143
1005003142962356
1005001381035958
1005003003876522
32963150200
1005003264380366
1005002787418743
1005002201839660
1005002973082693
1005002421629727
1005003140329288
1005002666767540
1005003021890305
4000219821335
32956618787
1005001456502720
1005003385237679
1005003008320066
1005003385259519
1005003307614483
33057536397
1005003178110569
1005001582176016
32845545671
4000474977617
1005003218574560
4001229933143
1967691609
1005003023366412
1005003117923280
1005003348370759
4000435367704
1005003060874289
1005001836075700
32832743549
1005002577741786
32837429314
32819078169
32911784862
32270228312
1005001860074796
33017510160
1005002726671541
1005001414220822
32890312025
1005001623229293
1005003251692883
1005002687597520
1005003094128151
1005002348586983
32685072714
1005003077912357
1005002069749414
1005002499750173
4000519578922
1005003107218733
1005002755941799
1005002711836352
32854825647
1005003266847028
1005002759368395
1005002814963755
1005002465735431
1005003290816309
1005001657925303
4001204623851
1005001400321709
1005003137532792
32843159277
4001218922372
1005002978602736
4000399179096
1005002999435805
33032862572
1005002339259323
1005002723529015
1005002985082745
1005001287639492
1005002412543806
1005003208903133
4001361066983
33048173458
1005003142641624
1000001109872
1005002314294904
1005003162030088
1005002852032102
1005002682778367
1005002794168526
33030877586
1005003195816876
32832978994
1005003244641084
1005002938248051
1005002936070601
1005002138860808
1005003017395661
1005002331938825
32861512737
1005002774618720
1005003036854291
1005003333729556
1005002796104222
1005001802749797
1005002820662547
1005002467767046
1005002817807271
32534154473
1005003305749577
1005002963475797
1005003123463984
1005003155449029
1005003160260605
1005001568023531
1005002243903772
10000395869325
1005002875802002
1005003190755016
4000355708340
4000936020555
1005003301564802
32961531231
1005003238623505
1005003114032770
4001144457306
1005003358755086
1005002142729532
1005003380626304
1005003302533053
1005002278167662
1005001686233705
1005001831644176
4000385852896
1005002724706208
1005003282828061
1005003311035424
32910385026
1005001825300090
32812327627
4000857972535
1005002351387618
1005002926957357
1005003209728332
1005001456819456
1005003208454468
1005002599085554
1005002608852787
1005003035802962
1005002864942944
1005003280823226
4001008829138
32964346331
32856731453
1005002916956303
1005002692970767
32971989023
1005001960194292
1005003050004247
1005003339621744
1005002945463955
32907912489
32709615497
1005002926711431
1005003275591847
32879727238
1005003170025475
32867937277
1005002085860099
1005003368515500
1005003154057788
1005003351947599
1005002673831257
4001062644864
1005001720554528
1005002961287265
1005003264140923
1005001567937680
10000395813477
1005003034533043
32976446482
1005002992735863
1005003391641464
4001081032854
1005002391671558
1005003251678238
4001262860429
4000093663106
4000788728878
1005003234044639
32820376955
32959933880
1005002253404343
4000838153251
32842053999
1005002520700675
1005001287930824
1005003071045843
32835742074
32825461591
1005002763772328
32844555800
32717767826
32922788973
4000607202661
4000812636619
1005002192425668
32380258009
1005001602064259
1005001686122464
1005002940088322
1005001612371163
1005002816324702
1005001933696047
33037905392
1005001287952135
4000225726992
1005003368067792
32977463766
1005002901828708
1005003336041411
4001105765967
4000273010649
1005003342853268
1005002666693893
1005002518264848
1005003115534123
32868452300
1005002974174249
1005002245593562
1005003140213822
1005001512514376
1005001658527340
1005001901250004
4001145159760
1005002328478841
4000829833962
32991880682
1005003046287649
1005002523268398
1005001670932163
1005002219535032
1005003367704687
10000356665653
4001150266169
1005002780436887
1005002931006952
1005002014648814
1005002792134251
32728157501
4000289580754
1005002839892261
1005002549917731
33019192360
1005002647317329
4000380641115
1005003051531358
1005002252919890
4001090389818
32886645873
1005003175921532
1005002428842815
1005003270944231
4000207624819
1005001949462969
1005003081584312
1005003367821037
1005002788806226
4001032345429
1005002854968883
1005002050724983
1005003367689974
1005001616280692
1005001709252018
32778903743
1005002709718455
1005002768091036
32969303264
1005002930286837
1005003139577367
1005003173011819
4000040037139
1005002900991767
1005002392089444
1005003254462138
1005003259524088
1005002123291704
4000050986629
1005002722733560
818083104
1005002798221061
1005001989226790
1005002995126741
33005012966
1005002489968679
32984703865
1005003084861407
1005003043475317
1005003217316242
4001315437065
1005003037376265
1005002924535958
4000222538567
2055670717
1005003236253906
4000379933074
4001313343238
1005002288149340
1005002498901444
32476820163
32854423922
1005002368905533
1005002697539086
1005001592540067
1005002378947272
4000940576661
1005003008121602
1005003374388759
1005001487629078
32785622477
32846485990
1005003157289635
1005002826972580
1005003237961751
1005002910917924
32948629778
4000219778674
1005003047395590
1005002954201658
1005002543509894
32851113097
1005003288859368
1005002394129985
1005002875156351
1005002982023998
4001160911154
32875457810
1005002863485880
1005001474031859
1005002119617905
1005002852549822
1005003010085109
4000248902787
1005001920930737
4000440440060
1005002835620101
4000055295262
1005002204049884
1005003285907876
1005002053784992
1005003119257650
1005002488557232
4000476185141
4000202399135
1005001393061836
33051299716
1005003329060434
1005002262595637
1005003336215006
1005003107375724
4001196818197
1005003172139872
1005002935379236
32812563911
32806681218
32980328886
1005002610657540
10000387034691
1005001279025736
1005003161856297
1005001301879837
1005002952421529
1005002749270501
4001039319220
1005001785039085
1005002245475851
1005001599657189
1005001868794793
1005003091709508
1005002697233728
1005001441260791
1005002029444632
1005003330821835
1005002988683482
1005001457426526
1005003277553990
1005003119747836
32603076012
1005002525035637
1005001374510873
32812812752
1005002374866901
4001026662956
1005001913344507
4000738258294
1005002649140193
1005001793109725
1005003158190944
1005002913776345
1005001567265695
1005002856801709
1005003163631997
10000002484013
1005003057558200
1005001732044035
1005002314345499
1005003348722754
1005003344359787
1005002572419244
4000601695974
4000996491266
1005003316342615
1005003112959399
4000831077785
1005001951852356
1005002782558339
1005002672462904
4001050355217
1005002604533855
33037991845
1005002836816111
1005002467354454
1005003376177905
1005003299960448
1005002697195869
32827040758
4000872968955
32829044680
4001189330530
4000680397750
32864412138
1005003030248928
1005003323270389
4000564264457
1005002374713245
1005002150751222
1005002481478950
32988901042
4001095022930
1005003287549524
4000571030951
32878598162
1005003313145813
1005002918407170
1005002661968844
32956233468
1005003065012556
32851771440
1005003240247269
1005002760948629
1005002460016201
349734023
1005003182009320
1005002960794033
1005001720933138
1005003129925896
1005002765621541
32957958370
1005002369172282
4000625332435
4000084726662
1005003038155622
1005001578612678
4000528658836
1005003120031635
1005002742086102
1005003347228384
1005002808779975
1005003340966895
32988426899
1005002097035430
4001159819387
1005002439632690
1005003130661287
1005003330793765
1005002596458751
1005003262533551
1005001859433651
1005002657845919
4000197206132
33007294903
1005002676300235
4000391580190
32945135673
1005003278504470
1005002201533976
32884411486
32960671047
32998220805
1005003079895902
1005003186745114
1005003185195019
1005002752424994
1005003091674152
1005003107882249
1005003107926447
1005002589134379
1005003385953458
1005002065356585
1005002313210551
32809298506
4000705025099
1005002958973892
1005003188767873
4000032650521
1005003144640456
32692294208
32841360926
1005002768403605
1005003198766548
1005001763133313
1005001814245898
1005003005244173
1005003173560003
1005003146296589
1005002967334649
1005003380822575
1005001441474301
1005003331588930
4001171390977
1005002231574908
1005003262959315
4000115129179
1005003155984052
4000431180061
32884096935
1005002490139171
1005003001128836
4000168075617
32976115596
1005002985344818
4000926961586
4000893529709
1005001708236602
1005001526323469
1005003371291867
1005003197240002
1005003201614982
1005002185828584
1005002888381629
32879105237
1005003053678799
4001075546937
4001111340944
1005002165006829
1005002593514915
4001081841050
1005003390842123
1005002247371614
4001263655041
1005002012274541
10000056956909
1005002321227515
1005003234850926
1005002668598167
1005003256769213
1005001608795094
1005002308512746
10000356483242
1005002252026337
4001053682520
32971979121
4000085214015
1005003160623864
32958705381
1005002092477850
1005002982672259
1005002822896141
1005003085331094
32904796672
1005003037873804
1005001303545852
1005002863662106
1005002017021928
1005003385963417
4000282491557
1005003291008996
1005003300374935
1005003309800263
10000002740561
1005003290281513
1005001555221938
1005002530169565
1005002808579081
4001265024229
1005002589950037
1005003311117825
1005003011989181
1005003124635149
1005002983517540
32969587069
1005002959748508
1005003020853551
1005002836955707
1005003039846948
32790642085
33045062517
1005003229705607
1005003197999316
1005003076810100
1005003147570322
1005003125226575
1005001602821596
4001212708094
1005002438066704
1005002905271912
1005003029867740
1005002006706361
1005002971174834
1005002535825680
1005001995546080
1005002696493478
4000503864323
1005001762473737
1005002998196471
4000064910621
1005003338157203
32779500324
4001147927219
4000264469783
1005003303725869
4000929844557
1005003123770404
1005003144272415
1005003041032795
4000754878190
4000712113146
4000902013390
1005002679962967
4001315798043
1005001692124816
1005002161571023
1005003022226128
1005003303587079
1005001860706842
32965996827
4001254991111
1005003239630827
1005003071125681
4000794310237
1005003282173931
1005003217350122
1005002781600282
1005001901878794
4001116052927
1005002945417546
1005003264977940
33045452173
1005002899799953
1005001727691403
32919141457
1005003176061765
1005001916222392
1005001280400837
1005003019301139
1005003340160378
1005002657615016
32970448736
1005003365913379
1005003386921105
1005002829900902
4000359673912
1005001632200090
1005001441273831
1005003255217670
1005003076291378
1005002809774661
1005001561108658
1005002657131536
32957074276
32870054755
1005003134215270
4001078167076
4000715771452
1005002287515450
1005002758796415
1005003380383472
1005002403667777
4001351051947
1005003380649776
33013233825
1005003205611847
1005003299504445
1005003347144349
32726123735
1005003137170811
32729758770
32881064336
1005003193241865
1005002930887611
1005002264864280
32635672644
4001039136199
1005003326756021
1005002430761246
1005002244300751
32805100405
32389364009
1005002966614224
1005002823005865
1005002176412000
4001122668865
1005002767352230
1005002604483824
1005003233518663
1005003066783274
1005001995654463
32740410957
33024326500
1005002322832139
1005003103641962
1005003382228078
1005002965189023
1005002718247047
1005001657841567
32821181118
1005003343756529
1005003290173394
4000117600287
1005002642624765
4000425350616
1005002432571991
1005003064493468
32893769285
1005003156096429
1005002707845334
1005003130492131
1005002661958874
1005003370476733
1005002782575042
32977733544
1005002003268077
1005002765515368
1005003189185645
4001052969405
1005002657037850
1005003152501943
1005001491347983
1005002542542447
32604969383
33024344288
1005002298065899
1005003310822088
4000987835755
32354387254
4001163204682
1005002842000298
1005002695126218
1005001518897110
1005002197270258
1005002857273699
1005002421550949
32886030266
1005003017308159
1005003034070745
32845624585
32991331291
1005003133617473
1005003200644435
1005002781715205
1005002700047624
1005003322010307
4000552048145
4001248220008
4000824172856
1005003171415042
1005002508494414
1005001319680643
32896607300
32960609894
1005002603080297
1005002408503922
1005003197499524
10000404570864
1005003393622132
1005003038311130
1005002672071856
1005002707601008
4001043133298
1005002239631350
10000289554953
1005002698088442
1005002864817287
4000246647661
1005001620505597
1005003031976793
1005003209388160
1005002344909781
1005001722329978
1005003209584166
1005001288126498
1005001441378741
1005001901623963
1005002941248289
1005003131875511
1005002979028043
32864934485
1005003338898966
1005002080842236
1005002886108023
1005003272327790
32951451559
1005003361913173
4000630297230
1005003157604525
4000619828968
1005003334485919
32683932916
1005002988381441
1005002176374456
1005003166091768
1005001896245267
1005002567248662
1005002781624831
1005003265184999
1005002396705119
4001068404242
1005001874881697
1005003281873259
1005003382147662
1005002381467134
32990970870
32834439076
1005003297981269
32959997236
4000614524659
32996460992
1005003258328947
1005002840351167
1005002519113187
1005002009530704
4000639970715
1005002753715018
1005002926859539
32825156685
1005003015913366
1005001456878482
32917779517
4000433962277
1005002522871368
1005003387762328
1005001585288474
4001224039356
1005002119317306
4000148268444
1005003224631067
32741510144
1005003205191353
4000387809793
1005001704641277
33046329565
1005003178125401
1005001617916160
32898972786
1005003286872864
1005003327655236
1005002765591196
4001179696971
1005003330773321
33057440929
1005003104366320
4000109954819
1005001839548990
4001053418954
1005002610605877
1005001288253826
1005002733956118
1005002605254303
1005001637912072
1005001638998113
1005003021056087
1005002475914650
1005002919294456
1005003136337071
1005002945630008
4000969616606
1005003173213458
1005002028444964
1005001987049401
4001038274953
1005001822900926
33004682913
1005002674112942
1005002138127791
1005002394857943
1005001765615880
33004986139
32854115240
1005002761373324
4000873789848
1005003021695226
1005002742781786
33060053338
1005003327855227
1005001380073045
1005003037979408
1005002901635884
1005003309188308
1005003362653363
1005002637178488
1005001282261232
1005002576742983
1005002786504008
1005002678406202
1005002510653461
1005002326343905
1005003209590556
1005003341886515
1005002717717284
4001187542687
1005003183304743
1005001615351072
32837298854
4000266288870
32556355692
1005003178047877
1005002602486274
1005003299321449
1005002903432753
1005001570425793
1005001736704916
4001365407457
1005002336794572
32844859614
1005002595016187
32997332319
1005003123980539
1005002666369155
1005003183485777
1005001552225560
1005002008905608
1005001575895723
4001016253740
1005002702693010
1005003287126702
33030781653
1005001957553347
32957443471
1005002967635544
4001272487617
1005001922329666
1005002663252627
1005002749328532
1005003205671343
1005003343187732
1005002893747759
33006788174
1005002722447975
33054386023
32789757183
1005002405136852
32869195463
1005002864354565
4000400333606
1005002683694337
1005002376071546
1005003228742153
1005003092581731
4001176970384
1005003094404854
1005002513148797
1005002070287508
4000734981459
1005002063303194
4000436770727
32803043011
32961464172
1005001693975150
4001014753272
1005003135868920
4000800574109
33043424464
1005001867239652
1005003371701861
4000326354058
4000804184578
1005002319018683
1005002592352188
1005003204105845
1005002910747799
1005003207187322
1005001961588686
1005003160454930
4000957645653
32982548243
32742484401
32965050320
4000480256208
33059634599
1005003250467923
1005003347257198
4000549650743
4000813279736
1005002761403498
1005002855014844
1005002997082660
1005002327219466
1005002063309771
1005002000447229
32810378932
32836617301
1005002372151941
1005002052015268
32982904626
1005002886622256
33001936784
1005001279122838
1005003030577353
1005003252138876
32390647638
32974204854
1005003216811713
32967068118
1005001469005757
1005001500742206
1005002862029904
1005003057945407
1005002625152873
1005003124557761
1005003112320652
1005002705262664
32885310585
32969572402
1005003332493285
1005001946335673
1005002623047301
1005002453723074
4001275170662
10000395848019
1005003187732577
1005002276858965
1005002911652746
1005003194447541
1005001779944226
1005001646513660
1005002332443990
32983544009
4001249895763
1005002398864936
10000140959862
1005001666782795
1005003340261165
1005001439133623
4000280016475
1005003332621570
4001200369654
1005002950921562
1005002773900239
1005002841111111
1005001484109892
1005003141909761
1005003104206369
32847067543
4000460028097
1005002615926893
1005002990151816
1005002967984614
1005002731592881
1005002375637853
32861025941
1005002094622009
4001028353152
1005002612251351
1005002122404445
1005002665655555
1005003133061240
1005002639291345
1005003128292913
32852572528
1005003379230566
32431131346
1005002996314310
1005003147563353
1005003157801444
1005003219283016
1005003047928832
1005002548827476
4000040304428
1005002647256220
1000004891523
32914024546
32918780783
1005002914497002
1005002602427490
1005003366177530
4000464967535
1005003249879022
4000310991096
1005001907077878
1005001333283412
1005002547183782
4000346804005
32611261761
1005002066027443
1005001525588283
1005002637387345
1005002283475893
1005001315391291
1005003175957545
1005003078262637
1005002431555198
1005002313412764
4001282362563
4001270948763
1005002613406167
1005001297128825
32804541336
4001231340953
32590810029
1005002739018746
4000559110670
1005001639186125
1005002101094808
1005002740869255
1005002475015789
1005003129445985
33024375968
32858232426
1005002530704796
1005002439117709
1005002015289601
1005003393038389
1005003372903779
33033492439
1005002283749597
1005001991275440
1005002546144248
1005003265054352
1005003225056674
4000706631664
1005003331031575
33031648495
1005003323275772
1005003181611622
1005002611660504
4000778754389
1005003223965451
4001107760313
1005002776998798
1005002746547723
4000890899488
1005001412987127
1005001973323625
10000344958779
1005002552473945
1005002065356585
1005001586098341
1005002452701401
4000207683266
1005003085226604
4000278079712
1005001575509458
4000905698330
1005002295315644
1005003351206036
1005001630801978
32964427808
1005002436047218
1005001935871027
1005003358946736
1005002780290732
1005003036302110
1005001392430466
33032931192
1005003102076021
1005003008086389
1005003308798956
4001159898471
32855053486
4000537104878
1640946002
1005001748928828
1005001970780049
1005001501516972
1005001671082092
1005001681697884
1005001519897048
4001245832956
1005002595610736
1005003137879524
1005003109996772
4000954670644
1005003326031378
1005002255172239
1005003337779745
1005001365519406
4000270080995
1005002011341429
1005001280239170
1005003296246030
1005003356072551
32963104852
1005003026210649
1005001607401483
1005003330889617
1005002667762701
32307722177
1005003170323812
1005003257909713
1005003129290734
4000101068403
33030020518
1005003164716631
4000818208891
1005002390428037
4000215075006
1005002977370977
1005003157329240
4001316464974
1005003352661533
1005003230384474
1005003344687658
32843921664
1005003222217582
1005003086775994
1005001495075811
1005003263491401
33017336377
1005003339912119
4000943172082
4000336619270
1005002668448127
32818287879
1005002724567712
32831539785
1005003151206424
1005002727206842
1005002265181567
4000589438465
1005003338778303
1005002037902476
32880755136
1005003225334781
33009881124
4001362534845
1005002655957836
1005003162150992
1005002766357791
32725232948
1005001912994437
1005002855559739
1005002813238335
4000218858950
4001346058810
4001054245368
1005001903247122
33022795912
1005003296503018
1005002490931403
1005002356810997
1005003213147377
1005002220336668
4000466155128
32963537252
1005003336648045
1005002600410346
32947934225
1005002345746877
32847936758
1005002940444620
1765575711
1005001972618655
1005003338591638
32962311514
1005001820854676
4000350687166
1005002762116517
1005002512988111
1005003363996600
33046079307
4000025984962
1005002891326322
1005002656910027
1005001581457114
1005003265625378
1005003038394857
33014677737
1005002443107359
1005001799012326
1005002064814615
1005002912838604
32909274078
1005003140001820