1005001339529911
1005003195694528
4001191957989
1005002323103887
1005003364680952
1005002939656640
1005003002734806
1005003073978059
1005001598894123
1005001799310928
1005002717209420
1005002122484175
32757540583
4001159471915
1005003210922155
1005003314145734
32885901750
1005003028753102
1005002577771444
1005003210816703
4000070774855
1005002576307659
1005001539841792
32865534824
32880889390
1005002432918911
1005001836159732
32979776949
1005003346433180
32837111674
1005002124148435
1005001950670105
1005002768026404
32980476902
4001202017492
1005001689297216
32606706645
1005002264798970
1005002935350142
1005002530349154
1005003017004238
1005003027280954
1005003371119156
1005002395140330
1005002583310127
32898667500
1005003199682831
1005003208953812
1005002259965725
1005002003951608
1005002347900054
1005002789507402
1005003183137154
1005002256377635
1005002945953103
4001019466503
1005002006263573
32994426097
1005003233166007
32808632383
1005003294735858
1005002080329425
4001156432042
1005003133032230
1000001315601
1005002767017569
1005002392927664
1005003124924990
1005002840605313
32949476810
4000704604966
1005003337881925
32845254311
1005003327656164
1005003274998700
1005003128893321
1005001320405793
1005002333042357
1005002611738550
32378106619
1005002253809862
32988819022
1005003350889742
32995482314
1005003323021845
1005003117002873
1005002370246271
1005002971063732
32990484812
1005001518789911
32505539932
32864134096
1005001572370201
1005002647245539
4000095422241
32837902653
32946509774
1005002941931482
1005003244920052
1005003325655149
32757221286
1005002996944765
1005001349729681
4000874021232
4001133897744
1005003341771963
1005003181935404
4001042082090
1005001499524570
32584483599
4000830765083
1005003166010366
32602886115
33036967209
1005001803970179
4000622310796
1005002083824292
1005002286454668
1005001961595751
1005001926628956
32966449516
1005001321383612
1005003087604709
32482158475
32838745103
33003263523
4001093668412
1005002600685042
1005003342089520
1005001697838737
4000506307921
4001009344475
1005002465613627
1005003263521693
1005003303832226
4001032219307
32267637583
1005003276883386
32773669710
1005001769141655
1005001857072732
1005002924349138
1005001787829302
1005001520522395
1005002943336108
1005002991278905
1005003005208167
1005003104266183
32422898225
4001143177806
1005003223522829
32868285806
1005002833918359
1005001913397659
32618429707
32884696893
1005002650889753
10000351650423
1005003129270341
1005002609159110
1005002921951027
1005002143228040
1005002951968172
1005002371698046
32854831177
1005001782295283
32666589850
1005002768091084
1005002388581328
1005003332932047
1005003091337436
4000916922753
1005003161280644
1005001821866393
1005003097999024
1005003174502317
32401377876
1005001597714977
1005002634797653
4001040084565
32849363506
32848604198
1005002753057554
1005002210526080
1005001859797571
1005002635959128
1005002880165594
4000415892362
1005003264407278
1005002751196511
1005002661439612
1005003122544198
4000478960869
1005002991389513
1005002668771093
1005001529936947
4000990803783
1005002775042750
4000710355195
1005002962479818
1005001348598932
1005003309130811
1005003114602552
1005001374435702
1005002998755459
1005002795433105
1005003384790428
1005001664528788
32916438370
4000904016452
1005001695452431
1005003036107251
1005003350624250
1005002593965336
1005001769254533
1005002932418389
1005002788469379
1005003230340254
1005001867706804
4000857190246
1005003172848751
4001128974779
1005001651785482
1005003378731007
1005003301871249
1005001980406938
1005003238946619
1005002745603451
1005002929173588
4001278807724
1005002956878689
4000724061504
1005003354169724
32973944417
4001166453371
4000486461749
1005002513521617
1005003278637935
1005002397851093
1005003153252630
1005003088254625
1005001343181261
1005002787980556
1005001382409192
1005003108613060
4000955147522
797284032
4000090437225
4001360577951
1005002762879725
1005001863324590
32602656523
1005003219499657
33031210344
1005003043640392
1005002781394134
1005003292667850
1005003153042365
32821905864
32880252266
1005001324938994
32845153049
1005003057912340
10000049327818
4000583857400
32829691352
1005002307479701
1005002488574584
1005001278031900
1005003097895215
1005003343933775
33034703085
1005002567860749
10000395871267
1005003394074093
32956315247
1005002977863824
1005002232524668
1005001879873523
4001214185912
1005002234600835
1005001388661932
1005002873212366
1005003319256031
32967594481
1005002737174306
1005002551635412
1005003359532935
32707862594
32654356150
1005002803365390
1005003300815076
33006043617
4001083947559
1005002551319793
1005002384997834
1005003336655939
1005002931772707
1005002662738210
1005002019239529
33035014768
1005002780035644
4000028894944
1005002040850428
1005002866098933
1005002344472295
32840321837
1005001391746008
1005002083958717
1005002835960619
1005003087630202
32995679113
1005001836938960
1005002730474381
32917095556
10000058334877
1005002318286138
1005001586367159
1005002597809463
1005003295594244
1005001970189713
32813908418
1005002920842664
4000238471564
32826302866
1005003160760518
1005002562815577
1005003117543743
1005003174127832
1005003166256071
1005003385305837
4001027381086
1005002962389576
1005002325249569
1005002233308505
32836817099
1005003004329871
1005002978461543
1005002745364389
1005002132271925
1005002728110946
1005001282577310
1005003038067534
1005002885509254
1005003328282269
1005003078824597
4000942053982
1005003298833617
1005001349568060
1005002702617245
1005001898821392
4000109701429
32646852984
4000119087537
4001082992140
1005002050644732
1005001736851562
32965009761
1005002739169174
1005003094561480
1005002913869826
4001364300321
1005003377979077
4000887367108
1005001320683179
1005002134039011
1005002328233691
1005003278305531
1005001722873856
1005003287248127
1005001334065063
1005003332294929
1005003351950354
1005003362118497
1005003333916087
4001006971471
1005002310320055
4000738399431
1005001748674814
1005002730399515
1005002776437989
33060631084
10000002544559
1005003317934226
1005003069974828
1005001439104608
1005002140305619
1005001489877043
1005003280568332
32903012049
4000769310047
1005001593397952
1005003082270446
1005001302969281
1005003146359454
32919801089
32826511744
1005002506710293
1005001506088546
1005001933018334
33008639162
32810420974
1005003187497217
32789291904
4000220570225
1005002949336485
4000676201964
1005002535866089
1005003277638778
32962289986
1005001990627194
33014970867
1005003251760903
1005003020766677
10000347928883
32870652696
1005001973449029
1005003029929241
1005003256720378
1005003014266095
4001138390750
1005003194316636
1005003030693368
1005002384218627
1005003033024330
4001050221575
1005002711335120
32717352954
1005002490709971
1005002696660588
1005002388494486
1005003140514011
1005002574638881
32833518374
1005001942595062
1005002657763589
1005002515052253
1005003156927855
1005003276848914
1005003008071270
1005003076762714
1005002631606466
32843786498
1005002346057104
1005002883881736
4000185671924
1005003104147382
1005001864182151
1005001980573397
1005002551796199
1005002951868144
1005003272185144
4000341148844
1005003182697414
4001134529613
32801409503
1005003337161721
1005002746105894
1005003226172643
32924955708
1005002132551018
32998568246
1005002964695003
1005002432885690
1005002613884034
1005002819891209
1005001849500691
33005227039
4001156656240
1005001297346700
1005002609923268
1005003244401280
1005001903635197
1005001859481239
1005003282289887
1005002363721202
32678465702
1005003304762025
4000907209366
1005002963557697
1005001813772794
4000549384996
1005001977279928
1005002076861907
4000898429355
1005003188922187
1005002781707293
1005002616311261
1005003244539157
1005003212741429
1005002398767788
1005002315907927
32709917884
1005002829867760
1005002902613453
1005003110055595
1005003134910958
1005002630791364
1005002651768136
1005002576950932
1005003387737504
4001357865109
32861753788
1005003350460778
4000546511809
4001204168639
1005002611982469
33022150095
1005003201532204
32832334527
1005002799458738
1005002390767522
1005003332381581
4001226992880
1005003144671799
1005003304993974
32998601656
1005003349633166
1005001373830767
4001339056342
32924717075
1005003385408857
1005001709474961
4000905696390
1005002361893247
1005003248584297
1005003207958698
1005002929993972
32820276403
32890324145
1005003268261886
32986511763
1005001952434619
1005003365865534
1005003129879736
4001290679259
1005001450587129
1005003014101248
1005001905291109
4000848478427
4000828655761
32893588844
1005002614010257
1005002359838389
1005002181359842
1005003298321371
1005002323702473
4001082810684
1005003392169811
1005002130711385
1005003289138601
1005002820279303
1005003388067836
1005003176044317
4000760490961
1005002931836834
1005003109641011
1005002616072522
1005002033273303
4000118054151
1005002813588893
32833909938
4000829522484
1005003006383482
1005003051475898
1005003294380531
4000918288255
32595300925
1005002565277428
1005001431182833
1005001270080875
4001173300405
4001165606366
4000119065722
1005003108380098
1005003044264842
1005002090164766
32953643003
1005002110205791
1005002084745163
1005003042139715
1005003358543717
1005002236073525
4000291178559
4000879414248
1005002536625277
4000695809157
32846209016
32847202067
1005002417727496
1005002725676981
1005002984660894
10000343608581
1005002477135962
1005002910330817
32821868913
32524891352
1005003359170074
1005003385001597
1005001469852642
1005003330637564
1005001639766579
1005002836782368
1005001638567886
1005001798107021
1005002784392065
1005003343250229
1005002509734432
1005003386872679
1005003297198655
1005003248898828
1005001731025864
1005003230354104
1005002828586315
1005003259122352
1005003095314208
1005003340643031
10000395803890
1005002782356188
1005003325575664
4001307270866
1005002823427115
1005003321891572
1005002548511121
32758544724
1005003022823766
1005002869350750
1005002329100184
1005001442857658
4001042682192
1005002721515891
4000760083529
4001168840715
1005003118182018
1005002061438824
1005002134656407
32915934483
1005001893780649
1005002790420253
4000125523037
1005003102169965
1005003133927659
1005002136463095
1005003266264247
1005002917509381
1005003285477087
4000224125804
32950218962
4001190581356
4000751665491
1005002494099382
1005001893278374
32796495271
1005003066236882
4000960874508
1005003243816336
1005001865060952
1005002974644284
1005002517097884
1005002571670842
1005002314429262
4000469400040
1005003350080122
1005001867999619
32825643713
32945540035
4000705531624
1005003323892454
1005003264409700
1005002259059499
1005002423315639
1005001902386863
1005003387100963
1005003233453849
1005002952438514
1005002288051615
1005001375268311
1005003014969925
1005003301881486
1005003128075566
1005002956303788
1005002345020834
32946680703
1005002558506001
1005002358370324
1005002490020891
1005002383109971
1005002072202706
1005001417500745
1005002608536436
32993605243
1005002870379976
1005003361201244
1005002855816422
1005003193254378
1005003051232866
4000121742461
32919167758
1005002588316712
1005001949201441
1005002349691606
4000345453991
32882085415
1005003072072531
1005003118032984
1005001620938466
1005001860811634
1005003004017258
1005001926482625
1005002388710365
1005001561067755
1005003334540560
1005003385863821
1005002264335135
1005002766611426
1005002000156564
1005003089247036
1005003192043465
1005003276308886
1005002698571111
1005003352988791
1005002244174143
1005002768127765
1005002623728885
1005003264672947
1005003371998000
1005001867229659
1005003349837361
1005002835689022
4000029005357
1005001321526175
1005001620343891
1005003161740365
1005002607927176
1005002199159747
1005003236610848
4001019594759
1005002745131373
1005001768153292
1005001657912750
32825274506
1005002795827932
1005002661793749
1005002949340080
33055123530
1005002925456552
4001028097105
1005003131886664
4000085252946
4000299762063
1005001626949031
4001020287873
1005003370781935
1005002122323722
1005003387704856
4000642286281
1005003361338116
1005001848869650
4000888508002
32871590914
1005002605742452
1005002315609177
1005001381831424
4000923085623
1005002674334041
1005002177568153
1005002766776459
32951407495
1005003070527121
1005001381704979
1005003311650681
32916928725
1005002774062589
1000005862366
33033808859
1005003293623520
1005003292288312
1005003334314456
1005002674578335
1005002318955568
1005003141653300
1005003277834445
32960148408
1005002453183928
1005001652515823
1005003137259805
1005002341322809
1005001320699530
1005001998896229
1005001639461062
1005001651654166
4000192129695
32803740651
32874185152
1005002574900681
1005003163730873
1005003199750844
1005002278905203
1005003030202819
4000170796828
1005003140886172
32900198482
4001056864234
1005003218349778
4001015060734
32889009969
1005002585053039
1005003341314464
1005002065063779
1005002713938380
1005001516872893
1005002191452638
1005002281651166
4000831164394
1005002783496812
1005003280093950
1005001615703091
32810381233
1005002276301847
1005003062005202
1005002329619232
1005003026748889
1005001448696132
4000161969380
32899614471
1005003069586346
1005003076590320
1005003083877858
1005003299640422
32706431139
32844049899
32888413781
1005003214481280
1005002950852940
1005001397659719
1005001335222592
1005003080471677
1005003277314435
1005001266759801
1005002050306109
32787491543
4000934299833
1005003247758149
1005001769216216
32731059514
32963186076
1005002673902181
33029799745
1005003049816721
1005003014704061
1005002245680946
33018467738
1005002848491663
4001018714845
32513275683
4000292811456
1005002130120258
4000538581065
1005003205832188
4000905480544
1005002390407110
1005003379297624
32973825076
1005003269847287
1005002751308760
4000828083856
1005003269473073
33003263523
1005002788686529
1005002658738721
2020904378
1005002443079701
1005002398891440
32934791383
4001252013839
4000221469565
1005003014716913
4001026035531
1005003296481275
1005003106930608
1005003223681121
1005002577710774
1005002561783020
1005003118092862
4001325333122
1005002380470951
33055759775
1005002946909433
1005002869512045
1005002571240006
1005002594358687
32692009077
1005002892824476
4001283365488
32875239591
1005002309466450
1005001653330175
1005002809518464
1005001552919412
1005003093512157
10000374444885
1971197607
1005002502738252
32899616927
33016466648
1005003177379485
1005002080282739
1005002252929777
1005003033372959
1005002116159946
1005003325660047
4001162781597
1005002704925175
1005002264928461
32866025439
1005002440914125
32911325578
1005002688786098
4000538149245
1005003303227718
32970995034
1005003051017134
1005002782095080
1005003388411940
4000489909830
4001156560695
4000598563215
32829571219
1005002448889897
4000730152121
1005003000802459
1005003272771200
4000837198343
1005003304741813
1005003329034354
32915563975
4000695574360
32825827483
1005002389182301
4000182150932
32903670055
32868980181
33027456382
32840063104
1005003385339123
1005003004351181
32837802510
1005002382656249
1005002982844133
1005003345272342
1005002889276537
1005002907613070
32847122635
32839730983
1005002489510885
1005002907546944
1005003171889249
32470823948
1005001976764630
1005002120177077
1005003359347892
1005002409435726
1005001714952449
1005002856309382
1005003385197225
4001356789079
1005001468123655
33018159932
1005002208628476
1005002861803505
1005003071337651
1005003205024848
1005002017512102
32730027142
1005001872065312
1005002616977389
1005003335798282
1005002142756906
1005001716060155
32725180346
1005002869223724
1005002239442092
1005002382462930
1005001587637322
1005001556753651
1005001850966112
1005003291434728
32894379658
1005003158982653
32977687702
10000343969397
1005001455261723
1005002232012137
32929174974
1005003205359026
1005002588011615
1005002693547091
1005001894598334
1005003088346440
32850321435
32970962854
32816965164
1005003328850494
1005002608939359
1005002413105823
1005002140370790
4000220851612
1005002598882752
1005002109708749
1005002321520336
1005003014047708
1005002832163854
1005002010843147
32884155934
4000489700054
1005002399946487
1005003094554670
32921314908
1005002588875840
1005001840415832
32943198704
1005002485909715
1005002848726972
1005002239460510
33056907317
1005003155162484
1005002611053337
4000180690213
1005002939414783
1005002662366454
4001031766933
1005002644776767
32728986696
1005002480611401
1005003001185389
1005001627340805
4001198212492
1005002878819363
1005002789530213
1005002097681151
1005001611415131
1005003291059810
1005001808497043
1005003193305031
1005001717306429
1005003304385362
4000497989388
1005002947567509
1005001514309436
1005002803143901
1005003326174027
1005002508328451
32693252465
32857276468
1005002094803630
32706602324
1005003080897935
1005002326558575
1005001652164027
1005002589951223
1005003221118903
1005002945277328
32945181499
1005003276136456
32995929752
32999218823
4001109108789
4000245541868
1005002346511123
1005002788734102
32776208482
1005002352457266
4001127604332
4001053882492
1005003120648682
4001093520761
1005003246994867
1005003140604211
1005002458967297
1005002359904053
1005003336957865
32866037826
1005003346292170
4000777393626
4001160704227
1005003318747292
1005001807331682
1005003026197977
1005001742615215
1377760309
1005002235985963
1005003197585409
4001274567388
32465569303
4001139671795
1005002616995921
1005002615393477
1005002090453005
32971451560
4000262059022
1005002334730541
1005002084054314
32888863335
1005002495175204
4000143556513
1005001699546707
1005003384981605
4000291478488
32799127525
1005002017827041
1005003154808540
32902090754
1005001411609645
32851048877
1005002689662005
1005003101730511
1005003106272946
1005003080063643
1005002122000597
1005001594898546
32999050626
1005002084639651
1005003160986713
1005003020313357
1005003227479742
33019952456
1005003261643846
1005002241862107
1005002950329093
1000004669107
1005002944275084
1005001429355802
4000582500502
1005002350431876
10000344111533
4000277941231
1005003143164828
32979658013
1005002697245056
1005002889626696
4000911496265
32973389995
32846040945
1005003193802432
1005003341243533
32837520950
1005002998596691
1005002722746452
1005003152191894
1005003157872894
4001290165937
1005001439041799
1005003358972867
1005003251812543
1005002564326292
32880062119
1005001586000711
1005003157149525
1005002768864368
1005003097488551
4000557301795
1005002237872064
10000069483169
1005002518571446
1005003030298730
4001111806424
1005002667036555
4001143299688
1005003187407354
10000343968481
10000182940351
4000341173673
1005002532204924
32967970818
1005002748084248
1005003115272073
4000666585367
4001153156235
1005003123255821
33013332148
1005001432214014
1005003265961863
1005002491820011
1005002790513615
1005002133512679
1005003174716782
1005003265225458
4000302993497
1005001552543718
1005002766048423
33030620665
1005003204500802
4000908465925
4001208439997
1005003092657398
1005003068877929
4001302243709
4001121977776
1005003234507059
1005003374693417
1005001593129144
1005002826621396
1005002857041884
1005003258945312
1005002629810270
1005003227610324
1005003390708746
32894876647
1005002313698888
4000059492393
32962447722
1005002907309609
1005002074012843
4000851117292
1005003146102240
1005003137259805
32859020582
1005003037227227
1005003298784874
32886252697
1005002289902347
1005002619095197
1005003342600189
1005001946936279
1005002846465504
1005002882537342
32846098884
1005003303516391
1005003361930928
1005002799490791
4001060979856
1005003326607909
1005003167278879
4001325278363
32962442552
4001153951706
1005002410952133
4000264557512
1005003278387763
1005002924866818
1005002784376832
10000209655782
4000624501288
1005001344562204
32922057333
1005001374459644
32960993590
4000499439881
1005001690737692
4000535415155
1005002344691990
1005003290227815
1005003317194424
1005002900197854
1005002848449513
1005002413259665
1005002313328865
1005003104373247
1005003095349075
1005003024561501
1005001570499941
1005003274284758
1005003274804306
1005003178070526
4000114340711
32995549851
4000463406014
1005003386002350
32987582861
1005003383324885
1005001575511291
32874430466
1005002052648273
32795636261
1005003349866172
1005001962084202
32861025201
4001215277116
4001073092242
1005003223616517
1005002730301684
1005002937939015
32839656401
1005003388316300
4001314542571
1005002776570723
1005003390581737
1005002651800997
1005001501707102
1005003031018593
32954021869
1005003124022296
33051580500
4000996698045
33007698084
1005003021724048
1005001429432418
4001163941922
1005002765805395
1005002650081826
1005003363788198
1005003167388622
32997875845
33013791854
1005001693336651
1005002936115404
1005002369592699
1005001685607930
1005003032114564
1005002316370048
10000168167244
32960903196
1005003146385323
1005001758185516
33042138182
1005001359009743
1005003385879826
1005002947613018
1005002238224582
32504909524
1005002755378233
32868796545
1005003139842517
1005002033464558
32843104259
1005002647322072
4001052395324
32990866843
1005001577046542
1005003197589993
1005003011839961
1005001949262148
4000082109188
1005002813266100
1005003165321691
4000844517364
4000894389268
1005001357365395
1005002698475789
1005002760366940
1005002802522991
1005002076711090
1005001805760360
1005003101157830
1005002047355132
1005001947437173
1005002348284873
32958404334
32963269806
1005002080673267
4000928398266
4000788788272
1005003320448912
4000963390300
1005003060840720
1005002313840490
1005002855149261
1005003019261141
1005003066836279
4001241358668
4000628999547
1005003320984490
1005003281344325
10000003732233
1005002985236121
4001151057275
1005003111456215
4001258837647
4000173658460
1005001711681206
1005002877648051
4001287294952
1005002632527778
1005003369054576
1005003055164753
4001271614347
1005003223564262
1005002880415588
1005003064538788
33057827466
1005002190180550
32928327796
1005003053354388
4000748352996
1005003309597197
1005001269910557
4000005953043
33016376611
1005002111445995
1005002359892106
1005002949480016
1005003105800341
4001111048917
4001167976346
1005003178352338
1005002841836627
1005002506174340
4000377451342
1005002719831192
1005001594219019
1005002795508446
1005001926537550
4000891758968
1005002082973088
1005002717372540
1005002089946692
32997689025
1005002350709749
4000021408908
4001352415431
32818954486
4000336657361
32950971989
1005001573284267
4001094902839
1005002052207323
4000631451924
1005003326116642
32914910757
1005003092152728
1005002443830460
1005001354552377
1005002485540078
4001014935960
4000119253029
1005003341935118
1005003359938344
1005003264992701
1005003091015968
33029130446
1005002481241772
33018386082
1005002943073616
32986767315
1005002008520635
1005002411197731
1005002651701688
4000451253467
4000194568148
1005003262290260
1005002913733985
4001201119785
1005003310097429
1005003386117010
32838495850
32817341887
32760166216
1005002605543264
4001269450387
1005002733101495
4001361885954
4000851817547
1005001846082269
1005002811052332
1005003287346997
32885743443
1005002133661192
32841299528
1005003006361510
1005003356204396
1005001758037900
33017736825
1005002608864922
32829435052
1005002903947693
1005003114115966
32955091963
4000112150119
1005002875842195
1005003323965609
1005002121230518
1005002915772607
32967069898
32730197591
32885437424
32801057066
1005002144272019
1005002755928905
1005002646207103
1005003188501308
1005002658049054
1005003366103999
1005003327972793
1005002439667196
1005001869582315
32968102192
1005002476002661
1005002608538935
32966583027
1005003233834838
4000414343703
1005003335075305
4000087370563
1005003038211333
1005003218962779
1005003289062086
4000771303229
1005003003530769
1005003041651406
1005002562237161
1005003296880062
1005002790480494
1005003289083637
33017512419
1005002224244690
32882399897
1005002802266745
1005002735073083
1005003158643134
1005002374380361
4001030121984
4001154594889
1005003195316911
1005003329826486
1005003371419407
1005003365963898
1005002704708082
4001237994590
4000521582479
1005001835068349
1005003019188588
4000345269128
1005003333929980
1034284196
1005003306023228
1005002926233286
4000419547269
1005001933076690
1005002298030886
1005001385707831
1005003228999594
1005003382053034
1005002864861641
4000907491419
4000423385297
32803862279
1005003309081850
1005003172128031
4001290021581
1005002320609956
4001258759839
1005001721579007
1005002890878349
1005002888380456
1005003266834053
1005003129231903
1005002203952850
4001110885203
1005002334813688
1005002052739094
1005002240119002
1005002042696909
32723976313
4001263373962
4001207900771
1005003195316561
1005002357518338
32700711825
1005002861283505
4000987262185
1005003386070159
1005003151903952
32861470099
4000983379658
4000546693126
32796410275
32871719286
1005001725739259
1005001859319503
1005002716798578
32834948505
4000775787441
1005002861993446
1005003096342051
1005002212179945
1005001928968805
1005002258460046
1005002037398060
1005001983112033
1005002537164473
1005002732291552
1005001953618731
32828918295
4001140550227
1005003152395561
1005003114113839
1005003341337661
32943079512
1005003228334643
4001280838846
1005003112372571
1005001409432629
1005002534502622
1005001785780504
1005001714709716
1005001617015968
1005001680575327
4000899709659
33018018815
1005003143961676
1005001900648608
1005003129330165
1005001967622906
1005001731051742
32945197723
32897417358
4000767162577
1005002731135290
1005002835152497
4000677718249
1005003307225055
1005003230733430
1005002599964704
32844984372
1005003258055366
1005003173466871
32838673210
1005003168061446
4000891857149
1005003290258482
1005001716136544
1005003219627040
1005002254417863
1005003250198596
1005002120742066
1005001586750960
32815054579
4001016238106
1005003245344267
4000780025826
4000867456238
1005002899512454
1005003108619441
1005002260674913
1005003277797147
1005003180433021
1005002451631348
1005003161117860
32893036191
1005003234820690
1005002350749521
1005003136264094
1005003165488322
1005003214669824
1005001884433380
1005003138720728
1005002567482102
32636768287
1005003274609008
1005001986017654
1005003159457503
1005002544956147
1005001339974715
1005003391369992
32966918119
32918290826
1005002957938132
1005002876087633
1005003093165207
1005002298197270
32794525059
1005002857299336
1005003188666869
1005003019346091
1000001565119
1005003095800894
1005003303634608
10000343984276
1005002214037708
1005003314148731
1005002784401224
1005003318102831
4001030811993
1005002863647642
1005003317862453
32797161967
1005002316522870
32438680330
4001282560989
1005003168174870
1005003099157598
33043923294
1005002828199892
1005002952626360
1005003268473036
1005001992082588
1005003218111926
1005003270769797
32878311803
32723977211
1005002382149533
1005003129561186
1005001559480444
1005002919058664
1005002443459611
1005001884290452
1005003303571677
1005001778879593
1005003052333705
32836063312
1005002940823738
1005001509779637
1005003370471710
1005003097589728
4001313283436
1005002946298481
4000682999294
1005003292829558
1005001635364942
1005003210355194
4000300410781
32422564557
32817929358
1005001997424800
1005003303159442
1005002953611277
1005001855271838
1005003336267154
1005002696127011
4000282382766
1005001736344416
1005003192481044
1005003379723127
4001314678545
1005001850974019
1005003232969617
1005002427803976
1005002586754810
1005001667139973
4000833165260
1005003337625637
4000201774880
32953312500
1005002666654583
1005002115337717
1005003234370310
32947769560
1005001375993054
4000050387303
32948037320
1005002557443537
1005003106619668
1005003134100057
32835313818
1005001873461432
1005002692456122
32945143342
32970210943
32850656011
32790785898
1005002052406903
1005001926894542
1005003260264704
1005002223606656
32859654241
1005001992815995
32793332188
1005003299533804
1005003265753271
1005003294766331
1005002316171418
1005002804109521
1005002423682271
1005003103228637
32796678436
1005003015610874
1005002632662970
1005002771106389
4001173317196
4000751771277
32844765767
1005002017022422
1005002493453933
1005001377814208
32911317490
1005002666890023
1005001850739005
1005002314491553
32868676163
1005002732751222
1005003339758424
32794367087
32547877911
1005003050430335
32910106651
32729846229
1005003368120263
1005003057525798
1005003130189717
1005001774739577
1005002252623828
1005003160551204
1005001424450645
1005001774851410
1005002462685892
1005003341804904
1005003158695034
1005002708275880
1005002510598714
1005003115763139
33025164486
1005003305162240
1005003160409082
1005002605509257
32816489730
32948155646
1005003292151782
1005003188310332
32966510507
1005002645673033
1005002776124313
32717172072
1005001956791494
4000484434544
4000218427073
33046058193
1005002870923968
1005002207396365
1005002255028889
1005002566403904
1005001528689549
1005002400481778
1005003159462798
1005002775602960
1005003367172962
1005002652762390
32319264200
32989189829
1005001686501187
4001028019183
1005002633060719
1005001864366849
32556883003
1005002500069263
1005002320902551
1005002428880833
4001220726051
1005002709622253
1005002538113395
1005002240279965
1005003111378761
1005003370803282
1005002948313987
1005001687752514
1005003348953363
32906149078
1005002617658284
4000174823026
33007726642
1005002066183521
4001232105952
1005002898440334
1005003148123763
1005003295897517
4001264418079
1005002120693117
1005002039087950
1005003224338629
1005002861368183
32828029974
32571708535
4000834145141
1005002889754185
1005002516700884
1005002790588196
32984306846
4001209479734
1005003091510947
33049134202
1005003108199136
1005001874735556
1005003352208565
1005002966861639
1005003127406274
32821262273
32916209413
33010996671
1005003206459344
33057675949
1005003206466343
32803075369
1005002307712429
1005003357767895
1005002764886181
1005001947613104
1005001314339219
1005001878848697
1005002275464865
1005002932040521
1005003222853033
1005003317434308
1005002993957035
1005001771866642
33000884537
1005002357480842
1005002182316313
4001227858809
1005001419865137
1005003320967265
1005002201280702
1005003076598274
1005001857014648
1005002559513934
1005002570480850
1005003236294094
1005002728143575
1005001319635936
32883187406
1005002959770989
32942768894
1005003146415390
1005002808338168
1005002847403613
4001034971541
1005003391672734
1005001888867912
4000397386585
1005002978589606
4000200949717
1005002569405058
32900675685
4000115482749
1005002964692658
1005003247300408
1005002735024253
1005002872127345
1005003163556634
32962285133
32971495271
1005003297791609
1005002924898570
1005003227994855
1005002288624312
1005001803308097
1005002363697335
4000364817555
1005003356011852
1005003327663444
32947707830
4000843806976
33024486585
1005003063600526
1005002617347610
1005003037150414
1005003190448492
1005001786012717
1005003239541099
1005003305662985
1005001585881867
1005002954811348
32848753382
4000532911927
1005002394676245
1738144055
1005003325219965
4000003081242
4000097589094
1005001988916855
1005001607927627
1005003346011617
1005002176735510
32957212176
1005003369886441
32935163367
1005003301738874
4000601613380
1005002584738333
1005003167906311
1005003162795929
4000381740226
1005002848580098
4000415365461
1005002632814556
1005003016150957
4000102220447
1005002541903441
1005001830703489
1005003124578314
1005001749865867
1005002532859105
1005001435903125
1005002505328852
1005002502493643
33041056739
32703838183
32895480230
1005002572563699
1005001960636065
1005001671375806
1005002400710198
1005001638348093
1005002332595420
1005002265321259
1005002861927302
1005003151240493
1005003174692794
1005003268932403
1005003250801065
1005002718060471
4001112089026