4000183302420
1005002953147265
1005003360384616
1005003329378931
1005002580573407
4000234552033
1005003319613717
1005002703880952
4000293926955
1005003294508674
1005002406948900
33020259103
4000926687178
1005003003018897
33020603622
1005001603209700
1005002806042694
1005002889936623
1005002052087755
32865011860
33049494974
1005002656926300
4000123339091
33001738586
1005003329361706
1005003377972433
1005003139982355
1005002984752874
1005003149342076
4000190155362
1005002604950185
1005003135813811
1005002727565321
1005001419939576
1005002334144537
33011562598
1005003037156908
1005001500225224
1005002951794650
1005001310692900
4001260543724
1005002905240939
1005002952800474
1005001431526245
1005002304430041
1005002625166520
1005001681946965
1005002526512392
1005003301848092
1005003125650630
1005001826188060
4000778857379
32853291159
1005003052107641
4000782382960
1005002090319892
1005002309025326
32881323217
1005002696623027
10000395829335
1005001704294209
1005001639522058
1005003277704915
1005003086977089
1005003201649754
1005003100809370
1005002861406470
1005003330114937
1005003195729237
1005003110029528
1005002795178245
32898360050
1005002463330210
32847190861
1005001490966888
32995134840
1005002708291215
32882066397
1005001630569194
1005003380603018
1005003346841386
1005002716776053
1005002063648175
1005002483229796
1005002814581872
4001254608191
4001175698392
1005002079090928
32915125524
4000569858654
1005003114412720
33040736496
1005001968556769
1005001957255568
1005002509468308
1005002610186870
1005003200053491
32854409737
1005003092736345
32822488499
1005002239970653
4000963346674
1005002885174537
1005002340036514
1005001594790307
1005003058924452
1005003382675267
1005002689705266
10000410495644
4001028037943
1005002053763379
4000767470887
1005003123340399
4001030314463
1005003194405516
1005002878348967
1005002153333889
1005002798283994
1005001491336430
1005002727081781
33014148807
1005002891975036
1005001401800284
1005002960360627
32897344035
1005002345109740
1005001961224452
1005002307913507
1005002142444692
1005001975257714
4000706437446
1005002893852239
1005003197780750
1005002453110505
1005002761500161
32794596283
1005001354737246
1005001477125858
32868357004
4000266213367
4000005680735
4000983633366
4001240115977
1005003009008616
32450327436
1005002978391084
1005003146440163
1005003226512585
1005003390214754
1005002496410454
1005003119711661
1005003349491722
33005028869
32957899414
1005001327270995
1005002946489806
1005001450142359
1005002071039548
4000940023460
1005002723209947
32821671495
1005002531234405
1005002428006825
32870125548
1005002977620027
1005002652878726
1005003040490037
4000388285028
32913377652
1005003187691725
1005002994582537
32719627713
1005002656551039
1005003140274882
1005001705695395
1005002198361425
1005002638698566
32919206540
1005003130232236
4000688354362
1005003145329748
4000714108164
1005001886279458
1005001320504005
1005002541208782
32890038876
4000766926755
4000712230871
1005001575264864
1005001487625354
1005001929661312
32862685191
1005001268648746
1005003333513289
1005003017163184
1005003094540998
1005002061413769
4000170441810
1005003120157579
32827183939
1005003366295089
1005001821886573
1005002870219030
1005003259883674
1005002880444782
1005002280847421
1005002361788164
1005002382820336
32811323767
32796489583
1005002900064246
32812084040
32916251307
1005003332442763
1005002225570238
1005003032419615
1005002847652670
4001260811818
1005003352035601
32950122736
4001048893555
1005002196391436
32463832845
1005001527210743
1005003162110609
1005002716520984
32792510399
32791206197
1005003210619088
1005003135496230
1005001934908973
33013842438
1005003077448214
4000715361440
1005002854650807
1005003030096509
1005003123343053
4000894795525
1005002138027710
1005001559974070
1005001308434529
1005002490886138
1005002732143615
1005003310393716
33002767241
1005002483229197
1005001935463552
4001331636047
1005002318318057
33044602899
4001200758387
4000532669405
1005003060847751
4001158200587
1005003051512843
1005003349128567
32747714957
4000194276375
1005003387721337
1005003328297173
1005003376907237
1005003365838144
1005003388200117
1005002889320079
32708487791
1005002959490552
1005002154820671
1005002991233374
1005002895984762
33058798190
1005001666592250
1005003313468796
1005002489227986
32919611536
1005002804411974
1005003304524271
1005002971514386
4001055842891
4000186480711
1005002313774183
4001186432499
4000398135371
32858563408
1005002877345223
1005002254486781
1005002940938881
4000808463665
4001315547473
1005002810916730
1005001889324277
1005003387434641
1005002144381683
1005002804047319
1005002827702923
1005001319985492
1005003325646240
1005003276049091
1005001967928459
4001238171541
32353905993
1005001866050304
4001115054207
1005002239989405
1005002746661756
1005002473557511
1005001354330256
1005003144966926
4000331894359
1005001949937524
1005002923886680
1005002265738681
1005003167662765
1005003257072880
1005002504249139
1005003327896316
1005003182669386
1005002997053888
4001005517919
1005003325060845
10000376534131
1005001348281811
1005003269895269
1005002011360179
1005003372015271
32218928156
4001021644706
1005001624666012
1005003351988556
1005003363561505
1005002397804171
1005002911664914
1005002900819296
1005002344996153
1005003105200108
1005002567884494
1005003209244171
1005002912638049
4000922273819
1005002647380011
1005003166742502
4000928437326
32878020440
1005003252698406
4001079165993
1005001809952727
1005002745858649
1005002604293816
1005002315810261
1005001399838702
1005003239743432
1005003156970897
1005001645512186
1005003357142981
32818702258
1005002731128612
1005001566621655
1005001572520582
1005002337226917
1005002695983839
1005002917309579
1005001376121170
1005001810390097
1005002357880180
1005002238834171
1005003358817808
4000575818148
1005003381430183
1005002363412270
1005002579525751
1005003158943762
1005003288267425
1005002941996686
1005003257370791
1005002553336305
1005003101937110
1005002761950645
10000154123486
1005002645198483
1005002732078481
1005002902009292
4000511122079
1005002112531798
1005003308018188
1005002206217963
1005003150499771
1005003271098037
32609907037
1005002966567077
32461245541
1005002880478525
4001360428616
1005003259359980
4001014923385
32981821105
32855991215
32251159123
1005002356152966
1005002988313571
1005003043479225
1005003050843729
1005003012748261
32915690652
32936449628
32868834834
1005003357312903
1005001429694364
32833602158
1005002213742680
1005002926093072
32728937693
32801736101
1005002876978103
1005003179072931
4001195690241
1005003144880583
1005002033860789
1005003233907749
32860369313
1005002514846563
1005003291224799
4000586229217
1005003330531346
4001122489813
4000045898083
32875664057
4000358359770
1005002237617258
32725670459
1005002696891982
32872797227
1005003123044722
1005003214870768
1005003194605139
1005003278050331
1005002671722963
1005002270457146
1005002388545897
1005001585984284
1005003163908953
1005001700939909
1005003112885345
1005002994617812
32828337261
10000154559488
1005003375906877
1005003014293079
1005002476233671
1005002841057494
1005002610862412
1005003086771849
1005002966526694
1005003264648194
756372183
1005002537803636
1005003259037497
32881089560
1005001819460419
1005002304784115
1005003379794754
32247474118
4001278971248
4000138443292
1005003000056214
1005001386559387
4000473553477
1005002547667009
1005001679695251
1005003161408195
1005002817045147
4000410233618
1005001495817058
1005003173240153
33052945467
32774358409
32798767752
32834985055
1005003182024813
32944071650
1005003328215279
4001039075004
33056311298
1005003385569131
1005003080826922
1005002657202654
1005002063485208
1005002485272570
1005002226476786
1005002605806345
1005002829379603
4001266956847
1005002954311377
1005002992074301
1005002594473621
32998474252
1005002459829705
1005002002861232
1005003283034841
33017970149
1005002248536853
33017038847
1005002650082481
1005002860813768
1005002352710537
1005001530182904
10000151389865
1005003160468041
1005002256226990
32989586164
1005001420006449
4000006443299
4000805199578
1005003159821937
1005002871310781
32824249056
1005002583276222
1995485314
32834643651
4000803196445
1005003268183811
4000248937269
32842362783
1005002901836261
1005001555460835
4000282490782
32695970999
4000704204702
1005002826684820
1005001699543933
1005003058544116
1005002454293420
1005002100670725
32835698037
1005003181689983
1005002855266659
1005002960237672
4001187879396
32974162695
4000994509772
4001104965761
1005003229068144
4000057592513
1005002473960614
4000022817802
1005002738056222
1005003178349311
32806313092
32894876647
1005002751990808
32873256391
32870148947
1005003380885852
1005003211142418
32896387659
1005003003739924
4000608500907
1005002190750982
1005003336069268
32810889964
1005003301957676
1005003257826588
1005002970778968
1005001505200840
1005003014035978
33024847639
1005002509502070
1005002253127021
1005003239447965
33003953723
4001128044020
32972462325
4000102782668
1005003027628554
1005001912952129
1005001352594365
1005003051885503
1005002519103493
4000227694915
1005003140303597
4000739830659
1005003235316126
4000982769956
1005003383812206
1005001646217450
1005002996049649
32851999967
1005002960201483
1005003261562470
1005003322627515
1005002989374949
4000160643889
32828305574
1005003341967406
1005002593085461
1005003308662120
1005003290278325
1005002094013463
1005002529923958
4001133062742
1005002035766951
1005003247705021
1005002780191841
32598483484
1005002096988960
33007802246
1005002543102960
1005003258482160
32866303387
32867756890
1005003100298027
1005002474169529
4000141457879
1005002589036080
1935591369
4001174702844
4000218897400
33008323542
1005001466288900
1005002755978470
4000937394616
1005002739981078
1005003269153431
1005002926834272
32981783919
32998479339
32818533945
1005001781572797
1005001838588303
1005002863883042
32818340222
1005002403498685
1005002905844952
4001161849050
1005003344931698
1005001881924543
32810592093
32669375019
1005002623904766
1005002454219813
1005003137002047
1005003175584177
4001174463865
4001362159287
1005002369055386
4001312793554
4001268416945
1005003217984522
1005002794711037
360408574
32578236471
1005003065727058
1005002388247476
1005003321555727
1005001847412915
32826799657
1005002983907009
32548081682
4001097487849
1005001311902155
1005002841573108
1005003123283243
32832600313
1005003058705677
4000038371915
4000299718846
1005003006390120
1005001961504172
4001315483914
32996278390
1005003358528231
1005002285960445
1005003329022141
32914738155
1005002523857101
4000506572292
1005002234727245
4000038140563
1005003193588108
1005001989183115
1005001592251397
1005002739040214
1005002889597115
1005003244287678
1005001867237659
1005002548202874
1005003339420073
1005003097113967
1005003358362496
32890014360
4001159829281
1005003243369829
1005001773726402
33013160516
4000761345592
4000307873912
1005003299701391
1005001896118827
1005002679241610
1005003038926394
32805320583
32977726268
1005002940796264
1005002410866700
32843135782
1005002431149970
1005002907314419
1005002270882401
1005003249922425
1005002263706691
33023861011
1005002032534954
1005001619869049
1005001500553440
10000402391685
4000054935919
4000540956242
1005003351299062
10000395848019
1005002317399547
1005003240215853
1005003021960818
1005003022710054
1005002022974860
1005003051630118
1005002671868745
1005003111069821
1005001941692851
1005001405218122
1005003276801788
1005003140966291
32818547976
1005003184398430
1005003113122310
1005003102656854
4000341470527
1005003010366408
1005001793046435
1005001299056597
1005002775147971
33041075515
1005003056427981
32918813515
1005002516358034
32991082497
32845688586
32991849020
32946956739
32318937953
1005003276467687
1005002605057763
1005003105963089
32930444829
1005002759077196
1005001730920294
4001230757286
4001109386504
1005001650921510
1005002948450104
33010945624
1005003026925220
1005003038274592
32903500383
1005002783259468
1005003212344233
1005001427471770
32848710804
1005003186791877
32632935423
1005001424069365
1005002989302123
32961618113
1005002448940720
1005003382127013
32800154020
1005003093103137
1005001733135388
1005002079902452
1005003377724031
1005001652813348
1005003239941639
1005002624101036
32965141499
1005003363717860
10000344964601
1005003329679114
1005002282173608
1005003288804820
4000693445396
4000381765872
1005003162093519
1005003223412421
32970760244
1005002610215131
4000758347828
4001307310021
4001090809225
1005002301610371
4001239047541
1005003265092111
32860138256
32888007076
1005002333591224
1005002871098987
1005003196856360
32710142368
32842064562
4000206812937
1005002530931806
4000738313706
1005002318976027
33046146923
1005002849733693
1005003113240894
1005002106007376
33045195559
4001105734937
4000303143955
1005003047303190
1005001443237314
1005003158588276
1005002927368825
1005002632375205
1005002259599455
10000395912855
1005002448869441
1005002416977788
1005002316004093
1005002616686025
33062667484
32951675758
32651205537
32858725531
1005003133187481
1005002555831103
1005003251101591
4001042810223
1005002353932372
2036767817
1005002007342031
1005002954251510
1005001458460851
1005002473804613
4000744393959
1005002678192778
32916928553
4000349464827
1005002731694764
1005002688196543
1005003123936912
1005002089483888
1005003353071752
1005003245663898
1005001708236602
1005002117276045
1005002747456176
4000712732272
1005001955174062
33031223556
4000449898502
4000800933245
32973388113
1005002980095635
4001121454599
1005003360386324
32849484761
1005003328814657
32952650060
1005001762736897
1005003098287694
1005003269473073
1005003074574100
4000197863488
1005003230063470
1005002657559780
32757001706
1005003277646077
32831420448
1005001370854688
4000829514879
32763739142
1005002306004635
32947814335
1005002786223613
1005003136900423
1005002231403385
1005002718624645
4000974534831
1005001326629623
4000477331547
4000153248641
4000084842258
4000077392826
1005002789225225
1005002326005914
32929383108
1005002943683245
1005002109645859
1005003275184530
1005003328776455
1005003006263963
1005001865487610
1005003034393041
1005002539502134
32741207196
1005003344835548
1005003378274036
1005002428478873
1005002244809521
1005002524661774
1005001845675218
1005003264022157
32955510606
1005001364530588
4000785011264
1005001408400704
1005001686168369
1005002920220176
32922072634
1005003070012178
4000626041671
1005003342089949
1005003121265510
1005002806071247
1005002252590718
1005003097161547
1005002986814627
1005003229572231
4000082398675
4001007292751
1005001987017402
4000953320303
1005001767820844
1005002767427554
1005002771167510
1005002386619747
32995248008
1005002326302426
1005003154926794
1005003119529847
1005001771131179
1005001590244517
1005002782172247
33048279065
1005002950372875
1005001349957269
32812905341
32511165858
1005002695628841
1005002262152252
4000221006133
32781160663
1005001888499424
1005002394607806
1005003376051361
1005003065257915
1005003368777218
1005002493891999
32821552281
4001229341850
1005001501493285
1005002938278846
1005002245827001
4000385996904
1005002597588275
1005003021853578
1005001665464598
4001202696782
1005003037750198
32968559940
1005002607228151
32981617173
4001072351475
1005003156890455
32817565679
1005002701279595
1005003336452779
1005003258783874
32807640020
1005002758079888
1005002857547184
1005003336682744
1005002759247600
1005002970791620
32250536754
1005002986565724
32783486569
1005003328249935
1005002911403908
1005003284560094
1005003309559643
1005002397046580
1005002796158789
1005001659667835
32810330019
1005003082448199
1005002444906456
32876239725
1005002271756884
4000669902763
1005002186100790
1005002648594637
1005003001334629
1005003247485233
1005003265158780
32957729733
1005001594392730
1005003205855996
1005003262442644
1005003356342851
4001051110517
33045924935
1005002093523206
1005002889391908
1005002133958247
4000996505782
1005001387617303
1005001878996739
32890340460
32742056393
1005002616306309
32857326975
1005003386867730
1005001552754410
32943409059
1005003366220454
1005001884641164
32907434402
1005002647306172
4001205772395
1005002703197304
1005003302571349
4001101575400
1005001678957420
1005002955192616
1005003320650039
1005003385213865
33022734961
1005003168003567
1005003287630411
4001233433842
1005002811799608
1005002337766761
1352491731
1005003390208225
1005002850525297
1005001463287698
4001042228069
4000705849051
1005002617606013
1005002292171983
33060607120
32910370840
1005002748166495
1005003239900291
1005003167668520
1005003019286689
4000783059226
1005003381967173
1005003198581037
32901933719
32812926205
1005001632904844
32880791683
4001004083744
1005002886952422
1005003213585084
32576910948
10000344983166
1005003144367793
32912435536
1005002761745992
1005001834439302
1005003357189419
32978192898
1005002569726439
1005003337916556
4000289406172
32881064951
32972683290
1005003204519665
32638749654
1005002806539152
1005002823957744
1005002546594935
1005003336002956
32344898896
32891252967
1005003010160247
1005001758287421
4000987346332
1005003156646976
1005002861289928
1005003236900821
1005003233893612
1005003229099849
1005002642759389
1005003208352162
32867026914
1005002313531313
32860835262
1005003014747338
1005002121873376
1005003359509623
32943028505
1005003156469423
1005001846481988
32961095958
1005001835165367
1005002932064523
32809627374
4000222356376
1005002963715623
1005003038487251
32960348141
1005003002580361
1005003167803395
4001360945833
4000834848304
32834203427
32949786319
1005002701069420
1005003311892766
32806687167
1005001924201146
1005003388267618
4001224182139
1005002624280061
1005002866358980
1005003111337995
1005001975142766
1005002710346653
1005003322137134
1005003014100254
32845632136
1005003368791622
1005003065850168
1005002861952967
32854488905
1005002694768760
1005001742242219
1005001693014166
32969035803
1005002235223279
4000678064340
1005003293204175
33059003713
1005003361828878
1005002303432348
1005003321079161
1005003299377637
4000429868336
4000276724504
1005003266102196
1005002080836629
1005003235610670
1005002946637652
1005003170989119
4000726146443
1005002736935569
1005003262010264
1005002345199928
1005003246148414
1005001727101919
32346213587
1005002564617659
1005003098561374
32606799933
1005001514534150
2053425917
1005002844603583
1005001953806426
1005001603556067
1005003332831090
32956642207
32828813863
1005002844011186
1005002073432888
1005003034573326
1005002991043308
32988904198
1005002933873178
1005002679205959
1005001912455662
1005002685513569
1005003154217821
1005001555935859
1005001714787834
1005001917182714
1005002823462050
1005002049019607
1005002604627741
1005003258214843
1005002418925179
1005002237606952
1005003209319856
1005003210565783
1005002698355153
4000927921286
1005002954144598
1005002801956430
1005002317237320
1005003090952129
1005002322113736
1005001640047998
1005002569960965
4000758341769
1578587492
1005002143243622
1005001949928748
32659155999
1005002345679476
1005003102925828
1005002356688257
32888600298
1005001829825395
1005003093204150
32813994974
1005002537198470
1005003370849175
4001007155520
1005003181026547
1005002795173063
4001053105164
4000437824915
32998779802
4001084078181
32968843829
1005002491630409
1005001288166791
1005003039719452
1005003176787244
4000702086457
32864930245
1005002990881412
1005001948555044
1005002559609192
4001161618902
1005003102651938
1005002318712199
1005003100913316
1005002884503579
1005003096574595
1005003352621690
32973221495
1005002870532159
32852637100
1005003293094632
1005002873237217
32844962592
1005002299218595
4000353080281
1005003082423616
1005002274608550
1005003093359516
4000219299631
1005003305991336
1005003017636723
1005003304489629
1005003259300071
1005003027142404
4001125460795
1005002389015480
1005002244685156
1005003032333550
4001018861858
32832753487
4000974574765
1005002496150910
1005002109781780
1005003048603020
1005002945116527
1005002330299339
1005003343977201
4001172600134
1005003184844988
4000742185504
4001271274077
1005002060853174
4000061748156
1005003257299710
1005002433522288
1005002693143306
1005001834471542
1005003365714013
1005002798087550
32908198509
32245401394
1005002863091045
1005001917494306
1005002970731496
1005002608774982
4000845245812
4000213001227
1005001785623634
1005003066332998
1005002735427123
4000754679585
1005003168781188
1005002996822353
1005002011047857
1005003157249850
1005002847582443
1005003030977423
1005001571404527
1005003150085804
33050866652
4000587290234
1005003223689976
32916599857
4001231203677
1005002279362133
4000289305193
4000379026958
1005002225949924
1005002029048033
1005002644830408
1005002393874295
1005003369190256
32974290087
1005001742484347
1005001551955674
1005002700419742
1005001850572739
1005002974110593
32998938679
1005002591398206
1005001430487598
1005003129379117
1005003310836647
1005003218393598
1005003128633016
1005003200346630
1005002765079437
1005002535901932
32960070725
4000552323078
1005002774064649
10000098947120
1005001593910179
32656197268
1005002149941586
4000127492460
4000238356927
1005003256693863
4000302994902
1005002011728505
4000570247284
32878765880
1005003372568761
33035960427
1005002426651128
1005003323792076
1005002618073921
1005001836181749
4000035745011
1005003325645693
1005003146432165
1005003037455575
1005002829714259
1005003173694941
1005002919264760
1005003100347700
32983552238
1005003312725095
1005003198008714
1005002686127210
1005003292921609
1005003198112313
1005002746749905
1005002409325228
1005002364594268
4000610129163
1005001905189163
4000336627177
1005002260190129
32355166363
4000933250428
1005002532387737
1005003281834048
1005003298979491
1005003100824556
4001242199618
1005002990873416
1005002663615864
1005003248879754
1005001955405004
32847974711
1005002664888408
4000124474323
1005001377088143
1005003207455430
1005002520313676
1005002871130615
1005001427062569
32885321947
1005002199384507
4000053652612
1005002310158890
1005002932367623
1005002717442158
4001036796224
1005001721074491
32957309134
1005002351071585
1005001835682075
1005002875165118
1005003071669292
1005003069694790
1005003240524987
1005003092901388
1005001649344965
1005002050447444
1005002991304483
1005002585104486
4001263680220
1005001862943527
1005002991011176
1005003298145874
1005001901107615
33003902488
1005003245307602
32803694305
33011153864
32919033191
32580760943
32843413006
1005002384022804
1005003208222327
1005002703522030
1005003090920868
1005003212800693
1005003346854069
4000695848293
1005003066147528
1005002672293596
4000595809219
4000926491697
32870972654
1005003157907438
1005003112399526
1005002271867188
32656490631
32852584815
32853347370
32888333547
1005003299642062
4000211090050
32978017923
32868288430
1005003384607741
1005002804480972
1000004436495
1005003365117334
32954319630
1005003116352400
1005002559268431
1005003309542969
1005002000111199
1005003303011810
4001227393778
1005003321265707
1005002223822828
4001244407467
32962377992
1005003138832858
2019895062
32785137051
1005001571668920
1005002726176589
32352928206
1005003258398235
1005002801974980
1005003208290840
4000090136767
1005002647196956
33047896815
1005001843756490
1005003121315109
4001223414546
1005002602046642
1005002603610628
1005001898760856
4000697249476
1005002694353145
1005003276077200
4000981956786
4000538072736
32790728772
1005003107406395
1005002134247578
1005003182441164
32590740772
1005002136737652
1005003218133574
32797951738
1005002356178626
1005003197916120
32845389766
1005002835692763
1005002221925345
1005003247652149
4000989087066
1005003196274157
1005002305810140
1005001593180347
1005003129930208
1005001807796218
1005002636561741
4001157443169
33050971731
33030158351
1005002571759549
1005002862824945
32973572249
1005002782793798
1005002718478105
1005003148266566
32979153565
32729455913
4000336471270
1005002084819698
1005003271615333
1005001764049503
1005001491094504
1005001846579144
32347136499
1005002022418626
32963878854
4001131219075
1005003251411904
1005002161940756
1005002220437909
1005002781754402
32813687434
1005002316036911
1005003339562541
1005001899442663
4000173840611
1005003245360746
33019140145
1005002688646616
1005002967307091
4000742467770
1005002525805322
32739924621
1005003205138110
32668557586
1005003095813587
1005003269316656
1005001882295822
1005003190655934
1005002121424700
1005002948174875
1005002490081842
1005002706889497
32801336747
1005002559798280
1005001732581020
4000990319967
32814068611
1005003352508631
1005002080075214
1005002207552330
1005003104840555
32591944816
1005002080552437
1005002950619171
32781083231
1005003124169890
1005003087044725
33033517657
4000023386938
1005001850728062
1005002756007412
33002720755
33002564489
1005002095069854
32889736433
1005003250882828
32718823799
1005001895901299
1005003194492176
32985924357
1005002839510818
1005003157766416
32865638317
4000095773711
32948003302
4000632988702
1005003163483404
1005003266819207
33015347283
1005003114621782
4000012685161
4000929724749
1005003347185630
1005001494813033
32965974335
1005002985367952
1005002538583039
1005003275805803
4000229320939
1005002824501236
1005001667908620
4000498695117
1005002654954999
1005002381139570
1005002985557568
1005002085227439
1005003346933944
32835690832
1005003079836653
1005003051621422
4000926589044
32948902933
32912039521
1005002418633407
1005001335616410
4000023007805
1005003198595011
1005001429577134
1005003020335861
32998853859
1005002459417455
1005002240088089
1005001441082844
1005002940065272
4000132705166
4001345613522
1005001874636324
1005003365574555
1005001374525125
1005003363963864
1005002843295041
1005001771810052
1005002711205138
1005003214883962
1005001954460687
1005001418370009
1005003256950863
1005002697292248
1005001883558177
1005002314150766
1005003341930398
32806591465
33023515210
1005002333191270
1005003265437982
1005002918805839
1005001291363117
4000346267368
1005001456431633
32695486572
1005003130347150
1005002573380344
1005002992030085
32764378773
1005003346350695
1005003059132057
1005003200450541
1005003088602488
1005003219290080
1005001890169267
4001124229604
1005002828345631
1005003093360053
32851783214
1005002211667072
1005003359582220
1005003205238851
1005002669503730
1005002375944853
1005002526000588
1005002567969954
1005002208088856
1005003295806580
1005002965999352
32676707939
1005003287053463
1005002723228321
1005003131950590
4000915253754
1005002606017207
4001226442986
1005002715081306
1005002050360429
1005002578307738
1005003321574241
714422497
4001209153375
33048124199
32869669844
4000611880721
1005001770661412
1005001653292193
1005001297435467
1005002624518829
1005002940301405
4000151656855
1005003064772238
32739726484
4001139479934
1005002975183155
1005002483281573
1005003168196387
4001263088257
1005003141813827
10000088349258
1005002763685066
1005002781591896
1005001743821887
4001217402682
1005001268536105
1005003311207563
1005003234399757
1005003220051486
1005003212978787
1005002344660657
1005002973839296
1005002843407130
32770042395
1005002023972804
1005003066696259
4000960929429
4000039678318
1005002966125788
1005003156327325
1005002592282394
1005002534544205
1005002963093491
32828298377
1005002398910818
1005001616621372
1005002499861193
1005001933060957
4000433402403
1005003219624522
1005002233012812
1005003269834789
1005003199440587
1005002698221296
1005001786017500
1005003325695269
1005002434172662
4000027719592
1005003330541565
32950780996
33040980827
1005002301760605
1005003304503184
4001085143072
4000006078162
1005002835117564
4000625385229
1005001506273168
1005003339825609
1005002389724051
32696209030
1005003092132505
1005003151909773
1005003074133188
1005002828956700
1005003155477457
1005003169877852
1005002432767512
32828000567
1005003087604808
4000976684743
32354266643
1005002921275895
4001204818510
32797432093
32799103637
1005002630459957
1005002306950832
1005002190906431
1005001644665430
32611582900
1005003219682260
1005001376349382
1005002858030714
1005002400421234
4000180010130
1005002386933960
1005003068456712
1005002254167022
1005003391544252
1005003009670231
1005002978168082
1005001833958992
1005003387165885
1005002877862904
1005003283005509
1005001988825860
1005002755172209
4001122251497
4001116064803
1005003208076045
1005001475146033
1005003362538656
1005003127647364
1005001834687124
32873585408
1005003257449806
1005003372627085
4000512208144
1005001287515332
32594159097
1005002424192858
1005003111136204
1005002643117190
1005002965527346
1005003208901131
1005002617510569
1005003096255755
1005002504814421
1005003050547504
1005003119122311
1005002836274092
4001224052917
33020464521
1005003038191333
1005001586785635
4000443993500
1005002555123949
1005002606052206
1005002049471232
1005002708469263
1005002632499192
1005001685436077
4000755506669
1005002939423294
4000986664948
1005003092079016
1005003283947097
1005001725652590
4000440027559
4001362126318
1005002783345508
4001146339702
1005003331279897
1005003102194896
1005001657714895
1005002738104608
4000599687403
1005002843401078
1005003272063732
1005003003965951
1005002814095874
1005002697889285
32958284435
1005003010452565
32929235117
1005003090446892
1005003149006045
4000292998807
32339452065
32891066079
4000209438787
1005001575330344
33058315314
4000941785261
1005001765727807
1005003001325978
1005002983015447
32880884078
4000594823638
1005003059048566
4000056430687
4000268650175
32836357044
1005003082704853
1005003297577581
1005001472023089
4000200099826
1005002754658530
1005002500477223
1005003385411002
32554817985
33014334954
1005002944856002
1005002940214380
1005002174646862
1005001538461720
1005003183366859
1005003152328951
1005002444883074
1005002746859895
1005002879085709
1005002192516548
1005002327947595
1005003193119384
1005001922568649
1005001742182502
1005002109998236
1005002017567454
33008164389
32959792015
32964401188
1005002003270944
1005002098633851
1005001447279165
32996029905
1005003384324510
1005003294617627
32998901646
1005001946601473
1005003329216660
32865096638
1005002454702816
1005003129186853
4001284934676
1005003323629743
1005002776327762
1005003277894007
32984651207
1005003244570202
4000890416166
1005003104573693
1005003365300152
1005002498727445
1005003324206569
1005002989490148
1005002763531128
1005002926237895
10000051673493
1005002783721627
1005001419162144
10000344008124
1005002753928958
32898503700
1005002133422463
4000906532192
1005003031664798
1005002567682413
1005002820240234
1005003228654344
1005003073592214
32843902137
1005003107950243
4000398561396
4000005621572
1005002038009334
1005002781964595
1005003133541065
1005003342405075
1005001291289035
1005003156448224
32846358298
4001066942086
4000982489364
33020363664
1005001910069468
4001362404435
1005001910299732
4000022700946
1005003186156979
1005003102336679
32975723449
1005002339519833
1005002205487271
4000167117305
32981949007
1005003082401880
1005001782568113
1005002863614558
1005002000220807
32832234955
1005002985281319
4000149132116
1005001984778779
1005003329870947
1005002713007406
1005003088767337
1005003339303519
4001189818774
1005001898735943
1005003374464851
1005003385397455
1005001953542706
32913581916
1005002308769354
1005002901172998
1005001869342331
4000546588725
1005003201580091
1005003386964307
4000883442586
1005001972691372
1005002499531741
1005003255087644
32950904089
1005001530226023
4001225255865
1005003314915685
1005002879271784
4001120441005
32931405618
1005002912509335
4001076994468
4000933516497