1005001304395377
1005001769449623
1005002512247072
4000292686004
1005002921488811
1005002820447854
1005002606145406
1005003214289926
4001078983390
1005001592613508
1005001608178508
33035930951
1005002322641990
1005003130075011
1005003344907009
1005002244688729
1005002841735808
4000527853872
4000714816313
1005002040052920
32854309047
32797655293
1005002679045241
1005002666696901
1005002971040803
1005003265501875
1005001623896037
32889102804
1005001947550352
4000785156354
1005002264734990
1005003267740478
1005003351650927
1005002433106841
32492034732
4000028806396
1005002267777172
1005003333511302
4001270541072
4000991924283
1005001684095040
4000738191519
4000853376477
1005003368815671
1005002311012112
1005003380731483
4000749129440
1005003145967122
1005003096636756
1005002765654895
1005002783327278
1005002553708972
32953988549
1005001690377276
4000747912597
1005001998422275
32807069505
1005003215974599
1005003220084848
32976060576
1005003282006527
1005001430538729
1005002567917508
1005003271819248
1005002257918930
1005001599746581
1005003291566702
1005003336601597
1005002839900211
32869439584
32323968397
1005003353611517
4001042221681
1005003283554956
1000002883048
4000833626666
32880981641
1005003240471867
1005002937250381
1138268166
32814282205
4000373612364
32982659129
1005003016217327
1005002622130243
1005003372360067
1005002123894756
1005003180287887
1005001910397446
32914902799
1005002043653786
4000432633625
4000889816963
32970759980
1005002989891980
1005003286460184
1005003285393172
1005002245269848
32897474717
1005001793151421
1005002915891166
33033454960
1005001860790687
1005003351017615
1005003201700744
4001163023072
1005001786534756
1005003155069163
32691402793
4000016418488
4000899294472
1005002877094549
1005003156807447
33005521359
1005001868362298
1005003369669694
32884617231
32873107104
1005003324224515
1005002966417483
4000162194935
32897693883
1005001744010862
32697802679
1005002942602190
32996970508
4001290124285
32782469226
32793093728
1005002719935288
4000975197794
32909106193
1005001698418379
32992436149
1005001630710243
32964476267
32975587288
1005002876605997
1005002589020491
32929661458
1005001580878781
1005001302110946
33035399784
32965806423
4001196506065
1005003107448507
1005003025841525
4000863653945
1005003205079091
32987252117
1005002532545922
1005003374624892
1005003368909273
4001257817079
1005002907542404
32917051971
1005002313575704
1005002957164265
32854198711
1005003042426322
1005002663255504
1005003272473886
1005003168633219
1005002995504987
4001347307950
1005002589501137
1005001672342287
4001350776147
1005003243809606
1005001309000666
32796349524
1005003033007096
1005002797084736
1005002856397060
1005001441301622
32798934679
1005002949734657
1005001638192906
1005002870425336
1005003041443867
1005002674835005
1005002650503514
32964564321
1005001428586045
1005002979703230
32810917833
32863180059
1005001361951292
1005003366926327
1005002627435133
4001232911051
1005003249801838
1005003025369550
4000354928130
4000337404498
1005003082401209
1005001390283401
4001041102112
1005003203408699
1005001612454417
1005003282526242
1005002688117040
1005002611010916
1005003251964057
1005003192333566
32838670539
1005002971293943
1005001889523975
1005003385281166
1005002815090213
33018793201
1005002907738119
1005002990765213
1005003253240387
4001297619640
10000097695314
1005003194779077
1005003250470951
756332568
1005002863517379
1005002245740501
1005002495186181
1005003051345814
1005001484136991
4001335783255
1005003156014245
1005003094401869
33019373890
1005003203514479
1005002799653382
4000865399458
1614630692
1005002738660444
1005003156752354
1005002303999459
1005001989163461
1005003365442491
4000800409602
1005003223794435
4001236020582
1005002487885818
1005003001041616
4000197173040
1005001970325259
1005002194097074
1005002474065280
32969890828
1005002647318399
4001248595819
1005003242579668
1005002042385394
1005003182869272
1005002612982218
1005001677973845
1005002308742941
1005002310056756
1005003146026259
1005003020149403
1005003133950461
32933622384
32870389368
1005003170084047
1005002925496732
1005002294560079
32846305306
1005003129729970
32890588113
1005002399930642
1005002565088531
4000816519951
1005002795356883
1005003372843149
1005002962810546
1005002282329680
1005002490350892
1005001368954192
1005003032435334
1005002997354622
1005002286438742
32919556500
1005003346753186
1005002871037572
1005002202060091
1005002054275794
32961853024
32889068126
32719116725
32837668047
1005003288057588
1005003386250101
1005003274944061
1005002476674968
1005002260614625
1005002238789244
32930668337
1005003310492584
1005003205341815
32611437540
1005002130359219
1005001692185841
1005003288549226
1005003367746655
32958587498
1005002413511990
4000908633506
1005003091812183
32994260535
1005003330033850
1005001429587408
1005002380690049
32953907857
1005001580956747
1005002347243670
1005001928527502
1005003224555759
1005002208191736
4000127409793
1005002345817497
1005002276345724
33003278922
4000866708257
1005002478939618
4000225730888
4000092604702
1005002198470830
1005001798491723
1005002426795778
4000318141024
1005001942475503
32352780116
1005003234399749
1005003255975365
1005002711448332
1005002534086872
1005002907680418
1005002688340175
1005001467083143
1005003211903139
4000717626720
32512640980
1005003250392397
4000896003664
1005003147948873
1005003137935729
4000058064476
1005002310530227
1005002805852164
33039758206
1005002440192213
1005002271330301
1005002314393222
1005003137885831
32879000024
1005003326293227
1005002879342233
1005003392859091
4000739462340
1005003353099927
33060175101
1005003226601656
32894141679
1005002497336030
32947295855
4001050103451
4000261827389
1005003371310914
32724365364
1005003275602473
4001018953221
1005003387373889
1005002342383185
1005003257318415
1005002716492788
4000932199982
4000777187541
1005002810748521
1005001528284872
32848572681
1005003150572008
4001309066723
32875129004
32304730086
4000132967173
1005003287770206
1005002408674054
32950044356
1005003035975421
1005003331105260
33025543514
1005002213092366
1005001974104175
4000031703186
1005003330847334
1005003283957487
1005003325689482
4000226044270
33002724307
1005002609709500
1005002727338309
1005002080681078
1005002317040093
1005001575521399
1005003135309786
1005003317643870
1005001742019723
32855178816
1005002440721582
1005002015278461
32789516064
1005003318392193
32829531450
32904340273
4001175428616
1005003192930097
1005003263173998
1005002998928653
1005002998806772
32898048315
1005003019965263
1005001975912575
1005003188505742
4000096010209
1005001529905563
1005003290974257
1005002981643820
32531248909
32451592597
4000267034212
1005003129562384
32794148120
1005002546611795
4000937705020
1005002870718055
4000045645203
1005003088319188
1005002643946181
4001299994573
4001142280791
33018503407
1005003004864170
1005003354067247
1005002655754942
1005001956620247
1005003151265209
1005001803570247
1005002490404277
1005002002003391
4000378721292
1005003217448190
1005002266419442
1005001658188430
1005002911713668
1005003199193522
1005001645744835
1005001441369363
1005003364974930
1005002636379950
1005002787148716
1005003279668116
1005002124250888
1005002169067114
1005002882676542
4001138024727
1005001325490578
1005001630886973
1005002495643986
1005001868437962
1005003198773188
1005002982830692
1005003237670535
1005003003345785
1005002965238491
4000970888636
1005002254973158
33027953834
4000206112013
1005002883433668
1005002675603814
1005003325705267
1005001988594836
1005002375973664
1005003068246012
4001167725629
4001279052458
4001251145705
1005003341167428
1005002494614345
1005003263406726
4001084915181
1005002232457308
4000748643381
1005001268520828
1005003205866178
4000687074295
1005003040198010
32860206765
1005002538095246
4000704860804
1005002072505506
1005002869839670
32888246867
32796080651
1005002545205377
1005003193009103
1005003366997048
32833002291
1005001356347006
1005003025935517
1005003291181404
1005002831122064
1005003307399725
4001014260247
1005003299776078
1005002468404275
4001000710509
1005002305478296
1005003146909033
1005003256718060
1005003280743949
1005001705792658
1005002244980389
1005002633527706
1005003033390227
32811631255
1005002836587142
1005002999097014
1005002254993674
1005002454025757
1005003386301627
1005002890813473
1005003110781288
1005002826240647
1005002496753482
1005001429073325
32985879919
1005001824879404
1005002398862240
1005003234813199
4000783051036
32963530717
4000966977251
1005002350135159
1005002541570426
1005003372101347
1005002920757862
1005003172854306
1005003357444546
1005002495447534
1005001721485371
1005002647336271
1005002276244306
32808480471
1005003178854696
1005003263631426
32651776188
32836580179
4000789437810
1005001977922074
1005001632527377
1005003134135455
4000751655406
4001339855295
1005003195495712
1005003158529297
4000056829963
1005001980440634
1005002979358389
1005002449755884
10000035107548
33037768803
1005003364821251
1005002413174064
32590142350
1005003346333419
1005002901297688
1005003327910646
1005002027201068
1005002930912532
1005002084177160
32838083891
32708542871
1005002854136984
1005003009537527
1005002619492489
1005003131521855
1005003047813815
1005003196716363
1005003380179888
1005003215776561
1005002288192330
32821296471
32882966735
4001081164848
1005002347255907
4001035353947
1005001577577598
1005003050078151
32808265282
1005002982606620
1005001960097658
1005002587021308
1005002524193126
4000673099283
32973020802
1005002404298290
4000469882451
1005002820150236
33036645235
1005003026600905
1005002482747214
32713087666
1005003249275899
1005002114873794
1005002662808633
1005002616930139
1005003013866225
32886734378
1005002939544974
1005002495249375
32960933751
1005002776239468
1005002789214163
33029203052
4000589808249
1005003129794646
4001241314424
1005001304432343
1005002377790270
1005001557588449
4000528560631
1005003145092289
32804507031
32957939570
1005001992135822
1005002281828367
1106549452
1005003328659597
32791728117
1005001432150290
1005002782110974
4000293068496
1005003262861238
1005002277865320
1005002231686109
1005003309839686
32964166545
33021788663
32978965027
1005002878724311
1005001844594609
4000358224482
32818534539
1005002995891384
1005002587292623
33048498323
1005002849964085
1005002651882950
1005003240435280
1005002973876012
1005002475803389
1005001565064445
1005003083375622
33001239201
1005001510100451
1005003209023040
1005002414179055
1005002545598782
1005002313586318
1005002944554436
1005002846885732
1005001687530759
1005001356758433
1005003038346063
1005002762914558
4000277494005
1005002237881809
1005002937688862
1005003277422522
1005002618044022
1005003162844912
1005001566557951
1005003086684797
1005002298674442
1005003097920486
33051087791
1005003353273867
1005002224627420
32958054975
1005002527160908
1005002711412930
1005001860694899
32977546807
4001226973123
1005003110001873
4000302008786
1005002771814373
1005001993539669
1005003285610140
1005003266844023
1005002642655076
1005001340130181
4001323347725
1005002695278010
1005001912508394
1005003093384292
1005002419391479
1005003263001631
1005002642346834
1005001599414525
4000247073468
1005003108743389
1005003103198284
1005003192950136
1005002424236505
1005003388489277
1005003224650873
32814742727
1005002062172066
4000059539719
1005002546538644
1005003317209522
32980772194
1005003119412900
1005002617027061
1005002937926427
1005003171537781
32796228938
1005003258831542
1005003224010877
1005003288484792
1005002583164499
4000377055198
1005003365658617
32875539497
1005003212993290
1005003113298394
1005003260239089
1005002282632147
1005003139534813
1005003376724508
1000008042802
33031574914
32701059588
32997546517
1005001708040682
1005002345098865
1005002598742624
1005002781800990
1005002475834344
32827723455
32961950216
1005002568006723
32885817203
33037574242
32854857089
33057036781
32967950286
1005003382519949
1005001286285471
32579627023
1005003276556738
1005001412275883
1005002777589249
1005003308394062
1005001941293614
1005002419179850
1793052979
1005001278959937
32355277129
1005003101361683
1005003206840834
1005002964683456
1005003391622103
32867840934
4001259138315
32853382625
32914656560
1005003162305276
1005002336589990
1005003019323590
1005003173601203
4000235653014
1005001477054296
4000723401087
4001316879635
1005003049326624
4001042526785
1005003378737877
1005002872286965
1005003100924809
1005001423331642
4000392538294
1005003057763218
4001201169649
4001205916960
1005003056619689
1005002600630538
1005003218855944
1005002954332466
4000624326351
1005003262094502
1005003167205857
1005003267614999
1005002985060392
4000046651257
32878998508
1005002543536120
1005003211841824
1005003154359436
4000955813284
1005001572157946
1005002613795439
1005002880144836
1005002004307106
1005003365484380
4000428849776
4000068924610
1005002966045651
1005002816662538
1005002693855485
1005001551850108
1005001426836980
1005003254849701
4000066590789
32999385860
1005001564866394
1005002453653931
1005002985325155
1005001270513656
4001366566209
4000598412102
1005003361662192
1005002133028853
1005002333886155
4000569948431
1005002062075032
1005003290279512
1005003024025129
4000803305462
1005003093690648
4000083030298
1005002008017985
4000173994155
1005002674531732
1005002630362285
4001217802731
32852398791
1005002075103330
4001226002985
32945239637
1005002608343911
1005002371864031
1005003050946105
32565768858
1005003146046488
1005002833637334
1005003085071490
1005002287121548
4000552607414
33005748650
32817155529
32845395420
32943945733
1005001505706535
32816229798
1005003019249304
32973510557
32989506286
4000091998831
4001094581500
1005002441151880
1005003325739545
1005003249919889
4000282597880
1005002947216190
4001290569128
1005003187511711
1005002099829815
1005003273648870
1005003171963441
1005003001743463
1005003246797294
1005002716835303
1005002760466473
4000017872157
1005002240837530
1005003266358620
1005002324993987
1005003219294727
1005002015685014
1005001479763645
4000504484314
4000926624804
1005001309071927
1005002233235360
4000680118601
4001253488023
1005003194892048
1005002480246911
32816291281
32850503503
32881350848
1005002185652152
33028526627
32966233958
1005001267064572
1005002007909836
4000295418469
33017958282
1005002910988246
1005002794307852
1005001607008798
1005001413162520
4000273855636
1005002827170335
1005001514846823
32946474141
1005002918401202
1005003366140305
1005002895207179
4000458148966
1005002809283623
1005002949819372
4000166823144
1005002387534586
1005002948364174
1005001810999931
1005003330589462
1005003224336872
1005002984891573
4001231233194
1005003162696802
1005003041855617
32533892246
32704022699
1005003346417980
1005001604326159
1005002801797571
32920626051
4000784846269
1005003206814462
1005002461914667
4001085596991
4000893614371
1005003255706104
1005003188506556
32878004113
1005002498973085
1005003299685751
1005003338140557
1005001962040887
1005003022882864
32895350938
1005003315023295
1005002348632540
1005001506832969
1005003072168840
1472368701
32944469782
33039897027
1005002951839986
4000745574567
1005003299354476
1005002954156491
1005003281265618
32987346405
1005002643883196
4001220622353
1005003328211176
1005003265231118
32851836203
1005001606485158
1005002985145712
1005001451010118
1005003372790377
1005003032186230
4000324796563
4000533450310
1005002708405221
1005001757852046
4001080209749
1005002962830510
1005002624053741
1005003218882645
1005002154231955
1005003195355202
1005002327646259
1005001813225379
1005002758365788
1005001463417426
1005002553399966
1005003281934927
32819440517
32990154315
4000472859128
1005003345973756
32892075381
32918912709
1005003149924139
1005002566634317
1005003110707142
1005002116033573
1005003241747707
1005003126077829
1005003298794925
1005002302906050
1005003080718605
1005002973628693
1005003117604140
4001147949197
1005003208830512
1005003333761468
1005003356358629
1005002883847190
1005002851177858
1005003095276095
1005001552238048
1005003311061557
4001131660806
1005001889809617
1005002258424622
33005181137
32997079556
1005003021757319
4001173828575
1005002612769066
1005002210494121
32849809624
1005002567654934
4001103072543
1005001615243505
4000823727431
1005002941403652
4000048248218
1005002734815666
1005001350654083
1005001748756549
1005003229506047
1005003196014969
4001194304085
1005003221149308
1005003129914169
1005001789146194
1005003209568469
1005002899282887
33031938379
1005002643965211
4000190409059
1005001844042693
4000575791436
32457153610
1005002967626950
32968672788
1005002717248360
1005001499969394
4001186490827
32967191078
32825395837
4000481263981
1005001560326073
1005001598422508
1005003220925570
1005003116685192
1005002316170842
1005002189874936
1005002943888641
32817084737
1005002925874904
1005002476445509
32957295963
1005002608977141
32956770748
1005002991136865
1005002075404427
32816094764
10000423668092
1005003233542202
1005003006457277
1005003383065232
4000191725510
1005001767889462
32957621849
1005001290499064
1005001990612448
1005002997713562
1005003104491285
1005001813961773
4001054404579
1005002105132717
1005003346138046
1005003206652157
1005003058991335
4001359553469
1005001709428532
1005003287366188
4000893453988
1005002824596954
4000381876828
1005002500883095
4000151106621
32960211662
32599631615
1005003135527383
4001248488533
1005002611951620
32882764900
32813336324
4001283024143
1005002324165020
662943474
1005003126053959
1005001935944437
4001276164475
1005003146353459
1005001924137932
1005002329114840
4001054329869
1005002810153204
1005003058610268
32970235092
32917101278
4000054150878
1005003357507707
4000886172489
4000124188424
32840705222
1005002635430205
32837164281
1005003304126227
1005001323005929
1005001469415566
33050034068
1005002674285311
1005002810323638
4001205225961
1005002558141748
33023932931
4001010364875
32965814616
1005003385964163
1005002468990405
1005003342762057
1005002559753045
1005002200495779
1005003020826318
1005003275868863
1005001769242840
1005002066282182
1005002786576660
1005002022441239
1005002849928785
1005002993287609
1005001875727103
1005003187334806
1005002320104150
32978254547
1005001856222189
1005002818174406
4000774526052
1005001682197586
33020786207
1005003385016041
4000966221434
1005002616797505
1005002755098576
32865087794
32889685647
1005002688456574
32993174443
1005002965676367
1005003091715946
32844817173
10000397714289
1005002403798349
32925407640
1005001505227797
1005003185807765
1005003032136828
4000774308072
1005002885553625
4000207552591
1005002830890735
1005002610964794
32912503318
1005001585491137
1005003381304722
1005003014425583
1005001854265855
1005002626513930
761783108
4001245858612
1005002979247827
1005002416984785
4001140528048
1005002823401296
32894331601
1005003351637407
1005003003989955
4000167955001
4000491536738
1005002264746121
4001283106009
1005002919513574
1005003367334293
1005003080535486
1005002281169543
32862373266
4000730471951
1005003093704608
1005003220735600
1005002305012420
1005002652129031
1005002457680825
1005003021281233
1005003183475622
4001031428897
1005002793740591
2052734137
1005003384987957
1005002864152760
1005002032159232
1005002488581535
1005003178318646
4001189583837
33053792108
1005002193895549
4001066149580
1005002795806240
1005002102220603
33059456543
1005003391232837
1005003382031138
1005002952835116
1005002827577978
1005001874158397
1005002890501756
1005002546376460
1005002649110570
1005002753749247
32950992052
32862994687
1005003091777290
1005002922006881
4000860056689
4000758184468
1005003067685154
32827174966
1005003056594559
1005002055513804
32793278508
1005002321076971
1005001968330526
32825084096
1005002626965080
32830901386
1005002293437279
1005003096900138
1005002978278466
1005001669863518
33002301552
4001334649408
1005003316559179
4001104624157
1005001874007376
1005001514875872
1005001699419114
4000053860422
1005001525344539
1005002333957858
32855444314
4001109077787
1005003234718645
1005002593498721
4001230399279
4001197267161
1005002762492308
1005002723391719
1000001766722
1005003321207593
1005003197393941
33011264752
33031128557
4001128221161
1005001458245310
4000259837386
1005003020481672
4001322796508
1005002785174115
4001240944786
1005002950293277
1005001501165883
1005002650283317
1005003128885800
1005003302242835
1005003236352279
1005002753598235
1005003276696779
4000976914854
1005001853473771
32976294860
4000502532063
1005002761482664
1005002990306660
4000705034371
4000622577559
1005002233992063
1005003145998034
32764716563
1005002911593904
1005002865969183
1005002885573006
1005002489435018
1005002278247182
1005002651259061
1005002512545062
1005001919247120
32971322708
33005423962
1005001723662007
1005003256361451
10000256315962
4000603491644
32974918855
32887078239
32734204461
32904040150
1005002920917798
1005003264661043
1005003134795031
1005002933614351
1005002802366361
32823107829
32971171460
1005003221614980
1005003022414122
33032592938
1005002906206919
1005003036416648
1005003357810001
1005002399365388
32846581117
1657339832
1005003326019884
1005003133799644
4001095865843
1005002436122605
1005003321959014
1005001917950346
1005003002922155
1005002841901834
1005002200914944
1005002614310508
1005002546515667
1005002305136201
4000820608323
1005002935819046
4000445417280
1005002905952315
4000537023432
1005003086345290
4000045612969
4001181067053
1005002288994846
4001263687485
1005002783636217
4000102523642
4001210065831
1005002663296485
1005002756049270
32727295970
4000255440533
1005002936063989
4000146811135
1005001791889083
1005001346863452
1005002410147495
1005002552862554
1005003226852695
1005003283534576
32849234363
4000318731894
1005002964906682
1005002991001036
1569499185
1005003107396131
4000051853398
1005002823629353
32987318700
1005001580226769
32879310737
1005002566675004
1005003303147590
4000903719234
32962977755
1005002949761733
1005002457702624
4001086102543
1005002574433682
4000862764818
1005003041573473
33007453170
1005002756087876
1005003098849925
32884642531
1005003080835699
32838584048
4001078702119
1005001521839542
4000086331030
1005003330849747
1005003327870322
1005003336922401
32988690493
4000562275845
1005003096558828
4001135594119
1005002880240550
4000061646316
32808425296
4000999318989
32885351222
1005002042379689
1005003260838419
1005002133522609
4001278912166
32920621026
1005002129156941
32934159759
1005003312988917
1005002901879930
4000547987316
4000773512972
33007569153
1005003344693783
1005002997111784
1005003360155067
1005001627614410
1005001491353136
1005003234076448
33062102831
32819153630
2031928755
1005002758153603
32960508323
1005001828876162
4001025140627
32792856369
1005002440283658
4001105566368
1005003002781388
32823857680
1005001849866104
1005003297973797
1005003093332280
1005003345787994
32370079894
1005002122365547
1005003375831380
4000013697052
1005003356555279
1005002658875737
1005002662057426
1005002962379143
4000712884021
1005003325334990
1005002669314190
1005002288948845
1005002303017672
33033649757
1005003209235706
1005003233533354
4000168192991
1005001563064794
1005003036596578
4000462602490
1005003058266915
32895331009
1005002801812363
4000770507406
1005002636778879
1005002917390583
1005002927076607
4000440236053
1005002959398986
1005002538226472
1005002608880781
32859273753
4000140262008
33054532237
1005002076508640
32993653199
1005002917903177
1005001999201810
1005001769127763
1005003097194673
1005003251818830
1005003190866250
32969930482
1005002512294987
1005001707727530
1005003315568024
1005002982010898
1005002734939450
1005003288116858
4000892265421
32840292271
1005002602752313
1005001678045165
32796571805
1005003120608880
1005001441488195
32857065317
1005002102290713
32717358856
1005002740321555
1005002739406929
1005003039106939
1005001454488745
1005002742560095
1005003229801188
1005003103334987
1005002905007846
33001225674
1005003250549932
1005002244238615
1005001806387474
1005002466691712
1005003002465702
1005001814451255
4001013210955
4000711399131
1005002096362985
33000963154
32812742366
1005003342841782
4001103834633
4001089642788
1005002212272840
1005002642718209
32923906545
1005003197590803
1005003243564539
1005003265071880
1005003162295219
1005003123534598
1005002520181637
1005003319685607
33022916770
4001359845841
1005003391601106
4000358001782
1005002742711330
1005003242779119
32818353018
1005002042639722
1005003172444264
1005003117862307
4000117216491
4000492513873
1005003222253292
1005003093824030
1005002977915193
1005003282046141
1005002509243989
4000234631684
1005003324213771
1005003345008351
4000226417201
1005002539678498
1005003352042811
1005002795387712
4001212658677
1005003289811623
1005003338109205
1005001821053300
1005001557693018
32944981111
32697731240
4001000995557
1005002920467296
1005003015166502
1005003156881008
1005003130010390
33036445461
1005003103396202
4000547965534
1005002647322173
1005003106488098
1005002859765498
1005003251866496
32975303302
32831501045
1005003328893695
1005002647255444
32999216599
1005002840043318
32848376535
1005003208235903
4000860629003
1005003118711776
1005003298259357
1005002852185183
1005002159680330
4001160374350
1005001920676480
1005003251445861
1005002014656821
1005003306194488
1005002387106123
1005001681707729
1005002369572520
4001155894473
1005002457325427
1005003187121022
1005003252122217
32948188158
1005001567103391
4001037115087
32585691725
32367133572
1005003381735530
1005003077330990
4001075512220
1005002666914416
32770456876
1005003225168238
1005003304940864
4001238538763
1005002276708984
1005002679856127
32900789214
1005003023105656
1005002846863193
1005001586776634
1005001547503952
1005002129895430
1005003275969480
1005003298881745
1005003238847714
32828603531
1005003116946588
1005002966959627
1005002286790197
32997719790
1005001468503416
33033658005
4000921575619
1005001627184157
1005002984560416
1005003002490984
1005002367442671
1005001356634690
32910782023
1005002965700298
32822605452
4001039032973
1005002588748802
33033460474
1005002996669111
33006918125
1005001314152432
4000859023121
1005003329201127
1005002920847610
1005003382193311
1005002542643847
1005003083765981
1005001626204249
4000359738509
1005002940039562
1005001333487802
1005002363100931
33017120449
1005003255565055
1005003272757003
33058058557
1005002582133671
1005003076593886
1005002995185109
1005003300857036
4000151661089
1005001909287813
4000389843365
1005002268234820
4000626071190
4001203791825
4000684508499
1005003004980311
1005002345042868
1005003026680752
1005001321938866
1005003222481583
4000173339360
1005003002840132
1005002835701388
1005001546720961
1005001397875325
1005002547733692
1005001839180788
4000934112341
1005002647332028
1005003197472166
32839284113
1005003202567702
1005002476668682
1005001867903965
1005003002081587
1005003249029512
1005002878085396
1005001531169029
1005003282935767
1005002698288669
1005003298603978
1005002746051750
32948310021
32992226560
1005003096649680
1005003304803426
1005001315604662
1005003097929972
4001114247583
1005001379293466
1005002849834718
4001265252712
1005003135079133
1005002232071529
4000060308737
33024775063
1005003240539411
1005002102489105
32648039975
1005003090663383
4001085971722
1005003146006897
1005001987041886
1005003258843710
32814358088
1005003333474319
1005002527761356
1005002049411870
1005003280665934
1005002651448078
1005001474259451
4000495122770
4000786138766
1005003339796474
1005003318618608
32955036541
1005003099039240
4000640986558
1005002004025975
32889609454
32824616110
1005001695278522
4000077450662
32840052582
1005002018372816
4000586070210
1005002829568745
1005002570888682
1005002878416422
1005002976539861
1005003009321210
1005002165132097
32851499950
1005001868486556
1005002372483415
1005003041423534
1005002820666361
1005002961381456
32743947448
1005001640001628
4001307584583
1005002315706846
32944001149
1005002614251354
1005002628160456
1005002734921974
32854878529
1005003375974650
1005002796044090
1005003285938167
1005002397694971
1005003170276155
1005003236499694
1005002948484613
1005003127636879
4000711956433
4000623986449
32823310616
1005002985461656
32750384919
1005002989229576
1005002659301959
4000100838445
1005003115880201
1005002733462562
1005002372462782
1005001728721709
1005002615896101
4000024685173
1005003347821649
1005002012510086
4000298534644
1005003215180812
1005003305615585
32861256672
1005002431562959
1005002628847041
1005002732542230
1005003377429463
1005002193867159
1005002259609213
1005001794818873
10000127161821
1005002698173547
1005002091068293
32962684126
1005002079523106
32990024446
1005002979578417
32888892899
1005001593602310
1005002647263858
33051530734
1005002651452262
1005002190342318
4000136132040
1005003372914772
1005003251773539
1005003345733241
1005001966626382
4001289943769
32862443651
32935261036
33048616704
1005002949852108
1005003152407680
1005003329846245
4001054915600
1005002281670916
1005003052189484
1005002254752555
1005002761650836
1005003240985264
1005001689394463
1005002660285156
1005003369646487
32865925440
1005003062811678
1005002284595330
4000742349078
1005003032507466
32896434515
4001237811407
1005001592411483
1005002861146551
1005003277417327
32645441513
1005003271130258
1005002939526441
1005001975816980
4000189939890
32894408848
1005001528803704
1005001452612213
32986453455
1005001581322457
1005002570532730
1005003351696695
1005001994670959
4000295763559
4000858957574
4000210634425
1005001867384301
1005001699544608
1005003232323564
1005002956130457
1005001467602824
4000078066978
1005002902306737
1005002244662077
32930628997
1005002508445921
1005003208164950
4000036405459
4000988181644
1005003064495346
1005003257104476
1005002051943118
1005002115332776
4001010762348
1005001566762387
1005002875795871
32968478990
32958324620
1005001580501586
4001347295251
1005002578425426
4000194520824
1005001581107750
1005002337646831
1005003238701764
1005001828914998
32905737195
4000150999665
1005002977085747
1005002811198611
1005002871754395
4000857513213
1005002337293446
1005001299637672
1005003280852505
4001173325358
1005002588469786
1005002737120632
1005003351501596
4001270244304
1005003068531433
1005003269916173
4000336737720
1005001749165106
1005002351859807
4000894475084
1005003163272813
1005002111339816
1005002777486070
1005003274360572
1005002070217638
1005002868750593
1005003310089733
1005002446649880
32796839836
1005002730892057
1005002577562884
1005001287589899
33002154493
1005001845219949
1005003312544451
1005003359982645
32719671475
1005003342333368
1005001934607702
1005002835729304
1005002935231872
1005003139372397
1005003035269294
1005001714303533
1005002861591615
4000178485279
1005002308893633
32870886248
1005002885053157
4001155579519
1005002863806598
1005003194273625
1005001541005061
4000255792247
1005003016956874
1005003232645583
1005002702577757
1005001809616683
1005003367859297
1005003390743994
32957113310
32987146734
1005003037935582
33003160308
32811767568
1005003117378888
1005003285636406
33010410318
32843049024
1005003101803301
1005002813646213
1005002695964313
1005002404417368
1005003118660956
33038970153
32844283580
1005003056049801
32709093636
1005002841034286
1005002945248729
1005003065285508
4000051022905
1005002605670877
1005003144126971
4000473684710
1005001928605648
1005003214467493
1005003122060419
4001278959022
4000715623148
32882592294
32830865096
32875808451
1005003290244524
1005003251451619
4001242394970