1005003247413677
32810797286
1005001326981406
4000964034118
32999597752
1005001456813922
1005003087686602
1005002985485762
4000529406354
1005003117431797
4000038714519
1005001593293787
1005003371306079
1005002851780533
1005003389355534
1005002484596182
4000245149873
1005001615926436
4001197589127
32863924593
1005001652784496
1005002939966593
1005001969734540
1005002877657291
1005001555013876
1005002760488806
1005002285539909
4000400818405
1005003207050510
32953449814
32809551404
1005002966619744
1005002970859140
1005003242187141
32818444898
1005002671709619
1005003342000000
1005001906522529
1005002669028802
4000934567622
1005002907954805
1005001980132508
4000824208175
1005003298352907
1005002826334882
1005003003335669
1005003106352841
1005002580440953
32916699952
32830797551
1005003083317641
1005002686671878
1005002605581860
1005002510956015
1005002655400977
4000274769979
1005003000416281
1005002837593502
1005001672520109
4000073510783
4001077005838
4001174288615
1005002961137841
1005001773851351
4000351686503
1005002482948457
1005002650326636
1005002586565396
1005003134802379
1005003337710819
4001267702804
1430924714
1005003304245020
4001217100821
1005003038012208
1005003205382204
1005002627053163
1005003246450213
32817321737
1005002263827130
1005003198783128
1005002843279103
33054273061
1005003255645991
1005003223994025
1005003166281729
33044229896
1005003385067917
1005002466154933
1005002698326731
1005003158719779
1005003143659799
4000070103696
33055389995
1005003019893383
1005002666180932
1005002368669266
1005002657347460
1754092333
4001035653939
1005002630504843
4001308860293
32723325110
10000032033534
1005001726917341
4001122113589
32952704309
1005002417222095
1005001786314430
1005002253720073
1005001526437066
1005003238898051
1005002258382597
1005002794573104
32964492323
32851863023
1005001431344634
1005003225745103
1005002382603087
1005001993764936
1005003308350095
1005001596132163
1005003367664961
1005003233372189
32829921590
4000354966420
1005001835641405
33013218493
4001211004198
4000037691886
1005003249292952
1005003337187485
1005001512596796
1005003116435605
32766055572
32857116938
1005003391493904
1005002317230804
32828129260
1005003049888825
1005002826460737
1005003385908398
1005001344646478
1005003104879210
1005002038409222
1005003281392636
1005002143553354
1005002292561685
1005003061906236
1005003345717853
1005002340148461
1005003068384616
1005002967380634
33048535638
32897587730
32777014472
1005002282091986
4000747539269
32976318073
1005002565596765
1005001826919684
1005003333256210
32841856229
32848311599
1005001300708020
4000534508871
1005003079687158
476091592
1005003130966183
1005003109224305
4000600473041
1005002719406456
1005002797847443
32992343310
32956959072
1005002462377936
1005001627207592
1005001385980917
33046901494
1005001434347595
4001314358706
1005001918112725
4001159646491
32861809714
4000615154864
1005003021637926
1005002920396746
4000503215389
32841212159
4000575664685
1005001477250053
1005002212770888
32991355376
1005003339914292
4000111189125
1005003118927976
1005003121428927
1005003317886537
1005003097468484
1005003022089389
1005003270250499
1005002610881387
1005001895947449
32993757896
1005003019295762
1005002748038832
1350590416
1005003384304221
1005002277139329
33017922426
1005002474818102
32795169997
33031688271
4000788856586
1005003160335957
1005001599736088
1005002885750500
32865240548
1005003050882554
1005003037059240
1005003348876668
1005003330338213
1005002975359794
1005002482251445
1005002676408271
4001150226713
1005002805720180
1005003294563558
1005003159411009
1005003014295122
4001280568485
1005003223199870
1005003357593202
1005003049045691
1832839519
1005001436037450
32971783904
1005002907552368
1005002963546992
4000224231013
1005002041242487
4001209868987
1005002953555645
32805134566
1005003242660602
1005002007088903
1005001977495841
33000314388
1005003387749442
4000460559531
4000472123818
4000777696328
1005003150448845
32893808852
1005003290293442
1005002836875527
1005001279249192
1005001499660219
32823179258
1005002953528676
1005003186897446
1005002926479670
32968553231
4001249301883
1005001759081500
32768571286
1005002043636516
1005001411837188
1005001572818826
1005002383520285
1005002213128367
1005001341507904
4000061181907
1704703470
4000718051372
4000629001766
1005003337266047
1005002264401284
1005002703616482
4000129232596
1005002657185424
1005002612870665
32827614033
1005003348378676
32897645470
32765212772
1005002261389166
4001080654313
1005003090648259
1005001580871962
1005002695121212
1005001421561397
1005003179359505
4001026603578
32817731364
1005003146332964
1005002434250277
1005001562472829
1005002616235105
1005003388485428
1005002657422125
1005003327923819
1005002907641261
1005002918880595
1005002734243839
1005002656415466
1005002180117297
1005003333008641
4000163429302
1005001581033481
1005003316218806
1005002868442430
32920242054
1005003176338872
10000344942804
4000965956050
1005003010751473
1005002589256032
1005003181856827
1005001593441007
1005002533698283
1005002201795709
1005003345069740
1005002553475599
1005001325866959
4000794849853
1005003247619711
1005003329530020
1005002259227628
1005001999738278
32974033961
1005002319141176
33001414550
4000200369201
32874708801
4000918066092
4000611056818
1005003035313724
1005002605638363
1005003110049293
1005003367160751
1005003107500199
1005001762538510
1005002050615686
33054458907
4000926072988
1005002111502393
33031614884
33023129133
1005002134413724
1005003099168306
4001270591178
1005002842590989
1005001304047061
1005002500015947
4000970071152
1005002583175733
32997317436
32849059643
1005003330160269
4000465104428
1005002314312489
4000074264111
4000781312059
1005002619088260
1005003120514783
1005002419516926
1005002671968116
4000080340340
1005002525066238
1005001864825591
1005002707452532
32953588409
1005002847139117
1005001354862145
32818640620
32925988177
32961311764
1005003266277060
1005002043506644
1005003367220813
1005003019464315
4000934901014
32795992192
32991295712
1005002264484212
1005003028157252
1005002351771712
1005002301362855
1005003103270512
1005002623499952
1005002668365758
4001235357289
1005003102992904
1005003213605209
1005003051491260
1005001651529513
1005003198372019
1005001758616586
32895461463
1005001820575420
4000843955434
4001333857621
1005002126852242
4000295309541
1005002565102254
4000044044529
1005002307148887
1005002362219354
4000546018831
33000389988
1005002260930538
4000774030106
33043433148
1005002784006078
32973131993
32959905022
32880245434
4000376867768
1005002857869588
1005002864127107
1005003039610290
1005003193174736
1005003364459772
1005002510386357
4001272898555
1005002320174223
1005003101854202
1005002918509924
1005003285210324
1005003131096913
1005003283218934
1005002762037537
1005001286375427
1005002314912878
1005002408763496
4001196773337
1005003042019290
1005002350745791
1005002277461819
1005003281520780
32977252197
1005001556135940
1005001607959528
1005002947350348
1005001860017078
1005002967947413
1005003308508352
1005003123218539
1005003248684039
1005003380728644
4001175529423
32862981917
32993704987
1005003148383193
1005002536121438
1005002433218470
1005002493873288
1005002078686766
4001239455102
1005003147862471
4000990769080
4000876912146
4001230390068
1005003088343906
1005003329866681
4001045236153
4000474886832
1005002613305941
1005003325718813
4000112747328
4000110988485
32809389232
1005003386897578
1005003299234493
4001271871528
1005002750420278
32668723682
32834983427
1005002016991505
1005003307582894
1005003149211367
1005002325351220
1005001355663398
1005002914136756
1005003086248066
1005003362889496
1005002319844650
1005002317188222
4001048008810
32888835790
1005001808759578
1005002767355648
4000184782115
1005001914253394
1005002877859911
33025330119
1005001431281035
4000633001553
32920963250
1005002706919339
32482739310
32717405089
33026634438
1005002589778123
1005003322370099
1005002530587971
4000630901417
1005002755775005
1005002134405954
1005002383560123
1005002869843855
1005003025878283
1005002222168253
4001251662491
1005003381903586
1005002960388450
1005002785304176
4001139124491
1005003060295915
1005002460941898
1795558437
1005003086546108
1005002531387639
1005001721474571
32848772216
4001240075847
32967453470
1005003052336368
1005002483963869
1005003149343846
1005002398507825
4001214169529
1005001902906159
1005003277533917
1005002924078560
1005003330090688
1005002968754947
1005003052284695
1005002495990486
1005002866662582
32855150679
4000650354648
4001018759114
4000043058360
1005001923824433
1005001939334691
1005003225012201
1005003296421125
1005001360085622
1005003092584578
1005002312036851
1005002399095830
1005003386241914
32873790952
32992227972
1005001894482876
1005003031910575
4001035013472
1005002399768826
1005003373557853
33024332209
1005003122490578
1005003074219083
4001296671649
1005003358197946
1005001511928966
1005003193994257
1005003305499563
1005001575436202
1005001604568555
1005003308686441
1005002978943696
32663779027
1005002586735442
1005002423637057
1005002632042718
1005001795228873
1005003181135948
32831211802
1005002510884341
32918406231
1005002990429978
1005001841843486
1005003211433871
1005003261463136
1005002547989670
1000008122088
32958222918
1005003143729632
1005001311049235
1005002374841035
1005002976673609
1005003387598041
1005002989594702
1005001709130905
1000008327876
4000963528516
1005003112664431
1005003317032136
1005002921335518
1005002255741490
1005002209995284
1005002889041496
1005001476040528
1005003223804386
4001062464516
32819613067
1005003050104818
1005002053627594
1005003183462540
1005003231085270
1005003141675035
1005003371251011
32891458458
32963151624
1005003366256320
1005003251952389
1005003325518349
1005003007799870
1005003124159601
32690754347
1005002646063069
4000159892718
32975890373
1005003155971708
1005002945111083
1005002414551379
1005002072410468
1005002956767041
1005002982080103
4000204623848
33051237065
1005001788908376
1005003325476293
32901798775
1005001853654466
1005003334361087
1005003298274673
1000008316836
32994979547
10000400008644
32826502480
1005003305129686
1005001457565475
1005002719459004
1005002496133079
4000916567720
32434130433
1005002940370388
1005003286248958
1005002424999417
1005001988748830
4001300415028
32999184507
1005003340376653
4000712569214
1005003044550181
1005003336785823
1005002534496428
10000125622689
4001261409510
1005001690983342
1005003198132660
4000561909225
1005002920439732
1005002787138961
1005003030611144
1005002790474232
1005002622858168
1005002718830098
1005003092603868
1005003063430659
1005002522992624
4001066824709
33051538454
1005003278419781
1005002630017195
1005003137068332
1005003131812548
4000049446677
1005002263876383
32646638076
1005002151651127
4000868157794
1005001748852890
1005003171330988
1005002989941071
1005003299746593
4001013471693
1005002448105101
32872872118
1005003353857329
1005003233504237
4001119640981
1005003005861524
4001115656993
1005002967611240
32965825897
1005003165913668
4000061193941
1005002663443340
4000585528646
1005002810627741
1005002997132030
4000286922271
1005003219513837
33015116705
1005003098223368
32977671533
1005002848711690
32813303980
33014696392
32822814792
1005003141776429
1005001993083770
32982776787
1005002551663621
4000768260403
4001038782280
32641356165
1005002717229690
4001290299376
32828933821
1005001867612573
1005002538394441
1005002028042575
4001243797955
1005002033718503
1005001663974011
1005001392321366
1005003207808380
32675454027
4000873570066
1005002667828631
32891822096
4000429128089
4000782666885
1005003297889178
33045583400
1005001929153247
32995853785
1005002841671066
1005002970855469
33026327945
1005003043698139
1005002494314331
1005002846478923
32996114364
1005003246643559
32904796682
1005002372023131
1005002868197940
1005002758536968
1005003125704216
32881507435
1005002426909183
4000537962817
4000942966645
1005002964655495
32640198455
1000001730652
1005002004938396
4000467627275
33013898900
1005003222911431
32836428507
1005003185346574
4000198069333
1005002092679092
32954120092
1005002950930998
4001248100985
32948619990
1005002694785950
1005002902535025
32964474036
1005002773407675
1005002110092149
1005002843078842
1005002277040865
1005002601560952
1005003136177900
1005003076435246
32915494594
1005003283638001
1005001439112643
33039035632
1005003032614153
1005002234220289
1005002637144574
1005002907493251
1005001540729542
32855063093
1005003297068932
1005002551347978
1005003225471017
32882165157
1005002616235803
1005003002379195
4000676133311
4001038008142
1005002964500379
1005003174729076
32875006130
1005003336176731
1005002301652724
1005001332393204
10000114140139
1005001680846955
1005003150508793
1005001556540431
32813934849
4000186964296
1005002239542833
4001205014511
1005002965344292
4001272522396
1005002986694374
1005002503129044
4001085030241
1005002215386285
32846708764
32858034798
1005003278101207
1005002687777270
1005003153270512
4001071403711
1005003169402022
1005003134640122
1005001380583021
1005002056068602
1005001846112789
1005001670672219
1005003332872358
1005003065096750
1005002329203300
1005001694386116
1005002630834718
1005001291227343
1005001290680510
1005002940535308
4001187039553
1005002558275151
1005002556895919
1005001286529729
1005003133472907
1005003210302861
1005003096614643
1005001468916948
4001066886465
1005003003740535
1005002347288370
1005003263825783
1005002903343583
1005002991015687
1005001834195602
1005003259229642
1005003376784890
1005002271324888
1005002678129058
1005003032089722
1005002042861751
1005003313195328
1005002624834279
33044948139
4001116451604
1005002958942297
4000550169458
1005003384023453
1005002448971063
1005001694705717
1005002165000550
1005002212237831
1005002292153266
4000324638449
1005002810638763
32850060223
1005002079621402
1005003227879583
1005002951111176
1005003391277819
1005002740402982
4001321991406
1005002221081542
32960430231
1005001838484370
1005002946570207
1005002824325568
1005003337327926
1005002461996933
32840293374
1005001638359122
32975095429
1005002964697373
1005001625226807
1005003016504301
1005003184325914
32807042661
33041172934
1005002924890515
1005002303301823
4001254881051
4000078704940
1005003307241164
1005002865472542
4000250545766
1005003296677510
32982109703
1005002897171684
1005002481024057
1005003253481204
4000397564171
1005003071252234
1005002332985219
32814699343
4001135871109
1005002905493535
1005002667026055
1005001265440470
1005003228155952
1005003170521383
1005001299202116
1005002721974757
33000132833
4000137131349
1005002968201310
1005002721980586
1005003120479750
4000128068992
32874109217
33028768759
1005002273194198
1005001493528154
1005003288699128
1005003328012568
32861636348
1005002991423546
32497597027
1005001916566095
1005001683191088
32984959812
4001271992091
1005001538728505
1005001705589578
1005001867166950
1005002941652268
1005002050379629
4000781693064
1005002582640214
1005002904645995
1005002740232737
1005003355217284
32970846493
4000744156567
1005003184937485
32989534159
4000674477928
32454290827
1005002417693374
1005002546784048
1005002612394630
33046162535
1005001639133529
4001183657259
1005001688057160
1005003083694749
1005003221586684
32964699924
1005002724730426
32800487879
1005002619558752
32804186610
1005002534430150
4001224334216
1005003019207146
1005002314326707
32973606320
32431860669
1005002480225883
1005003233653820
1000007417440
1005001867437080
33038293912
1005002369090334
1005002339580648
32810284055
1005003264928841
1005002894880696
1005002541342885
32776550879
1005001897549257
1005003339321711
4000065073677
32820759804
32959851643
32959426778
32970771612
1005001851946650
32805524973
32902369911
32826943717
1005003042171389
1005002868527795
1005003137535736
1005003311988877
1005001810791547
1005001599805814
1005003156686658
1005002438493108
1005003387516103
1005002282984579
32826527302
4001054932781
1005002326313685
1005003265136682
32215314695
1005003208453678
1005003123628505
1005003179148145
32898276092
4000969878906
4000937655639
4000891131665
1005002912912686
1005001512353291
1005001972812126
1005003310203484
1005002053903595
1005002023728892
1005003323891172
1005002128625553
1005002475846450
1005003067384102
32782454981
1005003150881974
1005002780321577
1005002726688765
1005003005096735
1005003198097276
32264379712
1005002352565574
4000674961917
1005002390741065
4000778947544
1005002774149726
1005001814166076
1005002917550620
1005003022010443
1005002459397854
32913669703
1005003199551773
1005002866631874
1005002876912353
32859202407
4001128187428
1005003035862462
32847258111
1005002663687266
1005002948908299
1005003193259189
32933582112
1005002010866630
32964435675
1005002821536624
1005002908176799
1005001968662451
4001055842873
4001023949363
1005001671024893
1005002880285719
1005003221684110
32608681151
4001176449680
33059973651
1005002856666068
32972720245
1005001414838059
1005003256391670
32843277619
32829991154
1005003056889333
1005001340219672
33048429692
1005001736272662
33047190598
1005002441739716
1005001576651035
4000319901114
1005003130073796
1005003130160892
10000401596590
1005001684140373
1005002313553078
4000662857801
4000536896745
1005003037551281
1005003130196453
4000922242170
4000135491286
1005001798954869
1005002834064961
4001104679798
1005003119594601
1005002794124014
1005002989361161
1005002056651046
4000503812100
4000303818724
1005003291067272
787997905
1005003306002642
4000782529366
1005002142402756
33048621225
1005002544608221
1005002059931295
32788589003
1005002951078957
4000086236080
1005002756027341
1005001491308411
32624279381
32892402693
1005003201209047
1005002789574083
10000012889992
32776973767
1005002448461704
4001085030241
32239465162
32822642373
1005002453228679
1005003391489011
4000314517049
32921219338
4001195749382
1005001916497548
32883316543
1005002265660214
1005002698620314
1005003287818149
1005003311384937
1005003035216699
1005003275260521
4000879079625
1005002466694700
1005002952327839
32826505221
1005002704215228
1005003122720535
1005003358106717
4000224528221
1005002286712296
1005003218667169
1005002193808885
1005002664421416
4001180505990
1005002786483906
32809732056
4000164435586
1005003392248324
1005003114035669
33041166566
1005003331637384
1005003361393755
4001269127471
1005002652460041
1005001705329133
1005002311185434
1005003259180970
1005001565722882
32971107712
1005003305752883
1005003117980116
1005003326707961
1005003099723950
1005003207283962
1005003077434520
1005003289911489
1005003096136243
1005003320588898
1005002382725692
4000070604893
32966987311
1005003262299779
33008339875
1005003236487429
4001172879668
1005003362711358
1005003154656366
4000066670930
1005003035859968
1005003215785847
1005002822725111
32641206165
1005002066197453
32886995096
1005002827100646
1005003296996920
1005003367639913
1005003157627959
32956428508
4000107455140
1005003014011117
1005003300691351
1005002012215776
32811321618
1005003013695471
1005002409368696
4000120335153
1005002584310630
1005003274848363
1005003299703894
32916808059
1005003138837883
4000132368893
4001111824897
1005003219686865
1005002925595743
1005002795290203
1005003325950708
1005003341774217
1005003015997165
1005002613246570
1005002495006712
1005002862177855
4000759052965
32955629504
32868442290
1005002894866792
1005003105872316
4000323001071
1005002426979393
1005003361299901
1005003165662212
4000253323424
1005003387812830
1005003309627155
32871991144
1005002824803450
1005001437847994
1005003138699605
1005001325844892
1005003223121395
1005002719910041
1005002656723613
1005002957544102
1005003320238077
4000698401205
1005003169165175
32996536312
1005003282278863
4001178336466
1005001587338062
1005002611707967
1005002960530409
1005002820965503
1005003130437575
1005003130435503
33009454993
1005001989360225
4001178736916
1005003241880703
32810435154
1005003153301057
1005002252608632
1005001813261687
4000223056638
1005002680160193
1005001952351508
1005003173065222
32997586509
32857148982
4001291928212
1005002761722822
1005002317190209
1005002959615894
1005001415216032
1005003297754608
1005003002713087
1005003309619427
32567819677
1005003258316067
4000627062438
1005002500805369
1005002588510576
1005002495803092
1005003253808027
1005001701224175
4001282397559
1005002861422092
1005003167429605
1005002900089444
1005002695270426
1005001994654621
1005001564842132
1005001538044940
1005003081976868
32883730308
1005002368012361
32276962176
1005001920698519
1005003116543560
4000169055102
1005003008715943
4000590153152
4001127420700
4000672443732
1005003290823496
32966636387
1005001915168129
1005003197912963
1005002558031659
4001158846948
33051083803
1005002483614106
1005002510850855
1005003389142567
4000232550746
1005003228579747
1005003286292069
1005002979717685
1005002219755145
1005002967639275
4000714072041
4000778310134
1005002708672228
1005003209680715
1005002341120528
1005002389962209
33006831198
1005003031003572
1005002314130618
1005001678948530
1005002852762219
4000129297646
1005001419680949
1005003033519244
4001173388004
1005001559815409
1005002286939938
4001215397825
32950504780
4000577304132
1005002598095712
32921105349
1005001356179676
32974214888
32830561902
4001075763617
4001290161620
1005002537452660
32833994703
1005001458264119
1005001587880674
1005003177932662
4000300511583
1005002649845544
32949522087
1005003199017595
1005002747671640
1005002530674509
32866197628
4000861437250
1005002622761188
1005002538416634
1005003287480646
1005002959742108
1005002392951739
4000348897631
4001037876026
1005001271668834
1005003282218764
1005001697573564
4001298178359
32978564136
4000626553039
1005003114868263
1005002171481208
32763431975
1005003299600398
4000089151617
33016947597
10000002727838
32855300406
1005003091815485
1005002931713874
1005003082069778
1005003371191057
1005003156800595
4001277946194
4000600188533
1005003346203608
1005002586087997
1005002932024879
1005002900453158
1005002304936879
32851802733
4000102868920
4000164442383
1005002820473530
1005003319464884
1005003014414391
1005003146398436
1005002341708096
4001265668540
1005002790665602
1005003329930123
1005001988510869
32955960751
1005003229785160
1005002952148809
1005002967640951
1005001736350465
1005001473970414
1005002120949649
1005001530217027
1005003097048167
1005002912774867
1005002991895341
4001265778084
1005002754978589
4000029751532
4000903085546
1005002681945774
1005003282859111
1005001500012023
1005003283258871
4000444781037
32815003974
4000060808430
1005002107549449
1005002808593864
1005002939934545
1005003122432017
1005002945906426
1005002107194806
1005003225051228
1005003383834492
1005002247272161
1005002516406485
1005003103784957
4000906996316
4000791446466
32797754215
4001198968289
32795709620
1005002673871560
1005002836859517
1005002417932793
1005001279641529
4000816311369
4000609258538
1005002973458620
4000570875912
1005003372094512
1005002769188831
1005003383014355
1005002965379097
1005003368732740
4001157406622
1005001976789781
1005003064668010
1005003146440163
32911177867
32884973820
1005003370383670
1005002582874028
1005001678427168
1005002855195625
1005002843753618
32952996457
1005003130354145
1005003068456956
32945501261
4001232891541
1005001320109484
1005002512761594
1005001936775621
1005003087984682
32976322291
1005003307550931
1005002444333178
1005003305992838
32826093592
1005002604410324
1005002482230648
1005001971459405
1005002657229672
1005001808945442
4000191014551
1005001586963097
33055888876
32888263976
1005003103039026
32833399290
4000799789001
1005003124827064
4000953611075
4001112652200
1005002951327029
1005002959251761
32870872818
1005003083725520
32977569965
4001201360294
4000468822908
4000194277556
1005003308830978
4001219783805
1005003295962427
1005001617125576
1005002872861566
1005003345207745
32587728612
1005002034598693
1005001356634309
1005001571822977
1005003122226854
1005002357246137
32815836876
1005003168060516
1005001656697127
1005002520131546
1005001793159881
1005003333044177
1005003102212148
4000594562026
33057657211
1005002165984206
1005002722925381
32854303774
1005001965252914
32986064014
4001141069312
32786842211
1005003177388159
1005003277268817
1005003021694697
32966393162
1005002629844524
4000064333813
1005002004544230
32967139507
1005002895550909
1005003165164519
1005003384381306
1005002936161936
32982132719
1005003022001080
1005002926425220
1005002970333842
4000064726241
1005003362033008
32891016605
33057757293
1005002305265874
1005001296733879
1005002611616552
1005002352252550
1005003365913367
1005002287095997
33012017206
1005002945323299
1005001836334787
1005003255061424
1005001415758594
1005002623164704
1005002953858987
4001059321707
1005002914819161
32796040979
1005003167342440
1005003048035745
32829678197
1005002475363745
4000901322895
1005002022859293
1005002840888372
1005002559051732
1005003277943736
4000302069846
1005001642224963
1005003005444526
1005003289842048
1005002291444677
1005001807578313
1005003213639432
1005002674083431
1005001331566362
1005003020524981
1005003363009805
32919916369
1005003136797956
1005002612958444
32591101923
1005003133026255
1005001802451800
4001053633724
1005002953969368
4000739393161
1005001822881765
1496356421
1005002608101856
1005002635322610
4000726466408
1005001956681406
1005003380179298
1005003192182985
1005002033546667
1005001297438398
1005003281099266
1005002376231782
4001346987321
1005002545167504
1005001996698383
1005002496103877
1005001894831211
1005002255008111
1005002407210599
1005002465091278
1005003004468419
1005002598543173
1005003159772030
1005003150511636
1005001667101290
1005003007433371
32742115847
1005003017299543
1005002316021128
1005002913694267
1005002822530318
1005002496867808
4000128073124
1005003209312840
10000334430235
1005003260230093
1005002598406773
1005003259076992
1005003019602247
1005003027562328
1005002901848879
32891329307
1005001298044698
4000995540123
1005002600207586
1005002710422797
1005003146403375
32849278960
1005002103501215
1005003239409830
4001286588401
1005002304766545
1005001386165090
1005003020456100
1005002978858299
1005003329456486
1005002990965195
1005001559758236
32967788389
4000898368586
1005001689879258
32995624978
1005001338202588
32950089612
1005002132324260
1005001307260915
1005002489966473
4000782016613
1005002662082260
1005002481532092
32969956874
1005003092346934
1005002079043386
33024466358
1005002496812828
1005002357918723
1005003276813759
32952117014
1005002695419730
4000337156776
32885064002
1005002782627040
1005003154443548
1005003191381724
32962164222
33050180195
32994445697
1005003170341660
32833028653
1005002027862086
4000021915217
1005002954825438
1005003257650006
4001291336369
1005002489424545
1005003008900571
1005001678412670
1005002382674200
1005002776070389
1005002029957395
1005002513407226
1005003094310405
1005002043399701
4000499193256
1005003154547572
1005002917551202
1005003016147296
32840481663
1005002371855045
1005002996164612
4000158165790
1005003176146646
1005001271611232
4001007312890
33001010570
1005002023350953
1005003022029722
1005002348341866
4000760775056
32825543315
1005002977562548
32528486749
1005001562766860
1005001580667130
4001018790710
1005001834850431
1005002232578379
1005003091560331
1005001867192985
1005002926879505
1005003337938099
1005002129214845
1005002616061239
1005003094541900
32903305606
32927661390
1005003196641956
32862019905
4001129389804
1005002196873972
32825729493
1005002896313613
1005003167114432
32882843206
1005002579937783
1005002131104957
1005003155263432
4001050455989
4001084052875
1005003105379408
32800903336
1005002833323614
1005003392278924
4001125342678
1005002224022326
1005001489064961
32878352388
1005003287827557
1005003001363965
1005001696140061
32858901389
1005003208193291
1005003081998201
1005003312339749
1005002608864976
1005001594943050
33010968339
1005001682867246
1005003021151914
4001105972209
1005003022641087
1005002128502964
32850205986
1005001418112932
33032966224
1005002237955059
1005002666486443
4000324873869
1005003164059722
1005001765290589
32844291007
1005002007752170
1005002476530366
1005002831523790
4000729423174
1005002447818660
1005003264647006
1005003382713664
1005002524419906
32790642085
1005003145721652
1005001387191324
32924074825
4000449480386
1005002841080682
1005002904714485
1005002959376371
1005002965112390
4001338622815
1005003078461835
1005002885497976
32673716962
1005003124334775
4001216818516
1005002755978449
4001115571922
4001003424577
4001349564316
1005001725625223
1005003323662501
1005003037768143
4001042658073
33058965932
4000117432942
1005003371136539
1005002616232263
1005002842106019
4000684948972
1005002501104129
1005002411655361
1005002281231843
1005002007259411
1005003267559751
1005002364375486
1005003187787502
1005002071499802
1005002680963744
1005002303683507
1005002515315218
1005001495801479
4000270069507
1005001575057149
1005002277665966
1005002104732407
1005002833094902
32867516151
1005003145730427
1005002939397573
1005002027605965
1005003374399340
32368229998
1005001395840916
1005002617382096
4000116521947
32843244824
1005003080773429
1005003148596086
1005002450911275
1005001965059876
32971211532
1005001768203597
33033814387
1005002790564443
4000160910538
1005002388345694
1005002647420197
1005001666711575
1005003380202129
4000683176237
1005003351330029
1005002388811427
1005003014089913
1005003129251632
4000672972392
1005002931378980
1005003126268279
1005003231998703
1005002486210398
1005002608943242
32861388401
1005003249701810
33015481892
1005003330393022
1005002907533653
4001075683464
1005003390535643
1005003001041881
4000397045644
4000442447215
1005003218707930
4000336869106
1005002966654163
33016710438
1005003337236914
1005002702122551
1005003036323566
1005001394373871
32849816845
1005001677968465
4000685762238
1005003241238893
1005003386196309
4000588953851
32989476813
32814400583
1005003016822139
1005002022747941
1005003116112400
1005002667426634
1005002951349537
1005003382777334
32483204924
1005003222743991
1005001952441435
1005003029181123
1005002732994990
1005002716641550
4001344768839
1005002852886751
32959905022
32968290547
32801805404
1005002030491329
10000395910493
1005003391840906
1005003266486496
2027980652
1005002900964959
1005003303453737
1005003134171028
1005003291615601
4001054609144
1005002813496982
4000645867466
1005002629978839
1005002229928903
1005003191392392
32984031009
1005003172015585
1005003172441585
1005003292636685
4001030583751
1005002861845126
1247259160
1005002960219331
1005002529470533
1005002994885009
1005001441520035
4001227470106
32834190406
32859129926
33033022450
1005002622744084
1005002425878224
1005003209717228
4000458503362
1005003382212522
1005003019246240
1005001866040173
1005002457562114
1005003197472826
1005001962159412
1005002836340229
4000540779831
1005002746369043
1005003042183929
1005003082814910
1005003231743957
1005002684957762
4001204247892
32721076046
1005003176649080
1005002054123071
1005002288493061
1005003122211989
4000582381909
1005002608355775
1005001414025373
1005001579389403
1005002729110181
1005002111199611
1005002424661472
1005001780021792
32950604777
32704950731
4001208902387
33012128067
1005002321182838
4001076442828
1005001618344090
1005003253695792
4000282820397
32825775262
1005002912108711
1005003049616353
1005002745950190
1005003294274048
1005002314807158
1005002656370672
33050882301
1005003390262654
32472352563
32845486134
1005002159989910
1005003221950091
1005002759289242
1005003052501293
33053322204