32984070899
4000976437893
1005002702244914
1005003350193271
1005002893287426
32780279101
1005002571438815
32792736904
1005002051503297
1005001952831520
1005003101004117
1005001921368719
1005003330406980
1005001997081319
4000211446611
1005003184470876
1005001908881090
1005003280494590
1005003183815529
1005001298501366
1005002718780219
4001214556656
32817696991
1005002678154883
1005002386696835
1005002624973935
1005002896904391
1005001284208873
1005002401680024
1005002052631124
1005001987382201
1005002465990191
4000406715480
4000153971133
1005002097215417
1005003393651066
1005003387010824
32910087124
1005003364863675
32853570590
4000777670536
32967725144
32955727117
1005002271397432
32948495500
4001285189978
1005001317482977
1005001820317742
32908666931
1005003228141162
1005002950808930
1005002507905404
10000012922143
32978784977
10000395827224
1005003241454518
32783915482
1005002212438658
1005002309288463
1005003164101086
1005002361375517
1005002527544252
32972323457
4001110867452
1005002104557995
1005003197860070
1005002492631944
1005002787837529
1005001818303867
1005002136860753
1005002731692352
4001036701083
1005001910443031
1005002402614670
1005003233522068
1005002577052879
1005003215675541
1005002330180283
1000001681341
4001212814659
1005002842973156
1005003274240367
1005003037131137
1005003328448555
1005003178374354
1005003044252213
1005002052267165
1005001828965533
4000661075792
32821237116
1005003037404835
1005003211011201
1005002234603921
32624691864
4000687537347
1005003081335644
1005002412751969
4001136599076
1005002717082013
4001201352588
1005002599848158
1005003209381214
1005002712748255
1005003107336411
1005002341439168
1005002522343360
4001114352299
1005002263365376
1005002254810580
1005003130466758
1005003263572662
1005002918331934
1005003366123901
32901144409
32996977514
32725945803
1005002971052917
1005003288728844
1005001381085606
1005002712637446
1005002254911384
1005001891132725
32624771010
1005003094037562
32757649814
1005003184436433
32952734712
1005003013574766
32811139346
4000740061349
1005001285507226
1005002884881090
4000933434872
1005003065776965
1005003239660232
1005001345195279
1005002006101839
1005002650050438
1005003197322201
4000463752968
4000823530986
1005003280350653
1005001360483560
1005003069348003
33010619211
4001304707617
1005002321700154
1005003296479745
1005003353487845
1005002477154067
1005002663194053
32889861417
1005002393065197
1005002790781236
1005002694552982
32970816413
1005002899583717
4000739190812
1005001681616810
4000193563318
4001090745989
33010851798
1005003089609294
1005003027959376
4000346952105
1005002264097085
1005001620046593
1005003365002757
1005002658545925
1005003375740668
1005002820598609
1005002189864210
1005002852037057
1005003177254084
1005003082025878
1005003167018713
32819489667
1005001922388273
1005003383262939
1005002854110447
32955573006
1005002350799652
1005002685545952
1005002724507065
1005002056292206
1005003362099012
1005002775372906
1005002538730114
1005002284633723
33015885357
4001057937057
32965268250
1005002710106472
1005003146341946
1005002048873049
1005002392592592
1005002797017226
1005003384975983
1005003152946389
1005002223956446
1005002350418240
1005002764775216
1005003381705579
1005002696292482
1005002878726438
1005003342183221
4001296266003
1005001920844572
4001278372269
1005002664649701
4001287848517
32719581210
20000000919932
32973327097
1005003233620963
1005001825872865
4000631604772
1005003249752658
32666001581
4000193895329
1005003183465550
1005003035933996
1005002787866653
1005002468587750
32791764476
1005002879020675
4000940463344
32775461035
1005003194876438
1005003059694103
4001083903638
32995937638
4000258801754
4000778395293
32921991653
1005002097635374
32896942608
1005002034689244
1005003215444127
1005003361855144
1005002647349720
4001271550839
1005003101558313
1005002666486443
1005002448625383
1005003014031080
32962927533
1005001415750604
1005003341816714
1005002994749032
1005002896716746
32926876253
1005003162655137
1005003211219625
1005001462645970
1005002991121141
1005002417595578
33004947638
1005002428613637
4000729849657
1005003108142098
1005001732380264
1005002551016338
1005001429374633
1005002528391782
1005002971919565
33042022959
1005001885449251
1005002637775181
1005003318141286
1005002244812487
4000796823971
1005003344155008
1005003376561321
10000395815665
1005003222920651
1005003113304801
1005001505116239
1005002875886549
4000296884865
32820495308
1005002525467920
1005002848802833
1005002904995001
1005003389071184
1005002971906654
1005002048466536
1005001811082114
1005003276036378
32832423317
4000645867466
1005002755132418
4000378792257
1005002824063394
1005002765792964
1005002271985884
4001149843630
1005002532230877
4000897621889
1005002504810785
1005002317687007
1005003086388577
1005002996430817
1005002801321719
1005001862515893
32747754790
32964431794
1005003141938304
1005003356623957
1005002393562217
1005002898913263
1005002642806029
1005002123199696
1005001348908618
1005003136737422
1005003365590694
1005002894854923
1005001417839262
1005002751675844
1005002187270257
1005002245064954
1005001796742445
1005003352635675
1005003342016953
1005003120618658
4001276945586
1005002634484007
1005002625780231
1005001943805209
1005003360693998
1005002994500382
1005003003130435
4000112219348
1005002100758450
1005003301858566
1005003366604968
4000542127630
1005003006368834
1005003343436285
1005002622573785
1005002594469404
1005002952684855
32544201696
1005002782758609
1005003375780731
1005002679260397
1005002277644294
32978250419
4000976657837
1005002822008513
1005003172608002
4000373812561
1005002821328460
1005002217516668
1005003037866422
1005002611502358
1005002649232970
1005002783352976
1005001940937587
1005002284264131
1005001924542818
4000830765083
4001162566299
1005002139739093
1005002378028762
4001128730768
1005002046366966
1005001653276523
32704090582
4001242470525
32978735034
4001142403584
32952995304
4000922608795
1005003121409962
1005002693513788
1005002513234907
4000872879653
32896550621
1005003332845036
1005003292173639
1988771865
1005002511439086
33062522467
1005003202517034
1005002570523895
4000835086007
1005002388766506
32807012623
1005002804512167
1005003269535633
1005001971611751
1005003197810975
1005002858340589
1005002945374362
1005001356419368
1005003255330929
1005003133935294
33027035846
1005003026835597
32681928127
1005002700518219
1005002097699573
1005002970601982
32822419504
1005003153255490
32887977535
1005002836430413
1005002813988686
1005003139601660
32978721736
1005002897801210
1005003138604173
1005003119358874
1005002503467944
1005003124947412
1005003312335422
1005001814409241
32737798434
4000171266952
1005002428534320
1005002977433666
1005001281163171
1005001987096338
1005001731813813
1005001781954386
1005002061912941
4001076338506
4001236835389
1005003249013822
1005001328353122
4000987042795
1005001645182425
1005003316472787
1005003023756739
1005002737697919
4000249241414
4000123817834
1005002758183049
1005001509992641
32614696682
1005001547759590
1005003256672954
1005003118645723
1005001388218768
1005001356440588
4000334848771
1005003095558003
1005003279942953
1005002608635608
32968274202
1005003392499278
1005003252363331
4000800354793
1005002794576740
32808844326
1005003197834495
32984058363
1005001570388941
1005002795718373
32868737443
1005001657370441
4000390307060
32806249614
1005003287723211
32875890187
1005003001021896
1005001736254987
1005003176045278
1005002932787831
1005001855413458
1005003001857802
4000444543182
1005003097049401
32987426993
1005002754855708
1005003015789896
1005003273251256
1005003084834327
1005002285789341
1005002963603422
32698700768
4000777180258
1005002321205518
1005001354907884
4001335860290
1005002350231702
4000393044878
1005002979635493
1005002447940995
1005003313254888
32860871946
33017803662
1005003083129316
32893118658
1005002460856569
1005002878509452
1005003270850451
32805842628
1005001714433558
4000628352089
32752605124
1005003347611819
1005001447060702
1005003345657671
1005003333945701
1781739969
1005002176446806
1005001851778293
1005002018485478
32896387155
1005002774544105
1005002511391675
1005002476301402
1005002618844340
4000182225380
1005003017096402
1005002481080351
32884079334
32857881277
32888330019
1005003005158024
1005003261925859
32837077747
1005001438080881
32902295493
1005003349779567
1005002949195727
1005002311788678
1005003168350336
4000090351968
1005001775595433
1005001848893373
1005003016688689
1005001461895262
1005003259291806
1005003174333498
1005002861499934
1005003337313480
4001027330659
4000709855329
1005003126271295
1005003071618122
1005003193301069
1005003266554345
4001221911475
1005002857092580
32807475999
4001050739463
1005001779837698
1005002493825328
1005003186950955
1005002114791605
32799391883
1005002674473519
4000945204239
1005002990613775
1005002628237597
1005001641156327
1005002917440066
1005002964778137
1005002027373247
4000506695416
1005002822543323
1005003041354123
32829958077
32964171291
4000132413461
4001074856951
1005002846794541
1005003379559540
1005001769190232
1005001728285946
1005003218222252
1005003143144909
32907392164
1005002818305589
33019740751
1005003075730323
1005001813795394
1005003330908010
1005002629230575
1005002583844841
1005002655583173
4000150562771
1005003080086191
4000324721365
10000036864800
1005002836591484
1005003254325764
1005002002229677
1005002869659558
1005003276201535
1005003222287528
4001160907440
32856095146
4000318515912
1005003325398716
1005002631678218
1005002884783377
4001208471333
1005003165551604
1005003305578047
4000144803346
1005001563380103
4000192914884
1005003202860271
1005002940804634
1005002768309289
32712528425
1005002839821801
1005002803125974
1005001824495217
32916358220
4000173618833
1005003294307640
1005002484598256
1005001287027346
4000983060215
4001223566146
1005003052194772
1005002322700237
33053540990
1865617225
32964782570
1005001316135477
1005003126125358
32888856483
1005002176360090
1005002417743415
1005002927187702
1005003227705721
4001274661430
1005002820849527
1005002034982851
32974694625
1005002785096818
1005002657436215
1005002698242277
1005002892104874
1005002449109429
1005001853771642
4000321119480
1005002378381057
1005003306806091
1005002397750470
1005002989129992
1005003318182876
1005003305748311
1005003388926135
32955967401
1005002661006626
1005003311184256
4000335591219
1005002358902251
1005002272299060
1005002938762581
1005002682526448
1005002995345843
32884099600
1005003323926275
4000691408386
1005002300291272
32959225185
33060222892
1005003020335165
1005003025587664
32953602628
32891149427
1005003153185756
1005003130484574
1005003227310900
1005003117875806
1005003041128186
1005003325742284
1005003390149046
32830133649
1005002381012780
1005002268136269
1005003037320424
1005002250139494
1005003108205864
1005003203755330
4000886448234
33037229935
1005002678796481
1005002778438298
1005002982483136
1005003366343944
1005003184404749
1005002410340351
1005003006419590
1005002312906237
1005002672525143
32949347569
1005001336495976
32873511973
1005003279478396
1005002434162628
4000481572567
1005003112447719
4000761509387
1005001612813488
1005002387776357
1005003344655933
1005003197586868
32848254557
4000899770639
4000705020489
1005003105864941
1005001971650040
32650116811
1005002054149528
1005002250740192
1005003249870322
4000627618535
1005002860901898
1005002660939349
1005003236837098
1005003299002870
4000305661672
32993834435
1005001699823810
1005003272709772
32857777081
4000985036761
1005002965376222
1005002744939468
1005003051272790
1005001286156107
1005003063521089
1005002182310506
1005003147103687
1005002289560375
4000299810007
1005002389567781
1005002565320503
32865123349
32877850037
32831730683
4000603343210
1005002741627079
1005003328627904
1005002931095185
4001153048847
1005002723022364
4000187158648
33003859793
32979100240
1005003021952029
1005003277349283
1005002313214565
32863963246
1005002327854391
4001266142278
1005002958470210
1005003032483205
1005003160129653
1005002608974264
1005003063958501
1005003257374661
1005001842691956
1005001391981132
10000400047591
1005003352260777
1005003003934907
4001282089452
1005003193620923
4000645162269
1005002998892649
1005002305951012
1005002820466138
10000388735230
1005002059914955
1005001729330429
1005002350319055
4000043885887
1005001572211714
1005001570432705
1005003305136199
1005002220117992
1005003002119252
1005002278628584
1005002908445331
1005002876107409
1005001713448563
4001147848437
4000042848662
32821978997
32847945953
1005002848090853
32579002756
1005001874968437
32902055205
1005002239426980
1005002689359480
1005002305558540
1005002133640012
4000085172969
1005002462636107
32920002113
1005002093807848
4000715097110
1005002323597296
1005001488977689
1005003205834641
1005003335006343
1005002539177735
1005002926061259
1005003278186010
4000812201173
1005003035935526
4001253814351
1005003286033312
4001250810892
1005002935286829
1005003064277329
4001264554168
1005002351834620
4000902150970
1005003146189342
1005001984496003
1005002358073327
1005002619680112
1005002767856537
32921242699
1005003391373933
1005002441049648
1005001651305552
4001287346170
1005003298025655
32890625911
1005002840293744
1005002897520255
1005002675262663
33037077151
1005002293122472
1005002341079740
32847474560
1005002043653786
1005003286992396
1005002511778365
1005002991500321
1005003364748480
1005002684120306
32918580260
1005002952867687
1005002729065217
1005003262159690
4000442180094
1005001780719604
4000341964662
1005003382167473
1005001315967213
1005003195479916
32989123448
33021058152
4001333999725
32732952217
33047829814
32959973799
1005001367932758
1005002674690220
1005002567429245
1005003079503310
1005002572417675
32973176234
1005001389859139
1005002532629936
1005003308845020
1005002396632130
32871931593
1005002632436377
1005003080440930
1005002212375431
1005002126379177
1005002084096866
1005002608940284
32916176751
32944906652
32711156297
4000115928855
1005003149692425
4001326008000
1005001861634433
1005002673649222
4000293765940
4000689195911
4001228775194
32863314324
1005002096900722
1005003171113211
1005001878654292
1005002419978185
1005003288083034
4000842734139
4000812275393
1005003359409311
1005003231891417
1005003229714678
1926935419
1005003110435309
1005001654136406
1005001866375713
32987356175
1005002319267926
1005002577856215
1005002406880993
1005003389135227
4000138742110
4000261861582
1005003375162477
1005002517872352
1005003210719462
1005003129821041
1005002891845207
32863772536
32827974313
1005003083798627
1005002083833359
1005003344378643
33020673331
1005001399060861
1005002653073114
1005003056040230
4000119966675
1005002103541125
1005003161967136
1005003151164110
4000808462784
32956277088
1005003158982767
32850511349
4001163932195
1005001567220911
32883631738
4001230671878
1005002963835688
1005003155039916
1005002865979382
32958154676
1005003073794922
1005001913252744
1005001910244591
1005002630597239
1005003381678112
1005003227760892
1005001683128350
32567767998
1005002811885564
1005002038507936
4000230884398
32801490053
1005001997015583
1005002110050167
32820046751
1005002323990755
32816289072
1005002748366755
32967194688
1005002945197860
1005003347678462
1005003288139004
1005002702272784
1005001857059228
33056644417
1005003351378010
10000399961046
1005003196672791
4000018311370
1005003279490129
4000222387615
32978755995
4001223714838
4000542588800
1005001518045543
1005002949824860
1005002863460602
1005003048423448
4001358219412
1005003067662257
1005003385860867
32965141462
4000778236017
1005003115680838
1005003323881642
1005002332235193
33053304163
32915681299
1005001573078818
1005002751067418
1005003263786939
1005003028197158
1005003301874830
1005003042911260
1005003154479646
1005001998957077
32982230206
1005003311374759
1005002963593887
1005003196278485
1005003209392146
4001278510507
4001265367651
1005003201960136
1005001670872992
1005003302128425
1005001274594761
32953968106
1005003037472342
32377860599
1005003070132656
32879248790
32646749343
1005003140950605
1005003252688689
1005002983095276
1005003359671962
32782136145
1005003335164553
1005003039889704
1005002802928082
1005003087361002
1005003330876886
4000287067647
10000002743062
1005002790211094
1005002518669216
1005003347803214
1005002954224297
1005003140190932
1005001941461167
1005002006181791
1005003266459886
1005003316958363
4000972382599
4001042521409
4001230289875
1005003263842609
1005003218028319
1005003293173998
1005001952228858
4000387219372
1005001723141573
1005003338004480
1005003226812948
1005003277512285
32952162813
1005002409277909
4001276910077
1005002978150569
32896011122
4000381299637
33031933384
1005002944125056
4001207465915
33030645316
4000599322477
1005002211714968
1005001405914810
1005002438308985
1005001580616361
32751955454
1005002833978431
1005002637522887
33036390355
1005002287129670
1005002112912096
33001297220
1005003129887480
1005003375686315
4001173287227
4000708768085
1005001960817136
4001358137626
33004836036
10000395841594
1005002900003383
4001040738536
1005003202092509
1005002393024189
1005003332929160
4000516301507
1005002594198021
4000782805686
1005003391873378
1005002615215228
1005003099262431
32849677787
32309519888
1005003292015710
1005002935550595
1005002939245870
1005003254567657
1005003092507240
1005002056719036
1005002527011548
1005003361113851
1005002105653982
4000648712740
1005003153279202
32555773455
1005003368402848
1005003386269685
1005002664541452
4000755091943
1005001794199871
1005003088516801
1005001346464634
1005002783604539
1005002961831448
1005002751899019
32828221929
4001030123409
1005003244583364
1005003100107779
1005002292353160
4000804121557
1005002920431348
1005002718289735
1005002569323347
1005002956054474
1005001490564491
1005002685757831
32362095421
32846414185
32964844461
4001039168209
1005001611574215
1005003002394699
1005003382890622
1005003212571282
32822931327
1005002475775376
1005002421601346
1005002095922535
4000499405122
32949198018
1005001499949413
32993096445
1005002392952574
1005002739441629
1005001924313976
1005001988661735
1005002996361541
1005003188669686
1005002662748596
1005003274504235
1005003372016810
1005003236363123
1005002278261186
4000159620269
1005002487130307
1005003385326619
32998131290
1005001671255099
32820884975
1005002779410630
1005001430501971
1005001718863610
1005002357446459
1005003391276408
1005002656664177
1005002774443004
4000187091348
1005002723445002
4000987695361
1005002734133476
1005001278139069
1005003270523077
1005003297818895
4000594703836
1005002984452178
33048477182
1005002734486188
32906068170
1005002224726979
1005003106622859
32832764876
32856154030
1005003066373809
1005002959634691
1005003190963088
1005003313413174
1005002781031366
1005002857096730
1005002024039148
1005002375094862
1005002882780226
1005001977597922
1005002387990507
1005003123724106
1005001903021848
32796264651
32960486109
4001346682269
1005003152510070
1005003313248473
1005001393194201
1005001999771487
1005001855763080
1005002617406686
1005003309877830
1005003303130090
1005002802462942
32860544216
1005002089540441
4000767934661
32719629741
1005002682715603
1005003338633847
1005001340775531
1005003103421432
1005003087813260
1005003388509234
4000478877978
1005002927204146
4000611488243
1005003387718374
32841663185
1005003042295480
1005002696278859
32920335792
1005003030883169
4000287081516
32806336120
32458111523
4001100357533
32653343726
4001161931636
1005002223215735
32828731182
1005001894353439
1005002828356726
1005002333233405
1005002197245557
1005002753029595
1005003387709895
1005003158600473
1005001983529841
1005002914444496
4000791664199
33052297993
1005002234360081
1005001846536346
32966503167
1005002241031345
32888394413
1005001462717274
1005003202887835
1005003000749854
4001268022124
4000096108084
1005003375860933
4000261291518
4000954401945
1005002382554947
33039685981
1005002460783533
1005003001776269
1005003282464107
1005001284708653
1005001425163083
4000054903666
1005002220104305
1005003001882416
1005002146955938
1005003114684200
4000046883837
1005003150627521
32994682866
4000448891357
10000190416519
1005003368916089
1005001441578759
1005002656945951
1005002936145297
1005001587834214
1005002142647713
1005002945901086
1005003213162658
1005003115352815
1005003288572058
1005002496854775
1005003124881343
1005001858331778
1005003171427501
1005002358685807
1005002426297051
32868009118
32984914381
1005001622061552
1005002890863878
1005003122642525
32865223865
32796571805
1005002699117657
1005003111821238
1005003365572956
1005001632848943
4000407030740
1005002856523951
1005002356325076
1005003227900663
1005002838501194
4001259869579
1005003313295169
1005003154728724
1005003136197125
4000751611127
32965236404
1005003300609626
1005003118498686
1005001630445734
1005003298884664
1005003003243708
1005001693810305
32876538109
1005001694054960
1005003156480253
1005003365434216
1005003156559670
1005003386932115
1005002636937541
1005003010720741
4000170190702
1005003036535623
1005001899453514
4001230353670
1005002783633216
33051213913
1005003014583291
1005003001980962
1005001860290251
1005003055178585
32828532778
1005002405596368
1005002051909127
1005002836939236
1005002260094171
1005001868611032
1005003299556750
1005003188118661
1005003115736326
1005003119792661
1005001792738714
1005002000237849
32950748716
1005003305753271
4000899088896
10000002724869
1005002432939418
1005003264112040
4000562813876
1005002430719809
1005001350958232
1005003026114600
1005002606057481
1005003349274482
1005003096246909
32811727747
1005003118267689
32902993109
1005002405361354
1005003224114950
1005003040916448
1005003187415510
1005003205787408
1005002462412361
1005002397711756
4001071613119
1005003325135520
1005003051272790
1005003048035745
1005003316339331
1005003206321266
4001263361466
32754779817
4000023419763
1005002443458786
1005003222181690
1005003228047013
1005002941050310
4001241980618
1005003342170598
1005003076272177
1005002711168524
32878089154
32991137589
1005001573930032
1005002120892697
1005002035543937
32834601498
1005003224610120
1005002335807361
1005003011746960
1005003255079082
4000144786272
4001083561244
1005003012635578
1005003345067849
1005003267638294
1005002885345666
33009648842
4000800548109
1005001366301864
4000767876542
1005002966075036
1005002613567228
1005003177407804
1005003272266109
1005002198168548
1005003127635824
4001132851408
1005002717885336
1005002924491277
4001042134897
1005003050836399
1005003251647593
1005001616968571
1005003271261280
4000161085606
1005002990654291
1005002357478578
1005003367151924
1005002653039234
1005003036701041
1005001926770286
1005001362924402
1005001966038783
33004011864
32857851366
1005001767903330
1005002745138659
4000495295777
1005002684844738
1005001728396188
1005003252729959
1005003008090176
1005002004069612
1005002883109893
1005003264716634
1005003098055103
32970270072
1005001303169919
1005003335115538
32895135461
1005001816967624
1005003249395903
1005001947610623
1005002344876531
33053981836
32925966294
1005001645467933
4001175991645
1005002802203197
1005002439033596
1005002688978418
1005002746885668
32304933643
32849506201
32911820099
1005001957310385
32922065525
1005002110083153
1005003057663431
4000263043609
32979999313
1005003273789038
1005001267526120
4000209300014
1005002133769499
1005002165237705
1005002977063618
32891251486
1005003109538543
1005003023752560
1005003202774649
32968572230
1005003388422912
1005003020152542
4000253421647
1005002328270889
1005002537027399
4001094433367
1005003101485465
4001038547486
1005003365234706
1005001815474179
1005002430298410
1005003000966449
33003762161
1005001692810288
33061659746
32909306271
1005001745007549
1005003048467460
1005003305944712
32974571880
4001285193815
1005003212312753
10000286013172
1005002357486512
1005001883534783
1005002108085164
1005002258484994
1005003268316635
1005002304763799
4001162877753
1005002380668774
4001297431647
1005002553621790
1005001354817853
1005002833995485
32971684653
1005001580981976
1005002964997415
1005003014108088
32820810866
1005001789122178
33047974682
1005002678816566
32969918327
32857104577
1005003311649844
1005002199424348
1005003109539777
32927681969
1000001036988
1005002289928211
1005002842153362
1005001923399263
1005002052762145
1005001393114929
1005001843988653
1005003148110331
1005001639585062
1005003365002986
1005002884692934
32511230206
1005001522291084
1005002588951887
1005003218288567
1005003210519616
1005003244796001
1005003302281485
1005002608033234
1005002525811770
1005003278029606
1005002292689180
1005003285082016
1005003375957158
4000786060298
1005003345490638
32842449512
33023563948
1005002696628157
4000782742979
4001252526202
4001205739382
1005002354403762
1005001520359256
1005003250990747
1005001499524570
33029589394
1005003379025004
4001225332083
1005003298525934
1005002478289094
32781129597
4001105691890
32357865307
1005003228023075
32949051204
32561038442
1005003346735211
1005003154836921
32973070084
1005003337699625
1005003337607942
1005002721864651
1005002699706273
1005003051975754
32885657924
1005001314506971
4000484475232
32704621985
4001351531327
1005003328948979
1005002470267895
1005002443534090
1005001792473769
1005002617103132
1005002647322869
1005001505603699
1005003245482565
1005002605792004
1005002480257302
1005002458924086
32732648021
1005002864075746
1005002186490128
33007141894
32890165174
4000241585088
32833219238
1005002871846136
33027194789
1005002952999485
1005001731369643
1005003325799815
32719350438
1005003000407431
1005002945240087
1005002364579153
1005001633445479
1005001431013507
32986847444
4001111073550
1005002759121890
1005002392903061
1005001900578085
1005003299707826
4000036085216
1005003246855097
4000747078887
1005002684156040
1005003151926031
4000217776823
1005001352231628
4000405687507
32950219136
4000197384582
1005002342995409
1005003223797479
1005002775965561
32812023994
4000311398413
1005003160985354
1005002994457646
1005002617291092
32810443907
1005003140394649
1005003002442282
1005003068341371
33004714953
1005003012557317
1005002804917668
1005002433137556
1005001890011809
1005002977161410
1005002840714634
4001036621023
33024511900
32912196777
1005001670552953
4000844009265
1005003097168767
1005002600006279
1005001896335236
1005002837940342
1005001831183260
4001016128699
1005003067814417
1005002002914247
1005003043612350
1005003292485304
32400081097
4000338135628
1005003171454578
4001096248063
1005001675407604
1005003208412954
1005003360397461
1005002374621567
33048438278
1005002624061621
32844570182
1005001516142806
1005003205280743
1005002737376273
1005002799270183
1005002739177359
1005001899466042
1005003314217265
1005002308857728
1005001772136543
1005003076653893
1005003018131145
1005002657739543
1005003072423524
1005002397934308
4001054596602
1005002926709653
1005001441392703
1005002971969540
1005001334030880
1005002347907987
1005001577537585
1005003145566570
4001076174694
1005002774215956
1005002932943066
1005001441943313
1005001713409523
1005001808674804
32974258843
1005002705268163
1005003166834613
32971451560
32959253057
1005002894461032
1005003014632027
1005003014747588
1005002566605617
1005003186698372
4001237667038
32887182918
32803781318
32962663153
4000377787042
1005003308785780
1005003316018269
1005003212247336
4000260468439
1005002958011394
1005003089238217
32961591185
1005003198684089
1005003184373993
32981661306
1005002926540706
1005001587389132
1005002603212885
1005001334887561
1005003201655223
1005002739029547
1005003018491993
1005001833931148
1005003312953706
1005003280977554
1005002336705652
1005003364081133
32324447251
1005002799412127
1005003020271915
1005001538050819
4001220382984
1005002647280334
1005002605988341
4000062626008
1005003269321001
1005001322071907
1005003384744426
1005003384065559
1005001900635618
1005002477856472
1005001750335894
1005002739220558
1005001812721241
4000797251330
32697198975
32957372343
1005001570593642
32358304454
4001349750936
32806269814
32769299395
32918034545
1005002809433103
1005003253489610
32911718832
1005001959977115
1005001451517070
4000693668581
1005002631822047
1005002347687614
1005001431087208
1005002483907307
32854401900
1005002822318947
32862896927
1005002925422958
1005003114540931
32980444455
33047917982
4000095454716
1005003172756542
1005001703755714
1005003110792218
1005002806515099
1005003035683197
1005003199274051
1005003197810975
1005002779892827
4000669508511
1005003383531327
1005003153303490
1005002345991976
1005001891190161
32327554584
1005001977524266
1005001284790655
1005003333873195
1005003277052329
32857449210
1005003258829246
32966852032
1005002541516844
1005002871558376
4000889580590
33000525911
1005002828146306
1005001988709507
32914552840
1005003073716357
1005002891395507
1005002793706805
1005003024786044
1005002310869823
1005002431344611
4001050279903
1005003058932271
4001245829286
1005003093652991
1005003388570007
1005003160193756
1005003309915657
4001039445332
4001177456154
1005003283138537
32810354642
1005003206306368
1005003321163980
1005003338851460
1005003082104635
1005003342861660
1005002959000092
1005002494823619
4000667091800
32861334844
32952639017
1005003388455627
1005001387253770
1005002907515793
1005003297960512
1005003219709524
1005002095721278
1005003134575210
1005003334408707
1005002753351042
1005003355035486
1005002426140515
1005002351024073
4001282874411
1005003136034321
4001283674073
1005001978302828
1005002944279787
1005002554464258
1005003091744903
1005003018955402
4000938636594
4000428941178
1005002449029269
32991096536
1005003372619419
1005002755254795
1005003387686965
32647640846
32846545354
4001081944122
1005002462595704
32846026251
1005002286160101
4000762412731
1005002388599771
1005003007974445
4000274762620
1005003227858677
33049582903
4001322671685
4000820625177
32970446481
1005001607236857
1005003019687495
4000103694328
1005002287989998
4001155328287
1005002311003270
1005001893360551
1005001288283764
32294905898
1005001975741601
1005002207520602
32834982857
1005001930720868
1005003308868722
1005002879594989
32953917044
32858446200
1005003094315618
33014592552
1005003029692698
1005003016565942
1005003047539954
1005001890676386
1005003352596072
4001275273329
32994499196
1005002264546755
1005001907596745
1005003211595677
4000160926339
1005002612912733
4001286936079
1005002655256768
4000079659939
1005003223592302
4000807600247
1005002687308280
32996717062
4000044828245
33007043657
1005002754215592
33059931992
1005002492610161
4000481647322
1005003219577037
1005002350751483
33045202862
32901668268
1005003019403560
1005002876075506
1005001598952039
1005002366158047
1005002643870269
1005001850569513
4000963484210
32827616320
32959647525
1005003150775634
1005002921751778
1005002608966062
1005003052385185
1005001370251191
4000402807892
1005002477592729
1005003063603088
1005002906526086
1005002864573309
33013144985
4001212722803
1005002814934776
1005003078947213
4000441175230
1005002425648091
32842670276
1005001683133484
32549044477
1005002910694775
32932696423
1005002781901935
32993711854
1005003236427930
1005002751730729
1005003136041416
1005003128703132
1005002803021469
1005001982728032
4000196441459
1005003161002977
1005002696894614
1005002723561531
1005002348051664
1005001427246406
1005003375959356
1005002656706924
1005002779611842
1005003037078654
4000048156012
1005003022684740
1005003147868614
32852442463
1005003072348681
4000055741255
1005002865382675
1005003094177848
33063595094
1005003202941010
1005001907879557
1005003306681887
1005003157909920
1005003202839165
1005003357071834
1005001942722878
32728052692
4000943775088
4001147845276
4001082445157