32734856955
1005003237648644
1005003107337682
4000120100519
4000806127158
1005003084461510
1661930844
1005002813132972
1005002600493829
32836150281
1005003243858884
33009769334
4000335907836
1005002022531920
4001299609864
32849881050
1005003387770767
1005003177443085
4001235370249
4000050079871
4000435661341
1005003120122279
1005002935246322
1005002623647415
1005003365001833
1005003216727422
32258900628
1005003361719804
32863703786
1005003272399836
1005003265426772
4000888100396
1005001677612031
1005002314118099
1005003118123113
33062155720
1005003186728617
32901468882
1005002223769807
1005003126983981
1005001393625934
4001111951975
1005003345924200
32983335253
32653375689
1005001999124279
4000043026699
1005002313690716
1005003096200984
1005001276054779
1005002490756241
1005003167067175
4000236224375
1005002523037210
1005002932008844
1005002657652138
1005003218148922
32328119255
32815031191
1005002700436805
1005003345569204
4001152604264
1005001692185841
1005003320635832
1005001697990185
1005002516548967
32854258143
32468118101
1005002543422617
1005003226596865
1005002667206924
32717587590
32891249454
1005003116890006
1005002980137134
1005003211500279
1005003153278963
1005003375986363
1005002954252443
32848812393
1005002973301828
1005001614589794
1005002649388258
33014095683
4000039179396
1005003208311067
32852663885
1005002551477000
1005001717884925
1005002697961917
1005002630209001
32745700328
1005002515395557
1005001532448066
1005003245207983
1005003100504782
1005001450115379
1005003376308933
1005002091974515
4000081516872
1005001677421065
1005002580700222
1005003211289116
1005001883320655
1005002618707292
1005002668982021
1005002820607665
32345631474
1005002303770771
1005002995890192
1005003270646772
32817079780
1005003370040672
1005002949733266
1005003378392881
1005002176535182
1005003325906032
32837809433
32788390441
4000307333199
1005003193359739
1005003105673887
32783336555
1005003188629702
32563224729
1005003224093076
1005003210587435
1005003214248308
1005003209293857
1005003343800174
32814842508
1005002541093654
33039014116
1005001489871710
4001239374097
1005003050928330
1005003027517894
1005002913751785
1005003334801513
1005003273986041
4000511558817
33062147811
32963853784
1005001349957269
1005003013836626
1005001266803667
1005003025191532
4001176452486
1005003363875805
1005002618714505
4001294348022
4000820141430
1005003281297820
4000259977474
4001222972932
1005001445038372
1005003104107956
1005001898669997
1005001883797239
1005003143496835
4000966156450
1005002052569399
1005003126336786
32809436292
1005001431258565
1005003336141857
1005003090826964
4000271094157
4000197514789
1005002768171101
4000220993286
1005001540507332
1005002342463034
4000935625204
4001066241391
1005003367469671
32996777242
4000828834015
32952028734
32589624789
1005003325698349
32554074835
4001282504930
1005002803652727
1005002933636637
32873683445
1005003299485165
1005001392218380
1005003367614308
32961451416
32824959921
1005002782662164
1005003358010606
1005003329335323
1005001298354550
32964880634
1005003307592833
1005003125150555
1005002307273948
1005003208764077
1005001465897148
32443908344
1005003308696616
1005001916374984
1005002820970697
4000727362459
1005002393696049
1005003339257442
1005003351527448
1005003297968700
1005003230425849
1005003308540485
1005002687535218
4000726393729
1005003320564551
1005002681029824
1005002557980231
1005002861982492
1005003227472580
33061998947
4000677759132
33010428784
33053235480
1005003349750248
32906485690
4000159133757
32858774887
1005003206078195
1005003087366844
1005003103231750
1005002564836073
1005002931683344
1005002368640490
1005002949874320
4001144351768
1005001402489299
4001153314781
1005003305356099
1005002796644068
1005003341050195
4000768943809
1005002775164166
1005001418783454
1005002941242991
4000310667223
32822594525
1005002716816430
1005002941867968
1005003218166700
1005002954685253
32830234074
1005002838995463
1005003198443066
1005001868510945
4000414777738
1005002326711411
4000546527739
4000558874535
1005002748737708
1005003244317282
1005003329471347
32837745898
1005002297129339
4000931335033
4000786990290
1005003015344937
1005003051328495
1005002549763219
1005003202187803
4000877976387
1005002028261401
1005001295433206
1005003198377001
4001061151399
32752584137
1005002877094549
1005001613982599
4001068363965
32844025079
1005003051385944
33051349450
32997426406
1005003050712781
32949795661
1005003077949956
1005002616062664
1005001424437364
32962809552
1005002770687555
4000833334068
1005002571521625
32838412217
1005003250963175
1005002600172575
4000220939989
4000987179435
4001314689499
1005003362662750
1005003332765343
4000817390932
4000309616534
4001006865968
1005002950236982
4000784283192
1005003198096280
1005002551045277
1005003346323853
4000077411602
1005003299080071
1005002666932620
1005003210311302
1005003209744750
1005002974355262
1005003165208254
33031196492
1005001488801461
4000220947372
1005003141229501
32873049784
1005003357666100
4001026865467
1005001512361810
1005002869906356
1005002569402686
1005003104562232
1005002349950037
1005002977721740
1005002996862977
1005001478714029
1005003050350830
1005002747125991
32854314388
1005002624027487
4001038665207
1005003280550026
1005002657093777
1005002822826285
1005002030477452
1005003101600678
1005002567636988
4000884146963
1005002256471172
1005003015709636
1005002536110562
33047068124
1005002932717605
1005002441512521
1005002732190439
1005001325171804
1005001493251221
1765546085
1005002949153353
1005003319029384
1005001721044432
1005003168510971
33004871267
4000859082494
1005002253349540
1005003310142891
1005002608538935
1005001496888166
1005003027614641
1005001882374906
1005003009837745
33012510582
32877844662
1005003338042080
1005002960388450
1005002239330954
1005002339483982
4001195502191
1005002055621167
1005002264475082
1005003351448139
1005003257043126
4001180609024
1005002235803655
1005002443497602
1005001370060637
4001096366363
32890963787
1005002870955055
1005003087862719
1005002561929165
4001031242942
1005003385022040
32887441989
1005002682688824
1005003251891231
1005003378269562
1005003109308352
4000392036180
1005002046608061
1005002466971663
1005002997463211
32859990753
1005001571412708
1005003225501694
1005002837394084
1005003366809158
1005003140314049
4000844156386
1005002432969850
1005003081291098
1005002982428213
1005002984690029
1005002983660093
1005002513065632
1005002248457668
1005002164452268
4001016116184
1005002869094465
1005003103246086
1005003104150403
1005002878994224
1005002321247414
1005002708396590
1005002328818292
1005003221794191
1005003038863463
32898011740
1005003133798462
1005003380187283
4001015467284
1005001685461143
1005002037224947
32737701030
4001212723582
1005003221786607
1005003179356739
1005002925653038
33041412024
4000797450546
1005001664386321
4001291967079
1005002871783805
1005001605406711
1005002561707203
1005003111192039
33028294043
1005002105897667
32866184585
1005002824015362
1005003043986324
1005002593241178
1005003196209156
32918799896
4001243986011
1005002926316205
1005003124905609
32953545217
32850851980
1005002362234012
1005003230079761
1005001622819747
1005002643926904
1005003294094197
32839536005
1005002328365529
1005003219891614
4000274182205
1005001817265939
32630268865
33009994873
1005002808719404
1005001367549305
4000714939428
32831816971
4000729501799
1005002288875380
1005003337749275
32972737858
1005002541342885
1005002483679752
10000395809616
1005002362327527
1005003176999743
4000434936011
1005001537621997
1005002872667454
32808820641
4001093270502
4000212836421
1005002954318056
1005002100676322
1005003280762885
1005003144335796
1005003070264115
4000263448415
1005001429695409
32264801909
1005002497151614
1005002711222842
1005001507397771
1005002924756726
4000922861218
4000589610500
32950388322
1005001893279805
1005003108782331
32916464065
1005001308111416
1005003200468832
1005002567373368
32916702325
1005003208425922
1005002651756257
1005003080053942
33013519276
1005003344057128
32830769147
1005002456823179
1005003312470523
1005003117206416
32685635062
1005003266961688
1005003334130383
4001309731228
1005002467576473
1005003276310339
1005003113041899
1005001962131326
33028526627
1005003341840387
4000235807161
1005003367598506
1005003208559329
1005002978441468
32864351458
1005002224142020
4001021554682
1005002942267819
1005002425915054
33004793377
1005003127983652
1005002886746257
4000552028793
1005002595389692
1005001524172836
4000288890359
1005002191253230
1005003198574486
1005002870080138
4000930195945
1005002369079917
32864666107
1005003009078458
1005001465845015
1005002863255160
1005002949887066
32815519016
32997612746
1005002454299318
1005001457186167
1005002213175171
1005001680098793
1005003140132908
1005001506373482
1005002616073445
1005002655936314
1005003103096482
4000273633695
1005001660286665
1005002277128843
4001296487551
1005002375297155
1005002763199764
1005003335734591
4000641377939
1005002800615861
4000538386259
1005003131441880
1005002683077748
32813559245
1005002824510266
1005001446833623
32852907851
1005001375001287
32960783023
1005001879318897
33001423717
1005002840725790
1005003080549404
1005001399136325
1005002991186332
1005001748184214
1005003365131863
1005003135591226
1005001742138643
1005003171257656
32794102920
4000231936424
1005002133374361
1005002561234880
1005002742977098
1005003037619562
1005001275527967
32821562813
1005002863216333
1005002320035241
1005002835991869
1005003168349138
1005003231948055
32947654666
32737836525
1005003190846915
1005003327458205
1005003380250791
1005003183272452
4001305708534
4000778179840
4000062588025
4001211187326
32784685511
1005003292699204
1005002254524085
1005003120184486
32839626791
4001047739969
4001216317799
1005003173050053
1005002440277238
32986061543
4000107884157
1005003271069664
1005002723450831
1005003106303920
1005002400016662
1005002740708452
1005003297543817
1005003214377281
4001307574096
1005003299359796
32838681216
1005002435174143
1005003286362353
1005003130205221
1005003278114359
1005001787713008
1005003391950820
1005003359631366
1005003056302976
1005001567767404
1005002180634982
1005002250297318
1005002099169488
1005003160413977
1005003392798213
1005003156224886
1005001660281463
33006988019
32445410316
4001186001455
1005003281347761
1005002566239135
32921452161
1005003052216839
32970957616
1005002288793362
1005003222345090
32794340882
4000189257045
32910134516
1005003342554272
32273598551
1005001593615786
1005003387432705
1005003066000108
1005002926435334
4000798316677
33001268856
1005002122546359
1005003171121961
1944840923
1005002806109967
4000262460625
1005001273816810
4001111969033
1005002642730520
32823979217
1005002963674974
1005002671388902
1005003014252998
4001139575084
1005002021929729
1005003324952017
4000366488676
1005003247875577
1000001792884
32614737305
1005002196547543
1005003016214213
1005003175876713
1005002438805035
4000493016634
1005002542895925
4000225469826
1005003318677581
32962566704
1005001839685137
1005002333485930
1005003247529152
33039898919
4000955527384
1005002344914012
4000983189575
1005002369294284
32837620597
1005003367069652
32716139981
1005002926417434
1005002241422779
1005001988808319
1005003337740691
4001028387956
1005002658377259
1005003096631259
32871508038
1005002781579887
1005002978645397
4000141122714
32909263317
1005002592529637
1005002940193381
1005002933575133
32918455529
1005003100403901
4000799318166
1005003066141904
4001082212194
1005001621309339
1005003192296495
1005002063613654
1005002767732646
1005003363719368
1005003320725801
4001075644443
1005001445574693
32653678920
1005002900161769
1005001604217046
33007357707
1005003010083285
1005002100536763
1005002030194508
1005003137178004
1005003380213676
1005001891082283
1005001356961024
1005003375055912
1005001458168780
1005002711334164
1005002194241806
1005003278728767
1005003375060956
1005003099386953
32955967445
1005003201192339
1005001748846799
1005002787966481
4001203042533
1005002387384118
1005002814945961
1005001767857664
32895883201
1005002259567082
1005003080399928
4000199878748
32917236476
1005003044091311
1005003124860404
33054093398
1005002704700848
1005003183520324
1005002703166238
4001139215292
1005001901907343
4001160875989
1005003023593526
1005002982822447
1005001478203662
1005003141215308
4001284767038
1005001382413452
1005002426056952
32888996642
1005003350480581
32869547984
1005001852527177
1005001920885272
33042789053
32759908718
1005001447272482
4000064655237
1005002969825827
1005003014630185
1005003091957629
33021955323
1005001463686218
4000826903041
32953392065
1005003073067176
1005002156938542
1005003075455454
1005002978853952
1005002925836940
1005002726811782
1005003026806987
1005003092578951
4001140112441
1005003081890048
1005002966233456
4000915837466
1005002468920493
1005002905631848
32809390494
32878384472
1005002381831458
4000141641102
1005003095273354
1005002313479953
4001356326379
4001260255862
1005003187824988
1005002759661090
4001019295071
32851091841
1005002327610045
33034256234
10000002731752
32846349580
1005003038245973
1005003066690850
1005001965629051
1005002826855888
1005003042308697
1005002868616261
1005003085847705
1005003038198535
1005001622138583
1005002286430857
33045298982
1005002456967089
1005002259477197
32919490153
4000833829719
1005003018297004
1005001948001437
1005002932587951
1005002716140101
32970572234
1005002320992929
1005002704831520
4000843773255
4001227982444
1005002888910341
4000406519879
1005002180491464
4000990420865
1005003058159922
1005002080615188
1005002520542704
1005003310177581
1005002776363296
33013334237
4001256349588
1005001750014924
1005003384311812
1005003204326645
4000627702930
1005002136051223
4001014978721
1005002304440789
4001061357574
4000205237411
1005003384973886
1005002857585473
1005003388431773
4000660355690
32861234766
32919258986
1005003070971894
4000178636979
1005002502281362
1005002879192046
33014766017
1005002798893146
1005002642575541
1005003250603410
1005002588475197
1005002457246642
1005002649124647
32287995459
32908314874
1005001849795363
2003947260
1005003214486422
1005001658672317
33035660951
1005002858158434
1005003001451898
4000936332350
1005002517402449
1005001427327415
4000392098907
32838673791
4000291386044
1005002364852728
1005003325094890
32807525912
1005002941586433
32812891763
1005003079554750
32825354328
1005003170793341
1005001665011707
1005002945500357
1005003036318858
33030126067
4001045399462
33043263774
4000160565968
1005003257473875
1005002747475530
4001053962629
32752467441
1005003118760111
32497515770
32982615809
1005002656788777
32651936649
4001243984920
1005003019875759
1005003268590493
1005002470063089
1005003297789009
1005002618475235
1005001348645088
1005003208384254
1005003129601261
1005003154032099
1005003377651224
1005002721305732
1005002995697756
32962767184
4000048368789
1005003374952853
1005003226733130
32960685212
1005003377146594
32999979684
4000010162339
32914477957
1005002682355676
1005003063075205
33030948303
32958900869
32623586480
1005003021139495
1005002577743749
1005003063128389
1005002398452380
1005003192856878
1005003141674455
1005003229761196
1005001785105462
32890883746
1005002547562057
1005002715764037
32992912152
4000035915510
1005001385650220
1005002926023688
1005003160460029
32856048166
1005003101787968
1005002688600165
1005003258133770
32869613426
1005003304483887
1005002861803228
1005002966364678
1005003262420068
4000274305021
1005002775983910
1005001792924765
4001230274901
32972284845
4001249040263
1005002991597839
1005003150463536
1005003328776787
1005002977741354
4001235643616
1005003048558889
1005003254869071
1005002710888929
1005002970765083
33035804926
1005002176588469
1005002919241174
1005002787602108
1005002709398787
33000305056
1005003142790120
1005002116201461
1005001852196201
1005002760500871
4001186729137
1005002707499464
1005003072059420
1005003238714588
1005002502630096
1005002080590999
4001289836137
1005003348302235
4000224562243
1005002603738377
1005002837783436
4001275052227
1005003134378911
1005002083741663
32825094829
1005002560995917
1005002902146578
1005002946966999
1005002537613379
4001235625664
4001357874161
1005003016225638
32654384217
1005001425373193
1005003102714645
32890318789
1005003356669311
1005003202199445
1005002852389957
1005001987554013
4000083392255
4000132646160
1005003030548188
4001195286570
32859664259
1005002462402563
32974627351
1005001939764263
1005002748768743
1005002997613359
1005002288856256
1005001620505597
1005002372196697
1005003110228345
1005002751143489
1005001467688305
1005003210633709
1005003256659067
1005003044130484
1005002815002314
1005001686728736
1005002542033725
10000002723917
1005003292346411
1005002637470918
4000837115391
1005002004145163
1005003043184088
1005003181175631
1005003298435768
1005002674797704
1005002654291282
1005002431480659
1005003151821149
1005001279223434
1005002637573492
1005003218980387
1005002753422224
10000402332968
1005003004847852
32922745593
32953557161
1005002876840523
1005002531873370
10000397753627
1005002392060670
32999424401
1005003016020190
4001347726309
1005003372669452
32910619083
1005002622822660
1005002700622808
1005001615611343
1005001544372392
1005001907293292
1005002663116731
1005003363687337
1005003386299514
32896934001
1005001561759336
32956345296
1005003334373060
1005002117856160
1005002637057014
1005002551808636
1005003387824119
32887328849
1005002907087450
1005002949909322
1005002886303993
1005002320740054
1005003160178851
1005002275092676
1005002885006932
1005003023629582
32837952013
1005003381336976
33028599497
1005003082424206
1005003271699951
4000901644100
1005002830243731
1005003239911559
1005002086050286
1005003222512680
1005002977712186
1005002544919507
1005003269999957
1005002982692680
1005003280223744
1005002907996277
1005003019170067
32851122394
1005003304185942
2002036164
32825239359
1005002775294270
32828321549
1005003206372795
32851315292
4001278607715
1005002191503912
1005003045314333
32812347520
1005002509337940
32718222868
32824444036
1005003155774494
1005003093633144
1005003119754808
33037202140
1005003223244634
1005003062546050
4000282103331
1005002292524634
4000317721664
1005002906517615
1005002377360119
32958902046
1005003092055761
32904791294
4000521562950
32835172594
4000926713630
4001268547662
1005001287693434
1005002408175793
1005002353316563
1005003391396051
32955021203
1005003324480486
1005002855394491
1005001667323129
1005001386839265
1005002191828404
1005003355809704
1005002592602743
4000662736275
32890502652
1005003149735335
1005002836486439
1005003125880233
1005003011899710
1005002696706406
4000780737649
32957948442
1005003180833138
1005002109625415
4000625411838
1005003337730600
1005003184515232
1005002959708437
1005002608297165
1005001526451097
33007326482
1005001908694997
1005002751940276
4000833295850
1005003384613970
1005003008048462
1005001600754241
33041664821
32848515008
1005001494822913
33024935304
1005003225087919
1005003033018674
1005001288104887
4001179012303
1005002626813227
1005001645467957
1005002650171388
33024617001
1005003170748678
33037340132
1005002527988641
1005001839362280
1005001525527027
1005001885445895
1005003363091201
32615091884
1005003027260438
32820829631
4001365192443
1005002555060120
1005002667769762
1005003365542919
1005002396376537
10000089471106
1005001591026410
32870802231
1005002434622941
32817319568
1005002883903456
1005003025175559
1005002271639186
32981157514
1005002716001404
1005003106580667
1005003368498822
1005003008010952
1005002588704454
4001014951315
1005003258353321
1005002075215546
1005003169049745
1005002204252368
4001291271787
1005002488158644
1005002237458198
1005002111726811
1005003374756198
4001290436520
4000128228710
1005002693255482
32818824158
1005003344106566
32563230177
1000007942173
4000044050578
1005001424830983
32832746387
32962927533
1005002028590760
1005001602059315
1005003039773295
1005002282808247
1005002900741471
1005002437765644
1005002895052037
2046838544
1005003254556819
1005002995219073
1005001356552294
1005003283246352
1005003033957955
1005003324812983
1005003278326075
32907309455
1005002383293192
1005001962168223
1005003107022358
1005003127181434
1005003281629724
1005003135953814
1005003079743992
1005003150938677
4000088930120
1005002525460482
1005002425358653
4000829616286
1005002991478474
1005003207371381
33050417542
1005002617821686
1005003389217764
1005002958783214
1005002670289676
32968381945
1005002983959422
1005003006342695
4001229477029
579919029
1005002313100863
1005001407412084
1005003059874945
1005002966767806
1005001279837227
1005001433553918
1005003241166590
1005003370229316
1005003261286294
1005003042143554
4001346654235
1005002467839437
1005002994779584
1005002982135895
1005001895140235
1005002365747716
1005002806030802
1005002585091223
1005003347442033
32723872830
1005002655337114
1005002046375928
1005003051318674
1005002953330802
32794238930
33035560613
1005002097625556
1005002940099732
1005003099320957
4000938215379
32887872321
1005001870080139
4000035918819
1005002288983361
4000314238609
1005003042626470
1005003117190433
4000917977273
1005002384636849
1005002356784887
4000080486302
4001085393600
1005003189083133
1005001504483847
1005003277729751
1005002868583226
4000242792945
1005001591713152
1005003113746579
1005001699759126
1005001922326628
1005002630476301
1005002085342494
1005002988776325
32859421927
1005002891802111
1005002774765208
1005003105678416
1005003376095634
1005002358641576
1005002284279935
1005001846205348
1005003130236468
4000526363188
1005003087288679
1005002769371205
1005003098563999
1005002082338299
1005002489801377
1005002869676678
1005003382230471
1005003379859867
32896136344
32961139552
1005001721752235
4000830031614
1005003273284182
4000006479269
1005002260603330
1005002971306346
1005002977952656
1005001835801894
1005002368082399
10000293014531
1005003339748765
32796084881
1005003337117751
1005003135345288
1005002375623370
1005003371034812
1005003327702044
1005003180726153
1005002462071066
32970006009
33047956884
1005003106304093
1005003173328088
32981393803
1005003261208804
32682082262
1005003094578477
1005002454281432
1005003146339582
4000856931108
1005002116301869
1005002498803026
1005001920797481
1005003299065539
1005002625158945
1005003038555841
32784863270
4001216975413
1005002277151903
4001293631026
1005003361809907
1005001849057434
1005002307661575
1005003158752006
1005002865794130
33005830188
32760263552
1005002212820107
1005003001734366
1005002954560499
10000345065432
1005002086669336
1005003102509300
1005001543097058
1005003337494216
1005002133443795
1005003015737324
1005002814574049
1005003111956300
1005002133095238
4000083722627
4001076212545
1005001870370747
4001278958312
1005003028467602
1005002777022753
32465367106
1005002805449125
1005003077092029
1005003214211954
1005003364201987
10000002738610
33005739784
1005003178163061
32847969534
4000909174442
1005003103596969
1005001406028155
1005003201215215
1005003023389807
32957707941
1005002621991356
4001260378659
1005002862943946
1005003222195393
1005002459261183
1005003092789092
1005003145518446
4000992765856
1005002304321650
1005002600184598
1005001644658244
32831496064
1005002530955721
1005003278797223
33030073356
32832982038
1005003188030848
1005003182531657
1005002713292764
1005001300201089
1005002997132415
32975888206
1005001882215113
1005002392018650
1005003228902979
1005002224620842
32861414456
1005002607721052
1005001893717550
1005002760678019
1005002423486827
32810956180
1005003191800606
1005002252598006
1005002870296647
32958611701
32830809498
1005003026559614
1005002643025894
1005003168244995
4001240079611
1005003368323444
1005002237659392
4000214818387
1005002300011045
1005003188392023
4000918190895
1005001412960539
4000903654592
1005002254863056
1005002617338482
4000571406471
1005003313360356
1005001659718910
1005003114573114
1005001432296244
1005003234512641
1005003300071000
4000074117842
1005003311246553
1005002790350819
1005001345873081
4001326393538
4001007943130
1005003223486038
32719015780
1005002960190127
4000807098803
1005002925993010
1005002710193656
32921267596
1005001890538490
1005003333418593
1005002199809651
1005003320887036
1005002709874811
1005002630714845
1005002920814038
1005001774041146
1005003381332018
4000029878166
1005003147406672
1005002024333391
1005003065915765
32872428285
1005002134689108
32814248274
1005001959669719
1005003111095111
1005001905144605
1005001883672070
1005003179538148
32944768115
32853349957
32706827265
1005003356293391
4000628139593
1005001344195666
33000799753
1005002465684134
1005003329293714
32772084707
32897631388
1005002790249791
33050385814
32852378814
1005001929127650
1005001874950293
32924497850
1005001616108270
1005003097459563
1005003357387169
32903138541
32829627178
4000334302235
1005002707518925
1005002021568066
1005002606212188
1005003271785675
1005003307144385
1005003033344753
1005002656223309
10000354821008
1005003293622978
1005002855212508
32966776170
1005002523877494
1005003379211555
1005002611507407
1005002938408130
1005002017602595
1005003166498858
1005002145293143
1005003174150953
1005003195992784
4001015344473
1005002637109118
1005002109641509
1005002293458007
1005003095255451
1005001691249473
1005003334813576
1005003165913668
1005001499145736
1005002744476884
1005002873543178
1005003342161123
32882368197
32974176927
1005001683333843
32842951179
1005002898308410
1005001915697112
1005003146779867
1005002922052084
1005003020288572
1005002626320127
1005002698259042
32996945441
1005002291820855
1005003087714143
10000223156500
32962742286
33001429534
1005003250865347
4000796240610
1005002997188615
1005001872135969
4000557983125
33033219550
1005002682189432
1005003110014980
1005003324897757
1005003292470793
1005001478506744
32965780535
1005001706635066
1005002673390919
1005003087953647
4000059534500
4000991353905
32824956149
1005003368989026
1005003208562175
4001047589735
10000367049963
1005003157615448
4001149166802
1005002666110978
1005001771234544
32958361514
1005002748339265
1005002224470129
1005003049500423
1005001936473092
1005003287611901
1005002803578977
1005003240376869
4001278900622
4000123866508
1005003297919244
32916176766
1005003343148891
1005002564423611
4000824043449
1005003389691173
4000219801387
4000626181756
1005002317681533
1005003124262878
32826750571
1005001571763035
1005002307200611
1005002271830759
1005003017917391
32957540844
1005002733361490
1005003094110364
1005003229755227
4001039116360
1005001296941742
1005002007660241
1005003321316185
1005003056429284
1005003280137193
4000511812062
32887705100
1005003279844245
1005002751867044
1005002907394024
1005001827396360
1005003286588704
4001039433798
1005003195641618
4000935422840
1005001906864345
1005001302493366
1005002068909190
32352577885
1005003143894135
10000402349192
1005002551176006
4000158164503
1005003059872202
1005002914573018
32844438713
1005002388688747
1005002754200743
4001092063806
4000158239093
1005003381677691
1005003083853944
1005001888384101
1005002990991859
1005003246847473
1005001398148981
10000106873658
1005002811956206
4001193137404
1005001381790802
1005002417201291
1005003294595165
1005003211857002
33033469979
1005002306038402
1005003364659400
1005003254707027
4000089379652
1005001695371646
1005001856565577
32816636856
4000038601486
1005002330004952
1005003191147340
1005003365453629
32975569015
4000206543893
1005002997164025
1005003196254533
1005003364433935
1005001910431979
1005002920855822
32971685287
1005002922609814
1005002253253287
1005003063654673
1005002318867667
4000688869408
1005003365598617
1005002432894732
1005002506562061
1005003045712070
1005003247450306
1005003016329145
4001239613161
32858156209
32965873047
1005003092066733
4000018510148
1005003193463973
1005002377862591
1005002862159170
1005002330605957
1005002836156262
1005002732065449
1005003343310441
4000441880454
32963077562
4000321327580
4000781259918
1005002657504834
1005002133590883
1005001918791314
1005002337618864
1005001404984082
1005002900568900
4000344851499
1005001314597184
4000522246944
1005003365029430
1005002796412929
1005003299780566
1005002852830517
4000211713607
1005003381152842
1005002968973263
32965909119
1005002985195762
1005003133973840
1005003156746745
1005002999300214
1005002074250464
4001022880230
1005003141132346
1005003050034633
1005001437265245
1005003208017130
1005002712625110
32741349251
1005002503842604
1005003249900890
32546632571
32931585270
1005001839813985
1005002764362194
1005001920767717
1005003103282841
1005003336492540
1005003320900107
1005003094338726
32771717412
1005002888245871
1005002642960466
1005003180759876
4001049183278
1005003277379358
4001351606548
1005003171800564
32569692658
1005003009382119
1005001599128649
32824127598
1005003281179518
32556526050
1005002822088609
1005003273667617
4001359567757
1005002925730055
1005002840508649
4001112523852
4001078743616
1005003345246563
32812697718
32965946450
1005003349751922
1005001332948248
1005002674348248
1005001933509156
1005003206397772
1005002382345976
4000923710997
1005003325378724
4000789615603
4000545427720
1005003340612579
1005001393157556
1005002100540216
1005002647243498
1005002978754073
1005003238225148
32783394530
1005003183574002
1005001951080124
4001245693941
1005001567285592
1005003337889747
33010968304
1005002906176381
1005003068576959
33058886551
1005003103219962
1005002334864327
10000018902053
1005001967028498
1005002649939744
1005003088617490
1005003010031336
1005003117719991
1005002259391852
1005002301379354
1922364343
4001173259503
1005002007428010
1005003263172383
1005003375364504
4001355332587
1005002489903341
4000415895056
4000782906027
1005003388204026
1005003062603842
4000296520086
1005002674498081
32725104725
33006795125
1005001603432553
1005002473821470
1005003221876953
1005001437985725
1005003124977496
4000429146137
1005001567077244
1005002447296911
1005003021505599
1005002633659323
1005002930682693
1005001355352077
1005002997077212
32355088743
1005003349999840
1005002194637862
1005003038587718
1005003294307028
1005002150458820
32982038036
1005001860104844
1005003009355330
32805518081
1005003168078336
1005001681731954
1005003219253100
1005002316374668
1005001887754023
4001290181264
1005003368107904
32858279302
1005003022943141
1005003300284582
1005002007547951
1005002704007150
1005002830933651
32823119285
1000004986168
1005003175609973
1005002719110612
1005003376243165
1005002381604478
4000922701385
1005003385221055
32932512248
1005002567682663
4001145103124
1005003015299672
1005001748833586
1005002133557848
1005001868551887
1005002864152571
1005002197422724
4001310341154
4000561660114
4000692108457
1005001287049786
1005002755748235
4001093504525
1005002502532965
4001155375685
1005003219564584
1005003028270912
1005002979969773
1005002763323884
1005002841025417
1005002704838198
1005002983973754
1005003117969105
32945205674
1005001346084710
1005002863377909
1005003017569250
1005003290155483
1005002766168806
32851331442
33045926792
1005002320040391
1005001496343377
1005002316932116
4000315496295
32953030001
1005002776183877
1005003351408225
1005003218636245
1005002461310045
1005003023561215
1005002753278487
1005003332558087
1005002140438047
4000099696227
1005002782374462
1005003247869502
1005001592093522
1005003177351457
1005003025587620
4000804055430
1005001926476097
1005003267296953
1005002891684623
1005001441361310
32969671894
32964744795
1005001402637004
4001265687819
1005002557920131
4001113399937
32654105570
1005002954885308
1005002983850727
1005002346960572
1005002935298369
1005001835641405
32974336525
4000235774531
1005001418582433
1005001465661109
1005003249646113