1005002693629589
1005003353019492
1005001773452739
1005003102572183
4000318910205
4001356675030
1005001657169198
32832483122
4000211286230
1005001551873122
1005002196842639
1005002511193926
4001063577544
4001113589043
1005002947145789
1005003106617069
1005003344530779
1005003093646863
33042690741
33041702953
1005002955169962
1005003133901079
1005003283096472
4000732948795
1005003288057543
1005003077384793
1005003124737539
1005003375095606
1005002841304630
4000505564484
1005001971859322
1005003248251652
1005002824591061
1005003142556424
1005002906597732
32829585915
32966021796
32984727045
1005001828488017
4000147683222
32966148563
1005002583190112
1005003073560019
1005001782695289
1005002839864740
1005003359780159
1005002661156420
4000402910168
1005001953162856
32229737843
1005003255838445
1005002907566100
1005002943604577
1005003385932415
4000075582719
1005002100903076
4001193316620
4000202331261
1005002810605299
1005003133450457
1005001816836188
32809636606
1005003318058457
1005002993580836
1005003176107955
1005002684997492
1005002544683666
4001268290025
1005002253138677
33006531692
1005003387486273
4000764508547
32598935734
1005001614883223
1005003250735345
1005002949689043
1005002716403375
1005002649043433
33008625661
1005001889979886
1005001908226624
1005001458245354
1005003322954920
1005003391707623
1005003265020085
1005002283295263
32711446349
1005003084091410
1005003260033279
1005003001752466
1005002104961835
1005003265501875
1005003168844340
33038924174
32360228371
1005003202563148
1005002657926972
32421137755
1005001452634123
1005002134575297
32937728463
1005001912830481
1005002342060338
1005002352340498
1005002768917543
1005002827765638
1005003147481608
1005003065233164
1005002966665675
4001218161852
32885540520
1005002350989728
4001093707999
1005001695281590
1005003124856000
4001361737609
1005002774071256
4001162662662
1005002991624162
10000032155215
1005003106780231
1005003384036307
1005003097613058
1005002089408491
1005002658230707
1005001800238422
1005002635483478
1005003146330720
1005003396745212
1005003317805100
4001337977379
33014452121
1005002790312279
1005001332598909
1005003003008737
1005003331550937
1005001848515124
32797827489
4000176507011
1005002970446104
1005003381548453
1005002788734063
4001003795622
1005002340773963
1005002022900015
1005003154098217
32889308048
1005002180107226
1005003076368420
4001312785355
1005002254520242
32967090163
1005003186681956
4000294568068
1005001947346750
1005002467007621
32823603541
1005002322724503
1005002326646127
1005003068133786
1005002732989583
1005003304399641
1005002920572037
1005003241582755
1005002529597903
32947305789
1005003149735900
32851727974
1005003235885527
1005003001104897
1005002967571026
1005001446689127
1005003255434209
1005003092614012
1005002672014911
1005003094620207
4000210055684
1005003228178857
1005002314301315
1005003259236960
33042839113
1005003367186631
33058440702
1005002622773574
32853984927
32970713261
1005002827003518
1005002531975871
1005002467800130
1005002905117369
1005001292825187
1005002940968842
4000615157731
4000710120284
1005002695794420
1005001779095472
1005002418012024
1005001892546790
1005002117177046
1005001810350249
1005001423033754
1005002390789183
1005003287992028
1005002612954295
1005003324266950
1005003374272036
1005002393696929
1005003345584125
33042677583
4000667023288
1005002331744343
1005003390613758
1005001593167431
1005001645788324
1005001978441762
1005002617498475
32822442993
1005002884001697
1005002754449160
1005002510766119
1005002899396325
32504591944
1005002488381166
4000806172493
32478849826
4000165346131
1005003092079016
1005003019389790
1005003313213382
1005001966450380
4000092688559
1005001392469411
4001110688315
1005001813537785
1005003336847142
1005002823190434
1005003251627775
32987277838
1005001806039279
1005002600099646
1005003275480707
1005002467002498
1005002851208801
1005003254812539
1005003245280582
1005003184522027
4001268585756
1005002290089038
1005002333789182
1005002990824482
1005002618708903
4001298272047
1005003350325861
4001365651778
1005003177980432
1005001698439945
1005002759072714
1000008436473
1005001624702540
1005003129602747
1005003334265071
1005001560792716
32832810324
4001080784186
1005001958562000
1005003301465075
1005001868416970
4001238895019
1005002983124940
1005001454648951
1005002823239624
4001256989526
1005002465036718
32968348730
1005002395531472
1005002633181065
1005003169797726
32827576951
33036127076
4000594775390
1005002206330724
1005003339476009
1005003178415735
1005003258054895
1005002710471509
1005003250651751
1005002651984102
1005003107309093
4001157311123
1005003077297215
1005003384760615
1005001876528803
1005002622839563
1005001440805041
1005002098974758
4000156409608
1005002990903873
1005003121249630
4000629004813
1005003223436920
1005003278820078
1005002947676385
1005002309919205
1005002290014257
32918885384
1005002487686690
1005002109827867
1005001992697121
4000623618470
1005002313771275
1005002316243136
1005002919491025
4000971157393
1005002983784055
1005003042098952
32819510470
1005001989923036
33056305783
1005001314382785
1005002611637738
1005001591220044
1005002868913130
1005003257812906
1005002022264175
1005001270685831
1005003298877027
1005002789487447
4000954989695
1005002777359055
1005002630288414
32567070888
1005001603598732
1005001265171165
4001254519459
4001233535978
32887993006
1005002939861881
1005003256930715
1005001639255656
1005002983300287
1005002934478802
1005003221356913
4001115651098
1005003337997109
4000687022711
33047070032
1005001798011476
1005003001188358
1005003374321574
4000806215587
4001235294545
4000780992994
1005002259438309
1005002238615033
1005003294886545
32898662214
1005002328695655
1005003064353536
4001110874407
1005003178361383
1005001625899779
1005002882459138
1005002935500394
32956625264
4001332374991
1005003028192499
1005002654959176
32909303596
1005001895361449
1005003299887971
1005001878147398
1005003305467375
1005002715188624
1005002587339826
1005003204305283
1005003276903508
1005002991250968
1005002192366925
1005002836462232
32971318479
1005002940991773
1005003241649689
1005001566427872
1005001406268153
1005002653153525
32719627686
1005003152648975
1005003364442642
1005001929102165
1005002260016035
1005001287789530
1005002966175189
4001241530045
1005002077817177
32994675689
4001341783497
1005002932328709
1005002947350348
1005001376078966
32949691613
32857498151
4001066635729
32831448605
1005002074118899
33006626914
1005002530513897
1005001279196825
1005001468931461
4000362476083
1005001666824218
1005002773639895
1005002604486570
1005001912484572
1005002827299207
1005002423452949
1005002298667878
32975752491
1005003015008542
1005001598442180
1005001544428681
1005003290801180
1005001568190335
4000416998063
32843368895
1005002912566525
32812743061
4000138111962
4000472685498
1005003331030035
1005003003379969
1005002204015586
1005003387201797
1005003390185375
4000866709835
32966836874
32803514943
1005002553972840
1005003065289738
1005001470824458
4000262759848
1005003264510810
32994940663
1005003263213367
1005002730120676
32887766242
4001075457505
4000989575392
1005002260252171
1005003116678571
1005003325008264
1005002282466785
1005003299456436
1005002917204440
1005002133786882
1005002835480185
1005001966453813
1005002690513358
1005003005146565
1005003117438795
33011825198
1005002656794463
4000022254125
1005002524890648
1005001865845712
1005001727333935
1005002091988122
4000830617794
32791616495
32970910813
32242413269
4001031391220
1005002649768929
1005003249031382
1005002618755135
33029421450
1005002662024846
1005002363904588
1005002889395789
1005002218068578
4001263557674
1005002694976126
4000466117422
1005002106572517
1005003244566185
32894832487
1005003304728368
1005002785255788
1005003048311515
1005003281780941
1005003035259774
1005001988712150
1005003324016545
1005002835216202
1005002125288391
1005002984019227
1005003008979981
1005001319868188
1005002849225253
1005002388332810
1005002872113554
1005003196996960
1005003384969481
1005002884787494
1005001861427696
32747210654
1005002087367560
1005002871758194
4000789242470
1005002789222899
4001302266758
4000545951671
1005002915211202
1005003064917163
1005003256677009
32362339044
33026587532
1005002676241012
1005003147065097
1005001594199362
32867629464
32836553353
4000976042970
1005002957177398
32684068654
1005002328933276
1005003384359937
1005003231692173
32877586305
1005001593711883
1005002724544834
1005003249226947
1005002821589973
1005002604734045
1005001361026618
32965848274
32883062073
1005003017032977
1005002383324463
1005001264945325
1005001603869698
1005003172068990
1005002653041501
32830143414
1005002885428359
1005003065690388
1005001705685353
1005001906283633
1005003328221608
1005002608865694
1005003110857455
1005001918795473
1005001296293119
1005003053704180
1005002872461713
33017943393
32692924688
1005001984226553
1005003286932886
1005002495743821
32798119799
1005003365702039
1005001869666178
4000210972371
1005003106434299
1005001797054450
32971458378
1005003046836345
1005003268536771
32827007111
4000181092973
4000893303696
1005002533993792
1005001446223781
4000127775123
33044228141
1005001882313777
4001118489692
4001333938804
1005002181104559
2037407232
1005003018054886
1005002320927627
1005002659049147
1005002351729533
32810662039
1005003077844219
4000232430067
33002782147
32764954417
1005002239418384
1005003292955285
1005003336136531
32975397448
1005002552090089
1005001692804541
32914354571
4000026138455
33006918899
1005002747466288
1005003015825368
1005002588938521
4001230263914
1005003276515643
33000349386
1005002590635549
1005003166202045
4001192755345
4000677352231
1005002518637975
1005003360693998
1005003030951798
1005002018625581
33004382422
4001242696387
1005002536328052
4001235543263
1005003338049492
1005003332333468
1005003246075460
4001257401429
1005003217642614
32949238537
4000026312434
1005003322447980
32966792433
33036390096
4001214093039
1005001641111720
1005003224964231
1005001442166781
1005002707815295
1005003053529905
1005003349278741
1005003208876898
1005002732819526
1005003328512845
32889212453
1005001848903323
4001080556211
1005001752142342
1005002934815408
4000857497118
1005002344794182
1005003323444660
1005003038150694
1005001367908706
1005003358087215
4000010541671
32903841369
1005002735872540
1005002965465963
4001278972254
4000028507096
32848822908
32973611868
32858417817
1005002770620028
33054417152
1005001676531759
1005003331204095
1005002928272929
1005002880182734
1005003084028059
1005003030775828
1005003050898330
1005002123914073
1005003295128197
1005003257592320
1005001906141358
1005001307436317
1005002459536173
1005003043996707
4001219344017
4000032376062
1005001526039175
1005002615272962
1005002837743123
1005002281886918
1005001764500330
4000562011811
32760615620
1005003378081870
1005002313827164
1005002919387002
32825118381
1005003345956237
1005001915404217
1005003383157138
4000218957533
1005002904120665
4000708879343
1005003231603966
32974420736
4000522641990
1005002674416830
1005003274106459
1005003077226939
1005003383405037
1005003392568588
4000971322918
1005002413212855
1005001506059657
32884169437
1005002696532543
33024125149
4001174250848
4001216279243
1005002740521431
4000137508096
1005003205219875
1005001986955769
1005003294218710
1005002796114443
1005003382238372
1005002786395445
4000122984809
1005001845306561
1005002387679178
1005003337270938
1005001604125058
1005003386319809
1005001872752276
1005002915483779
1005003340704189
1005002813842866
1005002567410350
1005002450418911
1005001474354195
1005002938840368
32885743685
4000293423156
32977754001
1005002425554597
1005002023568022
4000800614810
1005001918691458
1005002740914870
4000720601316
1005003267812770
1005002973663067
1005003385071636
32839092495
1005002333891407
1005002792332269
4000864652908
1005003006379007
1005002492455226
4001294351296
33045972096
1005002920037936
1005001922894387
1005001442757506
4001264537747
32788903248
1005003163087478
1005002724381529
4000534471241
1005003017065619
4000527524790
1005002073757681
4000645391854
32815153661
1005001823174677
32943737292
1005002079922137
1005001828897845
1005002441049187
32557269355
1005003019305660
4000390105927
1005002076502803
1005001907040695
1005002883946454
1005002801265282
1005003362611964
1005001962410188
1005002986422004
32847230021
4000464773466
1005002569512455
1005001441325535
1005001562883277
4000807954411
32909818097
1005003350698182
1005003243956392
32972193306
32805579404
1005002895551847
1005002642067482
1005003276913372
1005003012903140
32992655282
32847624338
1005003298146853
1005001966858868
1005003099577897
4001008328170
4000751625883
32829809274
1005002651152915
1005003021405608
4001267455743
1005003157205101
1005003074815976
1005002821322530
4000237582111
1005003187447754
32981792496
4000017836396
1005001890046699
1005003294094548
4000256627627
1005003238798178
1005002201614310
4001139674175
1005001835351183
1005002531721816
1005002389235456
1005003126026970
1005003200907394
4000884652026
1005002917927844
1005002667994612
1005001960086313
4001098975069
4001171193533
1005003080069701
4001021997044
1005003357199606
4001223405310
4000113033385
1005003087179242
1005002586711679
1005001815522366
1005002136495956
1005002157084621
1005003279685421
32820792071
1005003194392188
32999506565
32879253118
1005003293810527
1005002541773523
1000004615471
1000001818092
4001064317685
1005003105378432
1005003191224867
1005003335064916
1005001808532032
33032551863
1005002475592143
1005003280583528
1005002368457143
1005002894408578
1005002643931378
1005001381738100
1005002939773389
1005003223362828
1005002224177655
10000356661066
1005002270761347
4000614813298
1005002358115037
1005003385101546
4000784637685
1005002619245705
1005002369351249
1005003241786895
1005003146923138
1005003303157688
1005002898455536
4000217058815
32902841968
10000166486889
1005003014444927
1005002594482374
1005003024628554
1005002675339191
32975093816
1005002026893139
1005002999131007
1005001498695344
1005003019192091
1005002870781918
1005003108440400
32948184165
1005003287732416
1005003069336511
1005001304617582
1005002803370993
1005003173184683
1005003157844218
1005003117719991
1005002937790318
1005001870413277
1005003025669783
1005003298078505
4000807229781
1005002318733953
1005001601945491
4000715477268
32826342037
1005003298831748
33006208136
32947724756
1005003075739105
4000584975138
1005003281748879
1005002985000394
32534381941
1005003123644774
1005002931907470
4000194250944
4001141993476
1005001733344631
32797824179
4001172104641
1005003048309424
1005002275419534
1005003347495911
1005002985113650
32809973262
1005003334032584
1005001585349154
1005003264003266
1005003063619328
1005003218109125
1005002823210950
4001048048731
1005001575212449
1005002355702145
1005002296365843
1005003305786746
1005002663746389
32877136604
1005002628182683
1005003197375382
4001125209046
1005003163389077
1005003093831979
1005003213098316
32679776895
1005003213626830
32515291550
1005002414069176
33040751156
1005003108719751
1000001528267
1005003372696298
33004370270
1005002666509463
32795380967
1005002678006888
1005002439185264
1005001567423406
1005001456566175
1005002908211062
1005002001861389
32996095284
32788433003
1005003386352386
1005002814051853
32849610543
1005003209760698
1005001587103061
1005002965230102
4001172634910
10000276953395
4000133602768
4001251849465
1005001615150138
1005003359720238
1005002516232169
1005003032482775
1005003239931029
32950244748
1005002481522043
1005001814205485
32846860989
33011488521
4000117031383
1005003032178666
4000691195151
1005002742894305
1005003328793908
1005003262234803
1005003242573666
1005002101322170
4001048869446
4000842618297
32833038705
1005003113958803
1005002110040171
1005003365309853
4001189657193
1005003091732878
1005003219363861
1005003094618217
1005002330058847
1005003331230784
1005002774970281
1005003311366934
33020715376
1005003371059237
1005002924151843
1005001988222951
32838412217
1005003124382546
33058657324
1005001799225076
32278794839
1005002197288380
1005002134587597
1005003159060209
1005003036510045
1005001669232542
32975994061
1005002583435220
1005002510713331
10000395943971
1005002650997866
1005002551943573
1005003049663031
1005002879134496
1005002574630662
1005002746178385
1005003245563910
1005002787698482
4000783030118
1005003099050005
32965256909
4000285824589
1005001495799751
1005002382063846
1005002008363030
1005002526468212
4000684564192
32981290575
1005003168014989
1005002982364908
1005003081278461
4001077809797
1005002164879876
4000193075187
1005003306293123
1005003352466468
1005002703420730
1005001937896843
1005003327640229
1005003112377273
4001349945400
1005003336940697
1005003247516315
32345125307
32336966144
1005003359481578
1005002087574248
4000261959517
4000221250836
1005002075167565
1005002890717467
32858912105
32815418668
1005003372499419
1005001631066653
4001090332557
1005001698935073
4000368144944
1005003345822503
1005002716427766
1005003345483190
1005003018909982
32803027484
1005002775950015
1005003341104990
1005002282125615
1005003167756003
1005002910884303
1005002719802484
1005003161142653
32852745547
1005001996477992
4001033607413
32998869984
4000335557578
1005002318090645
1005001873541153
1005003127343306
1005001966137556
1005002820691362
1005002821681975
1005002582936869
32734901347
1005001664850305
1005002572561423
1005002965475722
32882317392
1005002791272600
1005003133210560
4000720245423
32855065415
1005002716576931
1005002990713106
1005003158919820
1005003235565834
33046028441
1005003166128121
1005001907739922
1005003000899749
1005003037701779
4001220878603
1005003116776346
1005001703032549
32344971359
1005002591218146
1005002579514807
1005002656408961
1005002803463183
33008535211
1005003310572605
1005001518186869
33054776804
32878509820
1005003185439071
33055942517
1005001339951933
32916139191
1005003209314579
1005003216154005
4001048777310
4000760477881
1005003213297559
32920891702
32703474010
1005002935487555
1005002572115417
1005002258297021
1005002509437133
1005003342274722
1005002726467371
4001008933131
32965458776
1005003248570556
1005003123551383
1005003287673991
1005003181219045
1005001889005963
32852585144
1005002264885488
1005001630404964
1005002246524912
1005002700327131
32781062828
32959988341
1005002245807585
1005002728179981
1005002780021172
1005001793250733
1005001734602146
32890561351
1005001580730119
4000823422242
4000589641422
1005002165097568
1005002914170380
1005002520145361
1005001975770378
1005002383782482
4000132542182
1005002516844545
4000749536511
1005002378793319
1005003296388568
1005002618517130
1005003107586089
4000378239423
1005002974120232
1005002640827457
1005002763530377
1005001388749209
4000058481627
1005002740859182
1005002929455823
1005003322103323
4000086485008
1005003352071762
1005003231371794
1005002955151622
1005002359775060
1005001977324979
32918200504
1005003209584166
1005003032754864
1005003236167010
1005003258929519
1005003071989982
1005002565166628
1005002884187623
4000959866695
1005002087023444
1005003262269359
4001171158280
1005003122490862
1005002033045377
1005003375100278
1005002955271027
1005002862402182
1005001807778760
1005003025830251
1005002105075281
1005002785903311
1005002223597635
1005001549147084
1005002257726538
1005003278966817
1005001897504234
2002722451
1005003186797457
4000296646728
1005001727599409
1005002502394454
1005002460237607
4000169242600
4000390573210
1005002925608825
4000369936775
1005002618769912
4000710129585
1005002667943940
32958214284
33005726377
1005002907676229
33057636060
1005001424983454
1005003222247289
1005002599088732
1005002783839622
1005002555428403
32822279784
1005002651728088
1005001899466042
32916897163
4000124040543
1005002878325146
1005001699386157
32981823271
1005002655348959
4000401709934
1005002588923086
1005001867288611
1005002907130041
1005003277268709
1005001485466733
1005001867694912
1005003001587652
1005002943905321
1005003030473954
1005002648499619
1005002915372189
1005003112791582
4001296115758
32879620599
1005003167861211
1005003211966411
1005002641011740
33001679854
1005003276684242
1005003208562175
1005003204006710
4000142294267
1005002134592074
32985346838
1005001670969837
1005002784183149
4001277926550
4001173318656
1005003249922628
1005001798563058
1005003289989491
1005002849843131
1005002842947679
1005002537694703
1005002184870316
4001077210573
1005002932433438
4001103417082
4000803431342
1005001304840033
4000012958206
1005003129577570
1005002767529916
32861881963
4001066878338
32998051894
1005002039088133
1005001593190311
1005001908874902
1005002327111641
1005002927363640
4000414552004
4001041957723
4001182664087
1005001818636464
1005003166919236
1005002073864357
1005002984752448
1005002321263303
1005003005013667
1005002219316815
1222126627
1005002657359425
1005002747782572
1005003069566937
1005002287251753
1005003201331898
1005002080461000
1005003283523869
1005002572832950
32968911052
1005001480478829
1005002289834411
32799447068
10000005044628
1005002292653535
1005002478154773
32993037203
32531074514
1005001793738033
1005002869035377
4000921315808
1005003175056149
1005003350136289
1005002949539965
1005003291298505
1005003236350315
1005003074686157
1005002352935174
4000333712361
1005002612661216
1005003258358118
1005002301153950
4000187614121
1005003363882045
4000144556294
32991331880
4000923224427
1005001506869678
33009126152
1005003190191160
33048750241
1005003224859885
32880902509
1005002870070200
1005002345052682
1005003303422976
32887082352
32970795361
4000176880397
1005002870872099
1005001848817659
1005002918384037
1005002969556151
395260463
1005003097264787
1005003311704505
1005003229321916
1005001552766058
1005003373999486
32807199236
1005002624470607
33028893263
1005002616450749
1005002740692360
1005002925305972
1005002876297573
33034128436
1005003041162819
1005003225478708
1005002989510268
32964069196
1005001602657316
4000684546201
1005002889260420
1005001678014163
1005003383274338
1005003292459480
32587082287
1005001556196763
4000313548787
4000933464219
1005003367678915
1005001350916119
1005002252667362
1005003028300759
1005002827063491
4001054274278
1005002196878475
4000404292534
1005001367835177
1005002504561935
1005003136423873
1005003390089902
4000466116429
32814560466
1005001958246891
32855638647
1005003113159312
1005003350935439
1005002211324820
1005002948143916
1005002568461946
1005003272263355
32905977662
1005001934788510
32884286769
32822488499
33015612641
1005003330737551
1005003387724787
1005002778435685
1005001817815991
1005003051075938
1005002848921637
2040480083
1005001515718034
1005003102812749
1005002801868552
1005002656571215
32964226106
32966145267
1005003128284972
1005003288180431
4000160707067
1005003129570937
32974629296
1005002685970282
1005003265942715
4001084201203
1005003263495032
1005002513515274
1005003027715842
32891383869
4001212007134
1005002815962602
1005002872003116
32786121048
32848926322
32833348603
1005003354605793
32848948628
1005002583218480
1005001570433369
1005001984849905
1005002525154627
1005003356545691
1005003222979331
1005002076519607
32978275552
4000854678572
32856962567
32980950403
4000282457174
1005002075457494
1005001530249693
32997781313
1005003199643264
1005002293773829
1005001993148924
1005002276628655
1005002841865674
4000837082404
1005003287262255
4001081746378
1005003099455590
1005002314421497
1005002280725299
1005001593145228
32976398166
4001214309460
1005002787967309
1005003377773475
32657694647
33035208998
1005003012968690
1005002808953438
1005002607761839
4000971338701
1005003020314625
4001313852263
1005003304682133
1005002761096889
1005002547604046
4000012617522
1005002277714864
1005002871248805
1005003087226001
1005002951764503
1005003086063884
4001145208647
1005001901107615
1005003386850929
1005001894643193
4000474799275
1005002799267565
1005003256596322
1005003131673937
1005002299156783
1005003170477532
1005001709096503
1005002102290713
1005003243446425
1005002820700839
1005003385151914
1005002334011721
1005002264130254
4000186696056
32950112526
1005001927736920
1005002070018659
1005003262471051
32932232080
1005001821968030
1005001614339492
4000112161011
1005001302991430
32904375918
1005003009562438
1005003387410633
4000313979128
4000047690035
33006103184
1005002611419017
1005001452221443
33008391700
1005001878521082
4000909452071
4000341224031
32874805386
1005002089388583
1005003247072138
1005002946177793
4000624097507
33006220077
33026343067
1005003300516124
1005003035212271
1005002657037370
32970717626
1005002634491936
32791393809
4000959802103
1005002297271428
1005003204732440
4000337633804
1005002931803352
1005002682882413
1005002995408869
1005003241756162
4001297619633
1005001464551315
32889219397
1005003127019803
1005003338932906
1005002063229424
32768945639
1005001458399373
32956831380
1005003139654738
1005002288899692
4000233672974
1005003208623009
1005003247618417
4000783059226
1005001987677682
32987084488
1005002695199978
1005002343869975
1005002515366292
1005002966451614
1005003337498017
1005002224752455
1005002317747080
1005001633277298
1005002428884466
1005002652272692
1005002698122768
1005003322988365
33018310229
1005003302147919
1005001831627631
32920328090
1005002419193220
1005002622500133
1005003167600361
1005001451179520
4000090147074
1005002886706437
32979001646
1005003276638246
4000280681901
1005003392164759
1005002492491716
33001883764
4000358193345
33057751596
4000926073072
1005002289036700
1005002822465880
4000861488266
1005003182333260
1005003198076366
1005003261707461
1005001816657124
1005003003080739
33018916041
1005003106118147
1005002383975561
1005003026308912
32824500575
10000343970531
1005003201878309
1005002284344565
1005003019834225
1005003302425182
1005001593328602
1005003015069937
1005003270446200
4000005233816
1005002613194001
1005002109958551
1005002058531263
4000543804962
1005002490952705
1005001381526886
4001099463107
4000499140828
1005003298270567
1005002920435978
1005002614316231
1005003342061364
1005003265214404
1005003346028018
1005002139949093
1005001768604202
1005003364599724
1005002773385114
1005002376179480
1005003247662834
1005002980202443
32712915430
4001130796298
4000900532180
1005001736392427
32985226754
4001068146670
1005003092979875
32846584147
1005003001979214
32922420415
4000344657520
4001332556450
1005003179636012
1005001397434366
1005003098886747
1005002126784061
1005001586938964
1005002950846861
1005002861775520
1005003305689405
1005003085917591
32243704602
4001224441569
33042996877
4001025224834
1005002963887623
4001062602176
1005002622411396
1005003309813252
4000064624732
1005002983346596
1005003336215409
1005002641970545
32901818877
1005002253107130
1005002752277760
4000144992192
1005001441278876
4000741712297
1005002477950058
1005001855582668
4001231579301
1005001935987339
1005002077274986
1005002284386614
4000176933234
1005003113861425
1005003021899831
1005003341703570
1005002970648771
1005002382507749
1005002001307708
1005003242099242
1005003246100203
4001118485200
1005003150561832
1005002657541218
1005003076873647
1005002956802936
1005003183629660
1005003367548793
1005001573063312
1005002745034786
1005003199844732
1005002413966877
32970920112
1005002316494319
1005002215229908
1005003279556137
1005003232145681
1005003188588932
1005002666640984
4000597422938
1005003386411711
32909047296
1005002741453881
1005001525421511
1005002771620705
1005002737597073
1005003323799540
4000642743722
1005001785989676
1005002018925009
32821764220
1005003203021419
1005003192951338
1005002861152080
1005001818913970
1005003385769653
4001313245718
1005002304091053
1005002836374241
32821198277
32978099205
1005001484389134
1005003197062880
1005003333858434
1005003328078596
32814638991
1005003253506691
1005002688245635
1005003019189092
4001010887990
1005003062805200
1005002352429276
4001351543628
4000399630484
1005003106949112
1005002657395690
32993202500
1005002238228106
1005003169585250
1005003142244364
1005002014697244
32966456086
1005001728368675
33045523982
1005003346602574
4001334050770
32967098623
1005002939558151
1005003384354618
1005002858328820
1005003361620543
1005002941125172
1005001888372217
1005003357342562
1005002727413829
1005003157848645
1005003106914258
4001183506823
1005001700055570
1759561678
1005003202271957
1005002907056695
1005003167503953
1005003125289581
1005003101543095
32804387120
1005001976501250
1005002776014945
1005003017464947
1005002655413026
32957546296
4001155589547
1005001568030462
1005003342109945
32911999405
1005001923793725
1005002912566578
1005001379579857
1005003229049162
1005002920433457
1005002857317939
1005002761706790
1005001757252511
1005003283069916
4001228813018
1005002646512607
1005003270737016
1005003217253417
1005003337930405
4001127301267
1005003035893207
1005003307014527
1005002571140780
1005002939176450
1005002313786328
33023211505
1005003300196124
4000843925108
1005001808823446
33012491145
1005002960685560
1005003027408943
1005002693711850
1005003119895974
1005003195005988
1005002509088159
1005002467855840
1005001919065582
1005003197599134
32786479101
1005002313665915
1005001337709880
1005001888350306
4000579011439
4000640456292
32915974320
33047596951
1005003297898624
1005003346542385
1005003377826502
1005003157891111
1005002966920601
32857622802
1005003210490128
1005002480761509
1005003373902940
1005002911017721
1005003156449719
4001157337056
1005003336416208
4001231948108
1005002297005791
1005002855396306
1005002727652657
32250888344
1005001942858148
1005002021206870
4000087929764
4000153777131
1005002917051567
1005002898921866
4001121431527
1005002663765411
33046769494
1005002841835824
1005002825009993
1005002837697953
1005003028242591
1005002753657441
1005003112157148
1005003076550546
1005002890079446
1005003022172661
4001017783610
1005003123196529
4001110883592
1005002672342271
1005003318958433
33031348289
33021927990
4000278272541
1005003374420221
4000817303996
1005003384134870
32891474271
1005002478665012
32890586511
1005002950395613
1005003185713242
1005002061903439
1005001491465479
1005003292601955
1005002320151802
1005003134801770
1005003198839890
1005003035658368
1005003185472879
33040752052
1005002841952677
32713185986
10000395847152
1005002212762630
1005002974348951
32708914440
1005002724566536
1005002204879782
1005003197892724
32967986639
33050064295
1005002460024271
1005003354272076
1005003351811639
1005001292207832
4001267676387
33014869519
1005003238710771
4001273304133
32826901577
4000470124451
4001149738213
1005002329578489
1005001848069967
1005002433175015
1005002512376435
1005001693353256
32840213513
1005003201021023
1005003277987481
1005003086021725
1005003087357860
32986924690
1005003370712934
1005001348868272
1005002070598819
4001280907074
1005001446605237
1005003086062244
4000074714339
1005003373512752
33061375424
1005002573626851
4001187143620
1005001906532600
1005002907004545
32826674284
4001208612072
1005002416150216
1005002291131964
1005002342438945
1005001686095693
1005003154890406
1005003098637116
1005001475567571
4001163119007
1005003266355047
1005002994713427
4000682824230
1005002398501501
1005003120896755
4000917688731
4000346252791
1005002027997742
1005003137620832
1005003160633931
1005002982421930
4001143805295
33029597200
1005002768920604
1005002441494581
32858086726
4000253135936
1005002447087801
4001111009503
4000290729826
1005003028286380
4001126832579
1005002663528738
1005001806094414
1005002237694996
1005001738293522
1005003318715943
1005003306676900
4000473815829
1005002917962976
1005001748953585
1005002996431345
1005002900013131
1005001265225276
1005003375134075
1005002788767737
1005003339529839
1005001685926403
1005003208493283
32931717151
1005003294133670
4000419254431