1005003292870848
1005003097241165
1005003336147758
32831385573
1005003363736597
1005003039500345
32970968045
1005003371474300
1005002753528043
1005001430635260
1005001927652500
1005001355877609
4000890517517
32969339684
1005001658869815
4001169844035
4001234168120
1005003218838174
4001220583743
1005002527966591
32845986063
1005002791034114
4001291412720
1005003153495603
1005003161015362
1005002022118147
4000643556365
1005003252130791
1005001368719098
32729004595
1005002886404888
1005003376061069
1005002870660470
32795836229
1005002322265074
4001163533358
1005003330680389
1005002580785085
1005001993627785
1005002974120455
1005002813555928
4000196191227
1005002635141074
1005003239324285
1005003385065627
32631072938
988606145
4001135728916
32409648248
1005003210740493
1005001291527032
1005003369008851
1005003228664566
1005002822032934
1005002224161180
1005003337464096
1005003036744167
32783130991
4000313412590
4000977381054
4000664084001
1005003390837802
1005002858042369
1005003368881022
32537689206
4000609991596
1005002576065272
1005003131480554
4001186478402
1005001666695363
32899807097
4000887183486
1005003168136596
1005003310676860
32856311272
1005001403661315
32841218201
4000452677244
1005003179127867
1005002630240589
1005003311368768
1005003063431800
4000128090591
1005002281326173
1005003357257977
4001203935204
1005002693249649
1005002085563260
1005002605596719
1005002974126414
1005003215324028
1005003167230551
1005002221593461
1005003380348974
1005003192930097
1005003022218486
32830559002
32920595613
1005003336845241
1005001957545145
1005001769060466
1005003326516164
1005001812500501
32860100658
1005003304147341
1005003386229811
4001207874809
1005002322147674
4000077211859
1005002604458394
4001275387042
4000011371445
1005003206654156
1005003019285666
1005002908928174
1005002133554006
1005002567985332
1005003093762666
1005001524139890
32728225350
1005001304371561
32930961119
1005003261349713
1005002317794373
1005003370080735
1005003339018159
4000219053230
4000661295487
1005003262996932
1005003072113100
1005003155234085
1005003347946638
32806136423
4000708148792
4001219858428
1005003191818724
1005003001124054
4001012443718
32891585986
1005002672679344
1005003030166861
1005003236891868
1005001916370985
1005002064832905
1005001321412210
33008272807
4001223509220
1005001669810393
32963055611
1005003025497375
32396966087
1005002094399491
1005003217547919
4001286677807
4000757975230
1005003181290002
4000106392021
1005003134916407
1005002332914251
1005002579388017
1005003006461432
1005003296282643
1005003321807862
1005002253781745
4001038468147
1005001522166733
1005001920466402
1005001567177099
4000801191442
1005001702824854
1005003238049708
1005002309154463
1005002641909197
1005001619847278
1005001577209861
1005001654449704
4000340662018
4001364361046
10000256469447
1005003347329092
1005002985011705
4000967095335
1005002898260956
33032382600
1005003245947212
32998779802
32703261980
1005003164134078
1005003141683553
1005003204276976
32884906913
1005002980476102
32949003667
4000080370418
1005003250764053
1005003232115397
1005002467750962
1005003087102801
33020845543
1005003153137879
1005001381777176
1005002670087583
1005002897481515
33012704556
1005002395092132
4000619915947
1005002018944576
1005003386312237
1005002624948419
1005003121617421
1005001608713322
1005003212197252
32885553897
1005002557462667
1005001732184384
1005002452937954
1005001742576717
1005002674819840
33043775122
1005001661710353
1005003212617848
1005001650960539
1005001565307990
1005001826503274
4001030905176
1005002949637876
1855365690
4000953357349
1005003287439223
1005002343879121
1005002248875085
1005002991542995
32857036277
1005002912334571
4000996612001
32699486208
32810362291
1005002984389550
1005002738074126
32961821740
1005003219863447
1005001365799719
32973994265
32706463502
1005003027675826
1005003310656134
4000982514144
1005003310941595
1005003335004728
32851010851
1005002864060474
1005002711689790
1005003092376567
4001220641019
1005003333249245
4001025302015
1005001906804753
4000195353669
1005001907001238
1005002246265657
1005002997099864
1005002633971882
1005003263556141
1005001704367175
1005002396463467
1005003308113192
1005002562494135
1005002387635246
4000194272720
32975187855
1005001273615540
33035703630
4000122310696
1005001548667628
33019928561
4000251105796
1005002920817476
1005002877395647
1005002509914665
4001195556058
1005003103445761
1005003328096259
4000018826149
1005002989099869
4001122825905
1005003381010639
1005002863874655
32286936260
32718406136
4000214708731
1005003268974568
1005003196310291
1005002995054001
1005002382871621
1005001882895166
1005001367756724
1005003151034729
1005003228090001
1005003292680924
1005003346745527
1005003383006196
1005002908378482
1005003388425867
1005001559831936
1005003168548276
33026735095
1005002276907772
1005003276239172
32605561364
1005002761414821
1005003065931974
1005003136047198
1005002516953434
4001242758674
4000965011729
4001028548653
1005003129226556
1005003282781903
1005003204873966
1005002882933376
1005003107174658
1005002939673564
33024222282
32969705121
1005003088154403
1005001869909704
32965709839
4000777094898
1005003185284362
32795444854
1005003237347849
1005003008076272
1352186914
1005003048520598
32913540703
1005003375583696
1005001669796279
1005001717703237
1005003391372943
1005003098189896
4000114978066
4000939526223
1005001418429598
33033968105
1005002772653949
1005002100505468
1005002994390838
1005002608072479
1005003102455141
1005001750611953
32846505140
1005002918314734
32749071508
1005003088108254
4000505382932
1005003354697164
1005003136155705
1005001675093894
1005002616103793
1005001907632269
1005002831688323
32840950810
1005002067827715
1005003105564650
1005002669517377
1005001809467553
4001351986526
1005003014200097
1005001949281364
1005001813140416
1005001566120229
1005002359777026
1005003154487106
4001120547859
1005002133890218
1005001566347211
1005002732227481
1005003019409605
1005003115259183
32818630628
1005003151767973
1005002899477804
4000918125554
1005003141000996
32820968466
4001009252801
32888689481
1005003294516191
1005002403530335
32881342292
4000464692802
32882444612
1005002989783315
4000161802634
1005003377388534
1005003350117698
1005002821705059
4000058215394
1005003338454654
1005002120311115
4000445312343
1005003005430954
32894304952
33033543874
33003602811
1005003173373480
1005001498894726
1005003285139491
4000683056541
1005003265644574
1005002941554600
1005003201450356
1005001606925038
1005002979592998
1005001464635344
1005002553642975
1005003313989946
32968538984
1005003322873499
32833606084
32301589285
4000052071074
1005003368293485
4000239336937
32922807437
1005003203189970
1005003047913793
4000772752289
1005001441345600
32896695574
1005002833693595
1005003266175024
1005002841680668
1005002588973574
1005003213878934
32988112217
1005003167340094
1005003339491514
1005003239329885
32799105766
1005003137535831
4000353277093
1005003072380698
1005003233162854
4000200757077
1005001483890440
32948546108
1005003087305076
1005003345576627
1005002235867278
1005001833428053
32967949333
32995904761
32915866843
32852842471
32887960998
4000682721726
1005003266675751
4000906907740
4000625412769
4001233575225
1005002608860940
1005003019179322
1005002730119201
32646657660
1005003009744463
1005002370569216
4000679912737
1005002698530922
4000154534533
1005002502739053
1005003380689603
1005001835089992
1005002241169005
4001066200924
1005003097626193
1005001967591380
1005002351818806
1005001830315194
33027296197
1005002217871274
1005001338353095
1005003364776722
1005003386340094
1005003213266391
1005002672852017
1005002049980844
1005003205654367
1005002590037893
1005002172132373
4000929956475
1005001808903161
1005003159608552
1005002531934850
1005003263798458
33045616214
1005003088783523
1005003387579535
1005003310598334
1005002734877699
1005002496470938
1005002967496027
1005001721842692
1005002179671191
1005003005280642
32809729308
1005003125278794
4001065060420
1005001483470303
32365357554
1005001365027985
4000931593484
1005003332530903
1005002388861237
33005451268
1005003353027752
1005001558131361
1005002599493501
1005003114286631
1005003127496318
4001076235849
4000959819991
1005003062156106
32992246203
1005002861892902
4001293862540
32878509702
1005003220860875
4000025275856
1005002971382351
1005002788533837
32809771407
4001279555118
1005002617951536
1005001660075852
4000361834453
1005002836783966
1005003077095588
32962996088
4000149628757
32976593205
1005003199392918
1005003146461626
4001128609122
1005002781478319
1005003279694223
1005002626533865
1005001348382018
32904521846
1005001989412078
1005002728088080
10000023184653
32834292089
32850802989
1005003209943347
1005003083912404
1005003148126917
1005003353182774
32992109089
1005002373480053
1005002052670390
1005003328220330
1005003245800791
4000221548517
32605474369
1005001435929685
1005001714167194
1005002112348944
1005001678863092
1005002733478572
1005003288576802
1005002333381951
4001248131079
1005002050327928
1005002749378210
1005003095620560
4000722983020
1005002848329363
1005002575629357
1005002967462623
33053040016
32449384312
33024532390
1005001767806343
4000041628409
1005001775660064
1005002132449442
1262813991
1005003364010423
1005003168598526
1005002993681663
1005003278278389
1005003106914363
1005002476384979
32952285586
1005003202826771
1005002016361555
1005002246073912
32895326322
1005002900369843
32859355274
1005001275353768
1005003337044893
1005003281218420
4000391652062
1005001903156558
32962634801
32759330639
4000469908013
1005002947977384
1005001697705430
1005002090195862
1005002886227736
4001251916122
1005003088155943
1005003375700356
1005003216081453
32463884426
1005003258849707
1005002755655134
1005001279014813
1005002876702545
1005002598964992
1005003016188890
32949770537
4001339156857
1005003177480221
32880212242
1005002300800686
1005002771549145
1005003124982165
1005003118215897
4001189092101
1005002663204184
1005002813231384
32873123951
1005002228620495
1005001502456463
1005002912505193
1005002805348698
4000765271802
4000560634284
1005003076897072
1005003266068453
1005001665759465
1005002259668480
1005002094051740
33053145819
1005003142939036
1005003359764002
32959944819
1005003282265772
33044991059
1005002791527478
4000267605913
1005001613434296
1005002949260036
1005002799501656
1005003208425254
1005002193843777
1005003180398861
1005001675496585
1005002527419108
32880237600
32977955401
1005003219153977
1005003337128989
1005002459890788
33007161962
1005002907708233
1005001780834187
1005002070156060
1005003288971727
1005002307368346
4000862861653
1005002775905123
1005003015449363
1005003248889536
1005003305369041
1005003375895485
1005002842989022
1005002099177652
1005003272756461
1005001775303102
33005136103
32933976860
1005003354154613
1005002281531430
1005003099973000
1005002275263922
1005003291288949
1005003251601798
1005002258478661
1005002796779522
1005003173019994
4000279045183
1005003318140840
1005002517177237
1005002821808000
1005002220873957
1005003286624257
1005002716312878
1005003313405158
32400081097
1005003240986141
1005003384945791
1005003152495591
1005003145506770
1005002264956366
1005001987240734
1005002950052430
4001256959949
32988101298
1005001497050278
1005003032288120
1005003271711066
1005003053256677
1005003327827607
1005003329622479
1005001666020364
1005003373787847
1005002994938047
1005002782070706
1005003346969695
1005003293197327
1005003253384057
10000343982314
1005001302531440
1005002494544120
1005002235965047
1005002150209082
32706339659
1005002442394485
1005003276814169
1005002930827649
1005001968000489
1005002648823011
1005002926542277
1005003265658667
1005003094181921
1005003300616338
1005002669367395
1005003001415546
1005002455457012
32818049352
1005002589107005
1005003213952054
4001091353027
1005002014956040
1005001952970838
1005001552049699
32692455126
1005002681019136
1005002668421131
1005002622931014
1005003199850214
1005002468748654
1005003303596011
4001023217557
1005002696820816
1005003273340137
1005001972029302
1005001265238560
1005002244845869
1005002993477504
4000203302055
1938615382
1005003220525869
4000718219596
32313103328
1005003196457863
1005003178287887
1005002187233076
32985475517
4001234615230
1005002742700152
1005003223516684
32842565580
1005003309619427
1005003311134397
32812092760
1005002549636767
1005002347760063
1005001813295256
32983392337
1005002965862433
1005001501218573
1005002958753556
1005003140710129
32912117514
1005003037404796
1005002920770013
1005003009906968
4000643438095
1005001666798327
1005003038274592
32965171639
1005003337072767
1005002198060054
1005002353178275
32976160665
1005003307015098
1005003156485695
1005003162833643
1005003242305120
1005003242051530
32983408768
1005002898707931
33026849940
4000486027202
1005002032509432
4001080209749
4000465228520
32911377924
32625058199
1005002672475386
1005002348680806
1005002996051282
1005002953649501
1005002632564837
1005002766602780
1005002766540247
1005003203111686
1005003344082579
1005002653018497
32824606417
1005003276112668
4001150243256
1005003200113646
1005002394077951
33001081134
1005003171744799
4000658312017
1005002819772324
1005002777309421
1005001354758716
1005003270971329
1005002656191883
1005002777461637
1005002478173951
1005003194688677
1005003264677378
32848280985
1005002946666404
1005002608875681
4000897502967
1005003258993058
1005001839514088
1005002776570351
1005003147556131
1005002536498212
1005002595601554
1005002594273039
33045606597
1005002753315462
1005003210794106
4000793475755
1005003007448823
32946897617
1005001896694329
1005002313060842
1005002198244008
33014928138
32882368197
1005003219709229
1005002647224644
1005002732237898
4000252042795
4001285324846
1005003378051734
4000917650503
1005003211651769
1005002351352027
1005003278814547
1005001392400716
32749418063
4000319385211
1005001280242873
32966559550
4001172988866
4000097948582
1005002457489602
1005002372044400
1005003101551022
32866885926
1005002890717467
1005003274995298
1005003146449010
1005002475775376
1005003277806750
1005002832128460
1005001780939881
1005002755762119
32913967477
33055001436
32991849020
4000976696055
1005003381422150
4000479487199
4000772617287
1005001494205650
1005001943521798
1005002265253570
1005002879251080
1005002022077206
4001230302833
1005002752975289
32849946518
4000470408066
4000861414742
1005003182863480
1005002237732510
4001141386876
1005002668831258
32956065672
1005003209625707
33031224668
1005002439830094
4001364566057
1005002264303466
32954235923
1005003375132562
1005002435800058
1005003310008780
1005003165961590
1005001399568060
32516153868
1005003076491337
4000382372001
1005002861896482
1005002561771881
1005003306846289
1005002543237696
1005003380314649
1005002661109576
1005001803080892
32871526013
32986515177
1005002433497577
1000007583446
1005003127370676
32844386552
1005002734933888
1005003374576442
1005001598184889
32955619643
32960092788
1005003028043282
1005003270895736
4000594712647
1005003357233781
32961392490
1005001846536346
1005002237915689
4000015962645
4000375818010
4001155727176
1005002969529413
32322459553
4000090218377
1005002099963713
1005002937831618
1005003070120112
1005002649178273
1005002954790371
1005003239993642
1005003092332252
1005003281923807
1005003313711104
4001198489997
1005001577616215
1005001727522220
1005003000594672
1005001592348248
1005002740579696
1005003141071182
1005003162197494
1005002353077851
1005002241823511
1005003318103915
1005001266665502
32902965585
1005003151918971
1005002488779635
4000553027006
32855416430
1005003292850368
1005002795660410
1005003008329794
1005003140722676
1005003028700718
1005003380198321
32848663510
1005003388278260
32953344706
1005003302178796
1005002855566701
1005003130519851
1005002804984987
1005002912719067
1005002277323106
1005003322713692
1005002707084569
1005002648762588
1005002462378115
1005002548711029
32812710700
1005003354683106
1005002567226256
4000852601623
1005003339435972
1005002655270990
1005003280104130
1005002674769556
1005003311115744
4001307221673
1005002314343561
33042919846
1005002965774156
1005002655208954
1005003014590356
1005002710070356
4000243398371
1005002180578333
1005001315068223
1005002879017976
1005003391271830
32969956874
1005002721958382
4001151387152
1005002230120045
4000765182072
32978796861
1005003227433488
1005001365081640
1005002355759665
1005003385125141
1005002749304228
1005002946036456
4000070686550
1005001360198652
1005002944796082
1005003337719025
1005002417042049
1005002652068427
1005003309612718
32895345539
4001207761535
4001016456750
4001186487517
4000984425882
1005002755653751
1005002247283466
1005002110116037
32807012623
1005002889691431
4001255178784
32800297054
4001115400081
32801754802
1005003154972516
4000589933008
1005002461261462
4000094326086
1005002467543807
32909185156
1005003122633676
1005001954410841
1005002505967622
1005003244445254
33048375330
1005002084024135
1005002516175086
1005003047712607
1005003130615580
1005002227994003
1005003264760782
1005002053400208
4000708274728
1005003188002125
1005001325560669
1005001529037266
1005003066319292
1005002447896065
1005002649945712
1005002205958177
1005003140635904
1005002983240856
1000007119003
1005003252127568
1005002837747675
1005002696248237
1005001297706181
1005002822703770
33000188362
1005003241004074
1005002536218115
32859616427
1005001773748732
1005001593681062
4000032005702
1005003278282311
1005002965983329
1005002541340949
4000765271802
32734513166
1005003208922100
1005001588084018
32949386151
1005002686686796
32960979892
1005003274299034
1005002878487050
32921684381
32297025145
4000892882967
1005003064530357
1005003277345032
1005003192996420
32765142252
1005002947061513
33051485859
1005003198005990
1005001961546837
1005003277739729
1005001677473233
1005003109356153
32895983521
32797546035
1005002827123529
4001239624518
32866516887
32713175106
4001238830092
1005003351233739
4000738062463
1005001813896533
1005002525057474
32809700227
32759866584
1005002417528182
4001132431739
1005002537405135
1005002263897459
4000462665086
1005002559970694
1005002381854226
1005002796623599
1005003222870807
1005003168192836
1005002103603407
4000124041493
32978435778
1005002949046427
1005002959178585
4000305653474
1005003226583952
1005001425453240
1005002359973466
4000986846797
4001281893091
1005002232517606
32835999642
1005003314855703
1005002920954843
1005002054369831
1005003365387193
1005002373189557
1005003282940555
1005001585803137
1005002630915443
32827941012
4001162177039
1005003250919674
1005002605977407
1005002921938052
1005003133994163
1005003283293719
1005003247379401
4000796646005
1005002767578769
33042926831
1005001868465970
1005003129119969
1005003143098311
4001246224003
1005001297452055
1005003197557147
32669215997
1005002906354068
33009648254
32713594528
1005002960936180
1005002878713049
4000551341569
1005003373740046
1005003311438119
1005001577583508
4001364036817
32799431485
1005002995556403
1005003199436650
1000001472356
32884342195
4001109149448
1005001622474329
1005003371104989
1005003389895326
1005002948215788
1005003287374358
1005001632235627
4000916246883
1005003259839075
4000598947085
1005003083538249
1005003022216079
1005003350980235
33007914477
1005002473686644
1005002841393238
32803060147
4001042536572
1005002305046596
1005003183455899
1005002595628137
32818007414
1005003065943822
1005002908036759
1005003023549564
1005003209308095
32968998934
1005002323966081
1005001576102667
1005002645839229
32688106226
1005002310919734
1005001436555086
32992098425
32772110881
1005002253712674
1005002939675321
4001186058115
32977737162
32989990108
4001049761955
32676827159
32983269630
1005003208918329
1005002448175122
32807870089
1005001695512225
1005001848875436
33053808755
32909386211
1005003355229233
1005002853490701
1005003315477214
32842930481
32834743970
1005003120327861
1005003282388582
1005003319735327
4000099069206
1005003240986141
4000354632495
4001200808951
32714194988
32884237953
32794471062
1005002927924782
32674231568
32960120962
32862049589
1005002877283369
32989659494
1005002688839184
4001030635447
1005003208479451
1005002517898005
4001039353727
10000418194628
1005002841730490
1005001563461455
4000791307289
1005002593120852
1005003107336316
1005002522624332
1005003000093123
4001104645012
4000758050847
1005003329041331
32890641307
4000018606971
32976402955
32814028986
1005003328384340
1005001680464566
32845167438
4000938324220
1005003200329293
1005001929343504
1005002733508503
32979087906
32422476329
1005001290592711
1005001507240551
4000516787943
1005002324676249
1005003081591031
1005002590942882
1005003157909660
33032344787
32965525223
1005002952702309
4001160311339
1005001480190159
1005002744642850
1005003027165665
1005003023303807
1005002871992780
1005002652039528
4000334371282
10000395928710
1005001981608563
1005003309790768
1005002975624022
1005003141429819
1005001792364023
1005002028977360
4000202343319
1005002703335633
1005002446809807
1005001346671208
1005001855188396
1005003123418364
33020859333
1005002546928937
1005001617840865
4001269178701
1005002734915921
1005003325057996
32957128799
1005002922328482
4000007746326
1005003181360624
1005002351641427
1005003328299819
4001278284768
1005003051775089
1005003382767529
4000138443292
1005002828052587
1223779770
1005001609125741
1005003020787982
1005001793018656
32342399882
1005002841577850
1005001429305068
1005003031955511
1005003130033968
1005002377635916
1005003387169870
1005003117664141
1005003151497621
1005003148084848
1005002288443250
1005002567246711
32720346556
32857285094
32993154468
1005002530316985
4001137571413
32970263746
1005003152338200
1005003155684937
1005003327823242
1005002224381456
1005002314211414
4001247303753
4000709075317
1005002956594858
32865699220
1005002647305139
32951186817
1005002473486249
1005002297732919
1005002957932746
1005003136137973
1005003013837043
1005002710090769
1005002715785804
1005001977737329
1005002783262916
1005001572140489
32838156332
1005002745243670
4001046160223
1005003265857582
1005002995102890
4001228593251
1005001917772791
4001267589934
1005002533550783
1005002960036812
4000713799868
1005003049543772
1005003025910790
33048382515
1005002967810888
1005002735038226
1005003386064828
1005003208275475
32960829114
4001275377186
1005001683047029
1005003155784250
4000926113413
32849522234
1005003210524799
1005003330281959
4000257563093
1005003305129904
1005002944579254
32898781198
4001118168942
32946432498
1005003146364374
1005003019155501
4000048144778
1005003256197391
1005001968510582
1005003200608731
1005002576803513
1005002246115756
32803693221
1005001837970885
1005002770739283
1005002828687783
1005003350327693
32469010077
1005002527239038
1005003339431087
32859468218
1005002357798480
1005003337154047
1005002090634692
1005002984933747
1005002483734742
1005001489771168
1005003173864369
1005003026982413
1005002060116810
4000385092499
1005001408094625
1005002605976050
1005002718529579
1005002671065045
32962771091
4001142016307
1005003101383447
1005003031571371
1005002575714806
1005002010847971
1005002974148291
32850879813
1005001795692417
1005003024814248
1005002328445622
1005003006369682
1005002732940899
1005002674880624
32964344159
1005003391233413
1005002519480108
1005001269442977
1005002870075193
1005003372822320
1005003267254379
1005001389920113
1005002610943151
1005002719772057
1005002346640888
1005002851391113
1005002475160110
32750035458
1005003178356570
1005001315737632
1005001890366718
1005003095862683
1005002337571936
1005003221673854
4000546629392
32803983251
1005002608897485
32923016353
1005002965040422
32865319775
1005002652626300
1005002013076950
1005002520610317
1005003196112976
1005003058334180
1005003298107430
1005003334934720
32655804185
32931165976
4000522322901
1005003328054894
1005002541215854
1005002746019334
32807609490
32651087821
32581904139
1005002231716877
1005002313817232
1005002668079754
1005001861502055
1005003091700083
1005002282383058
1005003350568909
1005003219476171
1005003147136262
33010532503
1005002014878752
1005002462255506
1005003193292691
1005002708308162
1005002356422013
1005001976076421
1005003333713549
1005002856493268
1005003199442624
1005003271327743
32806999050
33059989130
1005002613571330
1005002844631500
1005003361085084
4001275001364
1005001867336377
32693101206
1005003171379375
1005001981804391
1005003385064899
32828815960
1005001769846688
1005002643720718
1005003204293563
1005003035049289
33002823877
4000118848299
1005003193786174
4000282012888
1005001310517735
1005001946714260
1005002710013533
32795525679
1005001826386780
1005002512073992
4000413924508
32554592142
4001352996330
33045365974
1005002354338942
1005001882736096
32850396592
10000262251148
1005003063351065
1005003140550137
1005002323966081
1005002730678657
1005003296190942
1005003087591340
32834571925
10000400070273
32996236885
1005002510684334
4000230944209
1005002617685034
1005002935976099
1005003297710190
1005003235710189
1005002828252062
1005002849148863
1005003280481271
32782510042
1005001868507249
1005002276004794
1005003122707366
32243249663
1005003209386175
1005003201987100
1005002488104176
1005001572898672
1005003278724872
1005003348765680
1005002666871549
1005003162784215
4000404093245
1005003348136344
4000273776306
1005002924993431
1005002523159649
1005002177840036
1005001966207073
1005002674490198
1005003124881804
1005003320580179
1005003020781553
4000789255204
1005002289095054
1005003224724274
1005003273220716
1005003333674695
1005002882358614
1005003162214418
1005002327781461
1005002990935129
33027208654
1005003362021727
4001344738851
1005002481425837
1005002102200245
4000708053346
1005002640291227
4000162777778
1005002960157160
1005001710257328
1005002687795292
1005001577349658
1005003105995968
1005001349675696
1005003245966319
4000442951366
1005002760935156
1005003107356613
1005002055959992
1005003135955253
1005001506432619
1005002296365843
1005001575125875
32893585468
1005003237237472
1005002836595792
32611875844
1005003349771449
32929559150
32633194396
4000510117016
4001129231658
1005003241601872
1005002602577956
32846079572
1005001285630497
10000395950139
1005002649112175
1005002705628595
1005001918822191
1005001670971327
1005002948519391
1005001912986937
32979796016
1005003276436639
32846990719
1005002095268858
32919737092
1582215443
1005002943533472
1005002783797999
4000053120700
1005001469144057
1005003187348781
1005002307491455
1005002870995588
1005002397709869
1005002389165565
1005001575457009
1005002321094148
1005003298389018
32813926472
1005003165374181
1005002125490192
1005002161514374
1005003238617568
1005003289985710
32779017412
1005003019293481
1005003159780072
32874370547
32940791176
1005002284796010
4001084595578
4000345237513
1005003329268283
1005002723341627
1005002252235795
4001278883645
1005002339519569
33047948738
1005002827259596
1005003241927004
4000666171113
32962390879
1005001525500129
4000248517799
1005002528223225
1005003228234021
1005002648195251
32902666697
4001108630980
1005001308087696
4001007275691
1005003361661631
1005003319723260
1005003388492338
1005002591312799
32946976333
32910835476
1005002481287533
1005002947030302
1005003309188999
1005001742495555
1005003126903267
4001352392967
1005002264267125
1005002646103348
1005002175778285
1005002664134419
4000828225814
1005002092205921
1005003200738267
1005002594045876
1005002780041108
4000640999001
1005003288720571
1005003337206008
32994900211
1005001375129010
1005003219597892
1005002272649854
1005002362221472
1005002431076631
1005002597815784
1005002165664365
1005002582988555
1005002919675387
1005003385567431
1005002288502986
4000930189758
32952859567
1005003305602382
4001330456456
2054302619
1005002614236619
4001192843032
1005002365547949
33021156498
1005003382146560
33047472721
4000033135498
32970973943
32266075911
1005002459513115
1005003221055696
32995148207
4000793553881
1005002366039873
1005002700923481
1005003021312757
1005002970011145
1005003052019656
1005001830368416
1005002918577885
1005002718135738
1005001695376227
1005001989226790
33060216198
1005003329577541
1005003017140796
1064003374
1005003298148203
33050646456
4001339751068
4000044125308
1005003285930739
1005003113245361
4000653761313
1005001845142210
4001224529338
1005002726317202
1005003368285382
1005003031458419
1005002107706389
1005002060544961
1005002281258350
1005001504949164
1005003154176868
4000570227152
1005002717595058
1005002723420694
32817086346
1005002187268157
1005003357255973
1005002758356164
1005003256426526
1005003009484170
1005003198559267
4000867512087
1005002640956768
1005003096158014
1005002066779536
1005002433655167
1005003135886314
32975953743
4001061651981
4001170435410
1005003032175760
1005002760887680
4000708698911
1005002689140900
1005003110105364
1005001500177363
4000338346697
1005002722688797
1979282892
1005002592819014
1005001834137239
1005003083241587
1005003262679440
1005002592644511
1005003243570642
1005003114055610
4001351643718
1005002962813191
1005002072318850
32905328880
4000799752394
1005002220958973
1005002436366922
32962674597
32889361659
33007497397
1005003288971727
1005001738336490
33039530782
32773795580
4001141757165
1005003340632675
1005003084970568
1005002125384485
1005001578496983
33047126447
4000108991968
1005002555617448
1005002239944657
1005001373674119
1005003288986544
4001252838987
33004937300
32832171758
1005001777742177
1005002899549005
1005003270720321
1005002583871498
4001167045709
1005002965641659
1005003251015974
32946237248
1005001630789772
1005003113304934
4000308237593
32832743037
4000373478091
4000146919656
1005003066663204
1005002418685033
1005003332525390
1005003130782321
1005001418664097
1005002114704324
1005001269919524
1005003260217285
32376864360
1005002774079102
1005003376286185
1005003364053324
1005002713016544
1005002278805222
1005003308283013
1005003347280659
1005002690597024
1005003219296776
1005003207851685
1005003223204960
4000019091318
1005002643082819
4000817937523
1005002399243516
1005003121845347
1005002829785739
1005001381139788
1005001407036257
1005001514796536
4000926564904
1005002804992851
33001410673
4001232016043
1005002181040192
1005001429524154
1005002136990441
1005002943648710
10000055569761
1005002313778312
1005002115612598
32832222167
32898904085
1005001441257951
4000010263211
1005003199216517
1005003382845927
32790903151
32721321796
33035615156
4000631475569
1005003345797909
1005002645378703
1005002927503323
1005003370817055
33045670151
1005002793450964
33052992017
1005001430079468
4000808625839
1005002878427450
1005002613248750
1005001352672447
1005003163319958
1005003387782673
32745543221
1005003146109024
4001078363513
1005003246345662
1005002287507935
1005002204160916
33001485500
1005003086564519
4001061684960
33011048175
32801490053
4001229801242
1005003095561683
1005002846238536
1005002381242653
1005001284730511
1000001711771
1005003329048353
1005003041727318
1005002685487099
1005002996749893
1005001901848643
1005003072530868
1005003258768315
1005002413571977
1005003252274428
1005002856816593
1005002932810825
1005002763427061
1005003161847193
1005001389476177
1005002567775174
4000507376818
1005002001957070
1005002373536389
1005003316038045
32644740128
1005003004247947
1005002996810543
1005003186870399
1005002484131898
32972354077
32889996255
32722977950
1005002029259711
4001283322726
1005002923828600
1005002516041107
1005003125753741
1005001349206679
1005002768960980
1005002780622368
1005002921050263
32997578998
4000048498812
32229919333
1005003239265486
1005002560893307
4000191473518
1005003060011174
1005003178081860