4000976417797
1005002681146345
32850565701
1005002363116392
1005002665248343
4000640141114
1005001826683444
1005003264632952
4001184639173
33057532525
1005002214431972
1005002759038687
32840493052
1005003365162698
1005003221215983
1005002596590134
1005002817471162
1005001520996066
1005001304100600
1005001863071280
4000355386287
1005003030665154
1005002948001136
1005002547779576
1005003341178999
1005002017378715
4000798089874
1005002613303567
1005001483394938
1005002629156485
1005002558977751
1005001834649046
1005001729286663
32632935295
1005002813156643
1005003287859823
1005002568586409
1005001417075360
32966036810
1005002272397611
1889555596
1005002084306432
4000078594663
4000240700852
1005002872864546
4000084750587
1005002939540069
32798545187
1005003226275424
1005002505093525
4001127985544
1005003197903549
1005002668515473
32968739683
1005001882595724
1005003129889565
1005002776813979
1005003036590159
4000179164293
1005003176294740
1005003321225334
1005002370024433
1005003255404240
32812406190
1005003185004721
1005003110538926
1005002732518267
1005002626238941
1005001899056209
1005001329007072
1005003234383832
1005002410137414
1005003343537277
4000535463942
4000911479060
32956301425
1005003264692134
32847086451
1005003317460945
32971869898
32858670169
32906593615
32946488473
1005001561927474
32878224620
1005002755515844
4001208318893
1005002907145121
4000311096977
33014820468
1005002770734015
1005002927175758
1005002886248499
1005003016283134
1005002516884315
1005002573904604
1005001897228469
1005002012178731
33043243533
32695486572
1005001315685261
1005003256367296
1005001316725491
1005002552291689
1005003271189410
4001168065347
1005002100752443
4000614822107
4000137494098
1005003236891868
1005002840617243
1005002828069561
4000390179080
1005001900581077
1005003364615952
32852759585
1005001329298468
1005001525021893
1005003168381507
32989506286
1005002821629534
1005003261993169
32973861307
1005001601328352
1005003115317367
1005002022899650
1005002949322742
1005003354692810
4001275030267
4000172736739
32987110693
1005001977926355
1005003365534789
1005001302797012
4001129815315
4000549984250
1005003023044428
1005001300722951
1005002917429397
1005003349504518
1005003207630130
1005002852405008
1005001493799049
1005001988336251
1005001560565522
1005003065941573
10000123634600
1005001495943236
1005003092467610
1005002647238834
33053696415
32931461839
1005001464638036
1005003002053530
1005002329352094
1005002615780728
1005001947524594
1005003357706074
1005003122485099
1005003016276396
32864222368
1005002224378186
1005002365050857
1005003148332799
1005003363937967
33012841568
1005002614007338
4000494671493
1005003279655495
32897596532
1005002865923601
1005003108071047
1005002082510353
2054420362
4000845045814
4001126455424
1005002474065280
1005002783942038
1005003264897629
4000041127798
1005003150609942
32462235469
1005003114639678
1005002443701160
32552962792
4001035851173
1005002782927897
4000570071211
1005001873052463
4000073086451
1005002974536280
33058789194
32692470652
1005003032041436
1005003243704580
1005003293094632
1005002244653166
1005003198490977
1005003050821597
33001770729
1005002615859815
1005002827877305
1005002848580098
4001260662602
4001252232580
1005002908478893
1005003306075412
1005002954061671
1005001415828294
1005002710314085
1005001566245423
33037328084
1005003237517892
1005003275993899
1005003050825934
1005003047247769
33019413189
1005002983137779
4000917851252
32835070999
32855311418
1005001934594411
1005002980085546
1005001641250824
1005002388786076
32977895441
1005001360085622
1005002481208072
33017947941
1005002984559811
32998317513
1005002789879304
4000335539801
1005003311324927
32905602662
1005003073934282
1005002072402797
1005002598950430
1005002808838564
1005003157213751
1005002136708387
1005003376941777
33046734281
32883734667
33029397455
1005002140942220
32834743560
1005002656547690
1005003082317078
1005003328028275
1005003187423602
32975659277
1005002229150538
1005002221026661
1005002740604478
1005002846561488
1005003309983203
1005003380240721
1005003224602514
1005002832221153
1005002032945249
1005002623643858
1005002790544351
1005002794286910
1005001802675359
1005003076219866
1005003017579064
1005003346908504
1005002320315177
32995969507
1005003110771084
1005001973435876
1005002502606361
1005002307434400
1005002580722599
4000027433631
1005002450552354
1005003128114376
1005002957524174
1005002851290926
1005003103730318
1005002050167298
1005001379924140
1005002337034509
1005003090322663
32964093929
32962816824
1005002220581587
1005002709579847
1005002744873656
1005002443624272
4001361140494
1005003118017612
1005003188341840
1005002858665700
32941989886
1005002967915719
1005003168494892
1005001459077358
4000895149729
4000931308078
32671193482
1005002034404993
1005002742222268
1005003108750429
1005002666958506
1005001392694401
1005002858054761
1005002901061758
1005003337709664
1005001418893499
1005003167146679
1005002827979880
1005003086880039
32922159945
1005002656486509
32897917988
1005002378017234
1005002776504793
4000758665620
32878785145
1005003131209387
1005002329149399
4001358428997
4001344363852
1005003261695077
1005001599768582
33054296600
4000044151433
1005002662169149
4000322714764
1005003107311456
1005001914176974
1005003095211455
1005003165367444
1005002602244227
32989753003
1005002593010738
1005001999104563
375022105
1005002148547205
1005001994815215
1005002017101658
1005003324206545
4000264818409
4000234319261
1005002317208891
1005002765716860
1005001322296013
1005003175236045
32692538549
4001252343477
1005003035715203
1005001825114255
1005003299505667
1005003186338833
32584199925
33027845073
1005002314825167
4001036641259
10000403648729
1005002333084363
1005002604834199
1005002255025361
1005002959457296
4000016370596
1005002937344676
4001163027872
1005003226449055
1005001851029788
1005002388557929
1005003187935937
1005002730698638
1005002884880749
1005002129694041
1005003339994456
32967370815
1005001594987138
1005003368166176
1005002706389684
1005002333712748
1005001941100357
1005001975723331
1005002370064506
1005003219339918
4000803734925
32995463528
1005002375696910
32988578721
33000724085
32932637143
1005002653142154
4000991852484
1005003212340917
1005002817116849
1005001541860486
1005003257456238
1005002652023727
4001324652451
4000682325613
1005003390885255
4000478546150
1005001405692788
1005002628970158
4000143926586
32968742712
1005001370129652
1005003147578207
32958251942
20000000986647
1005002809373828
1005001638067582
1005002322304701
1005003336984365
1005002124248264
1005001499825770
32752088306
1005002687571313
1005001652652894
1005002679866997
1005003311342740
1005002171652322
1005001424131331
1005002326833213
1005001775006987
32824855319
4000035464445
1005002651046041
1005001520508736
1005002296376546
1005003008028575
1005002062157075
4000371308125
32988090192
1005002404844150
1005002072185870
1005003251458206
1005001465723112
1005002599810198
1005002963825385
1005003022867587
1005003375429811
1005002315426060
33032984424
1005002687958397
1005003230377022
1005003133871673
4000998335569
1005002824073859
1005001557073655
1005002465441189
1005003282560959
1005003098567847
1005002926025801
1005002907539884
4000172988759
1005003375248965
1005002134778674
1005003365098164
1005002048793612
4000314193740
1005003222480092
1005003292609914
1005002862013649
1005001607299586
32802760855
1005003368947450
32821023963
1005003333406524
4001118996447
1005002918315910
1005003120491802
1005003146850906
1005002250206847
1005002629452999
1005001334396110
1005001345098055
4000390440393
1005001321434280
4000309946002
33009665007
1005001718546579
1005003173216190
32999665603
1005001677561076
32832770392
1005002356271724
1005002552689303
1005001511369759
4000912778341
4000872757164
1005002139747858
1005003367553668
1005001273189299
4001257715092
4000045494006
1005003133548229
1005003246096471
1005002383007662
1005003369028355
1005003156458760
1005003305129686
1005001624786761
1005002205890219
1005001608369639
1005002905463298
32778276094
1005003093393517
1005002608094283
1005003339700265
1005003183388459
1005002798827232
33053635976
1005003369174081
1005001423478978
32954324931
4000153028648
4000707469441
1005003366795608
1005002275750277
32831655478
1005002616227274
1005002949478992
32812327567
1005002984593940
1005003183289529
1005003356995428
1005002744476884
1005001527371081
1005001909177627
4001076174694
1005003107059530
1005002259136469
1005002309804638
4001054608281
4000399118740
4001156939333
1005003311086387
10000342341095
32697876917
1005002673996126
1005003258141165
10000395940679
33016745460
4000682271033
33014516545
1005002982176515
1005002390119841
1005003133771515
1005002752211430
1005003037578690
1005003069662130
32972240587
1005001303951971
1005003225255152
32947426189
4001229883921
1005002783497087
1005003049664316
1005001977324979
1005001279908738
1005001971936602
1005003299902151
32780640734
4001279290408
1005002856990253
1005002753255772
1005003066991191
1005003019232933
32830797213
4000299618585
1005002494339417
1101210465
4000400383137
4000827909228
1005003123783817
32819726326
1005003108849775
4001061453108
1005002459565986
1005001835205350
1005003286585441
1005001941818009
1005002848720003
1005003216999745
4000093226635
4001112425157
1005002882228911
4001272691500
1005003130466578
4001211842746
32997694589
1005002481353789
1005002281220759
32861261315
32996583598
32896709126
1005001526578100
1005002755907704
1005002167424966
32713630809
1005002237607259
32817583737
4001127706046
1005003322009709
1005003299712606
1005003172292319
32955973790
1005001269460488
1005002333497784
1000001760351
1005003374292686
1005003255925897
4001025966132
1005002082409775
1005003001588581
1005003253347255
4000909535354
1462613224
1005003089378145
1005002912971367
1005003380450477
1005002325487482
1005002871355461
1005002952020812
33025980085
4001137778445
32917085313
32814282205
1005003093860029
32370500329
1005002976208772
1222872408
1005002291185975
1005003310265021
32956994458
1005002509204826
10000399955210
1005002929484007
1005002883468908
1005003382908754
1005003334984056
1005002335034272
1005001821246520
1005002561096483
32861399675
1005001624810524
1005001380651783
1005002754003104
33008396489
1005002284806892
1005002828903208
1005002788490047
1005002808861398
32992936582
4001012292317
1005002866698301
1005003136758765
33059030819
1005002958109877
32974841519
1005003021671859
1005003283582523
1005003304685698
1005002699766006
4000749013507
1005003319570115
1005002900783835
1005002805029238
4000987303372
1005003128090697
1005003103422256
1005003305165830
1005001627137229
4001134308305
1005002994990320
4000589734315
32957257645
1005002617517786
1005003060434487
4000736054946
4000993245802
1005001615692836
4001079693854
1005003190648856
1005003373589801
1005002256330777
1005002704880749
1918475018
32952692697
4000727175437
1005002634994055
1005003256816387
1005002777292252
1005002796325935
1005002879321242
1005002667284581
1005002638666898
1005001917493281
1005001265332273
4000976736455
1005003125857467
1005003147677645
32861857684
32953674104
4001213921070
1005003166239065
1005002966112431
1005002792604410
4001044081171
1005003131639449
1005001451489548
32862692743
1005003080240160
32888839559
32371247729
32981185757
4001162835039
1005003106036875
4000610047132
33014459655
32917015690
1005002671371923
32860412225
1005001857213718
1005002542681088
1005001693484738
1005003066393679
1005003066628624
1005002394800103
32949660928
1005003298836041
1005001575580171
4000328339412
33010275143
1005001773182761
32837304619
32308024399
1005003015714374
1005003255486550
1005003283316926
1005002662222858
1005003227634241
32883239241
1005002603704841
1005002459868958
1005003294958964
1005003335935987
1005003272270527
1005003133949141
4001177751743
1005002927362341
1005002261230285
1005002527116075
1005003219750109
1005002711256005
1005002089036011
1005001433843143
1005002805906921
1005001906041402
32728986696
1005003319121525
1005002559233762
1005001329768051
1005003089156920
1005003135501391
1005003109335689
1005002440382380
1005002053703981
32927537792
1005002974097494
4000127276251
4000016840743
1005003209060574
32668270167
4001018800819
1005001771690944
1005001426164742
1005002948271213
4001275515076
1005002861829182
33022376797
1005002227709555
1005001279333939
1005003316927502
33016741254
1005003257837112
1005002083733678
1005001441654929
1005002432480833
1005002467605286
1005002671487806
1005002352727150
1005002789834590
4000361591425
4001356350068
1005002313806794
1005003167177725
1005002352342298
4000175119174
32493752804
1005003116420081
1005003163633932
32879466897
1005002367763586
33037485137
1005002388631639
32466424604
1005002790873968
32983474343
1005003230294464
32853725733
1005002029202352
1005001705622518
1005003096194684
1005001288041947
1005003190791276
32890423942
1005002303668390
4001090779886
1005002843344393
1005003140306585
1005002954706815
4000699575981
1005003337123349
4000610044189
1005003102324598
32958397392
1005003051150961
32970598511
32357376335
4000693564090
1005003321496965
4001156024035
4000075337433
32714880686
4000459420355
1005001479057687
1005001565119813
1005003109120970
1005003387582723
1005003205224926
1005003181533438
32855425741
32855593206
1005003363683551
32995174010
1005001678822628
1005001329335705
1005003293388888
1005003380010578
1005002329332358
1005002212072120
4000368215308
1005003368898194
1005001454872446
1005003186786581
1005002861789545
1005002618689190
32790743457
4001360266183
1005001381147381
4000199493500
32837300988
1005003386311552
4000982689118
1005003083728681
32696553806
1005002738928030
32782394904
1005001522054584
1005002577164223
1005001572486381
1005001704066206
1005002814017093
4000905504937
1005002894097688
1005003157947316
1005002742633912
1005003062390751
1005002548095063
4001186570624
33040680053
1005003103473072
1005002548010361
1005001420921559
1005002793505413
1005002575548980
32999607180
1005002913318994
1005003340884465
1005003138978283
33009096233
32848956343
32858074991
1005002511617204
32887590942
1005003146316696
1005002728320516
1005001846014540
10000395830260
1005002608942287
1005001983110479
1005003167417575
1005003388333132
1005002790594835
1005001912559187
1005003277843791
1005001550642773
1005003188317342
1005002043447616
1005002090507151
1005002718636095
1005003124307514
1005003191888195
1005002625517190
1005001360675352
1005002220831850
32847230597
4000816563696
1005002652552387
1005002984429423
32846181044
1005002965303715
1005002262545344
32945320477
32883883459
1005002211837740
1005003119695713
1005002412442821
1005002695499506
1005002926029043
4000057519230
1005002177071342
1005003116320040
1005003332464035
1005003197727517
1005002306633769
1005003047531813
1005002339577825
1005003379999148
33040709987
4001114845913
1005003209595666
1005002150297757
1005003066692128
1005003172138345
1005002409399690
1005001695537016
4001131679345
1005003219375375
1005002868528549
1005003386373895
1005001820463350
32846758180
1005002947164670
1005001695439269
1005002612037196
33057780219
33046067079
4001294569430
1005001485408153
33043134685
32762361616
1005003357367442
1005003122820664
4001118930651
32968481252
32968241426
1005001585368405
1005002269416551
32902825029
4001200030716
4000087456513
1005002431323145
4000760749056
1005001931177397
1005003148875964
1005002904044996
32603756654
1005003374953306
4000551726494
1005003136049276
32843556386
4000120817006
1005002811196979
1005003382529310
4000723346723
1005002371691308
1005003129667112
1005002368819092
32889448312
1005001851285249
1005002530120560
1005002389930882
32968819589
1005002340697968
1005002863465406
32890129686
1005001879773165
1005002804135193
1005003190470081
33049763494
1005002237596663
1005001897547083
1005003075740033
1005001303941328
1005003071910241
1005002921546730
4001341412748
1005002486552103
1005003088044434
4000346772939
1005003080715068
1005002256701547
32973431566
1005003283917380
1005003257497803
1005002557795818
4001103312749
1005002027417063
1005003242022945
1005002672632322
1005003050337292
1005002713208546
1005003175807942
1005002275419534
1005002219999284
1005002657664565
4001051110517
4000218964621
32997171180
33007692972
4000074116584
1005002935244765
1005003344787925
1005003325620810
32952125984
1005002836981698
1005003097511802
1005001967619889
1005003362513830
4000994607959
1005003107196957
1005002597028873
1005003282330187
1005003008064527
32885672347
1005003327999373
4001039429458
1005001990882717
4001310088070
32999384481
1005003152713927
4000423296024
1005001949992425
1005003134837967
1005003185681595
1005001920485973
32847996306
32997419155
1005002835018551
4001351129305
1005002835250061
4000140325181
1005003148612637
1005002495491834
32894373797
1005003370185746
1005001439173301
1005002602606932
32996910738
1005003200292151
1005003341008917
4001279269651
1005003150017344
1005003027667453
32973607354
1005001430804045
1005002224872689
1005001615756970
1005002799778380
1005003374007011
1005003109748479
1005003355829349
1005002607119678
32710072496
1005003040879462
1005002460449255
1005002954715094
4000061697068
1005003209415241
1005003361767155
4001177910336
1005002493766949
1005003365694228
1005002730585942
1005002683956566
1005002788648427
1005003385442311
1005002878341975
1005002672327659
4001014582235
1005003365593573
1005002545562261
4001211854341
1005002865357859
1005002907546635
1005003017910867
1005003280639182
1005001333638139
1005002598934178
1005003030067402
4000546584067
1005002541713762
1005003272405260
4000112219348
1005002871657780
1005001992250811
1005003013702384
1005002378378541
1005001431688315
32832144189
4000776154850
1005001419113908
1005002846964831
1005003282045866
1005003130840635
4000398955148
1005002889212224
1005002523184003
1005002683687691
1005003081278557
1005002219299392
4001350526234
33015855173
1005003126841766
1005003309824128
1005003110033976
1005003202630721
1005001894473041
4000748408587
4000247701144
1005002400422727
1005003173014477
1005001559838312
4000016434074
1005002810987754
1005003002854989
32232246297
32838910067
32957785160
4000035144793
1005003307524203
1005003175700258
1005002281794913
1005002753896618
1005002394671536
1005003345598005
4000915620817
1005001738085034
1005002871099115
1005003279596771
4000023651143
4000111431020
1005002419272221
1005002990345048
1005003014031080
1005003207743302
1005003351342543
1005003048615473
1005002260531983
1005002028276658
32944253306
1005002969867418
4000278917010
1005003129883364
1005002499960935
1005001990544819
1005003129883449
1005003129694714
1005002790325353
1005001399615455
1005003384359937
32725850957
32953131695
4000317162680
32969566147
4000118207587
1005002765633783
1005002848421793
1005002259786901
4001220212525
1005003063453784
1005001769905440
1005003290572288
1005003035949012
32888688417
4000354584933
1005001398655575
1005002545273446
1005002966685160
1005003276516267
1005003213200045
1005003298412742
1005002074303592
32631177688
1005003022211668
1005003267809761
4001221298180
1005003308211634
1005001788977764
1005001405503904
1005001437769370
1005002023432715
1005002830819084
1005002862351414
1005003280445495
1005003310474129
1005002532392990
1005001867457013
4000723926680
1005002198955396
1005003303307122
1005003355532821
1005003048583504
1005002752757115
1005002782133792
1005003167380075
10000005965920
1005002248045583
1005003022421429
1005003105024977
1005003017041603
1005003297551688
1005002111726811
1005002040976227
1005001364045116
4000628102371
32862817075
4000281510932
1005002863162148
1005001975252707
32730454141
1005002648852639
1005002348385720
1005002616455347
32887818379
1005003233397639
1005001490700850
1005003337499786
1005002624022707
1005001298720516
32805695677
1005002783500287
1005003236774258
1005003129814184
1005003218223929
1000005843420
1005003259309134
4000858879916
4000788794647
32922334033
32980665404
1005003268354415
32808850669
4000910547129
1005002868284383
1005002532442029
1005002674473519
1005003177450922
4000174086891
1005002867738334
4000156497857
1005003122662024
1005002512534586
1005003302201786
32771818289
32799794093
32872577203
1005001739290153
1005003384737359
1005002669136323
1005003137199894
32954464773
1005002526761646
1005003312402576
32825796509
1005003334283161
4000907109887
4000218769829
1005003295054048
32857475048
4001093988307
1005002776959903
32945452492
1921440854
32828791517
1005002029443228
4000640078112
1005001817109939
1005002686798502
1005001806196971
1005001473878186
33001952927
1005003084858057
1005003151508330
1005002783855329
1005001993871786
1005002755826972
1005003169673759
4000627334304
1005002335179951
1005003015834718
1005003205810628
32960845200
1005003186762778
1005002871536284
1005002619948064
1005002008482149
1005003350101242
4000164442383
1005002708284960
33052494121
1005003236174344
32874494998
1005002870094976
1005002311383300
1005002681116545
1005003037892692
33010793618
1005001442483830
32549460378
4000462737299
1005002425276924
1005003375156624
1005002867545731
33048115109
1005003219946519
1005001672402552
1005003365747096
1005003387539785
1005001464398156
4001078995532
32840725998
1005003117968957
1005003118556293
1005002007051554
1005003331742578
4001271605539
4000957746035
4000834260773
1000007756237
1005002522401253
1005003297484298
1005002984953043
4000600071779
1005002387898747
4000290123041
1005002085752455
1005002332317045
1005003248872091
1005003336280429
1005003248038930
1005002357664539
1005002932282652
1005003165606827
4001280671635
1005003227892330
1005003023766873
4000776825991
1005002483498078
1005002938915970
4001281404442
32608683163
1005003123362170
32991297140
1005002231850846
1005002891710920
1005003329906296
1005003019266541
1005001688325080
1005002608991126
1005002926663823
32947671780
1005001738322489
1005003014496880
1005002604649675
1005003243606210
1005003097268692
1005002068544676
1005003387726982
1005003260986614
1005002126652583
1005003174711164
1005001867168968
4001188266611
1005003033921486
33003857265
32984038482
1005002233861534
1005001632426493
1005003080468179
1005002939939506
33019172365
1005003265577042
1005002552302641
4001020886808
33012730255
1005002776019142
1005003105746221
1005003211296409
1005002548444855
1005002983812758
1005002728228108
32975569700
1005002313468906
1005003051061518
4000790375216
32671516039
1005002085592959
1005002906352495
1005002721605852
32762714971
1005002383039521
1005002540920891
1005002797388851
1000001550379
1005002781133623
1005002711464434
1005001953811183
1005003029914512
1005002364547909
1005002872933146
1005002394361649
1005003308994397
1005002864450434
1005003204345139
1005002345098865
1005001810559428
1005003280247831
1005001505282568
32796149010
1005003347762379
32851182069
32985883292
32515508625
32872870831
1005002536110562
1005003287943344
1005003344619386
1005002080567466
1005003137911189
32803031165
1005001877952167
4000012501935
1005003205786667
1005001325849452
1005002527292111
32896008690
1005001664878978
1005002426586456
4001131786989
32832378525
4000320954050
32870915375
33039630296
1005002602736527
32984374425
1005003369784306
1005001525476219
32819224174
1005002241453784
4000693026577
1005001768033831
4000161863904
1005002694986767
1005002862812838
1005003139280794
1005003214320252
4000708184318
1005003154578600
32793621586
32962214401
1005003205685904
4001080708477
10000340184786
1005003126042738
1005003166663710
1005001780752645
1005003118601547
1005002848321665
1005001995735573
4000064914470
33007813690
1005002536758907
1005002847568537
1005002432608150
1005001350850277
32703416221
1005001651699378
1005003303663718
4000270957947
4000442374563
4000726961797
1005002060118517
4000084724687
32822766132
1005003153183926
32841834617
1005003028843953
1005003276317904
4000318164654
1005003267819238
1005002878182361
32858445106
1005002817123996
32901743982
1005003344044689
1005001738410150
32776965399
4001364363258
1005003236258835
1005002605497513
1005003303793567
1005001615778858
1005003133807113
1005002776177212
1005002541329725
32908074313
4001340052483
1005003323068552
1005002492382264
1005002762585152
1005003219151943
1005003204748781
1005003365430798
1005002751759477
1005002530028286
1005002357826967
4000554536607
1005003000911448
1005003344426804
1005003274680310
4000357898520
4001233575225
1005003059529693
1005003240970382
1005002452832364
1005002023803789
4000764441760
1005003355090190
1005002365202715
32973151457
1005002930133564
1005002404267572
1005002766363925
1005002497536122
1005002519961960
1005003277757435
1005002590056431
1005003166930007
1005002732531629
1005002876261092
1005001284651541
1005003037934708
1005003266931210
32658821236
32947477625
1005003375406220
1005002967444254
1005003297638896
1005002707334377
1005003017858790
4000581580478
32907008476
1005002537619113
1005002601217299
1005003163275979
1005002595596076
1005003254063010
32616913573
4001229899578
1005003257092227
32870341624
1005003204771495
1005002761640150
1005003059931769
1005002767629110
1005002931920824
1005003158900892
1005001976517157
1005003137543196
1005003031826905
4000345967179
1005002085788412
1005002398869683
1005002918381691
1005002937949415
1005002054352002
1005003038141360
32716348422
1005001474875769
1005003338020456
1005003258415029
1005002596663868
1005002683221117
4001227743264
1005003340137324
1005003334164615
32708610800
1005003088631579
1005002240670012
4000937753281
1005003120178396
1005001621748981
33051419974
1005003256429197
1005001515161758
1005002885487017
1005003299108437
1005002227816587
32749231113
32957921857
4001280530139
1005003276925318
4000479894133
1005002570992883
1005002825867998
4000401258919
32887971796
1005002740213501
1005002723376626
4000715951599
1005002717851023
1005002943998843
1005002284349123
1005002665006298
1005002988382980
1005002618691024
1005002919316387
32989228469
1005003331600645
1005003306945914
4000429050547
1005003334082913
1005003112207214
1005003150648430
1005003165879416
32954673783
1005003209339528
1005003245831309
1005002272225161
1005003342189321
1005002615187636
1005002306002171
1005002449669931
1005003161155514
1005002854856561
1005002421390804
1005001659458675
1005002072223589
1005002604867132
1005002702892243
1005003221181128
4001034723197
1005003050774314
4000509832122
32974528833
1005003172572813
10000395816420
1005002282374329
32722385575
1005003344561867
1005003042177419
4001249028075
1005002888523508
4000053956074
1005003305102048
32832428539
1005003255307679
32839410771
1005002700577406
4001298639995
1005003293755189
4001295868437
1005003337307657
1005003340871128
1005003068928881
32814517508
4000120511096
1005002695755372
33026539572
1005003371047082
1005002277202970
1005003020877173
4000707583562
1005002403977866
1005003019212708
4000169617134
4001061795249
4001039300690
1005002003513873
4001153978964
1005002454747966
1005003161816019
1005001694771827
1005002587408519
1005001349578528
1005003223702174
32808135336
4001177666154
1005003302504979
4001039120089
1005001484350397
4000316017267
1005002776570723
1005003037361951
1005003171591057
4001038503319
4001057761526
1005003342290210
1005002023498672
32887725503
1005001917754826
1005002538986058
1005003391381833
1005001658119255
1005003206301952
1005002011239646
1005003273116887
1005003002486791
1005003231506912
1005003003286512
1005003327879248
1005001997540189
32833395325
1005003100561266
1005001374479173
1005002150048969
1005003220732781
1005003353573220
1005003319683068
1005001811007651
1005002276240688
1005001706223849
1005002661851344
4000867412084
1005003276088400
32970215597
1005003166533997
4001080374301
1005003213179598
1005003202552245
1005002575923267
1005002509236289
4000601897711
32698150852
1005002478713528
32956955206
1005002821577109
1005001977855035
1005003003565954
1005003101879488
1005002070239780
1005003291862137
32822883119
4000804787355
33044289167
1005003226348070
4001004407970
1005003197112984
33050326754
1005002618489608
32693126188
1005001587076452
1005003264400267
1005003385182192
1005003110677108
1005002323774492
1005001914020406
1005002548271732
1005003310226378
4001361141878
1005003259389795
32985321635
1005002524537316
1005003386104043
32992360593
32825594036
1005002340824443
1005003074510105
1568862957
1005003066538744
1005002950045339
32954993628
1005002448073743
1005002910785275
4000427108021
1005003381147029
1005002672139488
33062502437
1005002884950887
1005003147122493
1005002237825772
32808072371
1005003084117762
1005003346267778
32952605764
1005002619731974
1005003058964177
1005002543131094
10000125668771
1005002140104405
1005002517994879
1005003073635774
1005002794894203
1005002394378859
1005002785304141
1005001311342128
1005002316700718
1005003195387333
32710426129
1005002435944343
1005002983608534
1005002540426519
32713426985
1005002835245675
1005003305777311
1005003263468465
1005002252521682
1005003051932998
1005002061762925
1005002923683494
32889098899
1005003363214531
1005002728381030
1005003211145259
1005001997285244
1005002754284364
1005002330421430
32909938616
1005001588542132
1005002588955739
1005003027977569
1005002065247118
1005003285446357
1005002905931733
1005002532820903
1005002927396102
1005003197233895
32442027632
4000683330820
1005002988146461
1005003129479731
1005002944819980
1005002307428938
1005003337053452
1005002872298084
4000921575619
32769815263
1005001700466767
1005001633281347
33031808236
1005003114460193
1005002695248754
1005003152256744
1005003271327743
1005003197908299
1005003205665522
4000306768450
1005002995412290
1005002737685283
1005002524238977
1005002910302848
1005002440070524
32993045967
4000011966063
33041374665
1005002650349052
32664101932
1005003129650536
1005002129891358
1005002764731449
10000002743083
1005003293094632
1005001692302615
1005003057878643
4001264402064
1005002894695959
33037485137
1005002879488196
1005003282686116
1005002776872969
1005001998697103
1005003002952489
1005001736653777
1005001946504771
4001205613419
32994904168
1005002781847672
1005002272305156
32846520940
1005003303290926
1005002566069565
4000388417654
1005001729078598
1005003368366418
4000788596983
1005003365842802
1005003252058620
1005003018277786
32840382161
1005001279280381
1005002055713792
1005002577855291
1005002927537061
1005003255286778
1005003278784992
1005003337831563
1005003026150408
1005002363321186
1005003372099841
1005001284193845
1005002944520133
4000933593553
32869552578
1005002143414746
1005002467077257
1005002994116031
4001175719249
1005002598330926
1005002990048510
32906051080
4001013565278
1005003118336855
1005003184487334
1005002551522533
4001300356944
4001275004631
1005002138389040
4000645884414
1005001566690474
1005001303202662
1005003092552935
1005003229656785
1005001742076872
1005002312179826
1005003188249566
1005002945126551
1005001525293919
1005003065674124
1005001726934657
32834529478
1005003326333227
32947702295
32833663984
1005003230171069
32998129805
1005003351223758
32860883130
4000082936490
1005001484662377
4000199506702
1005002641257826
4000130502804
32864772653
1005001894218922
1005003050154053
1005001821538812
1005002582171293
1005002820351871
1005003345966368
1005003228134554
1005002948177621
4000333613920
1005002553758471
1005003239190932
1005002705708825
1005002887012538
1005003016646872
1005003357815256
1005003068339758
33009413226
32772438116
32971074947
1005002246447320
1005002707445677
1005003342136348
1005002400146247
1005003336948334
1005002926144922
4001298660192
1005001600054206
32787593082
32650639849
32811340342
1005003262457130
1005002995430192
4000463127753