1005002970844989
1005002788751307
1005003096857663
1005002802808450
1005002162294691
33004898307
1005001422938971
1005003331745284
1005001972457218
1005003093589370
4000861734198
1005003007940996
1005003291796854
1005003080462935
32243423997
32863360157
1005002053816599
1005002367936046
1005001570382228
1005002304256337
1005003165978428
1005003316239800
4000124937973
1005002795513119
1005003289742536
1005002751237964
1005003037927714
4000938174735
1005002364954985
1005003221776604
32944897013
1005002678723830
1005003103969385
1005002813224712
4000151910988
32959992534
1005002289793996
1005003375169704
1005002693063214
1005001923292879
32916529620
1005003273777290
1005003256663294
1005003050077236
1005003183248696
1005003386216960
32908407811
4000860996309
32861359620
1005001773364543
1005002775349393
1005002722722517
1005003325054921
1005003385116625
1005003073012721
1005003150298755
1005003298482311
1005001527595734
1005003247350230
1005002213051338
4000607640457
1005002685035911
1005002393090115
1005002840055966
1005002803467312
4000553013956
1005002095321955
1005001414068384
1005001865110592
32742184404
1005001741648984
1005001389051866
4001270400529
1005003019933417
1005001273052992
1005001731170150
4000783057617
1005003144302648
1005003173533228
1005002753339218
1005003350516339
32960648365
4001344596139
1005001701023187
1005003380983258
1005002384128400
1005003158147959
1005002964908717
1005003105661843
32968010151
1005001885898705
32709542410
1005001407624188
1300594724
1005001352101781
32782779668
4000342826053
1005003069767190
32885532620
1005001389038360
1005003389046477
1005001855710563
4000082621854
1005003024670084
1005002932386606
1005003269962214
1005002356956294
32947711586
1005003208490386
32882290289
1005003038474038
33021454958
1005002037159929
1005002132174918
1005003259651419
1005003364104920
1005002189489944
1005002722714656
4001013411786
1005002737376273
1005003279261415
1005001977167047
33008070983
1005003113160623
1005003022704826
1005003139738413
1005002740630971
1005002745491222
32837791766
32919975039
33047993043
1005003261530436
32856448317
1005001351106377
1005002513370056
32860925417
1005003129911283
1005003240169687
4000843306754
1005003362564514
32944925175
1005003295726107
1005003070487002
1005002452538188
1005002905717327
33023492789
1005003275988779
10000413487862
1005001513285219
1005002912629187
32838459908
4001120225394
32953350932
1005002974721657
1005002817838798
1005002301982115
1005003083898018
1005003224344580
4000185404484
1005002787451917
1005001598896133
1005001997538196
4000727070219
1005001568834672
32966910800
4000381996379
1005003042485291
32860416295
10000140010283
32967504701
4001125121676
1005002009744058
1005003122510885
1005002468692145
1005002103969786
1005002387063646
1005002154967209
4000287331920
4001351378094
4000735853788
1005003204540431
32711831835
1005003129422042
1005001646137861
4001036679615
1005003208399991
1005003220082431
1005002070109726
32868067844
1005003297584432
1005003339768215
1005003023409752
1005003223506762
1005002921383540
1005002565997228
32963492598
1005002973339852
1005002350721951
1005003342431771
32847606871
32223781819
1005003348605262
1005002417468698
1005002702210257
1799464068
1005002110951607
1005002279133535
1005003287264305
1005002245728394
32426467848
32972181275
1005003330850676
1005003177411746
4000142366604
32787339408
4000811343275
33007904640
1005002907249044
32840362063
1005002549717452
4001220002847
1005002764922947
1005003101526617
32828045407
1005002837754941
32955837266
1005002711392594
1005003264799306
1005002604485692
4001244019206
1005003121606963
1005003335648308
1005001946796841
1005003280014450
1005002950735418
1005003269425568
1005003279658894
1005002213072990
32813757338
1005003019941437
1005001321330833
1005003186827609
32983922320
1005002383022696
4000489222764
1005003187844022
1005002568196522
32963562636
1005002173053258
1005002232041933
1005003119911408
4000463311610
1005001429613751
32822038847
1005003375434166
1005003139970496
1005003386001590
1005003263304068
32828933821
33040499636
1005003298831803
1005002558031659
33041079533
1005002057844850
32964691030
1005003337039313
1005001429532542
32896366260
1005003216014075
4001038706494
32880786808
1005001593596344
1005002545326842
1005003311762838
1005002327630106
4000022130149
1005003117597836
1005002566238169
1005003253621210
32788714421
32844470675
4000064765185
1005003098163387
1005002783854760
4000993236186
4000320453516
1005003095000408
1005001806574067
1005002624520821
1005003253515938
1005002748422326
1005003095293139
1005003059950567
1005003354569961
1005002124864667
1005002419595588
1005002716957286
32955632235
1005003021032903
32713406206
1005003076316539
1005003258113602
4000146039866
1005002906436380
1005002775205806
1005001946638353
32852213899
1005002755941881
1005003195868396
1005003291137531
4001155650998
1005003039702898
1005002745229480
4000301016416
1005002901416649
623830296
4001078240012
4001305980203
1005001856206319
1005003110306013
1005002945500357
1005002782335426
1005002369026738
1005003218353217
1005003370649742
1005001475806005
32909103019
1005003191316130
1005002345746877
1005002751465994
4001158396038
32815535165
1005003295657079
1005001411626894
1005003358254276
32874285471
1005002022163587
1005002459868958
1005003322486696
10000344973738
4000308641111
4001310225259
32974934077
1005002564401300
4000242151071
32881416173
10000395810857
1005002865272089
32997908284
1005001891580522
1005003137336375
1005003262491707
1005002868316585
1005001996023564
1005003149997156
4001221900051
1005003276875688
4000056710144
1005002921266696
1005003334962783
1005003388366032
33010938144
1005002307317262
1005001449990842
32958231756
1005003129617554
4001333357310
1005002115469012
4001038898619
4000633248187
32880835843
1005003017276601
1005003090553234
1005003330090108
1005001589083071
32995399750
1005001562659793
1005003282783531
32953099744
4001240011916
1005002264200571
1005002989981618
4001240903927
1005003313878324
32833080353
10000395944687
1005002752953666
1005002037077695
1005002947844008
1005003089588948
1005002026847170
32824414957
32837398120
1005003335590486
32890297098
33021945785
1005003094897260
32899566167
32760496562
1005002496333609
1005002932264000
1005003017761567
1005003241501563
1005002927035453
1005003107405786
1005002587824858
32384333541
1005003386296675
32528622743
1005002898012235
1005003318470472
1005001901347705
1005002171562358
32829418564
4001178653195
1005003141994156
1005002986802543
1005003157228452
1005003213318012
1005002926484276
32901379096
1005002617483125
1005003124688069
32851271738
1005003074337095
4001109044038
1005003342368023
1005001484109892
1005003240076921
1005003047578507
1005002121998112
4000205847443
1005003105746221
1005001274648828
32959303760
1005002952269405
1005002538925475
1005002878401606
1005001636719426
32978707818
4000640172884
1005002954664322
1005001870773040
1005003373755118
1005002905359012
1005003386337105
4000400825558
33044189300
32844123461
1005002538399005
1005001549557403
33049303321
1005003355963184
4000931225139
4000544771261
4000431156146
10000358267966
32829659318
32873315893
1005002471000183
1005002503931412
4000799988681
1005002014798282
1005003066271429
1005002829093141
1005002782542050
1005003205108470
33023289390
1005002052040849
1005003357467058
1005003202763668
1005001422923793
1005002619997443
32840901586
1005002664478896
1005002928045882
1005002843602676
1005003185651600
4001227635387
1005002795939303
4000038983201
1005002894964939
1005002206869192
32837259287
1005002341981970
32590803967
1005002406680671
33050335170
1005002304724616
1005002177898738
1005003250614876
4000227905287
1005003314915193
1005003160477191
1005003395802174
32822475688
1005003122684271
1005003283421305
4000419782543
1005003285470855
1005001677378152
4000369229572
32574063716
1005002096490626
1005003032730629
1005002059427747
32868315777
1005002363980378
1005002466193105
1005002821336611
1005003262442241
1005002581709854
1005003061112621
4001267962734
1005002502658836
1005003003706318
32975676012
1005003217897151
32385798557
1005003278707433
4000963334953
32918432638
1005002458783827
32926096287
1005003179134151
1005003309658320
1005002733059703
1005002923959972
1005002876097359
1005002182246728
1005002783823985
1005003057227332
1005001627062756
1005001810495068
1005003368334414
1005001593149736
1005003166046344
1005002723869541
1005002390507026
4000817561106
1005002818196776
1005001743821887
1005002879370378
1005003352723175
4000817988413
1005003330306496
1005001825642021
4000975575045
32840338569
32372451859
33044689559
1005002919166920
4000865299765
1005003385792177
1005001753265962
1005002551246634
1005003095708743
1005001769711474
1005002927701262
1005002876361888
32794106517
1005003293040036
32899431354
1005003196643648
32879016590
4001032794943
4000809267209
4001248670412
10000114224090
4001335428715
32304258065
1005002985018574
1005001334851879
1005001581410377
1005002323010064
1005002977242267
1005003157504659
1005002616160901
1005002223308492
4001141962316
4000337741167
1005001720636076
1005002597433344
1005001885847848
1005002433277818
4000777631489
1005002674651339
1005003326301539
1005002787167110
1005002763887453
1005001727045062
1005002397769711
32858793884
32972279905
1005001592537926
32793575698
32589900095
1005003098663997
4000202697223
1005001669483665
4001078086948
1005002940724865
1005003382209225
32997734259
33051603714
1005001727447742
1005001968572002
4001168846308
1005002344940881
1005002686663171
1005001878567338
4000050661132
33012226904
1005003381674084
1005003084379452
1005002357769866
1005003021950992
1005003205762859
1005001873631043
4001178066118
4000418821517
32988710773
32983474968
1005001302348447
1005002034249252
32950187030
1005001506203742
1005003251435537
1005001364162116
1005003304893722
1005003310493045
1005001556832915
32826712736
1005003364025587
1005001499961393
4000960666567
4001204534032
1005003196324491
1005001476677865
32617766855
1005003131904382
1005002473949459
1005002363491583
1005003308321639
1005003306505071
32948672458
1005002084214048
1005002907637308
1005002949861936
1005002907666294
1005003089152383
1005002571960616
1005003002112968
1005003130412433
4000348046358
1005001655011472
32887047463
1005001381773331
32886430681
1005002889198680
4000458612121
32590223281
1005003038621798
1005002973720966
1005003370394165
1005003228194457
2047412691
4000663653025
32670178753
32893105724
1005001760032282
32845282134
4000080260752
1005003385134595
1005002265242780
1005003078689042
32983032219
1005003225129674
1005003135672647
1005003203307881
1005002386942176
33063551046
33022831927
1005002652046551
4000326885639
1005002313279963
4000630918180
1005001369957197
1005003306879242
32810190565
32991112573
1005003021326026
32966909499
1005001671024893
4000918193094
4001321841670
32802147322
32647824294
1005002222055092
1005002729098334
33047769833
1005003146135594
33055604919
1005003095075281
1005002440728997
1005002337677207
1005001320148949
1005003321562839
4000459468559
1005001869058786
1005002705483244
33025853680
4000258000713
1005001456658792
1005002011008395
1005002266653348
32972390682
1005003299591094
1005002756235396
1005003121323332
33057658135
32797220197
1005002697194363
1005002863613532
4001240931622
1005003211470107
1005003211933157
1005002809382400
1005003161541668
1005002745195370
1005003146352598
32660830622
1005002870880109
32910734437
32905389822
32965171387
1005002722689893
1005003035590389
1713233804
1005001902935559
1005003341588768
4001072348171
1005002554174019
1005002567569563
32957894775
1005002932615151
1005003385543101
1005002651623348
4001066907179
1005002124711060
32609685826
32812111714
4000215513333
1005002886410528
1005001325948298
1005003263664213
1005002390065743
4000510638721
1005002542794752
1005003022081932
1005003306728447
1005003263777716
1005002061961884
1005002900070510
1005003375165214
1005003376679931
1005002284094664
4000698123138
32836129570
4000002688990
4000695264428
1005002924079246
1005002948196582
1005002587257765
1005001803569053
4000708866179
1005001693451721
32815068247
33013860419
1005002913645296
4000400552278
1005003093603971
4000523071054
1005001657123381
4000645174599
1005002797429456
1005003267317544
4000466059911
1005003114062241
4000620929800
4001332610279
1005003339948972
1005002487398515
32700990686
33032392788
32843427619
1005003326671553
4000889265909
1005002441223552
1005003186253878
4001230407126
1005002577686930
1005003371120798
1005003198374528
4001204653193
1005002977062745
32798728143
1005001935915296
1005002882501203
1005001436523543
4000830640422
1005001706223896
1005003018246894
1005003075505303
1005002095582759
1005001829736131
1005002022110499
1005003287849736
32878413319
1005002935535152
4000044797947
32896902371
1005002271775273
32975158275
4000696640747
1005003309343016
1005002617280916
1005001742571779
32839189371
32854244151
32229614349
1005002829773160
1005001451938929
1005001778627050
33051872142
1005003234776435
1005002107573713
1005003097977582
1005002832960302
4000812057530
1005002359475811
1005002852175853
1005003219176624
1005002524337215
4001138794578
4000782663040
4001276999026
1005003287864859
33019239852
1005002970344346
1005003025233402
1005002899814506
1005002717219199
1005002835690210
1005002259950478
1005001836596278
1005003121275342
1005002908341519
1005002824504496
1005002982331419
1005002246748399
4001315466731
1005001714680790
1005003278815278
1005001869126166
1005002570529654
1005003112079022
1005003065427686
4000067355810
1005003305687909
4000767029876
1005002944344406
1005003090251511
32983530292
32948983425
32880340246
4001184267483
1005003383194538
1005002871211292
4000418601075
1005003262793658
1005003232244898
32674318670
4000801579202
1005002291102668
1005003377141929
32880622661
1005001825606093
32862925842
1005002837122793
1005002682136906
1005002328774641
1005001779540988
1005003144045540
1005002887366781
4000062803522
32697980662
1005002758657550
32900268946
4000006938568
1005002703794521
1005003002006168
1005002939361963
1005001630732188
32789925208
1005003387814644
1005003014043080
1005003265909965
1005002680938776
4000151910988
1005003154248869
1005002953789984
1005001314339219
1005003193227958
33022631753
1005001762342802
1005003011523459
1005003225081308
1005003207349777
1005001961767243
33000600577
1005001867386330
1005002591784624
1005003388532164
4001242013362
1005002689249074
1005001611562551
1005003057674665
1005002975632531
1005002564268292
1005003243568239
1005003270672467
1005002319360813
1005002031699641
1005003270024310
1005002820463643
1005003142960765
1005003201684365
1005002298656815
1005003149897610
1005002571749431
1005003387178762
1005002925800607
1005002460677587
1005003249790235
1005003386507085
1005002023448441
1005003276868274
1005003367276471
4001149981623
1005003016655799
1005002337775698
1005001732569065
33052383315
4001361811514
1005001991074122
1005002738070826
1005001469220304
1005001552324581
1005001797704225
4000983321546
1005002648866562
1005002710322243
1005002043579950
4000663597854
1005002685767498
1005003148777185
32708945868
1005002996842599
1005002918267493
32918768570
4001111344476
1005003376694055
1005002991009374
1005003336066976
4000171497142
1005002662878639
1005003287618461
1005002393603977
1005003362929553
32837769356
1005002131289205
1005002448126948
1005002572561423
1005001520613399
1005003082920404
1005003159810096
1005003299443686
33022805961
1005003097059429
1005002877296100
1005003365379869
1005003288329896
1005002545910843
1005003272716678
4000762508768
1005001459486168
908709895
1005001665617602
1005002360726764
1005001517875768
4000173724975
1005002434554776
1005002842933092
1005003083318483
32277151684
32865083688
32959700408
1005002175805800
1005002664126242
1005002478803826
1005001516320007
1005002631332591
33037405846
4001167916091
1005002971077474
1005003107700900
4001320967204
1005003387647700
1005002736825271
4000079386538
1005002813084381
1005002694669992
4000556812715
1005002545884828
1005002261959231
4001227390315
1005002011836441
4000785098577
32964935707
4000738411891
4001193068696
1005003376643977
4001007978638
1005002912500575
33059168030
32354855255
1005002373445963
1005003080206626
4000777653351
1005001366301864
1005003086747120
1005002233352542
1005001889332349
4000625558829
1005002698451525
1005002882228911
32809726472
1005002705447689
4001153720538
1005003381491520
1005001313686905
1005002826176003
1005001894755815
1005003153759514
32271186017
1005002624759071
1005001529848791
1005002289940607
1005002612090726
1005003090460600
1005002891264866
4000680892924
1005003266237390
32615274395
1005003082273415
1005003348187907
1005003217422724
1005003376262150
4001162056649
1005002457777350
1005003337828555
32971105774
1005003087566842
4001022976585
1005003359786463
1005002524286222
4000755984698
4001245507612
1005001714317761
1005002136952323
1005002128677279
4001077448977
1005001608338028
1005003064778765
1005003088932142
4001280259271
4000609400972
1005001731291795
1005002516292992
1005002427573847
4000123157731
1005002523802019
1005002369259763
32821243402
1005001495071399
1005003116948737
32840759251
4000087410164
32853337823
1005002603682299
1005003266062218
1005001541561168
1005003320600012
1005001835771849
1005002811919653
1005001287945604
1005002768265087
32946194878
1005002089090102
1005003082397172
1005001391791716
1005002130791346
1005002891468985
1005003029307923
1005002662686323
1005001969055657
1005002438753828
1005002321306689
1005003273021061
32886822644
1005001769774372
1005003281010872
33031865612
1005003240555174
32825854856
1005003172583031
1005002897720311
32842527755
1005001297971247
1005003328568787
33058601711
1005001350947623
1005003318564562
1005002836511601
1005003117656880
32908918104
1005002662945784
32885806000
1005001864165897
1005001720404861
1005002428577085
1005003012847475
1005002697085400
32834653737
1005003284974503
32930688226
1005002452647335
1005002300052460
33053716092
1005002264678618
1005003288976567
1005003252155228
4000955402927
1005003109722574
1005002911627393
1005003384992786
32991654814
32618500373
1005001565128037
1005003119798471
4000915167225
4000373167772
32970943613
1005002459613584
1005001354909756
1005002912513837
32828096028
1005002925524089
1005001567704363
1005002054470201
1005003086670718
1005003246001784
4000881308632
4000781814065
1005001808272901
1005003208559179
4000107678613
1005002287025417
32792967575
1005003252071275
1005003192490052
1005002441201949
1005002583666950
1005002587406098
4000316349191
4001326029584
1005003251677963
32459606536
4000777677106
1005002101897665
33054335787
1005003369599473
4000877027328
1005001314994511
1005003193672973
1005002071499802
1005002974441896
1005002878426643
1005001758531986
4000803697117
32689941507
32802498741
1005003172588095
1005002467426291
1005003384732821
4001307460592
32959265103
1005001725536052
32917992525
1005001424828330
1005003148101500
1005001575618921
1005002500742352
1005002897201761
4001186137019
4000834084275
1005002566405312
1005003368850536
1005003341422442
1005001867277739
1005001326610025
1005003371375496
4000206495038
1005002350843864
1005002828152489
4000132935577
1005002840541451
1005002146060783
4000812270006
1005003080179505
32872477506
1005002704020821
1005003019238241
1005002049512778
33005869433
4001245909805
1005002143808580
1005003264325320
1005003300328157
4001268571994
1005001907141687
1005002350759341
4001273272461
1005003132158753
1005002422067390
32792915675
1005002946735386
32321406067
1005003344946004
1005003036706369
4000203334123
1005001758468757
32917056151
1005003242565685
1005003238957272
4000339715387
1005002816032014
1005002803475038
4000117550658
32359053550
32868149583
32978399969
1005002959540852
4001061915246
1005001640879168
1005002201931181
32772127615
32947307504
1005003299824190
1005002673654963
1005002829935994
1005002799174474
1005003222120118
32823398655
32914702144
1005003087629224
1005001741295313
1005002718247047
1005002640367746
1005002185581929
1005003281583561
1005001873548200
1005002624287613
1005002701422743
1005003275423402
842274554
1005001541678027
1005003293753656
1005002111759655
1005002268294537
32892053213
1005002102257316
4001150500406
32954710132
32960988966
32965030797
33005525255
1005003226275424
1005002555913659
1005001864816602
1005002350731171
1005002092399091
1005003023519637
4000108587738
32858417817
4000862901454
1005001812221758
1005003239726670
1005002373370149
1005003157560379
10000344946897
1005003269952555
1005003262271058
1005002675018409
1005002869031384
1005002313713345
32851140721
1005002012214021
4000170423328
4001351193460
1005003168489612
1005003159919858
1005003338611479
1005002725266133
1005001591168247
4001055358891
1005002282770089
1005002589802417
4000602926682
1005002497083491
1005002761426257
4001312956992
1005003163714978
32868533131
1005003275355002
4000397419989
1005003360054964
4001156876455
1005003336312396
1005002217507302
4000329794447
4000036264680
1005002937156403
33001073436
1005003279244353
1005003237861201
1005002055385101
32999726071
1005002292998162
1005002866363267
1005001785155181
1005001391844679
1005002072721716
1005002270876767
4001179001145
1005001792486016
1005002022971414
32885329958
1005002879135867
4001175413826
4000281404953
1005001631304764
1005002399679154
32964565557
1005002996525439
1005002919222188
4000703995752
1005003136643126
32796407900
1005002241506345
1005002773980797
1005003230003804
4001239380636
1005003030531018
1005002176694640
1005001489910573
1005003081242802
1005002802087760
1005002722060536
1005002042693926
1005002751898795
32860118265
1005001652123945
4000694488781
1000001067374
1005001356052490
32810657642
1005001419605187
1005003263342802
1005003087458013
1005001867201993
1005003212180066
4000556824064
1005002982316511
4000407078945
32855991215
4000143925851
1005003271333453
1005003141880660
32996574138
1005002266948539
1005003225179613
1005002979916711
1005002700862880
32838795976
1005002569405058
1005003357519740
32945373485
1005002589928066
1005003234259265
1005001365143815
1005002620050473
10000144768406
1005002861773683
1005002282599028
4000277631807
33046221733
4000843596540
32932784519
1005002286479257
32919703929
1005003303577371
1005002307983209
1005001812615105
1005003298902528
1005003216989284
32812285338
1005003207444071
32790808564
1005003127016815
4001159110511
1005003241198671
32867572470
32891945619
1005002755764059
32987805611
1005003115997837
1005002370511070
32777250116
1005001393224097
1005001695501262
1005003237961751
1005001368887114
1005002008484855
4000475335465
1005002715582539
32965247706
1005001670070824
4000663559439
1005002053221891
1005002994895335
4000442306922
1005003387467468
32876363839
1005003303785585
1005002614255201
32921901732
1005002753478618
1005003146978828
10000002731752
1005003311762550
1005003281003072
1005002365257359
1005003216057021
1005002711643353
1005001728469083
4001163863520
1005002979198204
1005002801567419
33005423094
4000184945112
4000346249769
1005002312961290
32998466851
32869854583
1005002889620074
1005002721857194
1005002630912630
1005001977314782
4001354973511
1005003011456738
1005003341798482
1005003023197420
1005001750015164
32994888353
4000206759684
1005002176550552
1005002068452468
4001218839881
1005001516056191
32623491095
1005001828304856
1005002055331294
4001223922292
1005001742483425
1005003156755836
1005002780609700
1005001556802221
1005003273605124
1005002884277891
1005003324110538
1005002732134855
1005002989608560
1005003184050113
1005001648795357
1005002828245955
32899088645
32719647762
1005002605670136
1005003055349069
4000519837313
1005003296532109
1005001756620066
32960386975
1005003337693688
1005003332991686
1005003098048548
32957446217
1005001713588580
1005002979725662
1005001568825147
33022663724
1005003279236304
1005002272831150
1005002307171976
32617975319
1005002466467359
32859014196
4001062610757
1005002836419801
32908781770
1005003198096280
1005001345274223
1005002870867460
1005003184404749
1005003315037677
1005003092879883
1005003032128248
1005002966343543
4001015087259
1005001921703402
32842004110
1005003223228179
1005002841648099
1005002408531892
1005002516694584
33000893573
1005003261643846
1005002604723216
1005002871754491
1005002453538111
1005003101422317
1005002453228679
1005003362701370
1005002503234393
1005002816956482
1005001594675998
1005002949194715
4001153379260
1005001501020594
32868060747
1005002666049425
1005003379595458
1005002523660108
1005003377196927
1005002781812525
1005002947493297
32896434474
1005002593508034
1005003298402121
1005003130380192
32257252749
1005002487534560
4000347793156
4000470525762
1005001464452602
1005003195980470
1005002830506498
1005003181741593
4001010716066
4000158815974
4001223658035
831207698
33045400981
32961462637
1005002672752601
1005002841984352
1005003224716430
1005003117432659
1005002027942766
1005003285188716
1005002821318952
1005003234390176
32976835740
1005002196198727
32963782662
1005003033274086
4000986700913
1005003114398109
1005002330102303
1005003250973638
32949016449
1005002836013370
32791798903
1005001940328268
4000916945459
1005002069855207
1005002840333806
1005002002785953
1005002842516547
1005002803452301
1005001357927230
32820125238
1005002358705624
1005002240796148
1005001382940674
1005003162408847
1005001307831825
32844760314
32902815537
1005003234690110
1005002587786813
32753315521
1005002193853766
10000395864157
32980388888
1005002363230788
1005003170320300
1005002419312539
1005002761626882
33028892255
4000873706314
1005001888538295
1005001810045185
4000020092537
32964948099
1005002341742045
32907412153
32797472327
1005003246658175
32846026800
1005001320014120
1005002718047056
1005002730666690
33042577850
1005003316227171
1005002897282129
1005003156255491
1005003387821356
1005003342809837
4001109134381
4001229728387
1005003157216401
1005002739040374
1005003179393351
1005003093647710
1005001847807479
1005003245980021
1005001830873570
1005003332228100
32596386027
1005001764911163
1005002839803923
4001032494237
1005002841608276
1005002021351571
1005003383208516
4001244895665
32861145080
32830268375
1005003103028509
1005002446943321
1005003144298353
1005001989117256
4000874656747
1005002433450098
1005001349685860
1005002833693595
32853101107
4000792710359
1005003361564447
1005002747980237
1005003002755069
4001111885900
1005002971046152
1005002022281287
1005002872969627
1005001992211122
1005003138739092
1005003388335470
1005002370285787
1005003308096113
1005001586739423
1005002721944236
32951958915
1005001920731786
1005001978586754
32899756720
1005003011598389
4001159758416
32349519868
1005003114457511
1005002878318475
1005002819830467
32864772653
33044332558
1005002841510093
1005002945833699
1005002305978717
1005002394586552
1005001640039695
32934263965
1005003120488674
4001273185792
32969484904
1005002674073390
1005001648748684
1005002564264389
1005003367800226
1005002885476753
1005003190759231
4001293461369
1005002989884051
1005002944901021
32862993609
4001344108333
1005001966630144
32796747485
33056237472
1005003305024511
1655497153
4001229433721
32892145856
1005002288957887
32889844828
1005001545118778
32824285532
1005003017377716
4000120501131
4000692974459
1005002568625759
1005002070140817
4001238362537
32819092097
1005002837773578
1005003210694699
4001193583245
1005001479996377
1005003031213246
32843731826
1005002359762436
32894957815
1005002549828213
32791358316
4000711185131
1005003129909273
1005003015631649
1005002310069640
1005001594460668
32977643140
4000818091677
32911806624
4001219107283
1005003384431202
1005003317529567
1005002265007207
4000552127138
1005003212056428
1005003309338757
1005002374722939
4000052830924
1005003387118244
1005002625517190
32851145998
1005002471098109
1005002836426132
1005003245193724
33031464526
1005003263053931
1005003300633249
1005003022331669
1005003275151331
1005001872084995
1005001713477047
1005003229348076
1005003108328068
1005002649306610
1005003024603182
4000043114772
1005001901884163
1005003275339363
1005003104307412
1005002680908922
32789637828
1005003350796377
1005003065419514
1005002518180712
1005003193794891
1005003026846579
4000055075582
1005002990355962
1005002754594913
1005001999697384
32952985179
1005002884001466
32850735558
1005002790345242
4000971076503
4000037034293
1005002483377446
1005003032130362
1005002851251597
1005002336426902
4000396407064
1005001693875091
33034346252
32963411749
1005003187116747
1005003365094568
1005003100310107
32767681598
4001230598090
1005002920770013
32807498980
4000582993137
1005003170126722
1005003133183199
1005001808665347
1005002790644415
1005003195316911
4000945187005
33042935888
1005003049833006
1005003247651990
1005003331073512
1005003023862128
32876316484
1005003351354392
1005002340010478
1005002076836720
1005001779548473
1005003190588327
1005002098897131
1005002490690666
1005002582750964
1005002398490795
1005002844560787
4000167255830
1005002393791372
1005002758436251
1005003171948786
1005003386186950
1005001496893980
32862403645
32851060577
4000926125267
32303301076
1005003134011018
1005003017059741
1005003385005622
1005003351922761
4000019997100
32948156374
1005002545205377
32906954678
32742968011
1005002878142171
1005002599841204
1005003022984214
1005002780872647
4000445478332
32794262674
1005003095642723
1005003159767872
1005002990001039
1005002339323403
1005001610224571
1005003338144431
32993222801
1005003168112968
4001173319325
1005003250760820
4001156195370
4001071549981
1005002645257544
1005002703361266
1005003020952307
1005003238690424
4000117594198
32901348861
1005002095156927
1005002352367313
1005001886219919
1005002969664891
1005003345567602
4001159548252
4000141639359
32948722217
1005003072341173
4000043271125
10000356043483
1005002783739970
1005003388400134
1005002761542781
32631753745
1005002855996493
4000627079920
4001209926485
1005002973901592
1005003074283592
1005001788711466
1005003016587211
1005002690516240
1005002050904562
1005003039218766
1005002723200215
1005002570267704
1005001466372928
4000211509610
4000166661348
1005001812342859
1005003019827870
1005001653588214
1005002906987540
1005001878490389
32848958900
4000134673645
32971358281
1005002960306984
1005003239903586
1005003289107613
1005002248047718
32954233607
32770520473
1005002400780872
1005003112366658
32696050202
1005002698140851
1005003334765268
1005001867349509
1005003223235972
1005002389321299
32981486177
32983250994
1005003341027878
1005002421356829
1005002716724455
1005003354037295
1005002224142020
4000377874840
1005002899056429
1005002830542547
33000208163
1005003007804228
1005002511386947
1005002165135920
1005002754964578
4000238436661
33026369415
1005003280871636
1005003325708873
1005003173027393
1005002688065529
1005003160950924
33008053899
4000197444881
32843807725
32978267626
1005002334322249
32802745745
10000088333188
33012119366
1005002317388599
1005002491496105
1005002719125610
1005002563618599
1005002773550491
32975508726
1005002341097867
1005003076676728
1005003063996048
1005001780835031
1005003063498142
32606570754
1005003335631241
1005003253813586
4000188282234
32609477586
4000067385953
1005002588346780
1005002703220234
32922416797
1005001853831676
1005001807992313
4000939983273
32378817007
1005003275502084
4001111920398
1005002551643000