1005002099128860
1005002604098715
33021122840
1005002940771075
1005002317526192
4001218122193
1005002261147110
1005002181410431
1005001947053342
4001097654409
1005002781926217
1005003095398245
4000176578519
32686000330
4000817227961
1005003357365812
1005003305070327
1005003066663204
1005002292545696
1005002567097251
1005003355226033
32767152650
1005003006348317
32867215075
4001267506393
1005002408926684
1005002695369769
1005001514531195
33034567885
1005002868941676
1005003374858605
1005003083050076
1005001552365251
32991355131
1005003280403553
1005002554235159
1005003343114949
1005001872911921
1005003227938578
32917683546
1005003391371071
1005002458816730
1005002879621018
1005002240796841
1005002777832860
1005003330259309
4000224023114
1005002288645752
1005002541199499
1005003002888579
1005003007085881
1005002231684320
1005002280719567
1005002846726707
1005002885554702
1005003162135376
32959427194
1005001961102559
1005003066783274
1005003312196794
4001121580664
32799326341
4000211663149
1005002429493825
1005003095370517
1005002314333596
1005002631287243
1005003052577972
1005002113211693
4000833562342
4000274376219
1005002843811462
1005002239476209
1005003047408817
1005003242041442
32717675641
1005003300349917
33015863385
1969785844
1005002375806155
32870389255
32834292095
32977774021
32917433783
32792835475
1005003069980898
32953606786
1005002438839530
1005002429894276
1005002613335310
1005002090643145
33011313066
1005002822619019
1005002990163745
32980434882
1005001368807348
1005003340995566
4000850793061
1005003060762677
32937483003
1005002562194551
32981157792
1005002363719876
4000300079231
1005003374829690
32840840479
1005002254346532
1005003144342448
32979036719
32974843810
32968890148
1005002742398114
1005001393297958
1005001460146079
4001244275674
1005003089156866
1005002569365657
1005002969363448
1005003056399408
1005002939414363
1005002497306466
4001058502414
1005001626250178
1005003395328526
1005002746442563
1005003003127360
32987398875
1005003336300618
32890612476
32677236122
32847899605
1005003372093971
1005001864701080
33027395804
1005002985764880
4000019020778
1005003212988132
1005003076629918
1005003103691549
4001042923201
33036150267
4001162657999
32917252140
4001228153213
1005003160523290
4000945595994
1005002612940624
1005003121847036
1005002395094293
1005002859584998
1005002872552533
1005002864381062
32740452204
1005003363972847
1005002847850293
33042513444
32885853111
1005002808814832
1005003256101552
1005003315957498
1005003226525914
1005002317419813
1005001890756287
1005001497057609
1005003006818422
1005003162689705
32995574624
1005001620414382
32851725676
1005002777851218
32853194573
33010878563
32855117257
4000478613164
32898600742
1005002011097803
1005003305741606
1005001483490180
1005003175138466
1005003218130553
1005001274985763
4000557870516
32877310061
1005003308244638
1005002804672301
32843594548
1000005441490
4001103472532
32618373856
33062642383
1005002296042762
1005001547475159
1005003001681847
1005003368404053
1005003184673287
1005001757827157
33043487410
1005002350680614
1005002956397501
1005003278595388
1005003165898933
4000140984946
1005003112951531
32893212196
1005003200210140
1005003025892341
1005002878431579
1005002313622437
1005003050936787
1005003179968604
1005003388343394
4000933730530
4000266727062
1005002649977844
1005002121786099
1005003370057037
1005001901345481
4000817363840
32826719123
1005002773807253
1005003360454200
1005002755276526
1005002841608483
32957844059
1005002696292541
32886158326
1005002587743068
1005002902021008
1005001313394145
32976121830
1005002032570068
1005003178952816
32964586204
1005002260177344
4000192614678
1005003017519679
4001200088051
1005003236445160
32815003974
1005002782429120
1005002316677311
32955461648
1005001851641126
4000753575302
4001009066569
1005001485327261
32632927464
4000764256686
32853996354
1005003212127416
1005001644091885
1005003003345551
1005002126336209
1005002657628939
1005003390787312
1005003227452954
32855270227
1005001596479928
33027807944
1005002611710630
1005003326373009
1005003091967480
1005003220803447
4000852868515
32862584272
1005003243286685
1005002139214221
4001232695206
1005003014931716
1005003263984630
1005003008070338
1005002739547358
1005002704427508
1005003092737556
1005002782068274
1005002928652959
4001294561534
4000838205872
32827535463
4000990873772
1005002283580626
1005003375487634
4000306040511
32918355846
1005003354222193
1005003195005988
4000144822376
32840804927
4000641048190
1005003262693589
1005003036241869
1005003281085558
1005003214113195
1005002554507106
4000552401041
4000307662614
1005003207141053
1005002774208858
1005003146438195
1005002270387710
32918308673
4000510322683
1005002821288323
32861105631
1005002329471711
1005003337675642
1005003325463616
4001320360873
1005002389649089
1005001551319189
1005001493249808
33025123113
10000395815874
1005003127783771
1005001579634007
1005002604186539
4000367039630
4000055436647
1005003229812003
1005003300037601
4000028811272
33024034736
1005001997154753
1005003116706618
4000391557173
33004654475
1005002966641126
33055568646
1005002943484291
1005003070271311
1005001847583889
1005003064913088
1005001412128908
1005003388757445
1005003187773120
1005003313619675
1005002313726883
1005001629303348
1005003246109568
1005002646300997
1005003212166451
1005002333077387
1005002143185256
32729557017
4000194921620
1005002128694326
1005003243678781
1005001416634023
4000201184113
4000857368049
1005003185794421
1005001531653561
1005003037033587
1005002719981193
1005002668733537
1005003213025254
1005002938313855
32902024888
1005001819320356
1005001438833770
4000877976387
1005002624404688
1005003122555326
1005001788734779
1005002335271029
1005003103264335
4000844405093
1005001680502552
10000081512610
1005002792239632
1005002359747516
4000291869439
32916322780
1005003161523855
1005003092529630
32824255925
1005002084578509
4001078845247
1005002180115171
4001156685722
1005001736310514
1005002977637459
1005002947680471
4000561764405
1005001879757337
1005002323727065
1005003022468544
1005003036318858
4000009863619
1005003199757856
4000872507007
1005003290317710
1005002848865586
32760492157
1005003156453038
32849869793
1005001457233855
4001000640425
1005002432931508
1005003349865581
32831937610
1005002464924353
1005002388030937
4001264590575
1005003353198159
1005002375958412
1005002625962506
4000986849099
32852440303
1005001817151605
1005003018550455
1005002974407139
1005002213011126
1005002176702305
1005003383375474
1005002425007706
1005003215237686
1005003263999354
1005001959879911
1005003183264133
1005001934118387
1005003129002195
4000102621989
1005003280014918
1005002618159183
1005001928740471
33005299136
1005003235057882
1005003323547447
1005003152337122
1005002374813626
1005002802763529
4000090511220
1005002977679121
1005002046123268
1005002631918802
32860508534
33007979517
1005003294644655
1005002704632739
1005002946512126
32994216629
1005003178333696
1005002924065159
4001050749028
33011768908
4000704614767
32697699141
1005001560798097
1005002636318016
1005003298215389
10000343538242
1005002603954404
1005002872359217
1005003307083916
1005003341453692
1005002834207489
32877614695
1005003380530385
1005002995568962
1005002743071510
32871970142
1005002239886878
32760383525
1005002414873058
1005003281272083
1005001298464194
1005003154282659
1005002806075896
1005002027230667
1005001830820460
32950908315
32852697634
1005003201440816
1005002919636469
4001305705976
1005002253703812
4000958620294
1005002072488465
1005003019727132
1005003016333547
4000803667153
1005002846086805
33007959003
1005001989427156
1005002739447565
1005002783900938
1005002060876624
1005003032333577
32880593816
10000395815428
1005002381931367
1005002932434202
32900311138
4001066952044
1005003300852043
1005003118227196
1005001802418518
1005001337710053
4000052391674
4000026375142
1005003214098735
1005002643810700
1005002718225466
1005002900395377
1005002023202170
1005002567400360
1005001642549972
32922192974
1005003243319309
1005001977804025
1005001988731428
4001278436598
4000183559949
1005003156820787
1005002411668173
1005001558238060
32958264499
4001017024988
10000395866153
4001227792785
1005001386167477
1005003154911014
1005001961551239
4000324509122
32703996896
4000682417773
1005003283289429
1005001423029967
1005001397100442
1005001913684633
32901818877
1005002940528366
1005003007221265
1005002327947595
1005003076590320
4000291349546
1005002048708109
1005002541287590
1005003256882905
1005002986340573
4000434153292
1005003328760308
1005003277022507
1005002410844615
1005002877694228
1005003277306867
32883221667
33035252355
1005002698069984
1005002615870041
1005002466172478
32843151178
32398007933
32385798557
32953356648
1005002912435964
1005002431115014
33050186904
1005002872887392
1005001598528597
1005003161104756
1005002787306684
32970053841
4001055863621
10000216632696
1005002221161066
1005003047048926
1005002548411729
1005001413772932
1005003014678153
1005002774318348
1005001598245711
4000677389018
4000020755210
32967837232
4000835017138
32904510399
32967033877
1005001680452693
4000781355312
1005003198773188
1005002080540477
4001320060075
4001300131077
1005003018146329
1005002894112259
4000401302341
1005001779785121
1005001808463309
1005002418553468
1005003044487366
1005001665315954
4000640532367
1005002746880820
1005003066024724
4000610056845
1005003357406597
1005001839793988
1005001591220044
1005003274597873
1005002313932915
1005002624254521
1005002067897912
1005003171979764
1005002252398762
1005002650550503
1005001303510549
1005003226916735
32980386546
1005003077393655
1005001520701376
1005002852004829
1005002761280968
1005002421033813
1005002994360517
1005002348958717
4001111858252
1005002252581297
1005001763577537
32965640375
1005002929221860
33033858405
4000575448487
1005003272352180
33019140145
1005002727598839
1005002132905747
1005002364317040
1005003143091663
1005003148467818
1005002877137338
1005002619766178
1005002523470018
1005001709106056
4000130445722
33011193065
1005003188182165
4000851339345
1005003303910293
1005003318173892
4000909653583
1005003290279008
1005003323837930
1005001326680162
1005002823632041
1005003210673799
1005001833523887
1005003140522052
1005002350720639
1005002387933904
1005002224606405
1005003337691487
32845895594
1005003150992059
1005002974162058
32816020283
1000007390779
33024389744
1005002858177172
32947669766
1005003337352507
1005001771991028
4001026809010
1005002685576022
1005002593166356
1005001571294226
1005002949247374
4000135140971
1005003140972475
1005003387434453
1005002557726589
1005003302087542
1005003103815412
1005003360001044
1005003333329325
4000920937189
4001252349897
1005003094077566
32916964227
4001291832246
1005001973241929
1005002194022301
1005003165738156
1005003291694758
1005002000268524
1005002446949705
1005001657757870
32911719924
1005002810632267
1005001592294399
32858251213
4000321965461
4000200126471
1005003052343051
4001082499076
1005001883982228
1005002431219344
1005002953550156
32953227045
1005002084094506
32612488768
32860794183
1005003332878455
4000595501803
1005003310969810
1005003240215655
1005002580219320
1005003278054387
1005003345905785
32663093092
4001036651884
1005001952510217
1005002615876236
4001167597272
1005002046412795
1005002129383325
1005003344920574
1005002538266029
1005002565891798
1005002083960378
1005002085609895
1005001928057046
1005002298798849
32786450485
1005003187482102
4000629284031
32799258699
1005003017565363
1005003064659275
32851267483
1005003381270658
4001233831143
4001037754133
1005003179521645
1005002636591971
1005001861188585
1005002416454265
1005002636733942
33030395890
32838166284
1005003114390936
1005001519577763
1005003097225120
1005003303790248
4000353216220
1005003313766990
1005003328470853
1005001512756314
1005002948138995
1005002755723102
32979751606
1005002291192624
1005002783838372
32711335556
4001101335937
4001038789674
1005002700172397
1005003079660201
4000864250387
1005001470212397
1005003282499201
1005002755963802
1005002885314608
1005002358926149
1005003171414491
4001200525387
1005002688168526
33033381386
1005003172020180
1005002703709943
1005003305320418
1005003157452274
1005001901080981
1005003234937600
1005003279697454
4001299002944
1005003299300018
1005002439478569
4000607978235
1005002803024564
1005003336579243
1005002605712646
1005003098336676
1005002799212728
1005001646272332
1005003050498304
1005003221218919
1005002861418385
1005002735786611
1005003227772187
32989186259
4000015381854
1005003114738328
1005002008683114
1005002270735390
1005001790883123
4000894127134
1005003336733440
1005002467007621
1005001588330044
1005002863624262
1005002786679679
1005002636863937
1005002698167273
4001104021562
32511681400
1005003057806705
1005002991884464
1005002657722642
1005002742837192
32937908225
1005002330410421
1005001493387228
1005003352002830
1005002790229262
1005001961250005
1005002615540447
4000278833986
1005002799598567
1005002739064326
1005002656767899
32351467369
1005002970467872
1005003288102651
1005002959968854
32821229048
33022001920
1005002787245303
4000398561396
1005002918306877
32929127620
4000786806515
1005002674396597
32922839411
1005003382145872
4000810234692
1005003161100059
1005002459527047
1005003157153495
1005003352443136
32976731725
1005003095657669
10000395820310
1005003122581272
1005002937966073
4000867696507
1005002073421682
33003438101
1005003150383194
1005001830006447
1005003239361814
33044121537
1005001839203212
1005002375227931
1005002038794131
1005001431886961
1005003035626201
1005003149854366
1005001355621659
1005002303438285
32844581830
1005001995450239
1005002542913824
1005002398715964
1005002836943277
1005003221810218
1005003284890143
1005002674926014
4000498088128
1005002228211802
1005003092866830
1005001971280504
1005002275642859
1005002566414390
1005001895923780
4001323083712
4001076150552
1005001803199995
1005002610212204
1005003193303540
1005002481515974
1005003264856182
1005002413521115
32928339806
4000101440980
1005001683324707
32950423471
1005002722664966
1005002945826208
1005003167433293
32790557725
1005003007326016
1005002502085622
32947553827
1005003014676136
1005002475915010
1005002971835859
1005003382109559
1005002973984193
1005003001195139
4000689276124
1005002920590771
1005002755159175
1005003133012526
32716821181
32798593229
32909938312
4001024970076
1005001638126466
1005003375510367
1005002516686281
1005002803020744
1005003000227958
4000009835850
1005002696216308
32907924865
1005003050896533
4001202696782
32460708563
1005002431440463
33009130183
32810185708
1005002778651962
1005003149385633
33012522917
4001158958564
1005002062369301
1005002907684232
32773375685
1005001934542839
1005002674372187
33058960317
1005002772228536
1005003098208569
1005003100121646
4001004486358
1005002433132149
32790905636
1005003059247463
1005002856362882
1005003298262747
4001302026725
1005003282304172
1005002283740301
1005003341064409
4001339318822
1005003191220007
1005003118829006
32482856432
1005001441373980
1005002623243382
1005003100502351
32959370574
1005002608374659
4001242810400
1005001828689325
4000032391798
1005002089285173
1005002897150031
4001235867767
1005002753446251
1005002100320126
4001217117293
1005003379941356
1005003130612890
32858904602
4000559371472
1005001349719677
1005001366106553
1005002768529981
32804936776
32949491509
1005001555848405
1005002529694366
32966779479
1005003117339504
32830037945
32851359328
32826056786
1005002298034746
1005003130610768
1005001308516211
4000588989801
4000231036590
1005002862679900
4000340096103
4001219752291
1005002289067350
1005001942563592
1005002119033938
1005003331228822
1005001658857343
32840853723
1005003299535409
4000091759319
1005001881290720
1005003282790395
1005001586228234
1005003297155016
1005003332457229
1005001812681272
4001265970568
1005003097821048
1005001787447682
32819868699
1005001622043101
1005002527328955
32833874552
32948366358
1005001266658054
32912774895
4000443978912
4001121895847
32889467045
32893655858
1005001971224822
1005003335251070
32892735615
1005003151088096
1005002848103967
1005003234599409
1005003238940315
1005002069650921
1005002719650740
1005002313841117
32434207812
1005002822954402
32971783775
1005002085814855
1005002471216157
32887968138
1005001346663098
1005002317570577
32990495056
4000158154494
1005001685358807
32803072119
1005003034420094
33041998203
1005002908346953
4000434002831
32816963798
32833635275
1005002839682051
1005003006374652
1005001322269230
32952905310
1005001344099658
1005003194661224
1005003007592468
1005002736048658
1005002925739356
1005002630133992
1005001465019136
1005002878468340
1005003379476494
1005003264905262
1005003143108215
1005001408711485
1005001628103435
4000265639452
1005002608994556
4000672678793
1005002551083250
32989593811
33010372443
1005002925450921
1005003310166113
1005003241837691
1005003228588316
32728264732
1005003267027176
32885880716
1005003342290210
1005001708160109
1005003066094986
2028016208
32999979769
4001022633947
1005003170532238
4000270409370
1005001680407846
1005002363475765
1005003269246531
1005001617724271
1005002304025690
1005001817039428
32870943618
1005003229516057
32607868330
4000594663766
4000316866559
4000248631446
1005002790350241
1005003263781286
1005003121734177
4000033583442
1005003268391415
1005002938062886
1005003280748294
32919397138
1005003236309430
1005003368108910
4000220224429
1005002491076483
1339344578
1005003387692000
1005002376841947
32857859719
32702676825
1005002865009701
1005002946455866
1005002946319052
32966878765
32378094969
4000397489167
1005001632296075
32798641941
1005002843676467
1005002994405491
4000804877808
1005003172155884
1005003252346081
1005002190155886
1005002108010878
1005002741861913
1005002899227871
1005001703120337
1005003327689245
2047631458
1005002440602193
1005003324149607
33057056521
4000533765165
4000761043536
1005003368340466
32451131469
1005003368406192
1005002624278387
32825516494
1005002963949545
4000378602187
10000408316711
1005003067574906
1005001813331414
32856434635
32847335356
4000836851945
1005002939955087
1005003166578404
1005002608975336
1005001998857461
4000301207789
32894990722
1005002227626357
1005002037487245
4000051481896
1005002912993589
1005003194312367
1005001380825370
1005001285030112
1750145495
1005003140311726
1005003070906157
1005002212241799
4000013062613
1005002657796895
4000560826464
1005002608962165
32967937487
1005003323735726
1005001596736599
1005001581544327
1005003085043109
1005002292950426
1005002360310636
1000001537015
32925794504
1005002879628047
4000972405127
1005003266859952
32864647640
1005002839486762
1005002979781567
4000031705897
1005003367761019
1005003094526707
4001148182053
1005001813637325
1005001531325332
1005003198875376
1005001505674501
1005001901669835
1005002642734009
1005003157535846
1005003091810830
1005002948273167
1005001375817465
1005001870632792
1005003093755247
10000395213992
32997019670
32948602741
1005001848337306
1005003001652603
1005002488597445
1005003217502769
1005002411169628
1005001998102840
1623260492
1005003016573512
1005002575601964
1005003134091085
1005002687813232
1005003338605986
1005002316286532
32881793995
1005002251940466
4001285148857
4000816990920
1005003113668977
32743308269
1005003347281075
1005003350798308
4001000429477
1005003387901346
1005002864968273
1005003075862437
1005002700073724
4001155383956
1005003303056917
1005002855673413
1005002951735096
32906506417
1005003305336712
33024526602
10000395831371
1005002911201570
4000898227157
1005001585525493
32766047180
1005002991176034
32706127399
1005003378477059
1005001667841164
1005003352352513
33022434591
1005001395405912
1005003345720917
1005003021283188
1005003178355073
1005002290430911
1005002600315427
1005003096032582
32976158205
1005001669925568
33037364061
4000259619439
1005003351226634
4000490140505
1005003391743431
1005002337033092
1005003267218037
1005002713151492
1005003192998496
1005002925952864
1005001970574241
1005003308323780
32434990330
32978023661
4000789843187
1005003331243289
1005003019645616
4000468453501
32776905195
1005002911070844
1005003337663252
1005002482959475
1005003222639131
1005001466880046
32808158197
4000130345661
1005002389251959
1005001537294474
1005001998852713
1005001572946540
1005002440790611
1005002678661184
1005001525419699
1005002794789173
1005003238615298
1005002590384021
1005002991001649
32713316224
1005003310700376
1005001598345050
1005001948058435
4001061433534
1005003339770676
1005003384968529
1005002032079683
1005002508848602
1005003099039240
1005002684029881
4001031715697
1005002129508741
32847994483
1005001419836856
1005003140749923
32698212248
4001223466348
1005003110078331
1005001958234063
4000039802231
4001097626099
4000558193502
1005002585093410
32886432059
1005001906516789
1005002388605404
1005002858588209
1005002949392530
1005003114968032
1005001387423848
1005001697838737
1005003225497898
1005002970786864
1005003384222352
1005002851730014
1005003328334087
1005003361812858
10000420524636
1005003297462123
1005001369181680
32956490934
32761592038
1005003327230571
1005003285163339
1005003311394682
1005002283296373
1005003230740980
1005002305259224
1005002564607596
32911543833
1005002336674523
1005003110744537
1005003314545294
32997172991
1005001598850634
4000863479928
1005002877380775
1005002311338173
1005002990121542
4000626157144
1005003367821037
1005002641535806
1005003381877951
1005003359643687
33055230593
1005003056520732
1005002009214732
33039398111
1005002762305727
32733100522
1005003040129596
1005003300964488
1005002904802488
4000308845098
1005003329833158
33004616274
32967362010
1005003322147543
1005003326356739
1005001642538146
4000785683161
1005001977363656
1005002318289492
1005002283622505
1005002758728794
10000068872381
1005002278925299
4000764084203
1005003050309029
1005001961493457
32769539844
1005002966357393
1005001724019717
1005002125319425
1005002034243226
1005002635479741
1005003321360434
1005002518142959
33040207727
1005003173444874
1005001970577338
1222126627
33038756964
32974808892
1005002369823166
1005001861499158
4000388428150
1005003304081277
1005002999224079
1005003220944551
32916413572
1005003224650276
1005003118960765
4000731323334
1005003360462923
1005002640925952
1005002292590445
1005003059071243
32696451166
1005002076711090
33046010294
32961660412
1005001839322760
1005002786793924
32904832008
4000786415129
4000034921055
32574412381
4001268940121
4000084801869
4001296944108
1005002991005569
32995177609
1005002666976126
33023910643
1005002824369520
1005002816154342
32981371663
4001004290021
1005001439602656
4000863824311
1005002738226721
1005003027446038
32970919303
33054293815
1005003091600812
32590740772
1005003032352834
4000472998230
1005003370799173
1005001938481525
1005002636239051
1005001351108322
1005002189665291
1005002289894768
1005003384414658
4000117640486
1005003355484327
32981025718
1005002926588709
1005002988248496
33063043300
1005003308039159
1005002804761968
1005001882478211
1005003162641795
1005002014836133
32971861306
4000990598374
1005003112379149
1005001579510162
32824065171
1005001386037614
1005002994559732
32973292765
4001171738786
32853174445
1005001351186886
1005002489997659
32420089303
4000516344332
4000296856759
1005002708629805
1005002651863729
4000043061306
1005002508023210
1005001460420048
33007098409
1005002605062098
1005003382130632
4000666091766
1005002872255082
1005002229914454
33043350393
1005003182024813
1005001771923270
1005001872932524
1005001697681310
32782920368
1005002493430561
1005002119925444
1005003035872327
1005001545439766
2055253470
32893604513
1005003228267803
4000454161771
32993264025
1005002873525923
4000066590143
1005003183961429
1005001973956277
1005002702769069
32481755847
1005003172656553
4000650434935
4001322445730
32874970992
32957439440
1005002314410169
1005002317208891
1005002727461974
1005001667230578
1005003212277021
1005002090307255
32700905547
1005002763272857
4000627860175
1005003009841113
1005003362630064
1005003072419579
4001021783899
1005002833550533
1005001921362654
32882114612
1005002054832498
4000826692437
4001191965778
4001070673387
4000335570375
1005002264064658
1005002943383870
1005003100945701
1005003333036155
1005001474220896
4000171556461
1005003256183594
4001192376508
1005001423332224
1005003034374321
1005001571966538
1005002053373873
1005002965162830
1005003198460524
1005002329114840
4000967163700
1005002925466835
1005002292827403
32812449206
1005003259327495
10000319478626
1005002352252550
1005001645458901
1005002234365805
1005002778251108
1005002749791328
4001061464518
1005003048650361
1005003021599306
1005002966951272
1005003018170957
4000552048145
1005001648708772
1005001602381469
1005003093471875
1005003132222968
32607210414
1005003004284756
1005002817209414
1005002622028717
32982833058
32818030374
1005002256665021
1005001999319983
4000160576205
4001284531214
1005002130783199
1005001419955162
1005001552467188
1005002607671133
1005003388420875
4001183469947
1005002068177977
1005002717146170
4000143997757
32999763388
1005001511322492
1005003032310949
1005002749292032
4001116560207
1005002241250944
1005003285193905
1005003286690054
10000186940017
1005003095370579
1005003151699563
1005003023191305
1005001916622096
4000511797956
1005002265722695
1005003013874102
4000803426784
1005003384037872
1005002003491848
1005002249341620
32838390333
1005002108529436
1005003112703963
1005003247734946
32819847056
32832554208
1005002286445596
4000711830738
1005003036842459
1005001905223386
1005001714632391
1005001871127258
1005003010499382
32640016429
4000139345427
1005002898646859
1005001789017291
1005003142983322
1005003083459577
32842306118
1005003195628397
1005003148447015
1005001274195634
1005003286876095
1005003291059185
1005003321617080
1005003303286573
1005002533161784
1005001581032949
4001170686221
1005002079370686
1005002998183875
1005002336918426
1005002732548486
4001243488002
1005001971490441
1005001968354287
1005003388025604
4000272117023
4000286217590
1005002916885454
32810716979
1005003033393987
1005002329103636
4000717791131
4000141122714
1005003108843115
1005003371109695
1005002841236958
1005002534063732
1005002790692505
1005003171792162
1005002874821416
4000697132098
4000956219101
4001027770758
1005002347383073
4000604704128
1005002963559440
32691416493
1005002412731563
1005003087539010
1005002112083400
1005002221770840
1005002857307124
1005002246999872
32988768736
4000240151461
1005001386098877
1005001919462106
1005002802273252
4000838295640
32851736827
1005002034449627
1005001636657228
4000898604716
1005002773946113
4000083233454
4000549435369
4000043517870
4001145379341
4001306104038
32978450972
4001228010037
1005001574737874
1005002746219086
1005002943158856
1005002096253489
1005001439118511
1005002081020417
32866744471
1005002260423676
1005002936317025
1005002612941141
33033340570
1005003247563829
4000205961213
1005003152462604
1005001610045965
32950606766
4000039626937
4001041925885
1005002386923818
4001307802806
1005002060336925
1005002090361687
1005002056990310
1005002110463271
1005003180418492
1005002955490733
1005003338605986
1005001708825988
1005001617072368
32969735145
1005002821502115
1005002844957568
32798987925
1005003022040264
1005003363840248
1005001451028613
1005003243097935
4000349820078
1005003065242364
1005002441515407
1005003265899521
1005002739131032
4000552028793
1005001840609528
1005001489592883
1005003264750406
4000848936706
1005003139570444
32799258699
1005001901250198
1005002990141202
1005001933453564
1005003225126693
4001230665095
1005003316046801
1005003235484861
1005003273989048
32916959852
4000371202608
1005002642489368
1005003117512921
32728413997
4001325736767
1005003221713127
1005003387703617
32851155996
1005003136000629
1005003137916040
1005002037699818
4000212692437
1005003101769533
1005002315758763
32859461888
1005002845404016
4000852763030
1005001831538578
4000656302337
1005003020196514
1005002058617013
4001227187087
4001203742143
1005003310109361
1005002700039991
1005003301943641
1005002462937382
4000341512239
4000046116791
1005001576511384
1005001953676866
1005002658604164
4000155282287
4001120090180
1005003044212200
1005001531002588
32867310012
1005002373309167
32961705169
1005003196672313
1005002663211459
32922921850
1000001656516
4000142973638
4001142060011
32906084424
1005001391564166
1005003228308600
32991184244
4001195749382
1005003146808929
1005003263552976
1005002304766545
1005003051443535
1005002880358120
1005003089656168
1005003086064960
4000294791147
1005003010030653
4000194269688
1005003251969810
1005003169918474
32623313675
4000286693630
33035965632
4001213799736
32955081275
4000798217974
1005002378975862
32975847441
1005002124643706
1005003239509057
1005002754770545
1005003215875049
4001176216006
1005002745697538
32814012083
1005003271079256
1005003004257337
1005003362255076
4000556758938
1005001900730732
1000005141175
1005002926049423
1005002952675398
1005002816041379
1005001845398331
1005002839433118
1005002949748706
1005002649939238
1005003064937692
1005003004140056
1005003356795112
32900305543
1005001444580865
10000098666358
32949136981
4000873760695
1005003154180151
1005003186076289
32774201530
1005001785365065
1005002313797366
1005003166583842
1005001687571857
4000351718419
1005002541017086
32994948553
1005003334189069
1005002434913888
1005001500452136
1005003037440648
1005002977838461
10000055952371
32558130597
32967701410
1005001934951995
4000272994260
1139071798
1005003008074251
1005001413456691
1005002715562086
4000273888532
1005002441742091
1005002991228909
4000706941232
32990347195
1005003134951901
4000318681161
4000962369932
1005002836599341
1005002229444975
1005003339110283
1005003249154088
4000922761544
1005003340135309
1005003153991638
1005003221800512
1005002751757023
4000058142874
4001039105227
4000185080954
1005002059790991
1005003005187061
1005002536379159
4001057832025
1005001793124249
32735032329
1005003276939029
1005003307586637
1005001524270412
1005002570984408
1005002788430925
4001227716975
1005002890054103
32847489584
1005002159905781
1005002681477225
4000253046791
1005003022343168
1005001946051122
1005002272412998
32891495075
1005003337540879
1005003309008456
32838048037
32984819392
1005003058267471
1005001436285440
1005001433966522
33034488517
1005002204819917
1005001470824487
1005002729115295
1005003270656037
32719926394
4000145646987
32662958927
1005003268794361
1005001543459475
1005003084073314
32830930097
1005003282481745
1005003218143302
32957435247
1005002247685273
4000218865362
1005002926900231
1005002863925468
1005001501017205
1005002027810425
4000693553279
1005003283901415
1000004604516
1005002816883885
4000553352013
32983427416
1005003148393455
1005001376736879
32972652384
1005002246285046
1005001905448841
1005001742207481
1005002366170110
33035243052
1005001894717006
1005002392641401
1005001860088627
1005002932376132
4000610121020
1005002697746518
1005002907610011
4000146002959
1005003124604487
1005001315211919
1005002971162866
1005002826240647
1005003363518430
1005001457488540
32801361731
1005003307270450
1005002786429773
1005002635318470
4000334082430
4000505021876
1005001880639901
1005003031885475
1005002694898998
1005002387586707
1005003304401684
1005001355702616
1005003356116734
32963660742
32841588735
32911742342
1005003146121824
1005003193004099
1005001470930727
1005001632274457
1005002482052415
1005002936042259
1005001851567052
1005002254788043
1005003374691428
1005002847917389
32974987616
1005003043054006
1005003130551652