1005001860686982
33026757179
1005002937550933
1005003198949167
1005003217831978
1005003386849640
1005001814723088
1005002876621640
1005001657967067
1005003010000154
1005003033555808
1005001362377458
32962968266
1005001596065055
1005003298713741
1005002770671903
1005002656834196
1005002707630064
1005003037367531
1005003216812705
1005002211647221
1005003357929053
1005002176190845
32836102302
1005002910771584
32812813866
1005002733151282
1005002945224314
4000853158044
1005003294707624
1005003331610568
32825771510
1005003092215792
1005001730762337
1005001601900768
1005002704605297
1005003069424315
4000938682117
1005002355284406
32920791919
1005003116957861
1005003189373634
33043731521
1005002524954079
1005003273370443
1005002207974265
1005003148160422
1005003217808288
4000776145949
1005002313717893
1005003306611911
1005003286498868
1005003127517675
1005001379300991
1005003387323465
1005003060883705
1005003208822553
1005003026973511
32611803917
1005002789576442
1005003341103862
1005003351504133
32967104202
33061431447
1005001906947131
1005001617304760
32848582955
4000929647780
4000955497455
32808382430
1005002719328556
1005003018084373
1005003339346042
1005003316949414
1005002866519630
1005002133811078
509229562
1005003361810460
1005003329139588
1005003263612421
1005002512318730
4001225081871
1005003041392780
1005003129426977
1005003178608931
1005003184434509
1005001413603097
1005002313559444
1005001309789697
1005001794775067
1005002617300661
1005002856063655
1005003300736987
4000902839250
32825908043
1005002007024088
1005001501325843
4001227461770
4000823312008
32789506155
1005003309959576
32656623713
1005003116645585
1005002005827730
4001285916866
1005002977388547
1005002823819155
1005002919529555
4000737790677
1005001693854432
1005003385246361
1005002324202935
1005001617393715
4000049642103
1005002642774563
1005002671678795
1005002522961361
4000906289258
1005003344839256
1005003310011852
1005003303234581
1005003012468566
1005003198417432
1005001814238324
1005003072086296
1005001965948687
1005003151716434
1005001389147228
1005003309295551
4000916644524
1005002460235506
1005001388910268
1005001581253438
1005001484123610
1005003328084349
1005003196583942
1005002462719423
1005003135282703
1005002272397611
4000987305052
1005002530913684
1005001775107788
1005003049248722
1005003201769719
1005001411335461
1005001860747700
1005003066993473
4000235614919
1005001615703091
33047403660
1005001977891029
32909152788
1005003282671730
33010681666
1005002960690923
1005003272716816
1005003155837833
1005002468004388
1005003196164653
1005002981299080
1005003387832323
1005001862912797
4000924183419
1005003025986219
4000899081732
32741986217
4001143168766
1005003122597744
1005003279015046
1005003201062935
4000176498911
1005003216659344
1005003038386026
1005001731501655
4001157779172
1005002794415105
1005003385009864
1005002880276427
1005002231620906
1005002029394197
1005002356398596
1005002003076371
1005002826755460
1005001406380973
1005003171368901
1005001441692699
4001076720276
4000392083971
1005003302550624
1005002075381469
1005003284895523
4001283050652
1005003117499353
1005003182695912
1005003349415971
1005003104465319
1005003378983683
1005003324096324
1005003167434671
1005003221863111
1005001885756324
1005003149853894
1005002612935589
1005003227967960
1005003064501424
1005003286777703
1005002876843012
1005001540309993
32979925889
1005002896021422
1005001413145369
4000121491078
33042517491
4001064791445
32895871704
33001873047
1005002053425111
32904752543
1005001977041714
1005002408106123
1005001792393675
4001322590484
1005003267542403
1005003198140143
1005002072257537
1005002977442793
1005001893907744
1005003039444553
1005002995796670
1005002361098604
4000744664589
1005003016017336
4001211711971
1005002037487245
1005003195706180
1005003380127383
1005002506427245
1005003219530769
1005003010689629
1005003162894526
32857579534
1005003389111296
1005003391462677
1005002062180049
1005002362436976
4000439981484
1005002549636885
1005003202433684
1005002630974374
32820368852
32887840147
32843067378
1005002210913734
1005002611360761
1005003076193870
1005002432918756
1005003337459480
1005002034477289
1005001590679312
1005003285363554
1005002857104207
1005001346299933
1005002959306440
1005003265025127
1005003001346398
1005001596888508
1005002751683400
32800145819
4001166288149
1005002411917049
32948188030
1005002973634818
1005002951950422
1005003154599345
1005003240169687
1005002782896901
32736632923
1005002397105207
1005003219343450
1005002361171381
1005002264903283
1005001399963997
1005002431308196
32888736058
32918005408
1005003218943050
1005001270281809
1005003275647425
32824331401
1005002851267831
4001181334532
1005002112647159
1005002399974423
1005003176968004
32923620501
4000933366730
4001162574623
1005001592963273
4001019476104
1005001926514301
1005001636419428
1005001490923245
33029548617
1005001750770655
32899425674
1005002801666931
1005001742319009
1005003303745868
1005003370270084
1005003110083660
1005003109391808
4000881054813
1005002760355992
1005001381798292
1005003150603147
1005002588935809
1005001398707115
33010468746
1005003307033060
1005001924905424
1005002886397206
32956939289
4001127597423
1005003013640433
33040786912
4000406050846
32824107293
1005002559139799
1005002709743784
4001158812337
1005003086759254
1005002907676250
1005002072250592
1005002957016504
4001106802177
1005001830308149
1005003373611558
1005003305648087
1005001764532275
1005003130402627
4000333781488
1005003040112794
32719918787
32316336294
1005003261179973
1005003032135681
4000986651963
1005002252128190
1005001305301880
1005003037616641
1005001615076690
1005002329928969
4000074169197
32977338499
4001027184613
4001029464523
1005001335781591
1005002937771170
1005003344737746
1005003331660174
1005003091228177
1005003225003570
4000975201420
1005002539522671
1005001977648842
1005003015602133
1005003015466109
32998447488
1005001970321207
1005003329825122
4000327185672
1005002591448739
32863898974
4000933548770
32810472507
1005001485043857
32967592707
1005003022534383
1005003290155483
4001112214396
1005002919928110
4000242325118
1005002176932634
1005002313516681
4000614471281
1005001687727171
32813327370
4000557660253
32878289639
32830070570
1005001620830022
1005002875716603
1005002795185202
1005003370087635
32544133320
32659817846
1005003194545700
1005003223702795
1005003298705486
1005002770989670
1005002073699736
1005002526431905
4001179206725
1005003000734448
1005002634359206
1005002260711853
1005001640768453
1005003390103297
1005003227864678
1005003150959064
4000594651025
1005003145925183
1005003033097692
4001305776926
1005002359877385
1005003381108739
1005003166592795
32909370731
4000829553032
4001338666906
4001339903335
1005003155216048
1005002457371610
1005002921764478
4001031356683
1005001936572090
32551772668
1005003054216881
1005003142390049
4000735043261
1005001476523589
4001268086549
1000001858106
32812179618
32379356678
4000712758391
4000754679585
1005002279597624
1005002777298007
1005002273323455
4000490326491
1005002083987590
32809938985
4001031401554
1005002716981202
4001190747260
33000108619
1005002971999438
1005002589112613
1005003050719538
1005002908809644
1005003022348617
1005002207315215
1005003066629331
32983644161
1005003044242165
1005003009157352
4001034760828
1005003108573215
1005001619522248
1005003088686445
4000714579880
1005002565458778
1005003276848920
33005408614
4001165956813
1005001343282849
1005002991651689
1005002453935574
1005001603442015
4001290290393
1005003341088523
1005001575310392
1005001975610382
4001104197392
1005001905803541
32877530859
1005003336718950
32796564977
1005002693249924
32949786262
1005002293659963
1005002364664471
1005001560296204
32583979025
1005002631738437
32757642866
1005003031127927
1005003282374683
1005003113969889
1005003343329422
1005002787629842
4000927368449
1005002592966633
1005002994781456
32806564336
33003363712
4000007860807
32976291076
32972601302
1005002500685809
1005002328403134
1005001918537071
33029243767
1005003309104884
1005001474855355
1005002079193672
1005003103119652
32855289436
1005002378995084
1843626347
32969892520
1005002440320839
32831715135
1005002732694578
1005003221167377
1005001469257105
32995240646
1000007401317
1005001524369002
10000002728891
1005001665737602
1005001808041849
1005003037078654
1005002646686697
1005002770269992
1005003081712840
1005002002740685
4000529319250
1005001875792496
1005003253529917
1005002806233838
1005002297682609
1005001998859286
1005003253220492
32901156410
32869258297
4001222211456
1005002546226579
32892564552
1005002848617450
1005002449810893
1005002888845155
543070869
1005001882716169
1005002355700352
4000173764617
1005003274299034
4000112019742
33057380182
1005002036762759
32529962305
1005002390971159
1005003326638738
32849287695
32959005934
1005003245035477
1005003250536534
1005002382806563
1005003304322585
1005003373150285
1005002925595313
4000691740812
4000842380272
1005002310993430
1005002616542024
1005001736769566
1005003188181715
1005003137385974
1005002260674913
32958587498
1005003180942991
4000231312051
1005003026888135
1005002023373770
1005003104841693
1005002139500351
1005003240559104
1005003313113310
1005001829464602
1005003047891694
1005002863276088
32863320237
4001182669958
1005002879338782
1005001843905443
32971881372
1005001825492283
1005002828064597
33020128881
1005001458378977
1005003085747789
1005001540500771
1005001830317146
1005002207048130
32887848474
1005001432389793
1005003324088055
4000246342953
1005002900512558
4000144431774
1005002734291944
4001015572329
32712968558
1005002548624352
1005003064085587
1005001883939890
4000641733445
1005003027258535
1005002320577648
1005003227896826
33035816050
1005003112541189
1005001623914580
1005001709594814
1005001702678427
1005002841302948
1005003299752715
1005003228080629
1005001374626375
1005003080863211
1005002645758896
1005001853566070
1005001572786059
1005001825758374
32815736951
1005003259775339
1005002575361811
32639724507
4001118992138
1005003201463943
1005002959313285
4000837731514
1005002913506804
1005002008301090
1005002527808457
1005003032418598
1005001825861880
1005002252835866
1005002350422358
1005003239916215
1005001882753134
1005003183286350
32997673600
1005001638973010
1005003200422048
4000176805427
1005002716852258
1005003252528270
1005002675648255
32891185126
32904691701
1005002769119123
1005002273670467
1005003135788929
32764511104
33040393892
1005003230242265
1005002947686797
1005003363480455
1005001340205458
1005002120993285
4001163842155
4000118490940
1005002799487281
1005002949873917
1005003153268280
1005003311493292
1005003386302924
10000089302776
1005002730457785
32804647210
1005003114223413
1005002794333514
32736098071
1005003198879076
1005002090439019
32906778836
4001161063356
1005001612139174
1005001681474648
1005003019855974
1005003187720389
1005002649671742
1005003385745934
1005003187801305
1005002258859988
1005003356412501
1005002705322727
1005002612082733
4000123783959
1005002094013463
1005003028747606
32854784532
1005002073401965
1005001704284729
1005001948165080
32998240806
1005002774693218
1005003008806104
33018693263
1005003218785181
4001333741902
32648568833
1005003332816500
32974078744
1005002794678764
1005003305813091
1005002865823841
32880245351
1005001899774140
1005002926647995
4001157751640
1005003090911414
4000169226811
4000336594639
1005003301026963
33051773115
1005003024161537
1005003327371004
1005001441916945
4000221099555
32874850608
1005002079324696
1005002755978470
1005003259129738
4000456064075
1005001488161217
32818022103
4000865389851
33016336702
1005003221463076
32691423645
1005002007426136
1005003113162195
1005002490404752
1005002827355189
1005002702394564
1005003213853820
4000166690835
1005001651402451
4001061539530
1005003369310304
1005002657577122
1005002744359451
4000904422963
1005003234303745
4000711664061
1005003091293272
1005003120984639
1005003353992656
4000760546127
1005003236530320
4000015765536
1005003126799432
1005003357103089
4001128048479
1005003101249288
1005002612902916
1005002941500626
1005003175770187
1005002753498879
1005003156461994
1005001565996271
32839796891
1005003247649424
4000808404801
32654922336
1005002897336377
4000080257232
1005002394690338
1005002577018681
1005003016850159
32872867805
1005002712296999
4000302287229
32781547307
1005001912841202
1005002905907852
1005001406192695
1005003365700408
1005002492824810
1005003167249869
1005003375938580
1005003388515223
1005003215238681
4000922363238
32833483415
1005002038433526
1005002506359120
1005003303437605
1005001803947175
1005003147329705
1005003336136545
1005001470729068
33010552358
1005003062632751
1005002806293991
1005003337030124
1005002503353509
4001123243745
1005002931817749
1005001997363538
1005003206964012
4000594935887
32857568994
1005002068383604
1005002997277502
1005002118990120
1005003002735124
4000453569158
4000794080384
4000039709814
1005003268284215
32862277692
32969588879
1005002963606606
1005002983027432
32810110092
1005003158023900
32779459311
33058629305
1005003326460155
1005003384944460
1005003103767540
1005002652088249
1005002061783219
1005003374214307
4001180275531
32822166587
1005002660211212
32897324601
1005001784932156
1005003092598983
1005003378338943
1005002753894098
1005002225299074
1005003216205027
1005002052679357
1005002775741635
32949845550
10000047316264
1005003185555154
1005003269136734
1005002949301521
1005003258601120
1005003287894757
4000122048290
4001044413486
1005001405626361
1005002142586487
1005003124262576
1005003370354110
4000187594112
1005003276652015
1005002404757246
1005002033674225
1005002740869255
1005002313576072
1005001441302909
4001028775159
1005002749382946
1005001804650966
4000031748454
4000285345677
1005003118216789
4000944736317
1005003125484482
1005002237614203
4000695941652
32892511664
1005003312244849
1005003130204679
32889860179
32973632811
1005002055126410
1005003072193809
4001037960625
1005002807989550
1005003264739797
33031155520
1005002139316338
1005001552608832
32989902104
1005001968225315
32371959949
1005002849124366
1005003276567238
1005003081905270
1005001997798194
1005003387834247
32974357323
32828825372
1005001898818345
1005002789301835
1005001645313132
32288860150
4000466015685
1005003253511729
1005002344030732
1005002116038899
1005003186573872
1005003145337301
1005003158120534
32995321253
32252776902
4000506461777
1005001957930150
32958174019
1005001768562203
1005003131332886
4000124264908
1005003337321282
1005001695472216
4000218188491
1005002685729331
1005001998119932
4000986723548
4000583018276
32913092285
1005001659037076
32863169503
1005003318182876
1005003318220605
32863451835
1005002495326664
1005003124246591
1005002878401638
1005003384680458
1005002828552139
1005003158913074
1005002979642777
1005001441333468
1005002779862174
1005003283264708
1005003008360477
1005002686686796
1005002393551930
1005001793148047
1005001882393260
32808491046
32868442187
1005002036979058
32869535060
1005002950878556
1005002540775672
1005003346198925
33029119326
32957443471
32972822977
1000008733252
1005001933659239
1005001999178331
1005003274037063
1005003008576816
4000293798650
1005001636467588
4001223497088
1005003355210337
1005003137437348
1005002940956602
4000971378225
1005002801404592
1005003386369141
1005003277232587
1005002560510065
1005002707793005
32885385330
4000826817921
1005003247197224
1005003041889773
1005002735257008
1005003391736233
1005002387578817
1005002527812958
1005002814993332
4000331122333
1005002666404437
1005001878310779
1005001562952230
1005002889333560
1005001288693379
1005003000031385
32920752053
1005002612073077
1005002185942786
1005001893408742
1005002682000485
1005002510156303
1005002090912892
1005003103423669
1005003120581810
32840457719
32803716771
1005001826052639
1005003016850779
1005001896561318
4000039193584
1005001592212513
32879873061
1005002301849368
4000038637800
1005002949483718
1005002457667865
4000231968463
4000753324123
1005003345837968
4001235776604
1005002369918615
1005003103395273
32988866207
1005003258230009
1005003003816596
1005003188583306
33014817855
1005002652024561
1005002984044019
1005003328032010
32969466396
32841347356
4000723525734
1005002789046043
1005002074214206
32889781349
4000607546659
1005003038101818
1005002885456252
4001230128629
4001231013635
32948231587
1005001603167862
1005001607612657
1005002405107484
4001038962618
1005003288462459
32792371864
32923049678
1005001534209439
1005002917519779
1005003091324521
32301453493
1005003114886122
1005002938287790
1005002305231455
32849747158
1005002755697508
1005003276072627
4000831277265
4000999348953
1005002675901696
1005002011660294
1005002344775426
32868566147
1005001966170226
1005003163673037
33002651959
1005001579491514
1005001563538239
32799941171
1005003193395442
1005003092005634
32996819526
32975543600
10000007970085
32798716613
32891821422
1005001441332641
32952204118
1005003183467714
1005002494285510
1005003357756341
1005003335039578
1005003265598335
1005002611319754
1005002998945022
1005002283705834
1005002490418930
1005002990408962
4000199574750
1005003337408342
1005002125541495
33032616257
33014674250
1005002537402202
4001032219307
1005003181732373
1005003297658277
1005002778216125
32813733275
33037289820
4000257644168
1005002751972190
1005003007690113
1005003116898332
4000062864860
1005002657179952
1005002651717461
1005001381755911
33036523575
1005003336972066
32713317734
1005001671040832
1005002477017435
1005001500723486
1005003216978027
4001322154872
1616948891
1005003387920553
1005002978739311
1005002699741675
32948936488
4000430202145
1005002789709251
32974676482
10000395871148
1954121006
32917801409
1005003065531889
1005003302557142
1005003194632962
1005002447295678
1005001824773088
32995117439
1005003195815444
1005001997775781
32854641834
1005001679760140
32464872230
1005002287177073
1005003019163156
4000944847670
1005003154808075
1005002564877239
1005002389556985
32963898517
32914592494
1005003339444053
1005003161036816
4000877900569
4001247325027
1005002848995462
1005001360779385
32957929942
1005003076878571
1005003329240314
1005001899521830
1005003192544973
32340773579
1005003365650049
1005002959610903
1005002547217928
1005001868079170
1005002697652839
32882050274
1005003272164966
4001105805066
1005002286800878
4000466087823
1005001303114823
1005001319784569
1005003168983371
1005001651438085
4000409440256
1005002327756443
4001214031588
1005001933763163
32956466990
1005003021068896
1005002927867539
1005002829406167
1005002460962705
1005003015093616
1005002439548514
1005001604115575
32878997219
32966534681
1005002118915571
1005001382131988
1005003148599906
4001154661521
33030460177
1005001912592123
4000672178536
4001049100671
32801129147
1005003244468528
1005002647274332
32841521705
1005002459029053
1005002221402345
1005003031882693
4001166265790
1005003103292323
32901094937
1005002517903218
1005003259215749
1005003197162930
1005003124576289
4000173398340
1005002877648125
1005002700465022
1005003030374966
1005001999544899
1005002970570719
1005003263331199
32644506105
1005002981650909
32663343751
4000695860444
1005002572020572
4000723601542
32887712944
1005001340079937
1005002348245596
1005002275982348
1005003341316046
32948935139
4000433970232
1005001887840683
32894865984
1005003391165514
1005002767311930
10000343905249
4001268565622
1005003329491439
4000409461095
1005003386281748
1005003277008498
1005001802489574
1005003347763537
1005001393279075
1005001279883573
32901986468
32767552722
1005001819369472
1005001420223525
4000349594066
1005003096569947
1005003036034029
4001042293979
1005002723271563
1005002872210554
1005003126363014
1005001890622162
1005001967453260
1005001485477881
4000853962230
1005002899209238
1005001753677562
4000864831965
4000146984212
1005002813379770
32833242096
1005003264097432
1005003183460582
1005002700970171
1005002716858226
32796463731
1005002831911947
1005002942786341
1005002151499531
32994297840
33034780594
1005003158834669
1005002751482677
4000163101764
4001103409548
1005001570197363
32993966649
32921093782
1005003383170896
1005002994906919
1005003234125610
1005002289436941
1005002174998288
1005002633457586
4001289183554
1005002593116204
32859345414
1005003228140997
32694858366
1005003384003012
1005001590928517
1005002884920605
1005002409146367
1005002894114634
1005002015401676
32964151234
1005001456153184
1005002193557272
1005002348184954
4000341187817
1005002809549199
1005001683516108
1005003357596866
1005001592581381
33035831560
1005002782054671
32792836711
4001011599200
1005002330919317
4000235319795
1005002930209556
1005002598065284
1005003335272216
1005002608889634
1005002963967852
1005002853021154
1005002543021552
4000648346336
1005001634750731
1005002868537615
1005003293884607
1005002339506735
1005003081947075
1005001841100991
32857013580
1005002973883074
32863270258
1005002748046529
32814052622
1005001338282306
1005003197970443
4000065476360
4001014791542
4001365943328
4000944484478
1005002800703988
1005003316567921
1005003102246676
33008546595
33062522467
1005001877875092
1005002032270873
1005002071348548
1005001679102080
1005003335672899
4000152082561
33004609318
1005003335141988
32791456231
1005003187264655
4001271534384
4001360963145
33014119803
1005001397209498
1005001441475267
1005001785365065
1005002545649418
1005001598225193
32965606759
4000906256277
4000034060354
32822351835
1005003252109401
32781779378
33001902104
4001138568665
1005002618700913
32976445133
4000929699237
1005003309966645
1005002680234657
4001027770758
1005002132489957
4001066955034
32893816607
32798105137
4000442311798
4001138343955
32432726277
1005003357385038
1005003297774254
1005002651868558
1005002543520408
1005002542019431
1005002293377224
1005003379706159
32967145579
1005003390286652
1005001393175549
4000962380507
1005003024819744
1005003319567484
1005002623357897
32873220380
32972302993
1005003164102817
1005001879245110
4001069835560
1005003007378655
1005002226087700
1005001616826926
1005003122863242
1005003211994320
10000043219349
32970165212
1005003341329098
1005003124523201
1005003330824678
1005003196745306
1005002875528531
1005003339431438
1005003109698195
1005003146114224
1005002973021373
4000919905384
1005003044938935
1005002097527591
1005002432591300
1005002801439230
1005002291462224
32960863072
1005003263832081
1005003381945125
1005002672325805
1005002322485433
1005003383665072
1005002401953530
1005002139845244
1005003304667032
1005002624390227
1005003180484439
32823325341
32837783172
4001206980270
1005003241739904
1005001698268824
1005002396135405
1005003357562399
1005003167586433
1005003204295990
1005001933405509
4000987785828
1005001838364574
33036379527
4000538017335
1005003386640743
4000744603700
1005003206447282
4001183983636
1005002950503774
4001103650146
1005001841915492
1005001735085398
1005001347250072
1005003139215041
32859059205
1005003170407623
1005002136887426
1005003305911904
1005002316776932
1005001637931904
1005001727160180
1005002781336182
1005003167107323
1005002891393894
1005003297458607
32763133154
1005002049112266
32974500792
1005002440343057
33010477316
32950494527
1005001557195169
1005003067336686
1005003158115609
10000199409171
1005003016329648
1005001992317603
1005003254865648
1005003018242703
1005003071413850
1005003077156356
1005003017595181
1005001882238943
1005003019123977
1005001988397200
1005002685933230
1005002102245292
1005001869038391
1005002786514485
32722177285
1005001469871401
1005003014105547
4000873640098
1005001714670821
1005003050217999
4000052824089
1005001692490977
1005002761688254
1005002372262541
1005003136527304
1005002938977513
1005003202307515
4000379631654
1005002919479926
1005001812465768
32727416641
1005002958083141
1005002304025260
4000804970052
1005002314344185
1005002638075820
1005001672453272
1005003387473871
1005001846163947
4001050389728
1005002803361886
1005002660920748
1005001868542360
1005003216591570
1005001737081724
1005002813760472
4000670544269
4001262926548
1005001955833427
1005002577839076
32843521145
1005002974392274
1005002239521002
4001098565388
1005002693925864
1005002740235514
33025049018
32709768517
1005002453752684
4000313387730
1005002425744212
1005003328927660
1005003015933063
1005001803429861
1005001795297023
1005003205898992
1005001714688795
1005003027617953
4000129680381
33043665666
32855052723
1005003161382260
10000422191050
1005002345365710
1005003384380792
1005002963620837
1005002940831484
1005002237968222
1005003281512403
1005003283619271
1005003082761829
1005001537745636
1005003170193687
32981707311
1005002537964905
4000713029569
1005003111289292
1005003130237607
1005002320650682
1005002333851485
1005001731699262
1005003083020176
1005003256651372
1005002306618953
33034045146
1005003203873458
1005002325035711
4000909500574
1005002603821101
1005003258666317
1005003114089973
1005003333006890
1005002832897669
1005002333956374
4000547965534
32844971818
1005001666385153
33053871345
1005003235305593
32832651116
1005003167999442
1005002884446722
1005002907505869
1005003228099055
4000538540636
1005001407605312
1005003159865065
1005003201080150
1005002900511564
1005002951418124
1005003264963470
1005003199495090
1005002989813899
1005002573239794
4001186940900
4000447652073
1005001562092038
4001293505782
1005002077394886
1005003087837423
1005002938205902
1005002852256922
1005001406079183
1005003133991860
1005003080099363
1005003252663636
4001111229080
1005002738215184
4000041568814
4000943284377
1005003026865801
4001322318933
1005003171923722
1005001464643402
1005003175242377
1005002462046084
1005002980107117
4000767682197
1005003333387735
4001235345387
32828115094
4001130148731
1005002885358614
33002500117
1005002578279456
1005003278716938
1005003149604402
1005003264926482
4001033177379
1005003140013479
1005002389403788
1005003265334759
1005003094735134
1005003205675455
1005001344018621
1005002080535476
32990968821
4001144777502
1005003311485526
1005003171002961
4001365508397
1005003370001976
1005001562635223
1005002778173970
1005002679213002
1005002672461940
32653464421
1005003188756229
1005003336928302
1005003299936346
4001092664354
4001205283042
32286746154
1005002124845243
1005002348462969
1005003123705086
32845591580
1005002697270102
4001187940338
4000253158883
1005003048632434
1005001387142357
1005003164676901
1005003012030752
1005003265501919
1005001804859400
4000025922986
1005002339344985
1005002133764137
1005003290231637
1005003163908441
1005003308791561
1005002003085008
1005003080867654
1005002360171296
32891224498
1005003280983062
1005002504455740
32681299503
1005003064832683
1005002950418015
1005002346505396
32827464587
4000582731744
1005003244560814
32964587016
33021226739
1005003101139200
1005002710192768
1005002907443875
1005003109666105
1005002651914643
33005863670
1005003135309136
1005002104848488
1005003299496547
1005003096873812
1005002244295506
1005003212956271
32864281066
32998370818
32853538585
1005002251839634
1005003238833272
1005003296459193
1005003195167960
1005003329761612
1005003095385757
1005001937207334
1005002527192540
1005003148715431
850199887
1005002259761517
1005003127864919
1005001846174846
1005003345463279
33030119819
1005002831100515
1005003284952847
4000874021232
32589665627
1005001997219792
32948762702
1005003176294140
1005003276694473
4001114482448
4000932575534
1005002702561218
1005002775295883
1005003213428712
1005003175151391
1005002495672703
1005002679691936
32802342603
1005003123303522
1005002717354513
4000618336800
1005003234179337
32983813324
32971732622
4000674226475
1005002558090744
1005002364951491
1005002207268430
32956037531
1005001547753733
1005002089508586
1005001897242372
1005002615875619
4000729298270
1005001953849868
1005003212689935
1005002589681532
1005001836607669
1005002675877028
1005003152136876
4000036169324
32976102718
32918493330
1005003072467142
1005003034420094
1005002359611901
1005002413266979
32859401672
4000251907126
1005001808606360
535482922
1005003070579982
1005002758816613
32608031465
32906013560
1005002302498839
32821830606
1005003112697935
1005002774056563
4000110895313
4001264617546
1005003193781332
32852953832
1005001422633571
1005003027205421
1005002431302347
33010851572
1005003269565379
1005003172010064
1005003097691341
32968510060
4001174446267
32945549138
1005002890705028
32983846247
32949791879
1005002315254313
4000325079732
1005003129363740
1005001511428603
1005003342061923
2048806835
32880041702
1005002549732271
4000725256479
1005002497449361
32827100594
32604204129
4000926571461
1005002867543779
32839091264
1005003084873956
32913698878
1005003113293699
1005003381388949
1005003289717686
1005003119076440
1005002061783219
1005001633090895
1005003123333535
1005003332349938
32690849589
1005001917939037
1005003387339926
1005002927035399
4000792875472
1005003125786943
1005002669174358
1005002309214665
1005003126814815
1005002937640840
2021600721
1005001336010045
1005002799470635
1005002879591063
1005001488193827
1005003326367560
1005003227389702
4000003384618
1005003045031367
4000811446841
1005003113669845
1005002808538885
1005001818164089
1005003226820965
1005003305389232
1005002100122326
32904367970
1005002516124416
32952156939
1005002570336274
4000859247281
4000351482101
1005002987894792
32954135270
1005003277348122
4000777767451
1005002713732880
1005003127844759
1005002502774154
1005002835436771
1005002339550279
1005002805807802
4001110813130
1005002965134190
1005003151637400
1005001867284657
1005002752857390
1005002347190056
1005002221551012
1005002947602464
4000497804490
1005003386664542
1005001885075937
1005003387799348
1005003117454170
1005001302732709
32850595213
4000543827455
1005002647274335
1005002704031636
1005002268211880
32896198165
1005003258647666
32833652371
32975835565
4001358820548
4000119100255
1005001679927503
1005003134405031
1005001839840833
1005002392516293
4001121402532
4000348347221
1005001477938815
32912774895
4000794145496
1005003100592974
1005002716882030
1005003042177436
1005003027552998
1005002912234118
4001141902992
4000095641434
1005002649108150
1005002381149130
4000790876919
1005002342933926
4001238193580
1005001598493118
1005003359913094
1005001844280934
1005002810077307
4000169807587
1005002558808752
32798332010
1005003209246687
1005003247116278
4001144042363
1005001488194306
1005002224007358
1005002765504341
1005002367837778
10000262023752
1005001598771827
1005003110837193
4001230551988
1005003317961814
1005002991597908
1005002612850687
1005003336256190
4001228490493
1005001649191062
1005003136174406
1005002359700465
32979896024
4000167276224
1005001441467131
1005002828651833
1005002753295248
1005003378651350
32852662076
1005002870015519
32945512650
32849755659
4000304861446
1005003151477702
1005003176687606
33037677256
4001278749823
1005003328908048
1005003268213214
1005002304432272
1005002277554318
1005002496333517
1005002513282493
1005001270249534
1005003080897935
1005003268657396
33053389422
4000875010905
1005002636610910
32862800886
32972262522
32831436802
1005003033966255
1005002588935809
4000734487818
1005002172003447
33027845151
1005003363084798
1005003250634673
1005002971020064
1005002673388100
1005002746960822
1005003349854254
4001139691550
4000114183508
4000926556860
1005002592530318
4001049012471
1005002142568993
4001118095994
1005002253018881
1005003366015520
1005001537224116
1005001746288888
1005003290320507
1005003128663902
32918543720
1005001814625128
32960691590
1005003027713052
1005003386297626
1005001793998180
32850379983
1005003100224972
4000207763989
32845987567
1005002554009330
1005002608994577
1005002706264503
1005001823291223
1005002963746113
1005003041836254
1005003330525083